sequence             DOD ATE    OV ATE   ratio    DOD trk DOD est  OV trk  OV est  DOD tot   OV tot
MH_01_easy            0.1293    0.1180    1.10      1.451   2.132   2.107   5.046    3.582    7.152
MH_02_easy            0.1978    0.1721    1.15      1.536   2.177   2.191   5.032    3.713    7.223
MH_03_medium          0.2342    0.2486    0.94      1.605   2.443   2.172   5.240    4.048    7.412
MH_04_difficult       0.4267    0.4110    1.04      1.616   2.074   2.169   4.641    3.690    6.810
MH_05_difficult       0.3163    0.3183    0.99      1.623   2.224   2.190   4.859    3.847    7.049
V1_01_easy            0.0751    0.0634    1.18      1.573   2.818   2.219   6.040    4.391    8.259
V1_02_medium          0.0589    0.0573    1.03      1.675   2.671   2.358   5.377    4.346    7.735
V1_03_difficult       0.0550    0.0595    0.93      1.761   2.305   2.519   4.405    4.065    6.924
KAIST circle          0.0374    0.0305    1.23      1.333   1.950   1.998   4.507    3.283    6.504
KAIST infinity        0.0261    0.0284    0.92      1.322   2.323   2.295   4.964    3.645    7.259

wrote 10 panels + all_sequences.png to /workspace/dod/docs/results/trajectories/updated_20260817/plots
