timestamp,px,py,pz,qx,qy,qz,qw
1403715274.302143097,0.878612000,2.142470000,0.947262000,0.000000000,0.000000000,0.000000000,1.000000000
1403715274.307142973,0.878658000,2.142398000,0.947252000,0.000000000,0.000000000,0.000000000,1.000000000
1403715274.312143087,0.878703000,2.142317000,0.947242000,0.000000000,0.000000000,0.000000000,1.000000000
1403715274.317143202,0.878746000,2.142225000,0.947230000,0.000000000,0.000000000,0.000000000,1.000000000
1403715274.322143078,0.878787000,2.142125000,0.947213000,0.000000000,0.000000000,0.000000000,1.000000000
1403715274.327142954,0.878826000,2.142021000,0.947195000,0.000000000,0.000000000,0.000000000,1.000000000
1403715274.332143307,0.878862000,2.141919000,0.947181000,0.000000000,0.000000000,0.000000000,1.000000000
1403715274.337143183,0.878896000,2.141825000,0.947171000,0.000000000,0.000000000,0.000000000,1.000000000
1403715274.342143059,0.878927000,2.141743000,0.947165000,0.000000000,0.000000000,0.000000000,1.000000000
1403715274.347142935,0.878958000,2.141674000,0.947159000,0.000000000,0.000000000,0.000000000,1.000000000
1403715274.352143288,0.878989000,2.141612000,0.947148000,0.000000000,0.000000000,0.000000000,1.000000000
1403715274.357143164,0.879017000,2.141551000,0.947135000,0.000000000,0.000000000,0.000000000,1.000000000
1403715274.362143040,0.879045000,2.141483000,0.947123000,0.000000000,0.000000000,0.000000000,1.000000000
1403715274.367142916,0.879072000,2.141405000,0.947114000,0.000000000,0.000000000,0.000000000,1.000000000
1403715274.372143269,0.879098000,2.141317000,0.947110000,0.000000000,0.000000000,0.000000000,1.000000000
1403715274.377142906,0.879124000,2.141231000,0.947108000,0.000000000,0.000000000,0.000000000,1.000000000
1403715274.382143021,0.879149000,2.141160000,0.947102000,0.000000000,0.000000000,0.000000000,1.000000000
1403715274.387142897,0.879174000,2.141115000,0.947091000,0.000000000,0.000000000,0.000000000,1.000000000
1403715274.392143250,0.879200000,2.141091000,0.947077000,0.000000000,0.000000000,0.000000000,1.000000000
1403715274.397142887,0.879225000,2.141070000,0.947065000,0.000000000,0.000000000,0.000000000,1.000000000
1403715274.402143002,0.879256000,2.141018000,0.947055000,0.000000000,0.000000000,0.000000000,1.000000000
1403715274.407143354,0.879283000,2.140944000,0.947052000,0.000000000,0.000000000,0.000000000,1.000000000
1403715274.412143230,0.879311000,2.140846000,0.947051000,0.000000000,0.000000000,0.000000000,1.000000000
1403715274.417143106,0.879338000,2.140748000,0.947049000,0.000000000,0.000000000,0.000000000,1.000000000
1403715274.422142982,0.879364000,2.140675000,0.947041000,0.000000000,0.000000000,0.000000000,1.000000000
1403715274.427143335,0.879386000,2.140640000,0.947030000,0.000000000,0.000000000,0.000000000,1.000000000
1403715274.432142973,0.879405000,2.140638000,0.947021000,0.000000000,0.000000000,0.000000000,1.000000000
1403715274.437143087,0.879420000,2.140648000,0.947019000,0.000000000,0.000000000,0.000000000,1.000000000
1403715274.442142963,0.879433000,2.140649000,0.947023000,0.000000000,0.000000000,0.000000000,1.000000000
1403715274.447143316,0.879446000,2.140628000,0.947028000,0.000000000,0.000000000,0.000000000,1.000000000
1403715274.452142954,0.879472000,2.140568000,0.947022000,0.000000000,0.000000000,0.000000000,1.000000000
1403715274.457143068,0.879490000,2.140500000,0.947019000,0.000000000,0.000000000,0.000000000,1.000000000
1403715274.462142944,0.879510000,2.140426000,0.947015000,0.000000000,0.000000000,0.000000000,1.000000000
1403715274.467143297,0.879530000,2.140360000,0.947011000,0.000000000,0.000000000,0.000000000,1.000000000
1403715274.472142935,0.879547000,2.140310000,0.947008000,0.000000000,0.000000000,0.000000000,1.000000000
1403715274.477143049,0.879561000,2.140280000,0.947012000,0.000000000,0.000000000,0.000000000,1.000000000
1403715274.482143164,0.879574000,2.140271000,0.947019000,0.000000000,0.000000000,0.000000000,1.000000000
1403715274.487143040,0.879586000,2.140275000,0.947024000,0.000000000,0.000000000,0.000000000,1.000000000
1403715274.492142916,0.879597000,2.140284000,0.947025000,0.000000000,0.000000000,0.000000000,1.000000000
1403715274.497143030,0.879607000,2.140287000,0.947023000,0.000000000,0.000000000,0.000000000,1.000000000
1403715274.502143145,0.879637000,2.140248000,0.947013000,0.000000000,0.000000000,0.000000000,1.000000000
1403715274.507143021,0.879651000,2.140215000,0.947009000,0.000000000,0.000000000,0.000000000,1.000000000
1403715274.512142897,0.879664000,2.140171000,0.947007000,0.000000000,0.000000000,0.000000000,1.000000000
1403715274.517143011,0.879674000,2.140127000,0.947008000,0.000000000,0.000000000,0.000000000,1.000000000
1403715274.522143126,0.879681000,2.140089000,0.947008000,0.000000000,0.000000000,0.000000000,1.000000000
1403715274.527143002,0.879687000,2.140062000,0.947007000,0.000000000,0.000000000,0.000000000,1.000000000
1403715274.532143116,0.879691000,2.140052000,0.947005000,0.000000000,0.000000000,0.000000000,1.000000000
1403715274.537143230,0.879694000,2.140058000,0.947003000,0.000000000,0.000000000,0.000000000,1.000000000
1403715274.542143345,0.879695000,2.140077000,0.947000000,0.000000000,0.000000000,0.000000000,1.000000000
1403715274.547142982,0.879694000,2.140101000,0.946999000,0.000000000,0.000000000,0.000000000,1.000000000
1403715274.552143097,0.879719000,2.140079000,0.946993000,0.000000000,0.000000000,0.000000000,1.000000000
1403715274.557143211,0.879723000,2.140079000,0.946997000,0.000000000,0.000000000,0.000000000,1.000000000
1403715274.562143087,0.879727000,2.140066000,0.946999000,0.000000000,0.000000000,0.000000000,1.000000000
1403715274.567142963,0.879731000,2.140048000,0.947000000,0.000000000,0.000000000,0.000000000,1.000000000
1403715274.572143078,0.879734000,2.140028000,0.947002000,0.000000000,0.000000000,0.000000000,1.000000000
1403715274.577143192,0.879736000,2.140007000,0.947006000,0.000000000,0.000000000,0.000000000,1.000000000
1403715274.582143068,0.879737000,2.139984000,0.947012000,0.000000000,0.000000000,0.000000000,1.000000000
1403715274.587142944,0.879735000,2.139962000,0.947018000,0.000000000,0.000000000,0.000000000,1.000000000
1403715274.592143297,0.879732000,2.139949000,0.947022000,0.000000000,0.000000000,0.000000000,1.000000000
1403715274.597143173,0.879728000,2.139954000,0.947026000,0.000000000,0.000000000,0.000000000,1.000000000
1403715274.602143049,0.879755000,2.139922000,0.947014000,0.000000000,0.000000000,0.000000000,1.000000000
1403715274.607142925,0.879754000,2.139960000,0.947013000,0.000000000,0.000000000,0.000000000,1.000000000
1403715274.612143278,0.879752000,2.140001000,0.947011000,0.000000000,0.000000000,0.000000000,1.000000000
1403715274.617143154,0.879752000,2.140027000,0.947009000,0.000000000,0.000000000,0.000000000,1.000000000
1403715274.622143030,0.879752000,2.140026000,0.947009000,0.000000000,0.000000000,0.000000000,1.000000000
1403715274.627142906,0.879753000,2.140003000,0.947009000,0.000000000,0.000000000,0.000000000,1.000000000
1403715274.632143259,0.879753000,2.139971000,0.947010000,0.000000000,0.000000000,0.000000000,1.000000000
1403715274.637142897,0.879753000,2.139947000,0.947008000,0.000000000,0.000000000,0.000000000,1.000000000
1403715274.642143011,0.879752000,2.139943000,0.947008000,0.000000000,0.000000000,0.000000000,1.000000000
1403715274.647142887,0.879749000,2.139962000,0.947013000,0.000000000,0.000000000,0.000000000,1.000000000
1403715274.652143240,0.879783000,2.139915000,0.947004000,0.000000000,0.000000000,0.000000000,1.000000000
1403715274.657143116,0.879783000,2.139948000,0.947012000,0.000000000,0.000000000,0.000000000,1.000000000
1403715274.662142992,0.879781000,2.139985000,0.947024000,0.000000000,0.000000000,0.000000000,1.000000000
1403715274.667143345,0.879777000,2.140019000,0.947036000,0.000000000,0.000000000,0.000000000,1.000000000
1403715274.672143221,0.879770000,2.140041000,0.947049000,0.000000000,0.000000000,0.000000000,1.000000000
1403715274.677143097,0.879761000,2.140044000,0.947059000,0.000000000,0.000000000,0.000000000,1.000000000
1403715274.682142973,0.879749000,2.140031000,0.947068000,0.000000000,0.000000000,0.000000000,1.000000000
1403715274.687143326,0.879736000,2.140016000,0.947075000,0.000000000,0.000000000,0.000000000,1.000000000
1403715274.692142963,0.879722000,2.140013000,0.947078000,0.000000000,0.000000000,0.000000000,1.000000000
1403715274.697143078,0.879706000,2.140031000,0.947083000,0.000000000,0.000000000,0.000000000,1.000000000
1403715274.702142954,0.879734000,2.139984000,0.947070000,0.000000000,0.000000000,0.000000000,1.000000000
1403715274.707143307,0.879726000,2.140025000,0.947077000,0.000000000,0.000000000,0.000000000,1.000000000
1403715274.712142944,0.879718000,2.140068000,0.947090000,0.000000000,0.000000000,0.000000000,1.000000000
1403715274.717143059,0.879710000,2.140104000,0.947102000,0.000000000,0.000000000,0.000000000,1.000000000
1403715274.722143173,0.879703000,2.140127000,0.947111000,0.000000000,0.000000000,0.000000000,1.000000000
1403715274.727143288,0.879697000,2.140139000,0.947118000,0.000000000,0.000000000,0.000000000,1.000000000
1403715274.732142925,0.879690000,2.140145000,0.947117000,0.000000000,0.000000000,0.000000000,1.000000000
1403715274.737143040,0.879683000,2.140152000,0.947112000,0.000000000,0.000000000,0.000000000,1.000000000
1403715274.742143154,0.879675000,2.140166000,0.947107000,0.000000000,0.000000000,0.000000000,1.000000000
1403715274.747143030,0.879665000,2.140189000,0.947106000,0.000000000,0.000000000,0.000000000,1.000000000
1403715274.752142906,0.879703000,2.140123000,0.947087000,0.000000000,0.000000000,0.000000000,1.000000000
1403715274.757143021,0.879702000,2.140144000,0.947085000,0.000000000,0.000000000,0.000000000,1.000000000
1403715274.762143135,0.879703000,2.140171000,0.947082000,0.000000000,0.000000000,0.000000000,1.000000000
1403715274.767143011,0.879703000,2.140203000,0.947078000,0.000000000,0.000000000,0.000000000,1.000000000
1403715274.772142887,0.879705000,2.140235000,0.947074000,0.000000000,0.000000000,0.000000000,1.000000000
1403715274.777143240,0.879705000,2.140262000,0.947071000,0.000000000,0.000000000,0.000000000,1.000000000
1403715274.782143354,0.879704000,2.140282000,0.947074000,0.000000000,0.000000000,0.000000000,1.000000000
1403715274.787142992,0.879700000,2.140295000,0.947085000,0.000000000,0.000000000,0.000000000,1.000000000
1403715274.792143106,0.879693000,2.140305000,0.947096000,0.000000000,0.000000000,0.000000000,1.000000000
1403715274.797143221,0.879684000,2.140318000,0.947103000,0.000000000,0.000000000,0.000000000,1.000000000
1403715274.802143097,0.879722000,2.140242000,0.947083000,0.000000000,0.000000000,0.000000000,1.000000000
1403715274.807142973,0.879719000,2.140260000,0.947083000,0.000000000,0.000000000,0.000000000,1.000000000
1403715274.812143087,0.879714000,2.140288000,0.947080000,0.000000000,0.000000000,0.000000000,1.000000000
1403715274.817143202,0.879707000,2.140320000,0.947080000,0.000000000,0.000000000,0.000000000,1.000000000
1403715274.822143078,0.879698000,2.140349000,0.947087000,0.000000000,0.000000000,0.000000000,1.000000000
1403715274.827142954,0.879689000,2.140370000,0.947099000,0.000000000,0.000000000,0.000000000,1.000000000
1403715274.832143307,0.879679000,2.140383000,0.947109000,0.000000000,0.000000000,0.000000000,1.000000000
1403715274.837143183,0.879667000,2.140394000,0.947114000,0.000000000,0.000000000,0.000000000,1.000000000
1403715274.842143059,0.879654000,2.140411000,0.947117000,0.000000000,0.000000000,0.000000000,1.000000000
1403715274.847142935,0.879639000,2.140435000,0.947117000,0.000000000,0.000000000,0.000000000,1.000000000
1403715274.852143288,0.879673000,2.140353000,0.947090000,0.000000000,0.000000000,0.000000000,1.000000000
1403715274.857143164,0.879665000,2.140362000,0.947088000,0.000000000,0.000000000,0.000000000,1.000000000
1403715274.862143040,0.879657000,2.140380000,0.947092000,0.000000000,0.000000000,0.000000000,1.000000000
1403715274.867142916,0.879648000,2.140408000,0.947098000,0.000000000,0.000000000,0.000000000,1.000000000
1403715274.872143269,0.879640000,2.140440000,0.947102000,0.000000000,0.000000000,0.000000000,1.000000000
1403715274.877142906,0.879631000,2.140476000,0.947102000,0.000000000,0.000000000,0.000000000,1.000000000
1403715274.882143021,0.879621000,2.140513000,0.947100000,0.000000000,0.000000000,0.000000000,1.000000000
1403715274.887142897,0.879612000,2.140548000,0.947098000,0.000000000,0.000000000,0.000000000,1.000000000
1403715274.892143250,0.879603000,2.140575000,0.947096000,0.000000000,0.000000000,0.000000000,1.000000000
1403715274.897142887,0.879594000,2.140601000,0.947097000,0.000000000,0.000000000,0.000000000,1.000000000
1403715274.902143002,0.879639000,2.140527000,0.947072000,0.000000000,0.000000000,0.000000000,1.000000000
1403715274.907143354,0.879640000,2.140545000,0.947070000,0.000000000,0.000000000,0.000000000,1.000000000
1403715274.912143230,0.879640000,2.140572000,0.947067000,0.000000000,0.000000000,0.000000000,1.000000000
1403715274.917143106,0.879638000,2.140606000,0.947064000,0.000000000,0.000000000,0.000000000,1.000000000
1403715274.922142982,0.879635000,2.140644000,0.947064000,0.000000000,0.000000000,0.000000000,1.000000000
1403715274.927143335,0.879632000,2.140678000,0.947066000,0.000000000,0.000000000,0.000000000,1.000000000
1403715274.932142973,0.879629000,2.140704000,0.947069000,0.000000000,0.000000000,0.000000000,1.000000000
1403715274.937143087,0.879624000,2.140725000,0.947072000,0.000000000,0.000000000,0.000000000,1.000000000
1403715274.942142963,0.879618000,2.140748000,0.947074000,0.000000000,0.000000000,0.000000000,1.000000000
1403715274.947143316,0.879609000,2.140776000,0.947077000,0.000000000,0.000000000,0.000000000,1.000000000
1403715274.952142954,0.879651000,2.140701000,0.947052000,0.000000000,0.000000000,0.000000000,1.000000000
1403715274.957143068,0.879650000,2.140712000,0.947049000,0.000000000,0.000000000,0.000000000,1.000000000
1403715274.962142944,0.879646000,2.140727000,0.947051000,0.000000000,0.000000000,0.000000000,1.000000000
1403715274.967143297,0.879642000,2.140747000,0.947055000,0.000000000,0.000000000,0.000000000,1.000000000
1403715274.972142935,0.879637000,2.140770000,0.947058000,0.000000000,0.000000000,0.000000000,1.000000000
1403715274.977143049,0.879631000,2.140795000,0.947059000,0.000000000,0.000000000,0.000000000,1.000000000
1403715274.982143164,0.879623000,2.140826000,0.947062000,0.000000000,0.000000000,0.000000000,1.000000000
1403715274.987143040,0.879613000,2.140861000,0.947069000,0.000000000,0.000000000,0.000000000,1.000000000
1403715274.992142916,0.879601000,2.140896000,0.947079000,0.000000000,0.000000000,0.000000000,1.000000000
1403715274.997143030,0.879587000,2.140926000,0.947091000,0.000000000,0.000000000,0.000000000,1.000000000
1403715275.002143145,0.879623000,2.140853000,0.947079000,0.000000000,0.000000000,0.000000000,1.000000000
1403715275.007143021,0.879617000,2.140863000,0.947087000,0.000000000,0.000000000,0.000000000,1.000000000
1403715275.012142897,0.879609000,2.140880000,0.947090000,0.000000000,0.000000000,0.000000000,1.000000000
1403715275.017143011,0.879599000,2.140904000,0.947089000,0.000000000,0.000000000,0.000000000,1.000000000
1403715275.022143126,0.879587000,2.140936000,0.947090000,0.000000000,0.000000000,0.000000000,1.000000000
1403715275.027143002,0.879573000,2.140974000,0.947094000,0.000000000,0.000000000,0.000000000,1.000000000
1403715275.032143116,0.879558000,2.141011000,0.947103000,0.000000000,0.000000000,0.000000000,1.000000000
1403715275.037143230,0.879543000,2.141043000,0.947115000,0.000000000,0.000000000,0.000000000,1.000000000
1403715275.042143345,0.879527000,2.141070000,0.947125000,0.000000000,0.000000000,0.000000000,1.000000000
1403715275.047142982,0.879510000,2.141096000,0.947133000,0.000000000,0.000000000,0.000000000,1.000000000
1403715275.052143097,0.879545000,2.141025000,0.947109000,0.000000000,0.000000000,0.000000000,1.000000000
1403715275.057143211,0.879539000,2.141037000,0.947104000,0.000000000,0.000000000,0.000000000,1.000000000
1403715275.062143087,0.879533000,2.141055000,0.947101000,0.000000000,0.000000000,0.000000000,1.000000000
1403715275.067142963,0.879527000,2.141078000,0.947102000,0.000000000,0.000000000,0.000000000,1.000000000
1403715275.072143078,0.879520000,2.141104000,0.947107000,0.000000000,0.000000000,0.000000000,1.000000000
1403715275.077143192,0.879513000,2.141127000,0.947115000,0.000000000,0.000000000,0.000000000,1.000000000
1403715275.082143068,0.879505000,2.141147000,0.947122000,0.000000000,0.000000000,0.000000000,1.000000000
1403715275.087142944,0.879498000,2.141168000,0.947126000,0.000000000,0.000000000,0.000000000,1.000000000
1403715275.092143297,0.879491000,2.141192000,0.947128000,0.000000000,0.000000000,0.000000000,1.000000000
1403715275.097143173,0.879484000,2.141219000,0.947128000,0.000000000,0.000000000,0.000000000,1.000000000
1403715275.102143049,0.879527000,2.141151000,0.947100000,0.000000000,0.000000000,0.000000000,1.000000000
1403715275.107142925,0.879528000,2.141159000,0.947096000,0.000000000,0.000000000,0.000000000,1.000000000
1403715275.112143278,0.879527000,2.141170000,0.947096000,0.000000000,0.000000000,0.000000000,1.000000000
1403715275.117143154,0.879525000,2.141181000,0.947098000,0.000000000,0.000000000,0.000000000,1.000000000
1403715275.122143030,0.879520000,2.141193000,0.947100000,0.000000000,0.000000000,0.000000000,1.000000000
1403715275.127142906,0.879515000,2.141207000,0.947103000,0.000000000,0.000000000,0.000000000,1.000000000
1403715275.132143259,0.879507000,2.141227000,0.947107000,0.000000000,0.000000000,0.000000000,1.000000000
1403715275.137142897,0.879499000,2.141251000,0.947111000,0.000000000,0.000000000,0.000000000,1.000000000
1403715275.142143011,0.879490000,2.141275000,0.947114000,0.000000000,0.000000000,0.000000000,1.000000000
1403715275.147142887,0.879479000,2.141298000,0.947121000,0.000000000,0.000000000,0.000000000,1.000000000
1403715275.152143240,0.879519000,2.141226000,0.947102000,0.000000000,0.000000000,0.000000000,1.000000000
1403715275.157143116,0.879515000,2.141228000,0.947106000,0.000000000,0.000000000,0.000000000,1.000000000
1403715275.162142992,0.879510000,2.141231000,0.947110000,0.000000000,0.000000000,0.000000000,1.000000000
1403715275.167143345,0.879504000,2.141235000,0.947115000,0.000000000,0.000000000,0.000000000,1.000000000
1403715275.172143221,0.879495000,2.141243000,0.947122000,0.000000000,0.000000000,0.000000000,1.000000000
1403715275.177143097,0.879484000,2.141258000,0.947129000,0.000000000,0.000000000,0.000000000,1.000000000
1403715275.182142973,0.879473000,2.141277000,0.947136000,0.000000000,0.000000000,0.000000000,1.000000000
1403715275.187143326,0.879462000,2.141296000,0.947144000,0.000000000,0.000000000,0.000000000,1.000000000
1403715275.192142963,0.879450000,2.141315000,0.947154000,0.000000000,0.000000000,0.000000000,1.000000000
1403715275.197143078,0.879437000,2.141334000,0.947163000,0.000000000,0.000000000,0.000000000,1.000000000
1403715275.202142954,0.879477000,2.141262000,0.947147000,0.000000000,0.000000000,0.000000000,1.000000000
1403715275.207143307,0.879473000,2.141262000,0.947153000,0.000000000,0.000000000,0.000000000,1.000000000
1403715275.212142944,0.879469000,2.141263000,0.947160000,0.000000000,0.000000000,0.000000000,1.000000000
1403715275.217143059,0.879465000,2.141269000,0.947165000,0.000000000,0.000000000,0.000000000,1.000000000
1403715275.222143173,0.879462000,2.141280000,0.947169000,0.000000000,0.000000000,0.000000000,1.000000000
1403715275.227143288,0.879458000,2.141295000,0.947171000,0.000000000,0.000000000,0.000000000,1.000000000
1403715275.232142925,0.879453000,2.141311000,0.947172000,0.000000000,0.000000000,0.000000000,1.000000000
1403715275.237143040,0.879447000,2.141329000,0.947173000,0.000000000,0.000000000,0.000000000,1.000000000
1403715275.242143154,0.879439000,2.141349000,0.947175000,0.000000000,0.000000000,0.000000000,1.000000000
1403715275.247143030,0.879430000,2.141370000,0.947180000,0.000000000,0.000000000,0.000000000,1.000000000
1403715275.252142906,0.879473000,2.141302000,0.947158000,0.000000000,0.000000000,0.000000000,1.000000000
1403715275.257143021,0.879473000,2.141303000,0.947157000,0.000000000,0.000000000,0.000000000,1.000000000
1403715275.262143135,0.879472000,2.141307000,0.947156000,0.000000000,0.000000000,0.000000000,1.000000000
1403715275.267143011,0.879470000,2.141314000,0.947155000,0.000000000,0.000000000,0.000000000,1.000000000
1403715275.272142887,0.879467000,2.141323000,0.947153000,0.000000000,0.000000000,0.000000000,1.000000000
1403715275.277143240,0.879462000,2.141333000,0.947150000,0.000000000,0.000000000,0.000000000,1.000000000
1403715275.282143354,0.879456000,2.141347000,0.947149000,0.000000000,0.000000000,0.000000000,1.000000000
1403715275.287142992,0.879447000,2.141364000,0.947152000,0.000000000,0.000000000,0.000000000,1.000000000
1403715275.292143106,0.879438000,2.141381000,0.947158000,0.000000000,0.000000000,0.000000000,1.000000000
1403715275.297143221,0.879429000,2.141396000,0.947164000,0.000000000,0.000000000,0.000000000,1.000000000
1403715275.302143097,0.879469000,2.141328000,0.947145000,0.000000000,0.000000000,0.000000000,1.000000000
1403715275.307142973,0.879468000,2.141330000,0.947145000,0.000000000,0.000000000,0.000000000,1.000000000
1403715275.312143087,0.879465000,2.141333000,0.947144000,0.000000000,0.000000000,0.000000000,1.000000000
1403715275.317143202,0.879461000,2.141339000,0.947141000,0.000000000,0.000000000,0.000000000,1.000000000
1403715275.322143078,0.879454000,2.141348000,0.947138000,0.000000000,0.000000000,0.000000000,1.000000000
1403715275.327142954,0.879445000,2.141362000,0.947137000,0.000000000,0.000000000,0.000000000,1.000000000
1403715275.332143307,0.879436000,2.141376000,0.947140000,0.000000000,0.000000000,0.000000000,1.000000000
1403715275.337143183,0.879426000,2.141388000,0.947145000,0.000000000,0.000000000,0.000000000,1.000000000
1403715275.342143059,0.879417000,2.141400000,0.947149000,0.000000000,0.000000000,0.000000000,1.000000000
1403715275.347142935,0.879407000,2.141416000,0.947154000,0.000000000,0.000000000,0.000000000,1.000000000
1403715275.352143288,0.879448000,2.141350000,0.947134000,0.000000000,0.000000000,0.000000000,1.000000000
1403715275.357143164,0.879448000,2.141350000,0.947129000,0.000000000,0.000000000,0.000000000,1.000000000
1403715275.362143040,0.879446000,2.141352000,0.947122000,0.000000000,0.000000000,0.000000000,1.000000000
1403715275.367142916,0.879444000,2.141358000,0.947116000,0.000000000,0.000000000,0.000000000,1.000000000
1403715275.372143269,0.879439000,2.141366000,0.947113000,0.000000000,0.000000000,0.000000000,1.000000000
1403715275.377142906,0.879433000,2.141372000,0.947114000,0.000000000,0.000000000,0.000000000,1.000000000
1403715275.382143021,0.879427000,2.141376000,0.947116000,0.000000000,0.000000000,0.000000000,1.000000000
1403715275.387142897,0.879419000,2.141381000,0.947118000,0.000000000,0.000000000,0.000000000,1.000000000
1403715275.392143250,0.879410000,2.141390000,0.947121000,0.000000000,0.000000000,0.000000000,1.000000000
1403715275.397142887,0.879400000,2.141401000,0.947122000,0.000000000,0.000000000,0.000000000,1.000000000
1403715275.402143002,0.879442000,2.141334000,0.947100000,0.000000000,0.000000000,0.000000000,1.000000000
1403715275.407143354,0.879442000,2.141334000,0.947096000,0.000000000,0.000000000,0.000000000,1.000000000
1403715275.412143230,0.879439000,2.141337000,0.947093000,0.000000000,0.000000000,0.000000000,1.000000000
1403715275.417143106,0.879435000,2.141339000,0.947094000,0.000000000,0.000000000,0.000000000,1.000000000
1403715275.422142982,0.879430000,2.141338000,0.947099000,0.000000000,0.000000000,0.000000000,1.000000000
1403715275.427143335,0.879424000,2.141337000,0.947104000,0.000000000,0.000000000,0.000000000,1.000000000
1403715275.432142973,0.879417000,2.141339000,0.947110000,0.000000000,0.000000000,0.000000000,1.000000000
1403715275.437143087,0.879409000,2.141344000,0.947113000,0.000000000,0.000000000,0.000000000,1.000000000
1403715275.442142963,0.879402000,2.141354000,0.947114000,0.000000000,0.000000000,0.000000000,1.000000000
1403715275.447143316,0.879393000,2.141367000,0.947113000,0.000000000,0.000000000,0.000000000,1.000000000
1403715275.452142954,0.879436000,2.141306000,0.947091000,0.000000000,0.000000000,0.000000000,1.000000000
1403715275.457143068,0.879435000,2.141308000,0.947089000,0.000000000,0.000000000,0.000000000,1.000000000
1403715275.462142944,0.879433000,2.141309000,0.947092000,0.000000000,0.000000000,0.000000000,1.000000000
1403715275.467143297,0.879431000,2.141307000,0.947095000,0.000000000,0.000000000,0.000000000,1.000000000
1403715275.472142935,0.879428000,2.141305000,0.947098000,0.000000000,0.000000000,0.000000000,1.000000000
1403715275.477143049,0.879424000,2.141307000,0.947100000,0.000000000,0.000000000,0.000000000,1.000000000
1403715275.482143164,0.879419000,2.141312000,0.947101000,0.000000000,0.000000000,0.000000000,1.000000000
1403715275.487143040,0.879414000,2.141323000,0.947102000,0.000000000,0.000000000,0.000000000,1.000000000
1403715275.492142916,0.879407000,2.141340000,0.947101000,0.000000000,0.000000000,0.000000000,1.000000000
1403715275.497143030,0.879400000,2.141359000,0.947102000,0.000000000,0.000000000,0.000000000,1.000000000
1403715275.502143145,0.879447000,2.141302000,0.947088000,0.000000000,0.000000000,0.000000000,1.000000000
1403715275.507143021,0.879449000,2.141301000,0.947092000,0.000000000,0.000000000,0.000000000,1.000000000
1403715275.512142897,0.879451000,2.141296000,0.947098000,0.000000000,0.000000000,0.000000000,1.000000000
1403715275.517143011,0.879450000,2.141291000,0.947102000,0.000000000,0.000000000,0.000000000,1.000000000
1403715275.522143126,0.879448000,2.141288000,0.947104000,0.000000000,0.000000000,0.000000000,1.000000000
1403715275.527143002,0.879444000,2.141289000,0.947103000,0.000000000,0.000000000,0.000000000,1.000000000
1403715275.532143116,0.879439000,2.141296000,0.947099000,0.000000000,0.000000000,0.000000000,1.000000000
1403715275.537143230,0.879431000,2.141307000,0.947094000,0.000000000,0.000000000,0.000000000,1.000000000
1403715275.542143345,0.879422000,2.141321000,0.947091000,0.000000000,0.000000000,0.000000000,1.000000000
1403715275.547142982,0.879411000,2.141332000,0.947090000,0.000000000,0.000000000,0.000000000,1.000000000
1403715275.552143097,0.879455000,2.141267000,0.947073000,0.000000000,0.000000000,0.000000000,1.000000000
1403715275.557143211,0.879454000,2.141255000,0.947072000,0.000000000,0.000000000,0.000000000,1.000000000
1403715275.562143087,0.879452000,2.141243000,0.947070000,0.000000000,0.000000000,0.000000000,1.000000000
1403715275.567142963,0.879449000,2.141235000,0.947066000,0.000000000,0.000000000,0.000000000,1.000000000
1403715275.572143078,0.879443000,2.141232000,0.947060000,0.000000000,0.000000000,0.000000000,1.000000000
1403715275.577143192,0.879436000,2.141235000,0.947053000,0.000000000,0.000000000,0.000000000,1.000000000
1403715275.582143068,0.879427000,2.141241000,0.947046000,0.000000000,0.000000000,0.000000000,1.000000000
1403715275.587142944,0.879415000,2.141248000,0.947040000,0.000000000,0.000000000,0.000000000,1.000000000
1403715275.592143297,0.879403000,2.141254000,0.947039000,0.000000000,0.000000000,0.000000000,1.000000000
1403715275.597143173,0.879389000,2.141257000,0.947041000,0.000000000,0.000000000,0.000000000,1.000000000
1403715275.602143049,0.879429000,2.141189000,0.947027000,0.000000000,0.000000000,0.000000000,1.000000000
1403715275.607142925,0.879425000,2.141177000,0.947027000,0.000000000,0.000000000,0.000000000,1.000000000
1403715275.612143278,0.879420000,2.141168000,0.947026000,0.000000000,0.000000000,0.000000000,1.000000000
1403715275.617143154,0.879414000,2.141165000,0.947023000,0.000000000,0.000000000,0.000000000,1.000000000
1403715275.622143030,0.879407000,2.141168000,0.947019000,0.000000000,0.000000000,0.000000000,1.000000000
1403715275.627142906,0.879398000,2.141177000,0.947015000,0.000000000,0.000000000,0.000000000,1.000000000
1403715275.632143259,0.879388000,2.141188000,0.947015000,0.000000000,0.000000000,0.000000000,1.000000000
1403715275.637142897,0.879377000,2.141196000,0.947017000,0.000000000,0.000000000,0.000000000,1.000000000
1403715275.642143011,0.879367000,2.141200000,0.947020000,0.000000000,0.000000000,0.000000000,1.000000000
1403715275.647142887,0.879354000,2.141203000,0.947023000,0.000000000,0.000000000,0.000000000,1.000000000
1403715275.652143240,0.879395000,2.141139000,0.947007000,0.000000000,0.000000000,0.000000000,1.000000000
1403715275.657143116,0.879393000,2.141134000,0.947001000,0.000000000,0.000000000,0.000000000,1.000000000
1403715275.662142992,0.879391000,2.141133000,0.946992000,0.000000000,0.000000000,0.000000000,1.000000000
1403715275.667143345,0.879387000,2.141140000,0.946982000,0.000000000,0.000000000,0.000000000,1.000000000
1403715275.672143221,0.879383000,2.141150000,0.946974000,0.000000000,0.000000000,0.000000000,1.000000000
1403715275.677143097,0.879378000,2.141159000,0.946970000,0.000000000,0.000000000,0.000000000,1.000000000
1403715275.682142973,0.879373000,2.141165000,0.946967000,0.000000000,0.000000000,0.000000000,1.000000000
1403715275.687143326,0.879367000,2.141168000,0.946967000,0.000000000,0.000000000,0.000000000,1.000000000
1403715275.692142963,0.879361000,2.141170000,0.946970000,0.000000000,0.000000000,0.000000000,1.000000000
1403715275.697143078,0.879354000,2.141174000,0.946970000,0.000000000,0.000000000,0.000000000,1.000000000
1403715275.702142954,0.879400000,2.141117000,0.946951000,0.000000000,0.000000000,0.000000000,1.000000000
1403715275.707143307,0.879403000,2.141119000,0.946943000,0.000000000,0.000000000,0.000000000,1.000000000
1403715275.712142944,0.879403000,2.141126000,0.946936000,0.000000000,0.000000000,0.000000000,1.000000000
1403715275.717143059,0.879402000,2.141135000,0.946930000,0.000000000,0.000000000,0.000000000,1.000000000
1403715275.722143173,0.879399000,2.141142000,0.946926000,0.000000000,0.000000000,0.000000000,1.000000000
1403715275.727143288,0.879394000,2.141145000,0.946923000,0.000000000,0.000000000,0.000000000,1.000000000
1403715275.732142925,0.879389000,2.141144000,0.946925000,0.000000000,0.000000000,0.000000000,1.000000000
1403715275.737143040,0.879384000,2.141143000,0.946928000,0.000000000,0.000000000,0.000000000,1.000000000
1403715275.742143154,0.879378000,2.141144000,0.946929000,0.000000000,0.000000000,0.000000000,1.000000000
1403715275.747143030,0.879370000,2.141151000,0.946927000,0.000000000,0.000000000,0.000000000,1.000000000
1403715275.752142906,0.879414000,2.141097000,0.946906000,0.000000000,0.000000000,0.000000000,1.000000000
1403715275.757143021,0.879414000,2.141101000,0.946901000,0.000000000,0.000000000,0.000000000,1.000000000
1403715275.762143135,0.879411000,2.141104000,0.946897000,0.000000000,0.000000000,0.000000000,1.000000000
1403715275.767143011,0.879407000,2.141105000,0.946894000,0.000000000,0.000000000,0.000000000,1.000000000
1403715275.772142887,0.879403000,2.141103000,0.946894000,0.000000000,0.000000000,0.000000000,1.000000000
1403715275.777143240,0.879400000,2.141097000,0.946896000,0.000000000,0.000000000,0.000000000,1.000000000
1403715275.782143354,0.879395000,2.141092000,0.946897000,0.000000000,0.000000000,0.000000000,1.000000000
1403715275.787142992,0.879389000,2.141090000,0.946897000,0.000000000,0.000000000,0.000000000,1.000000000
1403715275.792143106,0.879382000,2.141094000,0.946895000,0.000000000,0.000000000,0.000000000,1.000000000
1403715275.797143221,0.879375000,2.141104000,0.946895000,0.000000000,0.000000000,0.000000000,1.000000000
1403715275.802143097,0.879418000,2.141052000,0.946876000,0.000000000,0.000000000,0.000000000,1.000000000
1403715275.807142973,0.879417000,2.141053000,0.946874000,0.000000000,0.000000000,0.000000000,1.000000000
1403715275.812143087,0.879416000,2.141051000,0.946874000,0.000000000,0.000000000,0.000000000,1.000000000
1403715275.817143202,0.879415000,2.141044000,0.946877000,0.000000000,0.000000000,0.000000000,1.000000000
1403715275.822143078,0.879414000,2.141034000,0.946882000,0.000000000,0.000000000,0.000000000,1.000000000
1403715275.827142954,0.879412000,2.141026000,0.946887000,0.000000000,0.000000000,0.000000000,1.000000000
1403715275.832143307,0.879409000,2.141023000,0.946889000,0.000000000,0.000000000,0.000000000,1.000000000
1403715275.837143183,0.879404000,2.141025000,0.946890000,0.000000000,0.000000000,0.000000000,1.000000000
1403715275.842143059,0.879397000,2.141034000,0.946894000,0.000000000,0.000000000,0.000000000,1.000000000
1403715275.847142935,0.879387000,2.141048000,0.946903000,0.000000000,0.000000000,0.000000000,1.000000000
1403715275.852143288,0.879427000,2.140997000,0.946894000,0.000000000,0.000000000,0.000000000,1.000000000
1403715275.857143164,0.879425000,2.140993000,0.946903000,0.000000000,0.000000000,0.000000000,1.000000000
1403715275.862143040,0.879422000,2.140983000,0.946915000,0.000000000,0.000000000,0.000000000,1.000000000
1403715275.867142916,0.879419000,2.140972000,0.946926000,0.000000000,0.000000000,0.000000000,1.000000000
1403715275.872143269,0.879415000,2.140966000,0.946934000,0.000000000,0.000000000,0.000000000,1.000000000
1403715275.877142906,0.879409000,2.140968000,0.946940000,0.000000000,0.000000000,0.000000000,1.000000000
1403715275.882143021,0.879403000,2.140978000,0.946948000,0.000000000,0.000000000,0.000000000,1.000000000
1403715275.887142897,0.879395000,2.140992000,0.946961000,0.000000000,0.000000000,0.000000000,1.000000000
1403715275.892143250,0.879386000,2.141006000,0.946977000,0.000000000,0.000000000,0.000000000,1.000000000
1403715275.897142887,0.879376000,2.141015000,0.946994000,0.000000000,0.000000000,0.000000000,1.000000000
1403715275.902143002,0.879417000,2.140960000,0.946994000,0.000000000,0.000000000,0.000000000,1.000000000
1403715275.907143354,0.879416000,2.140950000,0.947008000,0.000000000,0.000000000,0.000000000,1.000000000
1403715275.912143230,0.879413000,2.140946000,0.947022000,0.000000000,0.000000000,0.000000000,1.000000000
1403715275.917143106,0.879407000,2.140952000,0.947039000,0.000000000,0.000000000,0.000000000,1.000000000
1403715275.922142982,0.879399000,2.140962000,0.947066000,0.000000000,0.000000000,0.000000000,1.000000000
1403715275.927143335,0.879389000,2.140970000,0.947106000,0.000000000,0.000000000,0.000000000,1.000000000
1403715275.932142973,0.879375000,2.140973000,0.947150000,0.000000000,0.000000000,0.000000000,1.000000000
1403715275.937143087,0.879358000,2.140974000,0.947188000,0.000000000,0.000000000,0.000000000,1.000000000
1403715275.942142963,0.879339000,2.140975000,0.947216000,0.000000000,0.000000000,0.000000000,1.000000000
1403715275.947143316,0.879318000,2.140981000,0.947239000,0.000000000,0.000000000,0.000000000,1.000000000
1403715275.952142954,0.879346000,2.140930000,0.947245000,0.000000000,0.000000000,0.000000000,1.000000000
1403715275.957143068,0.879333000,2.140927000,0.947263000,0.000000000,0.000000000,0.000000000,1.000000000
1403715275.962142944,0.879320000,2.140928000,0.947279000,0.000000000,0.000000000,0.000000000,1.000000000
1403715275.967143297,0.879311000,2.140933000,0.947289000,0.000000000,0.000000000,0.000000000,1.000000000
1403715275.972142935,0.879304000,2.140943000,0.947300000,0.000000000,0.000000000,0.000000000,1.000000000
1403715275.977143049,0.879298000,2.140953000,0.947314000,0.000000000,0.000000000,0.000000000,1.000000000
1403715275.982143164,0.879294000,2.140961000,0.947337000,0.000000000,0.000000000,0.000000000,1.000000000
1403715275.987143040,0.879290000,2.140968000,0.947363000,0.000000000,0.000000000,0.000000000,1.000000000
1403715275.992142916,0.879287000,2.140979000,0.947386000,0.000000000,0.000000000,0.000000000,1.000000000
1403715275.997143030,0.879284000,2.140996000,0.947406000,0.000000000,0.000000000,0.000000000,1.000000000
1403715276.002143145,0.879332000,2.140955000,0.947412000,0.000000000,0.000000000,0.000000000,1.000000000
1403715276.007143021,0.879338000,2.140951000,0.947433000,0.000000000,0.000000000,0.000000000,1.000000000
1403715276.012142897,0.879343000,2.140943000,0.947453000,0.000000000,0.000000000,0.000000000,1.000000000
1403715276.017143011,0.879346000,2.140939000,0.947468000,0.000000000,0.000000000,0.000000000,1.000000000
1403715276.022143126,0.879346000,2.140948000,0.947485000,0.000000000,0.000000000,0.000000000,1.000000000
1403715276.027143002,0.879346000,2.140971000,0.947508000,0.000000000,0.000000000,0.000000000,1.000000000
1403715276.032143116,0.879343000,2.141002000,0.947532000,0.000000000,0.000000000,0.000000000,1.000000000
1403715276.037143230,0.879340000,2.141032000,0.947548000,0.000000000,0.000000000,0.000000000,1.000000000
1403715276.042143345,0.879337000,2.141053000,0.947556000,0.000000000,0.000000000,0.000000000,1.000000000
1403715276.047142982,0.879334000,2.141059000,0.947561000,0.000000000,0.000000000,0.000000000,1.000000000
1403715276.052143097,0.879383000,2.141000000,0.947549000,0.000000000,0.000000000,0.000000000,1.000000000
1403715276.057143211,0.879392000,2.140989000,0.947540000,0.000000000,0.000000000,0.000000000,1.000000000
1403715276.062143087,0.879404000,2.140988000,0.947519000,0.000000000,0.000000000,0.000000000,1.000000000
1403715276.067142963,0.879416000,2.140993000,0.947494000,0.000000000,0.000000000,0.000000000,1.000000000
1403715276.072143078,0.879428000,2.141003000,0.947474000,0.000000000,0.000000000,0.000000000,1.000000000
1403715276.077143192,0.879439000,2.141014000,0.947458000,0.000000000,0.000000000,0.000000000,1.000000000
1403715276.082143068,0.879449000,2.141026000,0.947444000,0.000000000,0.000000000,0.000000000,1.000000000
1403715276.087142944,0.879458000,2.141035000,0.947434000,0.000000000,0.000000000,0.000000000,1.000000000
1403715276.092143297,0.879465000,2.141042000,0.947429000,0.000000000,0.000000000,0.000000000,1.000000000
1403715276.097143173,0.879468000,2.141054000,0.947421000,0.000000000,0.000000000,0.000000000,1.000000000
1403715276.102143049,0.879518000,2.141013000,0.947399000,0.000000000,0.000000000,0.000000000,1.000000000
1403715276.107142925,0.879524000,2.141014000,0.947385000,0.000000000,0.000000000,0.000000000,1.000000000
1403715276.112143278,0.879525000,2.141009000,0.947371000,0.000000000,0.000000000,0.000000000,1.000000000
1403715276.117143154,0.879523000,2.141004000,0.947357000,0.000000000,0.000000000,0.000000000,1.000000000
1403715276.122143030,0.879518000,2.141010000,0.947340000,0.000000000,0.000000000,0.000000000,1.000000000
1403715276.127142906,0.879509000,2.141024000,0.947321000,0.000000000,0.000000000,0.000000000,1.000000000
1403715276.132143259,0.879497000,2.141036000,0.947306000,0.000000000,0.000000000,0.000000000,1.000000000
1403715276.137142897,0.879483000,2.141043000,0.947294000,0.000000000,0.000000000,0.000000000,1.000000000
1403715276.142143011,0.879467000,2.141052000,0.947281000,0.000000000,0.000000000,0.000000000,1.000000000
1403715276.147142887,0.879452000,2.141065000,0.947265000,0.000000000,0.000000000,0.000000000,1.000000000
1403715276.152143240,0.879488000,2.141024000,0.947237000,0.000000000,0.000000000,0.000000000,1.000000000
1403715276.157143116,0.879481000,2.141022000,0.947224000,0.000000000,0.000000000,0.000000000,1.000000000
1403715276.162142992,0.879473000,2.141017000,0.947214000,0.000000000,0.000000000,0.000000000,1.000000000
1403715276.167143345,0.879466000,2.141013000,0.947202000,0.000000000,0.000000000,0.000000000,1.000000000
1403715276.172143221,0.879459000,2.141012000,0.947188000,0.000000000,0.000000000,0.000000000,1.000000000
1403715276.177143097,0.879451000,2.141015000,0.947176000,0.000000000,0.000000000,0.000000000,1.000000000
1403715276.182142973,0.879440000,2.141021000,0.947171000,0.000000000,0.000000000,0.000000000,1.000000000
1403715276.187143326,0.879428000,2.141031000,0.947170000,0.000000000,0.000000000,0.000000000,1.000000000
1403715276.192142963,0.879415000,2.141040000,0.947165000,0.000000000,0.000000000,0.000000000,1.000000000
1403715276.197143078,0.879402000,2.141049000,0.947158000,0.000000000,0.000000000,0.000000000,1.000000000
1403715276.202142954,0.879438000,2.141002000,0.947138000,0.000000000,0.000000000,0.000000000,1.000000000
1403715276.207143307,0.879434000,2.140997000,0.947136000,0.000000000,0.000000000,0.000000000,1.000000000
1403715276.212142944,0.879429000,2.140995000,0.947135000,0.000000000,0.000000000,0.000000000,1.000000000
1403715276.217143059,0.879424000,2.140995000,0.947130000,0.000000000,0.000000000,0.000000000,1.000000000
1403715276.222143173,0.879418000,2.140997000,0.947121000,0.000000000,0.000000000,0.000000000,1.000000000
1403715276.227143288,0.879412000,2.141002000,0.947113000,0.000000000,0.000000000,0.000000000,1.000000000
1403715276.232142925,0.879407000,2.141009000,0.947110000,0.000000000,0.000000000,0.000000000,1.000000000
1403715276.237143040,0.879402000,2.141018000,0.947108000,0.000000000,0.000000000,0.000000000,1.000000000
1403715276.242143154,0.879396000,2.141029000,0.947101000,0.000000000,0.000000000,0.000000000,1.000000000
1403715276.247143030,0.879388000,2.141040000,0.947091000,0.000000000,0.000000000,0.000000000,1.000000000
1403715276.252142906,0.879427000,2.140994000,0.947060000,0.000000000,0.000000000,0.000000000,1.000000000
1403715276.257143021,0.879429000,2.140986000,0.947054000,0.000000000,0.000000000,0.000000000,1.000000000
1403715276.262143135,0.879429000,2.140974000,0.947044000,0.000000000,0.000000000,0.000000000,1.000000000
1403715276.267143011,0.879428000,2.140962000,0.947028000,0.000000000,0.000000000,0.000000000,1.000000000
1403715276.272142887,0.879426000,2.140957000,0.947012000,0.000000000,0.000000000,0.000000000,1.000000000
1403715276.277143240,0.879423000,2.140959000,0.947000000,0.000000000,0.000000000,0.000000000,1.000000000
1403715276.282143354,0.879419000,2.140962000,0.946996000,0.000000000,0.000000000,0.000000000,1.000000000
1403715276.287142992,0.879416000,2.140966000,0.946991000,0.000000000,0.000000000,0.000000000,1.000000000
1403715276.292143106,0.879413000,2.140971000,0.946979000,0.000000000,0.000000000,0.000000000,1.000000000
1403715276.297143221,0.879409000,2.140981000,0.946965000,0.000000000,0.000000000,0.000000000,1.000000000
1403715276.302143097,0.879448000,2.140938000,0.946932000,0.000000000,0.000000000,0.000000000,1.000000000
1403715276.307142973,0.879449000,2.140938000,0.946926000,0.000000000,0.000000000,0.000000000,1.000000000
1403715276.312143087,0.879448000,2.140936000,0.946921000,0.000000000,0.000000000,0.000000000,1.000000000
1403715276.317143202,0.879447000,2.140932000,0.946914000,0.000000000,0.000000000,0.000000000,1.000000000
1403715276.322143078,0.879445000,2.140931000,0.946904000,0.000000000,0.000000000,0.000000000,1.000000000
1403715276.327142954,0.879441000,2.140935000,0.946893000,0.000000000,0.000000000,0.000000000,1.000000000
1403715276.332143307,0.879435000,2.140943000,0.946891000,0.000000000,0.000000000,0.000000000,1.000000000
1403715276.337143183,0.879429000,2.140955000,0.946900000,0.000000000,0.000000000,0.000000000,1.000000000
1403715276.342143059,0.879422000,2.140968000,0.946909000,0.000000000,0.000000000,0.000000000,1.000000000
1403715276.347142935,0.879415000,2.140980000,0.946915000,0.000000000,0.000000000,0.000000000,1.000000000
1403715276.352143288,0.879448000,2.140931000,0.946895000,0.000000000,0.000000000,0.000000000,1.000000000
1403715276.357143164,0.879446000,2.140930000,0.946901000,0.000000000,0.000000000,0.000000000,1.000000000
1403715276.362143040,0.879441000,2.140926000,0.946914000,0.000000000,0.000000000,0.000000000,1.000000000
1403715276.367142916,0.879434000,2.140921000,0.946925000,0.000000000,0.000000000,0.000000000,1.000000000
1403715276.372143269,0.879428000,2.140921000,0.946933000,0.000000000,0.000000000,0.000000000,1.000000000
1403715276.377142906,0.879421000,2.140925000,0.946935000,0.000000000,0.000000000,0.000000000,1.000000000
1403715276.382143021,0.879411000,2.140934000,0.946936000,0.000000000,0.000000000,0.000000000,1.000000000
1403715276.387142897,0.879400000,2.140946000,0.946944000,0.000000000,0.000000000,0.000000000,1.000000000
1403715276.392143250,0.879388000,2.140959000,0.946957000,0.000000000,0.000000000,0.000000000,1.000000000
1403715276.397142887,0.879377000,2.140973000,0.946968000,0.000000000,0.000000000,0.000000000,1.000000000
1403715276.402143002,0.879409000,2.140929000,0.946951000,0.000000000,0.000000000,0.000000000,1.000000000
1403715276.407143354,0.879406000,2.140936000,0.946946000,0.000000000,0.000000000,0.000000000,1.000000000
1403715276.412143230,0.879402000,2.140945000,0.946943000,0.000000000,0.000000000,0.000000000,1.000000000
1403715276.417143106,0.879396000,2.140952000,0.946947000,0.000000000,0.000000000,0.000000000,1.000000000
1403715276.422142982,0.879387000,2.140958000,0.946954000,0.000000000,0.000000000,0.000000000,1.000000000
1403715276.427143335,0.879379000,2.140963000,0.946962000,0.000000000,0.000000000,0.000000000,1.000000000
1403715276.432142973,0.879371000,2.140970000,0.946965000,0.000000000,0.000000000,0.000000000,1.000000000
1403715276.437143087,0.879364000,2.140986000,0.946964000,0.000000000,0.000000000,0.000000000,1.000000000
1403715276.442142963,0.879354000,2.141010000,0.946966000,0.000000000,0.000000000,0.000000000,1.000000000
1403715276.447143316,0.879340000,2.141034000,0.946975000,0.000000000,0.000000000,0.000000000,1.000000000
1403715276.452142954,0.879364000,2.140987000,0.946971000,0.000000000,0.000000000,0.000000000,1.000000000
1403715276.457143068,0.879356000,2.140983000,0.946980000,0.000000000,0.000000000,0.000000000,1.000000000
1403715276.462142944,0.879348000,2.140979000,0.946985000,0.000000000,0.000000000,0.000000000,1.000000000
1403715276.467143297,0.879338000,2.140982000,0.946986000,0.000000000,0.000000000,0.000000000,1.000000000
1403715276.472142935,0.879326000,2.140995000,0.946992000,0.000000000,0.000000000,0.000000000,1.000000000
1403715276.477143049,0.879311000,2.141010000,0.947009000,0.000000000,0.000000000,0.000000000,1.000000000
1403715276.482143164,0.879293000,2.141021000,0.947038000,0.000000000,0.000000000,0.000000000,1.000000000
1403715276.487143040,0.879273000,2.141028000,0.947073000,0.000000000,0.000000000,0.000000000,1.000000000
1403715276.492142916,0.879252000,2.141038000,0.947108000,0.000000000,0.000000000,0.000000000,1.000000000
1403715276.497143030,0.879229000,2.141053000,0.947144000,0.000000000,0.000000000,0.000000000,1.000000000
1403715276.502143145,0.879243000,2.141014000,0.947163000,0.000000000,0.000000000,0.000000000,1.000000000
1403715276.507143021,0.879224000,2.141011000,0.947198000,0.000000000,0.000000000,0.000000000,1.000000000
1403715276.512142897,0.879205000,2.140998000,0.947234000,0.000000000,0.000000000,0.000000000,1.000000000
1403715276.517143011,0.879184000,2.140982000,0.947270000,0.000000000,0.000000000,0.000000000,1.000000000
1403715276.522143126,0.879163000,2.140975000,0.947303000,0.000000000,0.000000000,0.000000000,1.000000000
1403715276.527143002,0.879142000,2.140979000,0.947333000,0.000000000,0.000000000,0.000000000,1.000000000
1403715276.532143116,0.879124000,2.140990000,0.947364000,0.000000000,0.000000000,0.000000000,1.000000000
1403715276.537143230,0.879110000,2.140996000,0.947393000,0.000000000,0.000000000,0.000000000,1.000000000
1403715276.542143345,0.879098000,2.140990000,0.947417000,0.000000000,0.000000000,0.000000000,1.000000000
1403715276.547142982,0.879090000,2.140979000,0.947434000,0.000000000,0.000000000,0.000000000,1.000000000
1403715276.552143097,0.879124000,2.140914000,0.947428000,0.000000000,0.000000000,0.000000000,1.000000000
1403715276.557143211,0.879125000,2.140913000,0.947439000,0.000000000,0.000000000,0.000000000,1.000000000
1403715276.562143087,0.879126000,2.140926000,0.947449000,0.000000000,0.000000000,0.000000000,1.000000000
1403715276.567142963,0.879125000,2.140945000,0.947454000,0.000000000,0.000000000,0.000000000,1.000000000
1403715276.572143078,0.879124000,2.140961000,0.947454000,0.000000000,0.000000000,0.000000000,1.000000000
1403715276.577143192,0.879122000,2.140968000,0.947452000,0.000000000,0.000000000,0.000000000,1.000000000
1403715276.582143068,0.879119000,2.140965000,0.947447000,0.000000000,0.000000000,0.000000000,1.000000000
1403715276.587142944,0.879114000,2.140958000,0.947436000,0.000000000,0.000000000,0.000000000,1.000000000
1403715276.592143297,0.879106000,2.140954000,0.947418000,0.000000000,0.000000000,0.000000000,1.000000000
1403715276.597143173,0.879098000,2.140954000,0.947401000,0.000000000,0.000000000,0.000000000,1.000000000
1403715276.602143049,0.879128000,2.140888000,0.947370000,0.000000000,0.000000000,0.000000000,1.000000000
1403715276.607142925,0.879128000,2.140885000,0.947352000,0.000000000,0.000000000,0.000000000,1.000000000
1403715276.612143278,0.879127000,2.140888000,0.947331000,0.000000000,0.000000000,0.000000000,1.000000000
1403715276.617143154,0.879125000,2.140896000,0.947313000,0.000000000,0.000000000,0.000000000,1.000000000
1403715276.622143030,0.879123000,2.140907000,0.947299000,0.000000000,0.000000000,0.000000000,1.000000000
1403715276.627142906,0.879119000,2.140918000,0.947290000,0.000000000,0.000000000,0.000000000,1.000000000
1403715276.632143259,0.879115000,2.140927000,0.947282000,0.000000000,0.000000000,0.000000000,1.000000000
1403715276.637142897,0.879109000,2.140931000,0.947273000,0.000000000,0.000000000,0.000000000,1.000000000
1403715276.642143011,0.879101000,2.140932000,0.947263000,0.000000000,0.000000000,0.000000000,1.000000000
1403715276.647142887,0.879089000,2.140936000,0.947253000,0.000000000,0.000000000,0.000000000,1.000000000
1403715276.652143240,0.879111000,2.140879000,0.947229000,0.000000000,0.000000000,0.000000000,1.000000000
1403715276.657143116,0.879102000,2.140878000,0.947218000,0.000000000,0.000000000,0.000000000,1.000000000
1403715276.662142992,0.879091000,2.140876000,0.947209000,0.000000000,0.000000000,0.000000000,1.000000000
1403715276.667143345,0.879080000,2.140877000,0.947203000,0.000000000,0.000000000,0.000000000,1.000000000
1403715276.672143221,0.879069000,2.140889000,0.947200000,0.000000000,0.000000000,0.000000000,1.000000000
1403715276.677143097,0.879055000,2.140908000,0.947205000,0.000000000,0.000000000,0.000000000,1.000000000
1403715276.682142973,0.879038000,2.140923000,0.947218000,0.000000000,0.000000000,0.000000000,1.000000000
1403715276.687143326,0.879019000,2.140930000,0.947233000,0.000000000,0.000000000,0.000000000,1.000000000
1403715276.692142963,0.878999000,2.140934000,0.947246000,0.000000000,0.000000000,0.000000000,1.000000000
1403715276.697143078,0.878979000,2.140940000,0.947257000,0.000000000,0.000000000,0.000000000,1.000000000
1403715276.702142954,0.878994000,2.140878000,0.947258000,0.000000000,0.000000000,0.000000000,1.000000000
1403715276.707143307,0.878975000,2.140870000,0.947272000,0.000000000,0.000000000,0.000000000,1.000000000
1403715276.712142944,0.878953000,2.140864000,0.947289000,0.000000000,0.000000000,0.000000000,1.000000000
1403715276.717143059,0.878933000,2.140862000,0.947306000,0.000000000,0.000000000,0.000000000,1.000000000
1403715276.722143173,0.878912000,2.140861000,0.947326000,0.000000000,0.000000000,0.000000000,1.000000000
1403715276.727143288,0.878890000,2.140856000,0.947346000,0.000000000,0.000000000,0.000000000,1.000000000
1403715276.732142925,0.878868000,2.140851000,0.947364000,0.000000000,0.000000000,0.000000000,1.000000000
1403715276.737143040,0.878849000,2.140848000,0.947378000,0.000000000,0.000000000,0.000000000,1.000000000
1403715276.742143154,0.878831000,2.140848000,0.947386000,0.000000000,0.000000000,0.000000000,1.000000000
1403715276.747143030,0.878814000,2.140850000,0.947397000,0.000000000,0.000000000,0.000000000,1.000000000
1403715276.752142906,0.878837000,2.140784000,0.947399000,0.000000000,0.000000000,0.000000000,1.000000000
1403715276.757143021,0.878830000,2.140773000,0.947405000,0.000000000,0.000000000,0.000000000,1.000000000
1403715276.762143135,0.878824000,2.140760000,0.947404000,0.000000000,0.000000000,0.000000000,1.000000000
1403715276.767143011,0.878818000,2.140744000,0.947404000,0.000000000,0.000000000,0.000000000,1.000000000
1403715276.772142887,0.878810000,2.140725000,0.947405000,0.000000000,0.000000000,0.000000000,1.000000000
1403715276.777143240,0.878804000,2.140709000,0.947400000,0.000000000,0.000000000,0.000000000,1.000000000
1403715276.782143354,0.878805000,2.140702000,0.947390000,0.000000000,0.000000000,0.000000000,1.000000000
1403715276.787142992,0.878810000,2.140702000,0.947387000,0.000000000,0.000000000,0.000000000,1.000000000
1403715276.792143106,0.878813000,2.140703000,0.947390000,0.000000000,0.000000000,0.000000000,1.000000000
1403715276.797143221,0.878818000,2.140709000,0.947390000,0.000000000,0.000000000,0.000000000,1.000000000
1403715276.802143097,0.878869000,2.140656000,0.947380000,0.000000000,0.000000000,0.000000000,1.000000000
1403715276.807142973,0.878888000,2.140656000,0.947384000,0.000000000,0.000000000,0.000000000,1.000000000
1403715276.812143087,0.878906000,2.140650000,0.947395000,0.000000000,0.000000000,0.000000000,1.000000000
1403715276.817143202,0.878921000,2.140639000,0.947401000,0.000000000,0.000000000,0.000000000,1.000000000
1403715276.822143078,0.878933000,2.140628000,0.947404000,0.000000000,0.000000000,0.000000000,1.000000000
1403715276.827142954,0.878943000,2.140616000,0.947416000,0.000000000,0.000000000,0.000000000,1.000000000
1403715276.832143307,0.878951000,2.140605000,0.947435000,0.000000000,0.000000000,0.000000000,1.000000000
1403715276.837143183,0.878956000,2.140600000,0.947446000,0.000000000,0.000000000,0.000000000,1.000000000
1403715276.842143059,0.878958000,2.140605000,0.947456000,0.000000000,0.000000000,0.000000000,1.000000000
1403715276.847142935,0.878961000,2.140612000,0.947474000,0.000000000,0.000000000,0.000000000,1.000000000
1403715276.852143288,0.879007000,2.140556000,0.947481000,0.000000000,0.000000000,0.000000000,1.000000000
1403715276.857143164,0.879017000,2.140554000,0.947485000,0.000000000,0.000000000,0.000000000,1.000000000
1403715276.862143040,0.879029000,2.140557000,0.947491000,0.000000000,0.000000000,0.000000000,1.000000000
1403715276.867142916,0.879041000,2.140563000,0.947504000,0.000000000,0.000000000,0.000000000,1.000000000
1403715276.872143269,0.879052000,2.140572000,0.947513000,0.000000000,0.000000000,0.000000000,1.000000000
1403715276.877142906,0.879062000,2.140586000,0.947522000,0.000000000,0.000000000,0.000000000,1.000000000
1403715276.882143021,0.879071000,2.140608000,0.947540000,0.000000000,0.000000000,0.000000000,1.000000000
1403715276.887142897,0.879074000,2.140633000,0.947556000,0.000000000,0.000000000,0.000000000,1.000000000
1403715276.892143250,0.879075000,2.140661000,0.947563000,0.000000000,0.000000000,0.000000000,1.000000000
1403715276.897142887,0.879074000,2.140698000,0.947574000,0.000000000,0.000000000,0.000000000,1.000000000
1403715276.902143002,0.879121000,2.140686000,0.947589000,0.000000000,0.000000000,0.000000000,1.000000000
1403715276.907143354,0.879125000,2.140716000,0.947592000,0.000000000,0.000000000,0.000000000,1.000000000
1403715276.912143230,0.879134000,2.140746000,0.947586000,0.000000000,0.000000000,0.000000000,1.000000000
1403715276.917143106,0.879145000,2.140780000,0.947585000,0.000000000,0.000000000,0.000000000,1.000000000
1403715276.922142982,0.879155000,2.140815000,0.947585000,0.000000000,0.000000000,0.000000000,1.000000000
1403715276.927143335,0.879167000,2.140848000,0.947578000,0.000000000,0.000000000,0.000000000,1.000000000
1403715276.932142973,0.879181000,2.140881000,0.947575000,0.000000000,0.000000000,0.000000000,1.000000000
1403715276.937143087,0.879191000,2.140917000,0.947579000,0.000000000,0.000000000,0.000000000,1.000000000
1403715276.942142963,0.879201000,2.140952000,0.947584000,0.000000000,0.000000000,0.000000000,1.000000000
1403715276.947143316,0.879212000,2.140983000,0.947594000,0.000000000,0.000000000,0.000000000,1.000000000
1403715276.952142954,0.879287000,2.140968000,0.947618000,0.000000000,0.000000000,0.000000000,1.000000000
1403715276.957143068,0.879304000,2.140992000,0.947638000,0.000000000,0.000000000,0.000000000,1.000000000
1403715276.962142944,0.879318000,2.141017000,0.947661000,0.000000000,0.000000000,0.000000000,1.000000000
1403715276.967143297,0.879330000,2.141046000,0.947688000,0.000000000,0.000000000,0.000000000,1.000000000
1403715276.972142935,0.879338000,2.141082000,0.947708000,0.000000000,0.000000000,0.000000000,1.000000000
1403715276.977143049,0.879343000,2.141119000,0.947724000,0.000000000,0.000000000,0.000000000,1.000000000
1403715276.982143164,0.879348000,2.141151000,0.947742000,0.000000000,0.000000000,0.000000000,1.000000000
1403715276.987143040,0.879354000,2.141176000,0.947757000,0.000000000,0.000000000,0.000000000,1.000000000
1403715276.992142916,0.879360000,2.141195000,0.947771000,0.000000000,0.000000000,0.000000000,1.000000000
1403715276.997143030,0.879366000,2.141210000,0.947793000,0.000000000,0.000000000,0.000000000,1.000000000
1403715277.002143145,0.879448000,2.141181000,0.947817000,0.000000000,0.000000000,0.000000000,1.000000000
1403715277.007143021,0.879474000,2.141178000,0.947833000,0.000000000,0.000000000,0.000000000,1.000000000
1403715277.012142897,0.879502000,2.141168000,0.947850000,0.000000000,0.000000000,0.000000000,1.000000000
1403715277.017143011,0.879530000,2.141155000,0.947866000,0.000000000,0.000000000,0.000000000,1.000000000
1403715277.022143126,0.879559000,2.141141000,0.947872000,0.000000000,0.000000000,0.000000000,1.000000000
1403715277.027143002,0.879589000,2.141126000,0.947879000,0.000000000,0.000000000,0.000000000,1.000000000
1403715277.032143116,0.879620000,2.141111000,0.947890000,0.000000000,0.000000000,0.000000000,1.000000000
1403715277.037143230,0.879651000,2.141101000,0.947895000,0.000000000,0.000000000,0.000000000,1.000000000
1403715277.042143345,0.879681000,2.141098000,0.947896000,0.000000000,0.000000000,0.000000000,1.000000000
1403715277.047142982,0.879709000,2.141100000,0.947900000,0.000000000,0.000000000,0.000000000,1.000000000
1403715277.052143097,0.879818000,2.141070000,0.947904000,0.000000000,0.000000000,0.000000000,1.000000000
1403715277.057143211,0.879859000,2.141060000,0.947903000,0.000000000,0.000000000,0.000000000,1.000000000
1403715277.062143087,0.879897000,2.141050000,0.947916000,0.000000000,0.000000000,0.000000000,1.000000000
1403715277.067142963,0.879931000,2.141040000,0.947932000,0.000000000,0.000000000,0.000000000,1.000000000
1403715277.072143078,0.879963000,2.141031000,0.947942000,0.000000000,0.000000000,0.000000000,1.000000000
1403715277.077143192,0.879990000,2.141024000,0.947953000,0.000000000,0.000000000,0.000000000,1.000000000
1403715277.082143068,0.880013000,2.141025000,0.947958000,0.000000000,0.000000000,0.000000000,1.000000000
1403715277.087142944,0.880031000,2.141028000,0.947955000,0.000000000,0.000000000,0.000000000,1.000000000
1403715277.092143297,0.880048000,2.141029000,0.947952000,0.000000000,0.000000000,0.000000000,1.000000000
1403715277.097143173,0.880062000,2.141026000,0.947945000,0.000000000,0.000000000,0.000000000,1.000000000
1403715277.102143049,0.880173000,2.140994000,0.947938000,0.000000000,0.000000000,0.000000000,1.000000000
1403715277.107142925,0.880214000,2.140984000,0.947934000,0.000000000,0.000000000,0.000000000,1.000000000
1403715277.112143278,0.880254000,2.140979000,0.947940000,0.000000000,0.000000000,0.000000000,1.000000000
1403715277.117143154,0.880295000,2.140977000,0.947947000,0.000000000,0.000000000,0.000000000,1.000000000
1403715277.122143030,0.880338000,2.140974000,0.947955000,0.000000000,0.000000000,0.000000000,1.000000000
1403715277.127142906,0.880379000,2.140972000,0.947963000,0.000000000,0.000000000,0.000000000,1.000000000
1403715277.132143259,0.880417000,2.140975000,0.947966000,0.000000000,0.000000000,0.000000000,1.000000000
1403715277.137142897,0.880455000,2.140982000,0.947972000,0.000000000,0.000000000,0.000000000,1.000000000
1403715277.142143011,0.880489000,2.140994000,0.947980000,0.000000000,0.000000000,0.000000000,1.000000000
1403715277.147142887,0.880519000,2.141011000,0.947983000,0.000000000,0.000000000,0.000000000,1.000000000
1403715277.152143240,0.880645000,2.141000000,0.947988000,0.000000000,0.000000000,0.000000000,1.000000000
1403715277.157143116,0.880687000,2.141010000,0.947996000,0.000000000,0.000000000,0.000000000,1.000000000
1403715277.162142992,0.880718000,2.141017000,0.948009000,0.000000000,0.000000000,0.000000000,1.000000000
1403715277.167143345,0.880744000,2.141018000,0.948029000,0.000000000,0.000000000,0.000000000,1.000000000
1403715277.172143221,0.880761000,2.141019000,0.948051000,0.000000000,0.000000000,0.000000000,1.000000000
1403715277.177143097,0.880765000,2.141026000,0.948072000,0.000000000,0.000000000,0.000000000,1.000000000
1403715277.182142973,0.880760000,2.141033000,0.948095000,0.000000000,0.000000000,0.000000000,1.000000000
1403715277.187143326,0.880745000,2.141039000,0.948111000,0.000000000,0.000000000,0.000000000,1.000000000
1403715277.192142963,0.880718000,2.141039000,0.948119000,0.000000000,0.000000000,0.000000000,1.000000000
1403715277.197143078,0.880682000,2.141030000,0.948129000,0.000000000,0.000000000,0.000000000,1.000000000
1403715277.202142954,0.880737000,2.140996000,0.948140000,0.000000000,0.000000000,0.000000000,1.000000000
1403715277.207143307,0.880699000,2.140985000,0.948148000,0.000000000,0.000000000,0.000000000,1.000000000
1403715277.212142944,0.880653000,2.140976000,0.948161000,0.000000000,0.000000000,0.000000000,1.000000000
1403715277.217143059,0.880604000,2.140971000,0.948169000,0.000000000,0.000000000,0.000000000,1.000000000
1403715277.222143173,0.880556000,2.140963000,0.948176000,0.000000000,0.000000000,0.000000000,1.000000000
1403715277.227143288,0.880510000,2.140948000,0.948186000,0.000000000,0.000000000,0.000000000,1.000000000
1403715277.232142925,0.880464000,2.140930000,0.948183000,0.000000000,0.000000000,0.000000000,1.000000000
1403715277.237143040,0.880417000,2.140911000,0.948176000,0.000000000,0.000000000,0.000000000,1.000000000
1403715277.242143154,0.880371000,2.140891000,0.948177000,0.000000000,0.000000000,0.000000000,1.000000000
1403715277.247143030,0.880326000,2.140877000,0.948176000,0.000000000,0.000000000,0.000000000,1.000000000
1403715277.252142906,0.880383000,2.140844000,0.948183000,0.000000000,0.000000000,0.000000000,1.000000000
1403715277.257143021,0.880365000,2.140840000,0.948196000,0.000000000,0.000000000,0.000000000,1.000000000
1403715277.262143135,0.880347000,2.140842000,0.948199000,0.000000000,0.000000000,0.000000000,1.000000000
1403715277.267143011,0.880324000,2.140842000,0.948202000,0.000000000,0.000000000,0.000000000,1.000000000
1403715277.272142887,0.880292000,2.140840000,0.948206000,0.000000000,0.000000000,0.000000000,1.000000000
1403715277.277143240,0.880248000,2.140836000,0.948195000,0.000000000,0.000000000,0.000000000,1.000000000
1403715277.282143354,0.880198000,2.140827000,0.948177000,0.000000000,0.000000000,0.000000000,1.000000000
1403715277.287142992,0.880144000,2.140817000,0.948161000,0.000000000,0.000000000,0.000000000,1.000000000
1403715277.292143106,0.880088000,2.140807000,0.948138000,0.000000000,0.000000000,0.000000000,1.000000000
1403715277.297143221,0.880031000,2.140798000,0.948125000,0.000000000,0.000000000,0.000000000,1.000000000
1403715277.302143097,0.880057000,2.140756000,0.948114000,0.000000000,0.000000000,0.000000000,1.000000000
1403715277.307142973,0.880014000,2.140745000,0.948108000,0.000000000,0.000000000,0.000000000,1.000000000
1403715277.312143087,0.879965000,2.140741000,0.948107000,0.000000000,0.000000000,0.000000000,1.000000000
1403715277.317143202,0.879911000,2.140743000,0.948104000,0.000000000,0.000000000,0.000000000,1.000000000
1403715277.322143078,0.879854000,2.140751000,0.948098000,0.000000000,0.000000000,0.000000000,1.000000000
1403715277.327142954,0.879799000,2.140758000,0.948104000,0.000000000,0.000000000,0.000000000,1.000000000
1403715277.332143307,0.879742000,2.140764000,0.948112000,0.000000000,0.000000000,0.000000000,1.000000000
1403715277.337143183,0.879682000,2.140765000,0.948115000,0.000000000,0.000000000,0.000000000,1.000000000
1403715277.342143059,0.879618000,2.140757000,0.948126000,0.000000000,0.000000000,0.000000000,1.000000000
1403715277.347142935,0.879552000,2.140744000,0.948133000,0.000000000,0.000000000,0.000000000,1.000000000
1403715277.352143288,0.879562000,2.140704000,0.948140000,0.000000000,0.000000000,0.000000000,1.000000000
1403715277.357143164,0.879512000,2.140693000,0.948154000,0.000000000,0.000000000,0.000000000,1.000000000
1403715277.362143040,0.879460000,2.140691000,0.948168000,0.000000000,0.000000000,0.000000000,1.000000000
1403715277.367142916,0.879407000,2.140696000,0.948185000,0.000000000,0.000000000,0.000000000,1.000000000
1403715277.372143269,0.879351000,2.140706000,0.948208000,0.000000000,0.000000000,0.000000000,1.000000000
1403715277.377142906,0.879292000,2.140720000,0.948226000,0.000000000,0.000000000,0.000000000,1.000000000
1403715277.382143021,0.879232000,2.140731000,0.948243000,0.000000000,0.000000000,0.000000000,1.000000000
1403715277.387142897,0.879170000,2.140734000,0.948254000,0.000000000,0.000000000,0.000000000,1.000000000
1403715277.392143250,0.879106000,2.140727000,0.948251000,0.000000000,0.000000000,0.000000000,1.000000000
1403715277.397142887,0.879042000,2.140710000,0.948249000,0.000000000,0.000000000,0.000000000,1.000000000
1403715277.402143002,0.879040000,2.140658000,0.948234000,0.000000000,0.000000000,0.000000000,1.000000000
1403715277.407143354,0.878986000,2.140636000,0.948214000,0.000000000,0.000000000,0.000000000,1.000000000
1403715277.412143230,0.878934000,2.140618000,0.948197000,0.000000000,0.000000000,0.000000000,1.000000000
1403715277.417143106,0.878883000,2.140606000,0.948183000,0.000000000,0.000000000,0.000000000,1.000000000
1403715277.422142982,0.878835000,2.140599000,0.948174000,0.000000000,0.000000000,0.000000000,1.000000000
1403715277.427143335,0.878789000,2.140593000,0.948176000,0.000000000,0.000000000,0.000000000,1.000000000
1403715277.432142973,0.878737000,2.140588000,0.948171000,0.000000000,0.000000000,0.000000000,1.000000000
1403715277.437143087,0.878679000,2.140578000,0.948165000,0.000000000,0.000000000,0.000000000,1.000000000
1403715277.442142963,0.878623000,2.140568000,0.948163000,0.000000000,0.000000000,0.000000000,1.000000000
1403715277.447143316,0.878571000,2.140562000,0.948146000,0.000000000,0.000000000,0.000000000,1.000000000
1403715277.452142954,0.878583000,2.140519000,0.948130000,0.000000000,0.000000000,0.000000000,1.000000000
1403715277.457143068,0.878559000,2.140506000,0.948112000,0.000000000,0.000000000,0.000000000,1.000000000
1403715277.462142944,0.878541000,2.140500000,0.948093000,0.000000000,0.000000000,0.000000000,1.000000000
1403715277.467143297,0.878532000,2.140501000,0.948085000,0.000000000,0.000000000,0.000000000,1.000000000
1403715277.472142935,0.878534000,2.140513000,0.948085000,0.000000000,0.000000000,0.000000000,1.000000000
1403715277.477143049,0.878545000,2.140530000,0.948088000,0.000000000,0.000000000,0.000000000,1.000000000
1403715277.482143164,0.878568000,2.140544000,0.948098000,0.000000000,0.000000000,0.000000000,1.000000000
1403715277.487143040,0.878596000,2.140553000,0.948111000,0.000000000,0.000000000,0.000000000,1.000000000
1403715277.492142916,0.878627000,2.140559000,0.948131000,0.000000000,0.000000000,0.000000000,1.000000000
1403715277.497143030,0.878660000,2.140565000,0.948155000,0.000000000,0.000000000,0.000000000,1.000000000
1403715277.502143145,0.878730000,2.140534000,0.948160000,0.000000000,0.000000000,0.000000000,1.000000000
1403715277.507143021,0.878763000,2.140536000,0.948189000,0.000000000,0.000000000,0.000000000,1.000000000
1403715277.512142897,0.878790000,2.140542000,0.948229000,0.000000000,0.000000000,0.000000000,1.000000000
1403715277.517143011,0.878810000,2.140550000,0.948259000,0.000000000,0.000000000,0.000000000,1.000000000
1403715277.522143126,0.878827000,2.140557000,0.948276000,0.000000000,0.000000000,0.000000000,1.000000000
1403715277.527143002,0.878846000,2.140566000,0.948293000,0.000000000,0.000000000,0.000000000,1.000000000
1403715277.532143116,0.878863000,2.140574000,0.948326000,0.000000000,0.000000000,0.000000000,1.000000000
1403715277.537143230,0.878877000,2.140577000,0.948375000,0.000000000,0.000000000,0.000000000,1.000000000
1403715277.542143345,0.878891000,2.140572000,0.948417000,0.000000000,0.000000000,0.000000000,1.000000000
1403715277.547142982,0.878907000,2.140561000,0.948455000,0.000000000,0.000000000,0.000000000,1.000000000
1403715277.552143097,0.878959000,2.140511000,0.948495000,0.000000000,0.000000000,0.000000000,1.000000000
1403715277.557143211,0.878977000,2.140503000,0.948540000,0.000000000,0.000000000,0.000000000,1.000000000
1403715277.562143087,0.878992000,2.140501000,0.948570000,0.000000000,0.000000000,0.000000000,1.000000000
1403715277.567142963,0.879005000,2.140506000,0.948586000,0.000000000,0.000000000,0.000000000,1.000000000
1403715277.572143078,0.879015000,2.140513000,0.948596000,0.000000000,0.000000000,0.000000000,1.000000000
1403715277.577143192,0.879022000,2.140521000,0.948603000,0.000000000,0.000000000,0.000000000,1.000000000
1403715277.582143068,0.879029000,2.140526000,0.948598000,0.000000000,0.000000000,0.000000000,1.000000000
1403715277.587142944,0.879036000,2.140530000,0.948579000,0.000000000,0.000000000,0.000000000,1.000000000
1403715277.592143297,0.879046000,2.140536000,0.948551000,0.000000000,0.000000000,0.000000000,1.000000000
1403715277.597143173,0.879060000,2.140541000,0.948526000,0.000000000,0.000000000,0.000000000,1.000000000
1403715277.602143049,0.879115000,2.140501000,0.948498000,0.000000000,0.000000000,0.000000000,1.000000000
1403715277.607142925,0.879149000,2.140502000,0.948486000,0.000000000,0.000000000,0.000000000,1.000000000
1403715277.612143278,0.879188000,2.140503000,0.948472000,0.000000000,0.000000000,0.000000000,1.000000000
1403715277.617143154,0.879229000,2.140502000,0.948466000,0.000000000,0.000000000,0.000000000,1.000000000
1403715277.622143030,0.879266000,2.140502000,0.948470000,0.000000000,0.000000000,0.000000000,1.000000000
1403715277.627142906,0.879301000,2.140510000,0.948471000,0.000000000,0.000000000,0.000000000,1.000000000
1403715277.632143259,0.879334000,2.140528000,0.948466000,0.000000000,0.000000000,0.000000000,1.000000000
1403715277.637142897,0.879363000,2.140549000,0.948455000,0.000000000,0.000000000,0.000000000,1.000000000
1403715277.642143011,0.879386000,2.140568000,0.948447000,0.000000000,0.000000000,0.000000000,1.000000000
1403715277.647142887,0.879401000,2.140584000,0.948454000,0.000000000,0.000000000,0.000000000,1.000000000
1403715277.652143240,0.879441000,2.140550000,0.948453000,0.000000000,0.000000000,0.000000000,1.000000000
1403715277.657143116,0.879454000,2.140552000,0.948469000,0.000000000,0.000000000,0.000000000,1.000000000
1403715277.662142992,0.879467000,2.140547000,0.948491000,0.000000000,0.000000000,0.000000000,1.000000000
1403715277.667143345,0.879477000,2.140542000,0.948513000,0.000000000,0.000000000,0.000000000,1.000000000
1403715277.672143221,0.879481000,2.140539000,0.948548000,0.000000000,0.000000000,0.000000000,1.000000000
1403715277.677143097,0.879479000,2.140540000,0.948583000,0.000000000,0.000000000,0.000000000,1.000000000
1403715277.682142973,0.879479000,2.140543000,0.948607000,0.000000000,0.000000000,0.000000000,1.000000000
1403715277.687143326,0.879486000,2.140542000,0.948631000,0.000000000,0.000000000,0.000000000,1.000000000
1403715277.692142963,0.879494000,2.140541000,0.948657000,0.000000000,0.000000000,0.000000000,1.000000000
1403715277.697143078,0.879497000,2.140541000,0.948695000,0.000000000,0.000000000,0.000000000,1.000000000
1403715277.702142954,0.879526000,2.140496000,0.948732000,0.000000000,0.000000000,0.000000000,1.000000000
1403715277.707143307,0.879527000,2.140496000,0.948769000,0.000000000,0.000000000,0.000000000,1.000000000
1403715277.712142944,0.879528000,2.140499000,0.948805000,0.000000000,0.000000000,0.000000000,1.000000000
1403715277.717143059,0.879530000,2.140502000,0.948831000,0.000000000,0.000000000,0.000000000,1.000000000
1403715277.722143173,0.879532000,2.140502000,0.948844000,0.000000000,0.000000000,0.000000000,1.000000000
1403715277.727143288,0.879533000,2.140503000,0.948860000,0.000000000,0.000000000,0.000000000,1.000000000
1403715277.732142925,0.879532000,2.140508000,0.948881000,0.000000000,0.000000000,0.000000000,1.000000000
1403715277.737143040,0.879527000,2.140520000,0.948907000,0.000000000,0.000000000,0.000000000,1.000000000
1403715277.742143154,0.879519000,2.140540000,0.948941000,0.000000000,0.000000000,0.000000000,1.000000000
1403715277.747143030,0.879508000,2.140565000,0.948982000,0.000000000,0.000000000,0.000000000,1.000000000
1403715277.752142906,0.879528000,2.140539000,0.949015000,0.000000000,0.000000000,0.000000000,1.000000000
1403715277.757143021,0.879522000,2.140550000,0.949030000,0.000000000,0.000000000,0.000000000,1.000000000
1403715277.762143135,0.879514000,2.140561000,0.949023000,0.000000000,0.000000000,0.000000000,1.000000000
1403715277.767143011,0.879503000,2.140574000,0.949017000,0.000000000,0.000000000,0.000000000,1.000000000
1403715277.772142887,0.879490000,2.140586000,0.949022000,0.000000000,0.000000000,0.000000000,1.000000000
1403715277.777143240,0.879474000,2.140599000,0.949025000,0.000000000,0.000000000,0.000000000,1.000000000
1403715277.782143354,0.879459000,2.140608000,0.949018000,0.000000000,0.000000000,0.000000000,1.000000000
1403715277.787142992,0.879446000,2.140607000,0.949004000,0.000000000,0.000000000,0.000000000,1.000000000
1403715277.792143106,0.879433000,2.140600000,0.948992000,0.000000000,0.000000000,0.000000000,1.000000000
1403715277.797143221,0.879419000,2.140593000,0.948990000,0.000000000,0.000000000,0.000000000,1.000000000
1403715277.802143097,0.879437000,2.140549000,0.948985000,0.000000000,0.000000000,0.000000000,1.000000000
1403715277.807142973,0.879430000,2.140554000,0.948973000,0.000000000,0.000000000,0.000000000,1.000000000
1403715277.812143087,0.879423000,2.140554000,0.948949000,0.000000000,0.000000000,0.000000000,1.000000000
1403715277.817143202,0.879415000,2.140543000,0.948915000,0.000000000,0.000000000,0.000000000,1.000000000
1403715277.822143078,0.879411000,2.140520000,0.948878000,0.000000000,0.000000000,0.000000000,1.000000000
1403715277.827142954,0.879411000,2.140497000,0.948844000,0.000000000,0.000000000,0.000000000,1.000000000
1403715277.832143307,0.879409000,2.140480000,0.948810000,0.000000000,0.000000000,0.000000000,1.000000000
1403715277.837143183,0.879400000,2.140466000,0.948783000,0.000000000,0.000000000,0.000000000,1.000000000
1403715277.842143059,0.879388000,2.140450000,0.948767000,0.000000000,0.000000000,0.000000000,1.000000000
1403715277.847142935,0.879372000,2.140435000,0.948764000,0.000000000,0.000000000,0.000000000,1.000000000
1403715277.852143288,0.879390000,2.140364000,0.948766000,0.000000000,0.000000000,0.000000000,1.000000000
1403715277.857143164,0.879381000,2.140337000,0.948777000,0.000000000,0.000000000,0.000000000,1.000000000
1403715277.862143040,0.879372000,2.140310000,0.948788000,0.000000000,0.000000000,0.000000000,1.000000000
1403715277.867142916,0.879365000,2.140288000,0.948802000,0.000000000,0.000000000,0.000000000,1.000000000
1403715277.872143269,0.879356000,2.140274000,0.948828000,0.000000000,0.000000000,0.000000000,1.000000000
1403715277.877142906,0.879345000,2.140266000,0.948864000,0.000000000,0.000000000,0.000000000,1.000000000
1403715277.882143021,0.879333000,2.140253000,0.948902000,0.000000000,0.000000000,0.000000000,1.000000000
1403715277.887142897,0.879322000,2.140236000,0.948946000,0.000000000,0.000000000,0.000000000,1.000000000
1403715277.892143250,0.879312000,2.140221000,0.948989000,0.000000000,0.000000000,0.000000000,1.000000000
1403715277.897142887,0.879303000,2.140212000,0.949022000,0.000000000,0.000000000,0.000000000,1.000000000
1403715277.902143002,0.879330000,2.140154000,0.949016000,0.000000000,0.000000000,0.000000000,1.000000000
1403715277.907143354,0.879329000,2.140137000,0.949014000,0.000000000,0.000000000,0.000000000,1.000000000
1403715277.912143230,0.879325000,2.140124000,0.949020000,0.000000000,0.000000000,0.000000000,1.000000000
1403715277.917143106,0.879319000,2.140113000,0.949044000,0.000000000,0.000000000,0.000000000,1.000000000
1403715277.922142982,0.879310000,2.140101000,0.949085000,0.000000000,0.000000000,0.000000000,1.000000000
1403715277.927143335,0.879301000,2.140090000,0.949134000,0.000000000,0.000000000,0.000000000,1.000000000
1403715277.932142973,0.879293000,2.140076000,0.949178000,0.000000000,0.000000000,0.000000000,1.000000000
1403715277.937143087,0.879291000,2.140059000,0.949208000,0.000000000,0.000000000,0.000000000,1.000000000
1403715277.942142963,0.879292000,2.140041000,0.949226000,0.000000000,0.000000000,0.000000000,1.000000000
1403715277.947143316,0.879292000,2.140028000,0.949240000,0.000000000,0.000000000,0.000000000,1.000000000
1403715277.952142954,0.879326000,2.139970000,0.949239000,0.000000000,0.000000000,0.000000000,1.000000000
1403715277.957143068,0.879331000,2.139961000,0.949257000,0.000000000,0.000000000,0.000000000,1.000000000
1403715277.962142944,0.879340000,2.139954000,0.949285000,0.000000000,0.000000000,0.000000000,1.000000000
1403715277.967143297,0.879351000,2.139940000,0.949316000,0.000000000,0.000000000,0.000000000,1.000000000
1403715277.972142935,0.879363000,2.139916000,0.949339000,0.000000000,0.000000000,0.000000000,1.000000000
1403715277.977143049,0.879378000,2.139890000,0.949359000,0.000000000,0.000000000,0.000000000,1.000000000
1403715277.982143164,0.879399000,2.139872000,0.949382000,0.000000000,0.000000000,0.000000000,1.000000000
1403715277.987143040,0.879423000,2.139860000,0.949408000,0.000000000,0.000000000,0.000000000,1.000000000
1403715277.992142916,0.879447000,2.139849000,0.949426000,0.000000000,0.000000000,0.000000000,1.000000000
1403715277.997143030,0.879468000,2.139839000,0.949430000,0.000000000,0.000000000,0.000000000,1.000000000
1403715278.002143145,0.879526000,2.139772000,0.949392000,0.000000000,0.000000000,0.000000000,1.000000000
1403715278.007143021,0.879545000,2.139755000,0.949375000,0.000000000,0.000000000,0.000000000,1.000000000
1403715278.012142897,0.879561000,2.139745000,0.949364000,0.000000000,0.000000000,0.000000000,1.000000000
1403715278.017143011,0.879581000,2.139742000,0.949353000,0.000000000,0.000000000,0.000000000,1.000000000
1403715278.022143126,0.879601000,2.139738000,0.949339000,0.000000000,0.000000000,0.000000000,1.000000000
1403715278.027143002,0.879618000,2.139731000,0.949319000,0.000000000,0.000000000,0.000000000,1.000000000
1403715278.032143116,0.879634000,2.139720000,0.949301000,0.000000000,0.000000000,0.000000000,1.000000000
1403715278.037143230,0.879648000,2.139716000,0.949294000,0.000000000,0.000000000,0.000000000,1.000000000
1403715278.042143345,0.879657000,2.139728000,0.949300000,0.000000000,0.000000000,0.000000000,1.000000000
1403715278.047142982,0.879661000,2.139755000,0.949318000,0.000000000,0.000000000,0.000000000,1.000000000
1403715278.052143097,0.879710000,2.139736000,0.949307000,0.000000000,0.000000000,0.000000000,1.000000000
1403715278.057143211,0.879719000,2.139762000,0.949322000,0.000000000,0.000000000,0.000000000,1.000000000
1403715278.062143087,0.879728000,2.139790000,0.949347000,0.000000000,0.000000000,0.000000000,1.000000000
1403715278.067142963,0.879732000,2.139819000,0.949387000,0.000000000,0.000000000,0.000000000,1.000000000
1403715278.072143078,0.879729000,2.139847000,0.949422000,0.000000000,0.000000000,0.000000000,1.000000000
1403715278.077143192,0.879724000,2.139871000,0.949442000,0.000000000,0.000000000,0.000000000,1.000000000
1403715278.082143068,0.879722000,2.139895000,0.949454000,0.000000000,0.000000000,0.000000000,1.000000000
1403715278.087142944,0.879722000,2.139920000,0.949460000,0.000000000,0.000000000,0.000000000,1.000000000
1403715278.092143297,0.879725000,2.139943000,0.949467000,0.000000000,0.000000000,0.000000000,1.000000000
1403715278.097143173,0.879731000,2.139965000,0.949477000,0.000000000,0.000000000,0.000000000,1.000000000
1403715278.102143049,0.879787000,2.139935000,0.949458000,0.000000000,0.000000000,0.000000000,1.000000000
1403715278.107142925,0.879802000,2.139955000,0.949489000,0.000000000,0.000000000,0.000000000,1.000000000
1403715278.112143278,0.879816000,2.139978000,0.949526000,0.000000000,0.000000000,0.000000000,1.000000000
1403715278.117143154,0.879837000,2.140007000,0.949563000,0.000000000,0.000000000,0.000000000,1.000000000
1403715278.122143030,0.879862000,2.140037000,0.949611000,0.000000000,0.000000000,0.000000000,1.000000000
1403715278.127142906,0.879882000,2.140066000,0.949666000,0.000000000,0.000000000,0.000000000,1.000000000
1403715278.132143259,0.879895000,2.140094000,0.949714000,0.000000000,0.000000000,0.000000000,1.000000000
1403715278.137142897,0.879903000,2.140126000,0.949750000,0.000000000,0.000000000,0.000000000,1.000000000
1403715278.142143011,0.879908000,2.140165000,0.949771000,0.000000000,0.000000000,0.000000000,1.000000000
1403715278.147142887,0.879912000,2.140208000,0.949785000,0.000000000,0.000000000,0.000000000,1.000000000
1403715278.152143240,0.879968000,2.140195000,0.949728000,0.000000000,0.000000000,0.000000000,1.000000000
1403715278.157143116,0.879991000,2.140219000,0.949720000,0.000000000,0.000000000,0.000000000,1.000000000
1403715278.162142992,0.880016000,2.140238000,0.949706000,0.000000000,0.000000000,0.000000000,1.000000000
1403715278.167143345,0.880042000,2.140254000,0.949688000,0.000000000,0.000000000,0.000000000,1.000000000
1403715278.172143221,0.880080000,2.140274000,0.949679000,0.000000000,0.000000000,0.000000000,1.000000000
1403715278.177143097,0.880123000,2.140298000,0.949698000,0.000000000,0.000000000,0.000000000,1.000000000
1403715278.182142973,0.880162000,2.140321000,0.949738000,0.000000000,0.000000000,0.000000000,1.000000000
1403715278.187143326,0.880199000,2.140338000,0.949787000,0.000000000,0.000000000,0.000000000,1.000000000
1403715278.192142963,0.880231000,2.140350000,0.949836000,0.000000000,0.000000000,0.000000000,1.000000000
1403715278.197143078,0.880254000,2.140364000,0.949862000,0.000000000,0.000000000,0.000000000,1.000000000
1403715278.202142954,0.880317000,2.140340000,0.949806000,0.000000000,0.000000000,0.000000000,1.000000000
1403715278.207143307,0.880329000,2.140363000,0.949780000,0.000000000,0.000000000,0.000000000,1.000000000
1403715278.212142944,0.880335000,2.140384000,0.949750000,0.000000000,0.000000000,0.000000000,1.000000000
1403715278.217143059,0.880327000,2.140395000,0.949730000,0.000000000,0.000000000,0.000000000,1.000000000
1403715278.222143173,0.880303000,2.140396000,0.949709000,0.000000000,0.000000000,0.000000000,1.000000000
1403715278.227143288,0.880276000,2.140398000,0.949685000,0.000000000,0.000000000,0.000000000,1.000000000
1403715278.232142925,0.880250000,2.140408000,0.949678000,0.000000000,0.000000000,0.000000000,1.000000000
1403715278.237143040,0.880227000,2.140428000,0.949682000,0.000000000,0.000000000,0.000000000,1.000000000
1403715278.242143154,0.880207000,2.140452000,0.949685000,0.000000000,0.000000000,0.000000000,1.000000000
1403715278.247143030,0.880186000,2.140473000,0.949690000,0.000000000,0.000000000,0.000000000,1.000000000
1403715278.252142906,0.880206000,2.140437000,0.949645000,0.000000000,0.000000000,0.000000000,1.000000000
1403715278.257143021,0.880194000,2.140440000,0.949629000,0.000000000,0.000000000,0.000000000,1.000000000
1403715278.262143135,0.880183000,2.140444000,0.949612000,0.000000000,0.000000000,0.000000000,1.000000000
1403715278.267143011,0.880156000,2.140453000,0.949602000,0.000000000,0.000000000,0.000000000,1.000000000
1403715278.272142887,0.880112000,2.140462000,0.949603000,0.000000000,0.000000000,0.000000000,1.000000000
1403715278.277143240,0.880076000,2.140469000,0.949622000,0.000000000,0.000000000,0.000000000,1.000000000
1403715278.282143354,0.880048000,2.140469000,0.949657000,0.000000000,0.000000000,0.000000000,1.000000000
1403715278.287142992,0.880022000,2.140460000,0.949707000,0.000000000,0.000000000,0.000000000,1.000000000
1403715278.292143106,0.880002000,2.140451000,0.949773000,0.000000000,0.000000000,0.000000000,1.000000000
1403715278.297143221,0.879990000,2.140454000,0.949856000,0.000000000,0.000000000,0.000000000,1.000000000
1403715278.302143097,0.880033000,2.140435000,0.949851000,0.000000000,0.000000000,0.000000000,1.000000000
1403715278.307142973,0.880033000,2.140458000,0.949922000,0.000000000,0.000000000,0.000000000,1.000000000
1403715278.312143087,0.880026000,2.140476000,0.949988000,0.000000000,0.000000000,0.000000000,1.000000000
1403715278.317143202,0.880015000,2.140479000,0.950059000,0.000000000,0.000000000,0.000000000,1.000000000
1403715278.322143078,0.879996000,2.140474000,0.950133000,0.000000000,0.000000000,0.000000000,1.000000000
1403715278.327142954,0.879974000,2.140465000,0.950202000,0.000000000,0.000000000,0.000000000,1.000000000
1403715278.332143307,0.879964000,2.140457000,0.950284000,0.000000000,0.000000000,0.000000000,1.000000000
1403715278.337143183,0.879958000,2.140456000,0.950384000,0.000000000,0.000000000,0.000000000,1.000000000
1403715278.342143059,0.879945000,2.140458000,0.950494000,0.000000000,0.000000000,0.000000000,1.000000000
1403715278.347142935,0.879926000,2.140459000,0.950610000,0.000000000,0.000000000,0.000000000,1.000000000
1403715278.352143288,0.879959000,2.140405000,0.950618000,0.000000000,0.000000000,0.000000000,1.000000000
1403715278.357143164,0.879953000,2.140379000,0.950704000,0.000000000,0.000000000,0.000000000,1.000000000
1403715278.362143040,0.879949000,2.140347000,0.950787000,0.000000000,0.000000000,0.000000000,1.000000000
1403715278.367142916,0.879944000,2.140316000,0.950875000,0.000000000,0.000000000,0.000000000,1.000000000
1403715278.372143269,0.879941000,2.140292000,0.950973000,0.000000000,0.000000000,0.000000000,1.000000000
1403715278.377142906,0.879945000,2.140277000,0.951072000,0.000000000,0.000000000,0.000000000,1.000000000
1403715278.382143021,0.879965000,2.140276000,0.951177000,0.000000000,0.000000000,0.000000000,1.000000000
1403715278.387142897,0.879998000,2.140288000,0.951285000,0.000000000,0.000000000,0.000000000,1.000000000
1403715278.392143250,0.880039000,2.140305000,0.951386000,0.000000000,0.000000000,0.000000000,1.000000000
1403715278.397142887,0.880085000,2.140325000,0.951481000,0.000000000,0.000000000,0.000000000,1.000000000
1403715278.402143002,0.880174000,2.140317000,0.951482000,0.000000000,0.000000000,0.000000000,1.000000000
1403715278.407143354,0.880233000,2.140348000,0.951550000,0.000000000,0.000000000,0.000000000,1.000000000
1403715278.412143230,0.880300000,2.140390000,0.951615000,0.000000000,0.000000000,0.000000000,1.000000000
1403715278.417143106,0.880374000,2.140436000,0.951674000,0.000000000,0.000000000,0.000000000,1.000000000
1403715278.422142982,0.880458000,2.140481000,0.951724000,0.000000000,0.000000000,0.000000000,1.000000000
1403715278.427143335,0.880555000,2.140525000,0.951778000,0.000000000,0.000000000,0.000000000,1.000000000
1403715278.432142973,0.880665000,2.140574000,0.951845000,0.000000000,0.000000000,0.000000000,1.000000000
1403715278.437143087,0.880787000,2.140626000,0.951920000,0.000000000,0.000000000,0.000000000,1.000000000
1403715278.442142963,0.880924000,2.140682000,0.952003000,0.000000000,0.000000000,0.000000000,1.000000000
1403715278.447143316,0.881079000,2.140748000,0.952103000,0.000000000,0.000000000,0.000000000,1.000000000
1403715278.452142954,0.881280000,2.140775000,0.952126000,0.000000000,0.000000000,0.000000000,1.000000000
1403715278.457143068,0.881460000,2.140854000,0.952244000,0.000000000,0.000000000,0.000000000,1.000000000
1403715278.462142944,0.881652000,2.140938000,0.952367000,0.000000000,0.000000000,0.000000000,1.000000000
1403715278.467143297,0.881856000,2.141023000,0.952490000,0.000000000,0.000000000,0.000000000,1.000000000
1403715278.472142935,0.882067000,2.141110000,0.952609000,0.000000000,0.000000000,0.000000000,1.000000000
1403715278.477143049,0.882285000,2.141203000,0.952721000,0.000000000,0.000000000,0.000000000,1.000000000
1403715278.482143164,0.882515000,2.141309000,0.952825000,0.000000000,0.000000000,0.000000000,1.000000000
1403715278.487143040,0.882752000,2.141430000,0.952926000,0.000000000,0.000000000,0.000000000,1.000000000
1403715278.492142916,0.882996000,2.141565000,0.953023000,0.000000000,0.000000000,0.000000000,1.000000000
1403715278.497143030,0.883257000,2.141703000,0.953125000,0.000000000,0.000000000,0.000000000,1.000000000
1403715278.502143145,0.883563000,2.141784000,0.953135000,0.000000000,0.000000000,0.000000000,1.000000000
1403715278.507143021,0.883870000,2.141919000,0.953267000,0.000000000,0.000000000,0.000000000,1.000000000
1403715278.512142897,0.884193000,2.142071000,0.953437000,0.000000000,0.000000000,0.000000000,1.000000000
1403715278.517143011,0.884530000,2.142241000,0.953640000,0.000000000,0.000000000,0.000000000,1.000000000
1403715278.522143126,0.884879000,2.142417000,0.953869000,0.000000000,0.000000000,0.000000000,1.000000000
1403715278.527143002,0.885240000,2.142591000,0.954115000,0.000000000,0.000000000,0.000000000,1.000000000
1403715278.532143116,0.885611000,2.142765000,0.954382000,0.000000000,0.000000000,0.000000000,1.000000000
1403715278.537143230,0.885980000,2.142945000,0.954669000,0.000000000,0.000000000,0.000000000,1.000000000
1403715278.542143345,0.886345000,2.143139000,0.954962000,0.000000000,0.000000000,0.000000000,1.000000000
1403715278.547142982,0.886713000,2.143351000,0.955267000,0.000000000,0.000000000,0.000000000,1.000000000
1403715278.552143097,0.887105000,2.143518000,0.955506000,0.000000000,0.000000000,0.000000000,1.000000000
1403715278.557143211,0.887501000,2.143729000,0.955832000,0.000000000,0.000000000,0.000000000,1.000000000
1403715278.562143087,0.887913000,2.143937000,0.956166000,0.000000000,0.000000000,0.000000000,1.000000000
1403715278.567142963,0.888339000,2.144145000,0.956513000,0.000000000,0.000000000,0.000000000,1.000000000
1403715278.572143078,0.888776000,2.144363000,0.956880000,0.000000000,0.000000000,0.000000000,1.000000000
1403715278.577143192,0.889225000,2.144599000,0.957279000,0.000000000,0.000000000,0.000000000,1.000000000
1403715278.582143068,0.889686000,2.144857000,0.957713000,0.000000000,0.000000000,0.000000000,1.000000000
1403715278.587142944,0.890155000,2.145126000,0.958180000,0.000000000,0.000000000,0.000000000,1.000000000
1403715278.592143297,0.890637000,2.145386000,0.958672000,0.000000000,0.000000000,0.000000000,1.000000000
1403715278.597143173,0.891137000,2.145632000,0.959193000,0.000000000,0.000000000,0.000000000,1.000000000
1403715278.602143049,0.891666000,2.145813000,0.959677000,0.000000000,0.000000000,0.000000000,1.000000000
1403715278.607142925,0.892197000,2.146058000,0.960249000,0.000000000,0.000000000,0.000000000,1.000000000
1403715278.612143278,0.892740000,2.146332000,0.960849000,0.000000000,0.000000000,0.000000000,1.000000000
1403715278.617143154,0.893297000,2.146632000,0.961472000,0.000000000,0.000000000,0.000000000,1.000000000
1403715278.622143030,0.893865000,2.146943000,0.962118000,0.000000000,0.000000000,0.000000000,1.000000000
1403715278.627142906,0.894445000,2.147242000,0.962793000,0.000000000,0.000000000,0.000000000,1.000000000
1403715278.632143259,0.895038000,2.147526000,0.963497000,0.000000000,0.000000000,0.000000000,1.000000000
1403715278.637142897,0.895636000,2.147807000,0.964210000,0.000000000,0.000000000,0.000000000,1.000000000
1403715278.642143011,0.896238000,2.148103000,0.964921000,0.000000000,0.000000000,0.000000000,1.000000000
1403715278.647142887,0.896844000,2.148424000,0.965634000,0.000000000,0.000000000,0.000000000,1.000000000
1403715278.652143240,0.897471000,2.148701000,0.966315000,0.000000000,0.000000000,0.000000000,1.000000000
1403715278.657143116,0.898096000,2.149036000,0.967075000,0.000000000,0.000000000,0.000000000,1.000000000
1403715278.662142992,0.898732000,2.149370000,0.967865000,0.000000000,0.000000000,0.000000000,1.000000000
1403715278.667143345,0.899376000,2.149705000,0.968681000,0.000000000,0.000000000,0.000000000,1.000000000
1403715278.672143221,0.900032000,2.150054000,0.969534000,0.000000000,0.000000000,0.000000000,1.000000000
1403715278.677143097,0.900700000,2.150421000,0.970430000,0.000000000,0.000000000,0.000000000,1.000000000
1403715278.682142973,0.901377000,2.150803000,0.971371000,0.000000000,0.000000000,0.000000000,1.000000000
1403715278.687143326,0.902061000,2.151193000,0.972362000,0.000000000,0.000000000,0.000000000,1.000000000
1403715278.692142963,0.902755000,2.151586000,0.973399000,0.000000000,0.000000000,0.000000000,1.000000000
1403715278.697143078,0.903458000,2.151983000,0.974477000,0.000000000,0.000000000,0.000000000,1.000000000
1403715278.702142954,0.904199000,2.152321000,0.975548000,0.000000000,0.000000000,0.000000000,1.000000000
1403715278.707143307,0.904930000,2.152721000,0.976665000,0.000000000,0.000000000,0.000000000,1.000000000
1403715278.712142944,0.905660000,2.153127000,0.977794000,0.000000000,0.000000000,0.000000000,1.000000000
1403715278.717143059,0.906390000,2.153537000,0.978944000,0.000000000,0.000000000,0.000000000,1.000000000
1403715278.722143173,0.907126000,2.153947000,0.980123000,0.000000000,0.000000000,0.000000000,1.000000000
1403715278.727143288,0.907874000,2.154357000,0.981341000,0.000000000,0.000000000,0.000000000,1.000000000
1403715278.732142925,0.908633000,2.154769000,0.982600000,0.000000000,0.000000000,0.000000000,1.000000000
1403715278.737143040,0.909408000,2.155187000,0.983911000,0.000000000,0.000000000,0.000000000,1.000000000
1403715278.742143154,0.910188000,2.155608000,0.985272000,0.000000000,0.000000000,0.000000000,1.000000000
1403715278.747143030,0.910968000,2.156024000,0.986663000,0.000000000,0.000000000,0.000000000,1.000000000
1403715278.752142906,0.911786000,2.156358000,0.988056000,0.000000000,0.000000000,0.000000000,1.000000000
1403715278.757143021,0.912593000,2.156758000,0.989486000,0.000000000,0.000000000,0.000000000,1.000000000
1403715278.762143135,0.913399000,2.157163000,0.990925000,0.000000000,0.000000000,0.000000000,1.000000000
1403715278.767143011,0.914202000,2.157573000,0.992374000,0.000000000,0.000000000,0.000000000,1.000000000
1403715278.772142887,0.915005000,2.157995000,0.993848000,0.000000000,0.000000000,0.000000000,1.000000000
1403715278.777143240,0.915811000,2.158427000,0.995343000,0.000000000,0.000000000,0.000000000,1.000000000
1403715278.782143354,0.916619000,2.158861000,0.996860000,0.000000000,0.000000000,0.000000000,1.000000000
1403715278.787142992,0.917432000,2.159289000,0.998396000,0.000000000,0.000000000,0.000000000,1.000000000
1403715278.792143106,0.918248000,2.159712000,0.999953000,0.000000000,0.000000000,0.000000000,1.000000000
1403715278.797143221,0.919066000,2.160137000,1.001534000,0.000000000,0.000000000,0.000000000,1.000000000
1403715278.802143097,0.919912000,2.160488000,1.003151000,0.000000000,0.000000000,0.000000000,1.000000000
1403715278.807142973,0.920747000,2.160919000,1.004790000,0.000000000,0.000000000,0.000000000,1.000000000
1403715278.812143087,0.921594000,2.161355000,1.006459000,0.000000000,0.000000000,0.000000000,1.000000000
1403715278.817143202,0.922447000,2.161786000,1.008153000,0.000000000,0.000000000,0.000000000,1.000000000
1403715278.822143078,0.923302000,2.162208000,1.009871000,0.000000000,0.000000000,0.000000000,1.000000000
1403715278.827142954,0.924154000,2.162627000,1.011616000,0.000000000,0.000000000,0.000000000,1.000000000
1403715278.832143307,0.925005000,2.163049000,1.013383000,0.000000000,0.000000000,0.000000000,1.000000000
1403715278.837143183,0.925857000,2.163476000,1.015168000,0.000000000,0.000000000,0.000000000,1.000000000
1403715278.842143059,0.926708000,2.163908000,1.016969000,0.000000000,0.000000000,0.000000000,1.000000000
1403715278.847142935,0.927552000,2.164346000,1.018793000,0.000000000,0.000000000,0.000000000,1.000000000
1403715278.852143288,0.928434000,2.164687000,1.020675000,0.000000000,0.000000000,0.000000000,1.000000000
1403715278.857143164,0.929273000,2.165090000,1.022549000,0.000000000,0.000000000,0.000000000,1.000000000
1403715278.862143040,0.930110000,2.165487000,1.024433000,0.000000000,0.000000000,0.000000000,1.000000000
1403715278.867142916,0.930942000,2.165883000,1.026319000,0.000000000,0.000000000,0.000000000,1.000000000
1403715278.872143269,0.931766000,2.166273000,1.028200000,0.000000000,0.000000000,0.000000000,1.000000000
1403715278.877142906,0.932585000,2.166662000,1.030076000,0.000000000,0.000000000,0.000000000,1.000000000
1403715278.882143021,0.933396000,2.167055000,1.031946000,0.000000000,0.000000000,0.000000000,1.000000000
1403715278.887142897,0.934200000,2.167452000,1.033816000,0.000000000,0.000000000,0.000000000,1.000000000
1403715278.892143250,0.934998000,2.167849000,1.035697000,0.000000000,0.000000000,0.000000000,1.000000000
1403715278.897142887,0.935791000,2.168248000,1.037590000,0.000000000,0.000000000,0.000000000,1.000000000
1403715278.902143002,0.936640000,2.168547000,1.039520000,0.000000000,0.000000000,0.000000000,1.000000000
1403715278.907143354,0.937429000,2.168911000,1.041437000,0.000000000,0.000000000,0.000000000,1.000000000
1403715278.912143230,0.938216000,2.169273000,1.043356000,0.000000000,0.000000000,0.000000000,1.000000000
1403715278.917143106,0.939000000,2.169638000,1.045275000,0.000000000,0.000000000,0.000000000,1.000000000
1403715278.922142982,0.939775000,2.170010000,1.047190000,0.000000000,0.000000000,0.000000000,1.000000000
1403715278.927143335,0.940542000,2.170387000,1.049093000,0.000000000,0.000000000,0.000000000,1.000000000
1403715278.932142973,0.941299000,2.170762000,1.050979000,0.000000000,0.000000000,0.000000000,1.000000000
1403715278.937143087,0.942047000,2.171131000,1.052844000,0.000000000,0.000000000,0.000000000,1.000000000
1403715278.942142963,0.942788000,2.171498000,1.054683000,0.000000000,0.000000000,0.000000000,1.000000000
1403715278.947143316,0.943524000,2.171865000,1.056495000,0.000000000,0.000000000,0.000000000,1.000000000
1403715278.952142954,0.944322000,2.172134000,1.058320000,0.000000000,0.000000000,0.000000000,1.000000000
1403715278.957143068,0.945068000,2.172491000,1.060084000,0.000000000,0.000000000,0.000000000,1.000000000
1403715278.962142944,0.945812000,2.172850000,1.061818000,0.000000000,0.000000000,0.000000000,1.000000000
1403715278.967143297,0.946545000,2.173204000,1.063523000,0.000000000,0.000000000,0.000000000,1.000000000
1403715278.972142935,0.947264000,2.173543000,1.065184000,0.000000000,0.000000000,0.000000000,1.000000000
1403715278.977143049,0.947978000,2.173872000,1.066788000,0.000000000,0.000000000,0.000000000,1.000000000
1403715278.982143164,0.948687000,2.174198000,1.068342000,0.000000000,0.000000000,0.000000000,1.000000000
1403715278.987143040,0.949386000,2.174522000,1.069848000,0.000000000,0.000000000,0.000000000,1.000000000
1403715278.992142916,0.950081000,2.174842000,1.071297000,0.000000000,0.000000000,0.000000000,1.000000000
1403715278.997143030,0.950773000,2.175167000,1.072697000,0.000000000,0.000000000,0.000000000,1.000000000
1403715279.002143145,0.951524000,2.175387000,1.074080000,0.000000000,0.000000000,0.000000000,1.000000000
1403715279.007143021,0.952213000,2.175707000,1.075365000,0.000000000,0.000000000,0.000000000,1.000000000
1403715279.012142897,0.952894000,2.176038000,1.076596000,0.000000000,0.000000000,0.000000000,1.000000000
1403715279.017143011,0.953565000,2.176365000,1.077784000,0.000000000,0.000000000,0.000000000,1.000000000
1403715279.022143126,0.954226000,2.176679000,1.078926000,0.000000000,0.000000000,0.000000000,1.000000000
1403715279.027143002,0.954875000,2.176992000,1.080018000,0.000000000,0.000000000,0.000000000,1.000000000
1403715279.032143116,0.955517000,2.177314000,1.081058000,0.000000000,0.000000000,0.000000000,1.000000000
1403715279.037143230,0.956153000,2.177650000,1.082057000,0.000000000,0.000000000,0.000000000,1.000000000
1403715279.042143345,0.956784000,2.177994000,1.083001000,0.000000000,0.000000000,0.000000000,1.000000000
1403715279.047142982,0.957414000,2.178342000,1.083886000,0.000000000,0.000000000,0.000000000,1.000000000
1403715279.052143097,0.958114000,2.178574000,1.084766000,0.000000000,0.000000000,0.000000000,1.000000000
1403715279.057143211,0.958758000,2.178892000,1.085547000,0.000000000,0.000000000,0.000000000,1.000000000
1403715279.062143087,0.959404000,2.179212000,1.086272000,0.000000000,0.000000000,0.000000000,1.000000000
1403715279.067142963,0.960048000,2.179540000,1.086942000,0.000000000,0.000000000,0.000000000,1.000000000
1403715279.072143078,0.960682000,2.179869000,1.087551000,0.000000000,0.000000000,0.000000000,1.000000000
1403715279.077143192,0.961308000,2.180195000,1.088112000,0.000000000,0.000000000,0.000000000,1.000000000
1403715279.082143068,0.961930000,2.180518000,1.088633000,0.000000000,0.000000000,0.000000000,1.000000000
1403715279.087142944,0.962551000,2.180841000,1.089108000,0.000000000,0.000000000,0.000000000,1.000000000
1403715279.092143297,0.963166000,2.181159000,1.089532000,0.000000000,0.000000000,0.000000000,1.000000000
1403715279.097143173,0.963771000,2.181469000,1.089889000,0.000000000,0.000000000,0.000000000,1.000000000
1403715279.102143049,0.964433000,2.181662000,1.090216000,0.000000000,0.000000000,0.000000000,1.000000000
1403715279.107142925,0.965027000,2.181959000,1.090462000,0.000000000,0.000000000,0.000000000,1.000000000
1403715279.112143278,0.965613000,2.182262000,1.090642000,0.000000000,0.000000000,0.000000000,1.000000000
1403715279.117143154,0.966195000,2.182575000,1.090768000,0.000000000,0.000000000,0.000000000,1.000000000
1403715279.122143030,0.966768000,2.182888000,1.090847000,0.000000000,0.000000000,0.000000000,1.000000000
1403715279.127142906,0.967334000,2.183196000,1.090882000,0.000000000,0.000000000,0.000000000,1.000000000
1403715279.132143259,0.967896000,2.183500000,1.090881000,0.000000000,0.000000000,0.000000000,1.000000000
1403715279.137142897,0.968450000,2.183805000,1.090842000,0.000000000,0.000000000,0.000000000,1.000000000
1403715279.142143011,0.968997000,2.184115000,1.090760000,0.000000000,0.000000000,0.000000000,1.000000000
1403715279.147142887,0.969538000,2.184435000,1.090638000,0.000000000,0.000000000,0.000000000,1.000000000
1403715279.152143240,0.970145000,2.184632000,1.090474000,0.000000000,0.000000000,0.000000000,1.000000000
1403715279.157143116,0.970682000,2.184935000,1.090268000,0.000000000,0.000000000,0.000000000,1.000000000
1403715279.162142992,0.971213000,2.185232000,1.090030000,0.000000000,0.000000000,0.000000000,1.000000000
1403715279.167143345,0.971739000,2.185517000,1.089753000,0.000000000,0.000000000,0.000000000,1.000000000
1403715279.172143221,0.972256000,2.185801000,1.089442000,0.000000000,0.000000000,0.000000000,1.000000000
1403715279.177143097,0.972766000,2.186089000,1.089102000,0.000000000,0.000000000,0.000000000,1.000000000
1403715279.182142973,0.973266000,2.186379000,1.088734000,0.000000000,0.000000000,0.000000000,1.000000000
1403715279.187143326,0.973758000,2.186666000,1.088345000,0.000000000,0.000000000,0.000000000,1.000000000
1403715279.192142963,0.974243000,2.186949000,1.087935000,0.000000000,0.000000000,0.000000000,1.000000000
1403715279.197143078,0.974720000,2.187227000,1.087509000,0.000000000,0.000000000,0.000000000,1.000000000
1403715279.202142954,0.975259000,2.187374000,1.087080000,0.000000000,0.000000000,0.000000000,1.000000000
1403715279.207143307,0.975738000,2.187621000,1.086636000,0.000000000,0.000000000,0.000000000,1.000000000
1403715279.212142944,0.976215000,2.187876000,1.086184000,0.000000000,0.000000000,0.000000000,1.000000000
1403715279.217143059,0.976691000,2.188141000,1.085729000,0.000000000,0.000000000,0.000000000,1.000000000
1403715279.222143173,0.977170000,2.188411000,1.085277000,0.000000000,0.000000000,0.000000000,1.000000000
1403715279.227143288,0.977652000,2.188682000,1.084832000,0.000000000,0.000000000,0.000000000,1.000000000
1403715279.232142925,0.978139000,2.188954000,1.084388000,0.000000000,0.000000000,0.000000000,1.000000000
1403715279.237143040,0.978635000,2.189226000,1.083936000,0.000000000,0.000000000,0.000000000,1.000000000
1403715279.242143154,0.979133000,2.189500000,1.083475000,0.000000000,0.000000000,0.000000000,1.000000000
1403715279.247143030,0.979623000,2.189782000,1.083006000,0.000000000,0.000000000,0.000000000,1.000000000
1403715279.252142906,0.980171000,2.189957000,1.082525000,0.000000000,0.000000000,0.000000000,1.000000000
1403715279.257143021,0.980660000,2.190232000,1.082025000,0.000000000,0.000000000,0.000000000,1.000000000
1403715279.262143135,0.981139000,2.190511000,1.081517000,0.000000000,0.000000000,0.000000000,1.000000000
1403715279.267143011,0.981608000,2.190788000,1.081009000,0.000000000,0.000000000,0.000000000,1.000000000
1403715279.272142887,0.982067000,2.191055000,1.080515000,0.000000000,0.000000000,0.000000000,1.000000000
1403715279.277143240,0.982516000,2.191310000,1.080036000,0.000000000,0.000000000,0.000000000,1.000000000
1403715279.282143354,0.982959000,2.191559000,1.079575000,0.000000000,0.000000000,0.000000000,1.000000000
1403715279.287142992,0.983399000,2.191810000,1.079136000,0.000000000,0.000000000,0.000000000,1.000000000
1403715279.292143106,0.983826000,2.192071000,1.078708000,0.000000000,0.000000000,0.000000000,1.000000000
1403715279.297143221,0.984239000,2.192339000,1.078278000,0.000000000,0.000000000,0.000000000,1.000000000
1403715279.302143097,0.984704000,2.192492000,1.077834000,0.000000000,0.000000000,0.000000000,1.000000000
1403715279.307142973,0.985111000,2.192726000,1.077383000,0.000000000,0.000000000,0.000000000,1.000000000
1403715279.312143087,0.985510000,2.192948000,1.076939000,0.000000000,0.000000000,0.000000000,1.000000000
1403715279.317143202,0.985902000,2.193163000,1.076506000,0.000000000,0.000000000,0.000000000,1.000000000
1403715279.322143078,0.986291000,2.193383000,1.076087000,0.000000000,0.000000000,0.000000000,1.000000000
1403715279.327142954,0.986677000,2.193613000,1.075688000,0.000000000,0.000000000,0.000000000,1.000000000
1403715279.332143307,0.987060000,2.193853000,1.075315000,0.000000000,0.000000000,0.000000000,1.000000000
1403715279.337143183,0.987439000,2.194098000,1.074966000,0.000000000,0.000000000,0.000000000,1.000000000
1403715279.342143059,0.987816000,2.194342000,1.074640000,0.000000000,0.000000000,0.000000000,1.000000000
1403715279.347142935,0.988192000,2.194581000,1.074331000,0.000000000,0.000000000,0.000000000,1.000000000
1403715279.352143288,0.988637000,2.194713000,1.074001000,0.000000000,0.000000000,0.000000000,1.000000000
1403715279.357143164,0.989018000,2.194929000,1.073692000,0.000000000,0.000000000,0.000000000,1.000000000
1403715279.362143040,0.989397000,2.195151000,1.073390000,0.000000000,0.000000000,0.000000000,1.000000000
1403715279.367142916,0.989769000,2.195381000,1.073096000,0.000000000,0.000000000,0.000000000,1.000000000
1403715279.372143269,0.990134000,2.195616000,1.072812000,0.000000000,0.000000000,0.000000000,1.000000000
1403715279.377142906,0.990493000,2.195850000,1.072542000,0.000000000,0.000000000,0.000000000,1.000000000
1403715279.382143021,0.990849000,2.196076000,1.072293000,0.000000000,0.000000000,0.000000000,1.000000000
1403715279.387142897,0.991202000,2.196291000,1.072067000,0.000000000,0.000000000,0.000000000,1.000000000
1403715279.392143250,0.991549000,2.196502000,1.071865000,0.000000000,0.000000000,0.000000000,1.000000000
1403715279.397142887,0.991886000,2.196712000,1.071683000,0.000000000,0.000000000,0.000000000,1.000000000
1403715279.402143002,0.992285000,2.196821000,1.071474000,0.000000000,0.000000000,0.000000000,1.000000000
1403715279.407143354,0.992624000,2.197007000,1.071294000,0.000000000,0.000000000,0.000000000,1.000000000
1403715279.412143230,0.992956000,2.197192000,1.071118000,0.000000000,0.000000000,0.000000000,1.000000000
1403715279.417143106,0.993283000,2.197374000,1.070940000,0.000000000,0.000000000,0.000000000,1.000000000
1403715279.422142982,0.993603000,2.197550000,1.070762000,0.000000000,0.000000000,0.000000000,1.000000000
1403715279.427143335,0.993918000,2.197724000,1.070594000,0.000000000,0.000000000,0.000000000,1.000000000
1403715279.432142973,0.994234000,2.197896000,1.070440000,0.000000000,0.000000000,0.000000000,1.000000000
1403715279.437143087,0.994545000,2.198064000,1.070295000,0.000000000,0.000000000,0.000000000,1.000000000
1403715279.442142963,0.994850000,2.198227000,1.070162000,0.000000000,0.000000000,0.000000000,1.000000000
1403715279.447143316,0.995149000,2.198386000,1.070050000,0.000000000,0.000000000,0.000000000,1.000000000
1403715279.452142954,0.995512000,2.198450000,1.069937000,0.000000000,0.000000000,0.000000000,1.000000000
1403715279.457143068,0.995823000,2.198591000,1.069860000,0.000000000,0.000000000,0.000000000,1.000000000
1403715279.462142944,0.996129000,2.198735000,1.069805000,0.000000000,0.000000000,0.000000000,1.000000000
1403715279.467143297,0.996421000,2.198882000,1.069769000,0.000000000,0.000000000,0.000000000,1.000000000
1403715279.472142935,0.996704000,2.199028000,1.069754000,0.000000000,0.000000000,0.000000000,1.000000000
1403715279.477143049,0.996995000,2.199176000,1.069760000,0.000000000,0.000000000,0.000000000,1.000000000
1403715279.482143164,0.997293000,2.199325000,1.069782000,0.000000000,0.000000000,0.000000000,1.000000000
1403715279.487143040,0.997584000,2.199472000,1.069806000,0.000000000,0.000000000,0.000000000,1.000000000
1403715279.492142916,0.997863000,2.199616000,1.069826000,0.000000000,0.000000000,0.000000000,1.000000000
1403715279.497143030,0.998133000,2.199758000,1.069852000,0.000000000,0.000000000,0.000000000,1.000000000
1403715279.502143145,0.998463000,2.199804000,1.069856000,0.000000000,0.000000000,0.000000000,1.000000000
1403715279.507143021,0.998747000,2.199931000,1.069899000,0.000000000,0.000000000,0.000000000,1.000000000
1403715279.512142897,0.999031000,2.200065000,1.069956000,0.000000000,0.000000000,0.000000000,1.000000000
1403715279.517143011,0.999304000,2.200201000,1.070014000,0.000000000,0.000000000,0.000000000,1.000000000
1403715279.522143126,0.999574000,2.200338000,1.070088000,0.000000000,0.000000000,0.000000000,1.000000000
1403715279.527143002,0.999845000,2.200475000,1.070191000,0.000000000,0.000000000,0.000000000,1.000000000
1403715279.532143116,1.000116000,2.200614000,1.070319000,0.000000000,0.000000000,0.000000000,1.000000000
1403715279.537143230,1.000393000,2.200758000,1.070465000,0.000000000,0.000000000,0.000000000,1.000000000
1403715279.542143345,1.000672000,2.200907000,1.070624000,0.000000000,0.000000000,0.000000000,1.000000000
1403715279.547142982,1.000944000,2.201047000,1.070799000,0.000000000,0.000000000,0.000000000,1.000000000
1403715279.552143097,1.001281000,2.201087000,1.070958000,0.000000000,0.000000000,0.000000000,1.000000000
1403715279.557143211,1.001551000,2.201188000,1.071142000,0.000000000,0.000000000,0.000000000,1.000000000
1403715279.562143087,1.001811000,2.201288000,1.071324000,0.000000000,0.000000000,0.000000000,1.000000000
1403715279.567142963,1.002059000,2.201396000,1.071502000,0.000000000,0.000000000,0.000000000,1.000000000
1403715279.572143078,1.002297000,2.201512000,1.071684000,0.000000000,0.000000000,0.000000000,1.000000000
1403715279.577143192,1.002530000,2.201634000,1.071887000,0.000000000,0.000000000,0.000000000,1.000000000
1403715279.582143068,1.002761000,2.201758000,1.072108000,0.000000000,0.000000000,0.000000000,1.000000000
1403715279.587142944,1.002995000,2.201876000,1.072339000,0.000000000,0.000000000,0.000000000,1.000000000
1403715279.592143297,1.003222000,2.201988000,1.072583000,0.000000000,0.000000000,0.000000000,1.000000000
1403715279.597143173,1.003438000,2.202089000,1.072836000,0.000000000,0.000000000,0.000000000,1.000000000
1403715279.602143049,1.003732000,2.202110000,1.073093000,0.000000000,0.000000000,0.000000000,1.000000000
1403715279.607142925,1.003961000,2.202198000,1.073376000,0.000000000,0.000000000,0.000000000,1.000000000
1403715279.612143278,1.004178000,2.202285000,1.073670000,0.000000000,0.000000000,0.000000000,1.000000000
1403715279.617143154,1.004380000,2.202372000,1.073962000,0.000000000,0.000000000,0.000000000,1.000000000
1403715279.622143030,1.004570000,2.202461000,1.074252000,0.000000000,0.000000000,0.000000000,1.000000000
1403715279.627142906,1.004758000,2.202546000,1.074547000,0.000000000,0.000000000,0.000000000,1.000000000
1403715279.632143259,1.004948000,2.202626000,1.074853000,0.000000000,0.000000000,0.000000000,1.000000000
1403715279.637142897,1.005136000,2.202699000,1.075165000,0.000000000,0.000000000,0.000000000,1.000000000
1403715279.642143011,1.005326000,2.202768000,1.075478000,0.000000000,0.000000000,0.000000000,1.000000000
1403715279.647142887,1.005516000,2.202836000,1.075797000,0.000000000,0.000000000,0.000000000,1.000000000
1403715279.652143240,1.005792000,2.202825000,1.076123000,0.000000000,0.000000000,0.000000000,1.000000000
1403715279.657143116,1.005999000,2.202880000,1.076476000,0.000000000,0.000000000,0.000000000,1.000000000
1403715279.662142992,1.006211000,2.202934000,1.076846000,0.000000000,0.000000000,0.000000000,1.000000000
1403715279.667143345,1.006428000,2.202987000,1.077235000,0.000000000,0.000000000,0.000000000,1.000000000
1403715279.672143221,1.006641000,2.203039000,1.077631000,0.000000000,0.000000000,0.000000000,1.000000000
1403715279.677143097,1.006849000,2.203090000,1.078029000,0.000000000,0.000000000,0.000000000,1.000000000
1403715279.682142973,1.007049000,2.203144000,1.078424000,0.000000000,0.000000000,0.000000000,1.000000000
1403715279.687143326,1.007238000,2.203201000,1.078813000,0.000000000,0.000000000,0.000000000,1.000000000
1403715279.692142963,1.007421000,2.203260000,1.079198000,0.000000000,0.000000000,0.000000000,1.000000000
1403715279.697143078,1.007596000,2.203317000,1.079589000,0.000000000,0.000000000,0.000000000,1.000000000
1403715279.702142954,1.007861000,2.203301000,1.079979000,0.000000000,0.000000000,0.000000000,1.000000000
1403715279.707143307,1.008050000,2.203350000,1.080398000,0.000000000,0.000000000,0.000000000,1.000000000
1403715279.712142944,1.008242000,2.203401000,1.080828000,0.000000000,0.000000000,0.000000000,1.000000000
1403715279.717143059,1.008432000,2.203453000,1.081270000,0.000000000,0.000000000,0.000000000,1.000000000
1403715279.722143173,1.008618000,2.203506000,1.081723000,0.000000000,0.000000000,0.000000000,1.000000000
1403715279.727143288,1.008803000,2.203557000,1.082193000,0.000000000,0.000000000,0.000000000,1.000000000
1403715279.732142925,1.008981000,2.203607000,1.082678000,0.000000000,0.000000000,0.000000000,1.000000000
1403715279.737143040,1.009150000,2.203654000,1.083171000,0.000000000,0.000000000,0.000000000,1.000000000
1403715279.742143154,1.009309000,2.203698000,1.083674000,0.000000000,0.000000000,0.000000000,1.000000000
1403715279.747143030,1.009464000,2.203740000,1.084180000,0.000000000,0.000000000,0.000000000,1.000000000
1403715279.752142906,1.009713000,2.203699000,1.084697000,0.000000000,0.000000000,0.000000000,1.000000000
1403715279.757143021,1.009878000,2.203720000,1.085219000,0.000000000,0.000000000,0.000000000,1.000000000
1403715279.762143135,1.010030000,2.203736000,1.085741000,0.000000000,0.000000000,0.000000000,1.000000000
1403715279.767143011,1.010172000,2.203748000,1.086263000,0.000000000,0.000000000,0.000000000,1.000000000
1403715279.772142887,1.010312000,2.203762000,1.086788000,0.000000000,0.000000000,0.000000000,1.000000000
1403715279.777143240,1.010453000,2.203783000,1.087322000,0.000000000,0.000000000,0.000000000,1.000000000
1403715279.782143354,1.010591000,2.203802000,1.087858000,0.000000000,0.000000000,0.000000000,1.000000000
1403715279.787142992,1.010715000,2.203815000,1.088393000,0.000000000,0.000000000,0.000000000,1.000000000
1403715279.792143106,1.010827000,2.203818000,1.088938000,0.000000000,0.000000000,0.000000000,1.000000000
1403715279.797143221,1.010934000,2.203816000,1.089500000,0.000000000,0.000000000,0.000000000,1.000000000
1403715279.802143097,1.011150000,2.203738000,1.090097000,0.000000000,0.000000000,0.000000000,1.000000000
1403715279.807142973,1.011279000,2.203722000,1.090694000,0.000000000,0.000000000,0.000000000,1.000000000
1403715279.812143087,1.011399000,2.203712000,1.091298000,0.000000000,0.000000000,0.000000000,1.000000000
1403715279.817143202,1.011502000,2.203701000,1.091905000,0.000000000,0.000000000,0.000000000,1.000000000
1403715279.822143078,1.011592000,2.203684000,1.092517000,0.000000000,0.000000000,0.000000000,1.000000000
1403715279.827142954,1.011679000,2.203660000,1.093132000,0.000000000,0.000000000,0.000000000,1.000000000
1403715279.832143307,1.011768000,2.203627000,1.093753000,0.000000000,0.000000000,0.000000000,1.000000000
1403715279.837143183,1.011855000,2.203591000,1.094380000,0.000000000,0.000000000,0.000000000,1.000000000
1403715279.842143059,1.011937000,2.203557000,1.095003000,0.000000000,0.000000000,0.000000000,1.000000000
1403715279.847142935,1.012011000,2.203528000,1.095627000,0.000000000,0.000000000,0.000000000,1.000000000
1403715279.852143288,1.012187000,2.203431000,1.096272000,0.000000000,0.000000000,0.000000000,1.000000000
1403715279.857143164,1.012268000,2.203388000,1.096910000,0.000000000,0.000000000,0.000000000,1.000000000
1403715279.862143040,1.012349000,2.203346000,1.097554000,0.000000000,0.000000000,0.000000000,1.000000000
1403715279.867142916,1.012423000,2.203303000,1.098207000,0.000000000,0.000000000,0.000000000,1.000000000
1403715279.872143269,1.012488000,2.203262000,1.098865000,0.000000000,0.000000000,0.000000000,1.000000000
1403715279.877142906,1.012551000,2.203223000,1.099534000,0.000000000,0.000000000,0.000000000,1.000000000
1403715279.882143021,1.012620000,2.203192000,1.100220000,0.000000000,0.000000000,0.000000000,1.000000000
1403715279.887142897,1.012690000,2.203166000,1.100919000,0.000000000,0.000000000,0.000000000,1.000000000
1403715279.892143250,1.012757000,2.203136000,1.101623000,0.000000000,0.000000000,0.000000000,1.000000000
1403715279.897142887,1.012821000,2.203098000,1.102333000,0.000000000,0.000000000,0.000000000,1.000000000
1403715279.902143002,1.012999000,2.202980000,1.103068000,0.000000000,0.000000000,0.000000000,1.000000000
1403715279.907143354,1.013077000,2.202918000,1.103781000,0.000000000,0.000000000,0.000000000,1.000000000
1403715279.912143230,1.013151000,2.202862000,1.104488000,0.000000000,0.000000000,0.000000000,1.000000000
1403715279.917143106,1.013223000,2.202812000,1.105200000,0.000000000,0.000000000,0.000000000,1.000000000
1403715279.922142982,1.013295000,2.202767000,1.105917000,0.000000000,0.000000000,0.000000000,1.000000000
1403715279.927143335,1.013365000,2.202721000,1.106628000,0.000000000,0.000000000,0.000000000,1.000000000
1403715279.932142973,1.013427000,2.202670000,1.107331000,0.000000000,0.000000000,0.000000000,1.000000000
1403715279.937143087,1.013475000,2.202611000,1.108032000,0.000000000,0.000000000,0.000000000,1.000000000
1403715279.942142963,1.013518000,2.202548000,1.108743000,0.000000000,0.000000000,0.000000000,1.000000000
1403715279.947143316,1.013566000,2.202496000,1.109469000,0.000000000,0.000000000,0.000000000,1.000000000
1403715279.952142954,1.013743000,2.202388000,1.110232000,0.000000000,0.000000000,0.000000000,1.000000000
1403715279.957143068,1.013829000,2.202341000,1.110954000,0.000000000,0.000000000,0.000000000,1.000000000
1403715279.962142944,1.013907000,2.202292000,1.111658000,0.000000000,0.000000000,0.000000000,1.000000000
1403715279.967143297,1.013974000,2.202236000,1.112345000,0.000000000,0.000000000,0.000000000,1.000000000
1403715279.972142935,1.014031000,2.202177000,1.113025000,0.000000000,0.000000000,0.000000000,1.000000000
1403715279.977143049,1.014083000,2.202119000,1.113704000,0.000000000,0.000000000,0.000000000,1.000000000
1403715279.982143164,1.014136000,2.202063000,1.114380000,0.000000000,0.000000000,0.000000000,1.000000000
1403715279.987143040,1.014195000,2.202012000,1.115049000,0.000000000,0.000000000,0.000000000,1.000000000
1403715279.992142916,1.014253000,2.201964000,1.115712000,0.000000000,0.000000000,0.000000000,1.000000000
1403715279.997143030,1.014298000,2.201916000,1.116365000,0.000000000,0.000000000,0.000000000,1.000000000
1403715280.002143145,1.014453000,2.201799000,1.117050000,0.000000000,0.000000000,0.000000000,1.000000000
1403715280.007143021,1.014514000,2.201744000,1.117705000,0.000000000,0.000000000,0.000000000,1.000000000
1403715280.012142897,1.014579000,2.201695000,1.118351000,0.000000000,0.000000000,0.000000000,1.000000000
1403715280.017143011,1.014643000,2.201648000,1.118988000,0.000000000,0.000000000,0.000000000,1.000000000
1403715280.022143126,1.014708000,2.201597000,1.119619000,0.000000000,0.000000000,0.000000000,1.000000000
1403715280.027143002,1.014770000,2.201541000,1.120249000,0.000000000,0.000000000,0.000000000,1.000000000
1403715280.032143116,1.014835000,2.201482000,1.120880000,0.000000000,0.000000000,0.000000000,1.000000000
1403715280.037143230,1.014906000,2.201423000,1.121511000,0.000000000,0.000000000,0.000000000,1.000000000
1403715280.042143345,1.014982000,2.201368000,1.122141000,0.000000000,0.000000000,0.000000000,1.000000000
1403715280.047142982,1.015063000,2.201321000,1.122775000,0.000000000,0.000000000,0.000000000,1.000000000
1403715280.052143097,1.015274000,2.201213000,1.123438000,0.000000000,0.000000000,0.000000000,1.000000000
1403715280.057143211,1.015385000,2.201161000,1.124084000,0.000000000,0.000000000,0.000000000,1.000000000
1403715280.062143087,1.015507000,2.201105000,1.124741000,0.000000000,0.000000000,0.000000000,1.000000000
1403715280.067142963,1.015634000,2.201039000,1.125400000,0.000000000,0.000000000,0.000000000,1.000000000
1403715280.072143078,1.015762000,2.200963000,1.126059000,0.000000000,0.000000000,0.000000000,1.000000000
1403715280.077143192,1.015894000,2.200886000,1.126728000,0.000000000,0.000000000,0.000000000,1.000000000
1403715280.082143068,1.016031000,2.200817000,1.127405000,0.000000000,0.000000000,0.000000000,1.000000000
1403715280.087142944,1.016171000,2.200757000,1.128083000,0.000000000,0.000000000,0.000000000,1.000000000
1403715280.092143297,1.016315000,2.200702000,1.128759000,0.000000000,0.000000000,0.000000000,1.000000000
1403715280.097143173,1.016459000,2.200644000,1.129441000,0.000000000,0.000000000,0.000000000,1.000000000
1403715280.102143049,1.016734000,2.200517000,1.130156000,0.000000000,0.000000000,0.000000000,1.000000000
1403715280.107142925,1.016907000,2.200442000,1.130829000,0.000000000,0.000000000,0.000000000,1.000000000
1403715280.112143278,1.017087000,2.200373000,1.131508000,0.000000000,0.000000000,0.000000000,1.000000000
1403715280.117143154,1.017276000,2.200315000,1.132201000,0.000000000,0.000000000,0.000000000,1.000000000
1403715280.122143030,1.017477000,2.200268000,1.132914000,0.000000000,0.000000000,0.000000000,1.000000000
1403715280.127142906,1.017695000,2.200221000,1.133643000,0.000000000,0.000000000,0.000000000,1.000000000
1403715280.132143259,1.017923000,2.200165000,1.134376000,0.000000000,0.000000000,0.000000000,1.000000000
1403715280.137142897,1.018155000,2.200097000,1.135108000,0.000000000,0.000000000,0.000000000,1.000000000
1403715280.142143011,1.018392000,2.200030000,1.135847000,0.000000000,0.000000000,0.000000000,1.000000000
1403715280.147142887,1.018636000,2.199975000,1.136598000,0.000000000,0.000000000,0.000000000,1.000000000
1403715280.152143240,1.019018000,2.199875000,1.137414000,0.000000000,0.000000000,0.000000000,1.000000000
1403715280.157143116,1.019303000,2.199836000,1.138181000,0.000000000,0.000000000,0.000000000,1.000000000
1403715280.162142992,1.019590000,2.199796000,1.138943000,0.000000000,0.000000000,0.000000000,1.000000000
1403715280.167143345,1.019880000,2.199752000,1.139709000,0.000000000,0.000000000,0.000000000,1.000000000
1403715280.172143221,1.020179000,2.199701000,1.140492000,0.000000000,0.000000000,0.000000000,1.000000000
1403715280.177143097,1.020490000,2.199650000,1.141287000,0.000000000,0.000000000,0.000000000,1.000000000
1403715280.182142973,1.020814000,2.199609000,1.142088000,0.000000000,0.000000000,0.000000000,1.000000000
1403715280.187143326,1.021140000,2.199584000,1.142893000,0.000000000,0.000000000,0.000000000,1.000000000
1403715280.192142963,1.021468000,2.199572000,1.143704000,0.000000000,0.000000000,0.000000000,1.000000000
1403715280.197143078,1.021804000,2.199566000,1.144521000,0.000000000,0.000000000,0.000000000,1.000000000
1403715280.202142954,1.022286000,2.199490000,1.145388000,0.000000000,0.000000000,0.000000000,1.000000000
1403715280.207143307,1.022672000,2.199465000,1.146240000,0.000000000,0.000000000,0.000000000,1.000000000
1403715280.212142944,1.023061000,2.199445000,1.147095000,0.000000000,0.000000000,0.000000000,1.000000000
1403715280.217143059,1.023456000,2.199437000,1.147950000,0.000000000,0.000000000,0.000000000,1.000000000
1403715280.222143173,1.023859000,2.199448000,1.148800000,0.000000000,0.000000000,0.000000000,1.000000000
1403715280.227143288,1.024268000,2.199473000,1.149647000,0.000000000,0.000000000,0.000000000,1.000000000
1403715280.232142925,1.024682000,2.199506000,1.150506000,0.000000000,0.000000000,0.000000000,1.000000000
1403715280.237143040,1.025101000,2.199540000,1.151375000,0.000000000,0.000000000,0.000000000,1.000000000
1403715280.242143154,1.025528000,2.199572000,1.152253000,0.000000000,0.000000000,0.000000000,1.000000000
1403715280.247143030,1.025964000,2.199608000,1.153142000,0.000000000,0.000000000,0.000000000,1.000000000
1403715280.252142906,1.026539000,2.199597000,1.154064000,0.000000000,0.000000000,0.000000000,1.000000000
1403715280.257143021,1.027017000,2.199650000,1.154990000,0.000000000,0.000000000,0.000000000,1.000000000
1403715280.262143135,1.027493000,2.199723000,1.155923000,0.000000000,0.000000000,0.000000000,1.000000000
1403715280.267143011,1.027976000,2.199814000,1.156849000,0.000000000,0.000000000,0.000000000,1.000000000
1403715280.272142887,1.028469000,2.199919000,1.157771000,0.000000000,0.000000000,0.000000000,1.000000000
1403715280.277143240,1.028965000,2.200029000,1.158683000,0.000000000,0.000000000,0.000000000,1.000000000
1403715280.282143354,1.029466000,2.200146000,1.159584000,0.000000000,0.000000000,0.000000000,1.000000000
1403715280.287142992,1.029972000,2.200270000,1.160478000,0.000000000,0.000000000,0.000000000,1.000000000
1403715280.292143106,1.030484000,2.200410000,1.161366000,0.000000000,0.000000000,0.000000000,1.000000000
1403715280.297143221,1.031001000,2.200569000,1.162249000,0.000000000,0.000000000,0.000000000,1.000000000
1403715280.302143097,1.031629000,2.200686000,1.163162000,0.000000000,0.000000000,0.000000000,1.000000000
1403715280.307142973,1.032171000,2.200859000,1.164056000,0.000000000,0.000000000,0.000000000,1.000000000
1403715280.312143087,1.032714000,2.201036000,1.164962000,0.000000000,0.000000000,0.000000000,1.000000000
1403715280.317143202,1.033262000,2.201219000,1.165884000,0.000000000,0.000000000,0.000000000,1.000000000
1403715280.322143078,1.033818000,2.201413000,1.166816000,0.000000000,0.000000000,0.000000000,1.000000000
1403715280.327142954,1.034379000,2.201620000,1.167745000,0.000000000,0.000000000,0.000000000,1.000000000
1403715280.332143307,1.034944000,2.201837000,1.168668000,0.000000000,0.000000000,0.000000000,1.000000000
1403715280.337143183,1.035515000,2.202068000,1.169585000,0.000000000,0.000000000,0.000000000,1.000000000
1403715280.342143059,1.036093000,2.202313000,1.170508000,0.000000000,0.000000000,0.000000000,1.000000000
1403715280.347142935,1.036674000,2.202569000,1.171439000,0.000000000,0.000000000,0.000000000,1.000000000
1403715280.352143288,1.037371000,2.202776000,1.172401000,0.000000000,0.000000000,0.000000000,1.000000000
1403715280.357143164,1.037983000,2.203029000,1.173331000,0.000000000,0.000000000,0.000000000,1.000000000
1403715280.362143040,1.038593000,2.203287000,1.174256000,0.000000000,0.000000000,0.000000000,1.000000000
1403715280.367142916,1.039207000,2.203555000,1.175183000,0.000000000,0.000000000,0.000000000,1.000000000
1403715280.372143269,1.039826000,2.203833000,1.176105000,0.000000000,0.000000000,0.000000000,1.000000000
1403715280.377142906,1.040454000,2.204122000,1.177021000,0.000000000,0.000000000,0.000000000,1.000000000
1403715280.382143021,1.041090000,2.204423000,1.177936000,0.000000000,0.000000000,0.000000000,1.000000000
1403715280.387142897,1.041723000,2.204731000,1.178855000,0.000000000,0.000000000,0.000000000,1.000000000
1403715280.392143250,1.042359000,2.205047000,1.179783000,0.000000000,0.000000000,0.000000000,1.000000000
1403715280.397142887,1.043006000,2.205372000,1.180720000,0.000000000,0.000000000,0.000000000,1.000000000
1403715280.402143002,1.043755000,2.205660000,1.181677000,0.000000000,0.000000000,0.000000000,1.000000000
1403715280.407143354,1.044432000,2.206005000,1.182593000,0.000000000,0.000000000,0.000000000,1.000000000
1403715280.412143230,1.045105000,2.206366000,1.183491000,0.000000000,0.000000000,0.000000000,1.000000000
1403715280.417143106,1.045776000,2.206740000,1.184376000,0.000000000,0.000000000,0.000000000,1.000000000
1403715280.422142982,1.046451000,2.207117000,1.185245000,0.000000000,0.000000000,0.000000000,1.000000000
1403715280.427143335,1.047138000,2.207491000,1.186111000,0.000000000,0.000000000,0.000000000,1.000000000
1403715280.432142973,1.047834000,2.207866000,1.186981000,0.000000000,0.000000000,0.000000000,1.000000000
1403715280.437143087,1.048531000,2.208247000,1.187854000,0.000000000,0.000000000,0.000000000,1.000000000
1403715280.442142963,1.049231000,2.208641000,1.188735000,0.000000000,0.000000000,0.000000000,1.000000000
1403715280.447143316,1.049936000,2.209052000,1.189618000,0.000000000,0.000000000,0.000000000,1.000000000
1403715280.452142954,1.050727000,2.209427000,1.190536000,0.000000000,0.000000000,0.000000000,1.000000000
1403715280.457143068,1.051457000,2.209863000,1.191425000,0.000000000,0.000000000,0.000000000,1.000000000
1403715280.462142944,1.052187000,2.210307000,1.192314000,0.000000000,0.000000000,0.000000000,1.000000000
1403715280.467143297,1.052917000,2.210752000,1.193194000,0.000000000,0.000000000,0.000000000,1.000000000
1403715280.472142935,1.053643000,2.211194000,1.194069000,0.000000000,0.000000000,0.000000000,1.000000000
1403715280.477143049,1.054364000,2.211642000,1.194930000,0.000000000,0.000000000,0.000000000,1.000000000
1403715280.482143164,1.055091000,2.212105000,1.195775000,0.000000000,0.000000000,0.000000000,1.000000000
1403715280.487143040,1.055829000,2.212586000,1.196619000,0.000000000,0.000000000,0.000000000,1.000000000
1403715280.492142916,1.056574000,2.213077000,1.197457000,0.000000000,0.000000000,0.000000000,1.000000000
1403715280.497143030,1.057323000,2.213569000,1.198293000,0.000000000,0.000000000,0.000000000,1.000000000
1403715280.502143145,1.058153000,2.214004000,1.199155000,0.000000000,0.000000000,0.000000000,1.000000000
1403715280.507143021,1.058923000,2.214496000,1.199996000,0.000000000,0.000000000,0.000000000,1.000000000
1403715280.512142897,1.059695000,2.215006000,1.200838000,0.000000000,0.000000000,0.000000000,1.000000000
1403715280.517143011,1.060465000,2.215531000,1.201688000,0.000000000,0.000000000,0.000000000,1.000000000
1403715280.522143126,1.061233000,2.216066000,1.202543000,0.000000000,0.000000000,0.000000000,1.000000000
1403715280.527143002,1.061996000,2.216601000,1.203388000,0.000000000,0.000000000,0.000000000,1.000000000
1403715280.532143116,1.062753000,2.217136000,1.204221000,0.000000000,0.000000000,0.000000000,1.000000000
1403715280.537143230,1.063506000,2.217674000,1.205056000,0.000000000,0.000000000,0.000000000,1.000000000
1403715280.542143345,1.064256000,2.218212000,1.205890000,0.000000000,0.000000000,0.000000000,1.000000000
1403715280.547142982,1.065005000,2.218756000,1.206715000,0.000000000,0.000000000,0.000000000,1.000000000
1403715280.552143097,1.065822000,2.219252000,1.207547000,0.000000000,0.000000000,0.000000000,1.000000000
1403715280.557143211,1.066580000,2.219810000,1.208361000,0.000000000,0.000000000,0.000000000,1.000000000
1403715280.562143087,1.067345000,2.220378000,1.209176000,0.000000000,0.000000000,0.000000000,1.000000000
1403715280.567142963,1.068117000,2.220946000,1.209990000,0.000000000,0.000000000,0.000000000,1.000000000
1403715280.572143078,1.068886000,2.221506000,1.210803000,0.000000000,0.000000000,0.000000000,1.000000000
1403715280.577143192,1.069650000,2.222054000,1.211611000,0.000000000,0.000000000,0.000000000,1.000000000
1403715280.582143068,1.070414000,2.222591000,1.212417000,0.000000000,0.000000000,0.000000000,1.000000000
1403715280.587142944,1.071184000,2.223120000,1.213222000,0.000000000,0.000000000,0.000000000,1.000000000
1403715280.592143297,1.071962000,2.223658000,1.214032000,0.000000000,0.000000000,0.000000000,1.000000000
1403715280.597143173,1.072744000,2.224211000,1.214836000,0.000000000,0.000000000,0.000000000,1.000000000
1403715280.602143049,1.073600000,2.224706000,1.215648000,0.000000000,0.000000000,0.000000000,1.000000000
1403715280.607142925,1.074395000,2.225268000,1.216450000,0.000000000,0.000000000,0.000000000,1.000000000
1403715280.612143278,1.075194000,2.225827000,1.217262000,0.000000000,0.000000000,0.000000000,1.000000000
1403715280.617143154,1.076000000,2.226371000,1.218076000,0.000000000,0.000000000,0.000000000,1.000000000
1403715280.622143030,1.076810000,2.226903000,1.218882000,0.000000000,0.000000000,0.000000000,1.000000000
1403715280.627142906,1.077620000,2.227431000,1.219685000,0.000000000,0.000000000,0.000000000,1.000000000
1403715280.632143259,1.078432000,2.227969000,1.220484000,0.000000000,0.000000000,0.000000000,1.000000000
1403715280.637142897,1.079244000,2.228524000,1.221274000,0.000000000,0.000000000,0.000000000,1.000000000
1403715280.642143011,1.080052000,2.229089000,1.222053000,0.000000000,0.000000000,0.000000000,1.000000000
1403715280.647142887,1.080859000,2.229649000,1.222815000,0.000000000,0.000000000,0.000000000,1.000000000
1403715280.652143240,1.081740000,2.230113000,1.223569000,0.000000000,0.000000000,0.000000000,1.000000000
1403715280.657143116,1.082556000,2.230636000,1.224307000,0.000000000,0.000000000,0.000000000,1.000000000
1403715280.662142992,1.083368000,2.231159000,1.225046000,0.000000000,0.000000000,0.000000000,1.000000000
1403715280.667143345,1.084178000,2.231689000,1.225784000,0.000000000,0.000000000,0.000000000,1.000000000
1403715280.672143221,1.084989000,2.232233000,1.226521000,0.000000000,0.000000000,0.000000000,1.000000000
1403715280.677143097,1.085800000,2.232785000,1.227258000,0.000000000,0.000000000,0.000000000,1.000000000
1403715280.682142973,1.086604000,2.233333000,1.227998000,0.000000000,0.000000000,0.000000000,1.000000000
1403715280.687143326,1.087406000,2.233869000,1.228733000,0.000000000,0.000000000,0.000000000,1.000000000
1403715280.692142963,1.088213000,2.234400000,1.229462000,0.000000000,0.000000000,0.000000000,1.000000000
1403715280.697143078,1.089026000,2.234937000,1.230181000,0.000000000,0.000000000,0.000000000,1.000000000
1403715280.702142954,1.089920000,2.235408000,1.230904000,0.000000000,0.000000000,0.000000000,1.000000000
1403715280.707143307,1.090745000,2.235951000,1.231604000,0.000000000,0.000000000,0.000000000,1.000000000
1403715280.712142944,1.091561000,2.236498000,1.232289000,0.000000000,0.000000000,0.000000000,1.000000000
1403715280.717143059,1.092371000,2.237043000,1.232964000,0.000000000,0.000000000,0.000000000,1.000000000
1403715280.722143173,1.093183000,2.237584000,1.233629000,0.000000000,0.000000000,0.000000000,1.000000000
1403715280.727143288,1.093997000,2.238120000,1.234287000,0.000000000,0.000000000,0.000000000,1.000000000
1403715280.732142925,1.094812000,2.238656000,1.234942000,0.000000000,0.000000000,0.000000000,1.000000000
1403715280.737143040,1.095631000,2.239195000,1.235599000,0.000000000,0.000000000,0.000000000,1.000000000
1403715280.742143154,1.096457000,2.239739000,1.236260000,0.000000000,0.000000000,0.000000000,1.000000000
1403715280.747143030,1.097287000,2.240290000,1.236918000,0.000000000,0.000000000,0.000000000,1.000000000
1403715280.752142906,1.098200000,2.240743000,1.237562000,0.000000000,0.000000000,0.000000000,1.000000000
1403715280.757143021,1.099039000,2.241275000,1.238193000,0.000000000,0.000000000,0.000000000,1.000000000
1403715280.762143135,1.099875000,2.241805000,1.238808000,0.000000000,0.000000000,0.000000000,1.000000000
1403715280.767143011,1.100707000,2.242333000,1.239409000,0.000000000,0.000000000,0.000000000,1.000000000
1403715280.772142887,1.101532000,2.242863000,1.239996000,0.000000000,0.000000000,0.000000000,1.000000000
1403715280.777143240,1.102349000,2.243391000,1.240576000,0.000000000,0.000000000,0.000000000,1.000000000
1403715280.782143354,1.103160000,2.243916000,1.241151000,0.000000000,0.000000000,0.000000000,1.000000000
1403715280.787142992,1.103968000,2.244436000,1.241718000,0.000000000,0.000000000,0.000000000,1.000000000
1403715280.792143106,1.104777000,2.244956000,1.242277000,0.000000000,0.000000000,0.000000000,1.000000000
1403715280.797143221,1.105587000,2.245481000,1.242832000,0.000000000,0.000000000,0.000000000,1.000000000
1403715280.802143097,1.106495000,2.245915000,1.243384000,0.000000000,0.000000000,0.000000000,1.000000000
1403715280.807142973,1.107335000,2.246437000,1.243948000,0.000000000,0.000000000,0.000000000,1.000000000
1403715280.812143087,1.108170000,2.246957000,1.244516000,0.000000000,0.000000000,0.000000000,1.000000000
1403715280.817143202,1.109002000,2.247479000,1.245092000,0.000000000,0.000000000,0.000000000,1.000000000
1403715280.822143078,1.109837000,2.248004000,1.245677000,0.000000000,0.000000000,0.000000000,1.000000000
1403715280.827142954,1.110675000,2.248525000,1.246264000,0.000000000,0.000000000,0.000000000,1.000000000
1403715280.832143307,1.111515000,2.249041000,1.246844000,0.000000000,0.000000000,0.000000000,1.000000000
1403715280.837143183,1.112353000,2.249558000,1.247421000,0.000000000,0.000000000,0.000000000,1.000000000
1403715280.842143059,1.113187000,2.250084000,1.247998000,0.000000000,0.000000000,0.000000000,1.000000000
1403715280.847142935,1.114021000,2.250625000,1.248576000,0.000000000,0.000000000,0.000000000,1.000000000
1403715280.852143288,1.114946000,2.251055000,1.249122000,0.000000000,0.000000000,0.000000000,1.000000000
1403715280.857143164,1.115786000,2.251570000,1.249684000,0.000000000,0.000000000,0.000000000,1.000000000
1403715280.862143040,1.116619000,2.252080000,1.250248000,0.000000000,0.000000000,0.000000000,1.000000000
1403715280.867142916,1.117455000,2.252595000,1.250817000,0.000000000,0.000000000,0.000000000,1.000000000
1403715280.872143269,1.118290000,2.253125000,1.251387000,0.000000000,0.000000000,0.000000000,1.000000000
1403715280.877142906,1.119123000,2.253665000,1.251947000,0.000000000,0.000000000,0.000000000,1.000000000
1403715280.882143021,1.119951000,2.254212000,1.252493000,0.000000000,0.000000000,0.000000000,1.000000000
1403715280.887142897,1.120774000,2.254760000,1.253027000,0.000000000,0.000000000,0.000000000,1.000000000
1403715280.892143250,1.121593000,2.255306000,1.253551000,0.000000000,0.000000000,0.000000000,1.000000000
1403715280.897142887,1.122415000,2.255850000,1.254067000,0.000000000,0.000000000,0.000000000,1.000000000
1403715280.902143002,1.123239000,2.256395000,1.254573000,0.000000000,0.000000000,0.000000000,1.000000000
1403715280.907143354,1.124179000,2.256802000,1.255032000,0.000000000,0.000000000,0.000000000,1.000000000
1403715280.912143230,1.125015000,2.257337000,1.255514000,0.000000000,0.000000000,0.000000000,1.000000000
1403715280.917143106,1.125852000,2.257883000,1.256011000,0.000000000,0.000000000,0.000000000,1.000000000
1403715280.922142982,1.126689000,2.258437000,1.256524000,0.000000000,0.000000000,0.000000000,1.000000000
1403715280.927143335,1.127522000,2.258993000,1.257054000,0.000000000,0.000000000,0.000000000,1.000000000
1403715280.932142973,1.128353000,2.259551000,1.257591000,0.000000000,0.000000000,0.000000000,1.000000000
1403715280.937143087,1.129189000,2.260114000,1.258125000,0.000000000,0.000000000,0.000000000,1.000000000
1403715280.942142963,1.130029000,2.260688000,1.258654000,0.000000000,0.000000000,0.000000000,1.000000000
1403715280.947143316,1.130864000,2.261268000,1.259178000,0.000000000,0.000000000,0.000000000,1.000000000
1403715280.952142954,1.131787000,2.261728000,1.259666000,0.000000000,0.000000000,0.000000000,1.000000000
1403715280.957143068,1.132622000,2.262283000,1.260168000,0.000000000,0.000000000,0.000000000,1.000000000
1403715280.962142944,1.133448000,2.262836000,1.260662000,0.000000000,0.000000000,0.000000000,1.000000000
1403715280.967143297,1.134265000,2.263391000,1.261142000,0.000000000,0.000000000,0.000000000,1.000000000
1403715280.972142935,1.135077000,2.263947000,1.261613000,0.000000000,0.000000000,0.000000000,1.000000000
1403715280.977143049,1.135887000,2.264510000,1.262082000,0.000000000,0.000000000,0.000000000,1.000000000
1403715280.982143164,1.136696000,2.265080000,1.262556000,0.000000000,0.000000000,0.000000000,1.000000000
1403715280.987143040,1.137498000,2.265657000,1.263031000,0.000000000,0.000000000,0.000000000,1.000000000
1403715280.992142916,1.138294000,2.266237000,1.263511000,0.000000000,0.000000000,0.000000000,1.000000000
1403715280.997143030,1.139085000,2.266816000,1.264006000,0.000000000,0.000000000,0.000000000,1.000000000
1403715281.002143145,1.139964000,2.267268000,1.264478000,0.000000000,0.000000000,0.000000000,1.000000000
1403715281.007143021,1.140766000,2.267829000,1.264971000,0.000000000,0.000000000,0.000000000,1.000000000
1403715281.012142897,1.141569000,2.268402000,1.265466000,0.000000000,0.000000000,0.000000000,1.000000000
1403715281.017143011,1.142371000,2.268991000,1.265957000,0.000000000,0.000000000,0.000000000,1.000000000
1403715281.022143126,1.143167000,2.269587000,1.266431000,0.000000000,0.000000000,0.000000000,1.000000000
1403715281.027143002,1.143957000,2.270183000,1.266890000,0.000000000,0.000000000,0.000000000,1.000000000
1403715281.032143116,1.144739000,2.270777000,1.267349000,0.000000000,0.000000000,0.000000000,1.000000000
1403715281.037143230,1.145523000,2.271368000,1.267811000,0.000000000,0.000000000,0.000000000,1.000000000
1403715281.042143345,1.146314000,2.271963000,1.268273000,0.000000000,0.000000000,0.000000000,1.000000000
1403715281.047142982,1.147111000,2.272563000,1.268732000,0.000000000,0.000000000,0.000000000,1.000000000
1403715281.052143097,1.147997000,2.273033000,1.269160000,0.000000000,0.000000000,0.000000000,1.000000000
1403715281.057143211,1.148808000,2.273613000,1.269628000,0.000000000,0.000000000,0.000000000,1.000000000
1403715281.062143087,1.149619000,2.274193000,1.270106000,0.000000000,0.000000000,0.000000000,1.000000000
1403715281.067142963,1.150430000,2.274775000,1.270587000,0.000000000,0.000000000,0.000000000,1.000000000
1403715281.072143078,1.151241000,2.275361000,1.271066000,0.000000000,0.000000000,0.000000000,1.000000000
1403715281.077143192,1.152056000,2.275957000,1.271536000,0.000000000,0.000000000,0.000000000,1.000000000
1403715281.082143068,1.152873000,2.276562000,1.271995000,0.000000000,0.000000000,0.000000000,1.000000000
1403715281.087142944,1.153696000,2.277174000,1.272445000,0.000000000,0.000000000,0.000000000,1.000000000
1403715281.092143297,1.154521000,2.277791000,1.272887000,0.000000000,0.000000000,0.000000000,1.000000000
1403715281.097143173,1.155345000,2.278408000,1.273325000,0.000000000,0.000000000,0.000000000,1.000000000
1403715281.102143049,1.156250000,2.278891000,1.273716000,0.000000000,0.000000000,0.000000000,1.000000000
1403715281.107142925,1.157089000,2.279489000,1.274166000,0.000000000,0.000000000,0.000000000,1.000000000
1403715281.112143278,1.157928000,2.280093000,1.274623000,0.000000000,0.000000000,0.000000000,1.000000000
1403715281.117143154,1.158770000,2.280702000,1.275078000,0.000000000,0.000000000,0.000000000,1.000000000
1403715281.122143030,1.159611000,2.281314000,1.275526000,0.000000000,0.000000000,0.000000000,1.000000000
1403715281.127142906,1.160450000,2.281927000,1.275964000,0.000000000,0.000000000,0.000000000,1.000000000
1403715281.132143259,1.161287000,2.282544000,1.276399000,0.000000000,0.000000000,0.000000000,1.000000000
1403715281.137142897,1.162123000,2.283174000,1.276838000,0.000000000,0.000000000,0.000000000,1.000000000
1403715281.142143011,1.162961000,2.283821000,1.277281000,0.000000000,0.000000000,0.000000000,1.000000000
1403715281.147142887,1.163809000,2.284478000,1.277730000,0.000000000,0.000000000,0.000000000,1.000000000
1403715281.152143240,1.164720000,2.284999000,1.278137000,0.000000000,0.000000000,0.000000000,1.000000000
1403715281.157143116,1.165581000,2.285622000,1.278579000,0.000000000,0.000000000,0.000000000,1.000000000
1403715281.162142992,1.166448000,2.286238000,1.279018000,0.000000000,0.000000000,0.000000000,1.000000000
1403715281.167143345,1.167318000,2.286855000,1.279455000,0.000000000,0.000000000,0.000000000,1.000000000
1403715281.172143221,1.168189000,2.287480000,1.279885000,0.000000000,0.000000000,0.000000000,1.000000000
1403715281.177143097,1.169061000,2.288118000,1.280321000,0.000000000,0.000000000,0.000000000,1.000000000
1403715281.182142973,1.169933000,2.288767000,1.280765000,0.000000000,0.000000000,0.000000000,1.000000000
1403715281.187143326,1.170808000,2.289414000,1.281204000,0.000000000,0.000000000,0.000000000,1.000000000
1403715281.192142963,1.171684000,2.290052000,1.281636000,0.000000000,0.000000000,0.000000000,1.000000000
1403715281.197143078,1.172558000,2.290679000,1.282055000,0.000000000,0.000000000,0.000000000,1.000000000
1403715281.202142954,1.173471000,2.291164000,1.282433000,0.000000000,0.000000000,0.000000000,1.000000000
1403715281.207143307,1.174351000,2.291759000,1.282832000,0.000000000,0.000000000,0.000000000,1.000000000
1403715281.212142944,1.175234000,2.292366000,1.283240000,0.000000000,0.000000000,0.000000000,1.000000000
1403715281.217143059,1.176118000,2.292984000,1.283655000,0.000000000,0.000000000,0.000000000,1.000000000
1403715281.222143173,1.177002000,2.293605000,1.284070000,0.000000000,0.000000000,0.000000000,1.000000000
1403715281.227143288,1.177889000,2.294219000,1.284481000,0.000000000,0.000000000,0.000000000,1.000000000
1403715281.232142925,1.178780000,2.294822000,1.284895000,0.000000000,0.000000000,0.000000000,1.000000000
1403715281.237143040,1.179671000,2.295418000,1.285306000,0.000000000,0.000000000,0.000000000,1.000000000
1403715281.242143154,1.180560000,2.296017000,1.285699000,0.000000000,0.000000000,0.000000000,1.000000000
1403715281.247143030,1.181445000,2.296625000,1.286078000,0.000000000,0.000000000,0.000000000,1.000000000
1403715281.252142906,1.182355000,2.297113000,1.286425000,0.000000000,0.000000000,0.000000000,1.000000000
1403715281.257143021,1.183246000,2.297704000,1.286783000,0.000000000,0.000000000,0.000000000,1.000000000
1403715281.262143135,1.184136000,2.298292000,1.287138000,0.000000000,0.000000000,0.000000000,1.000000000
1403715281.267143011,1.185019000,2.298874000,1.287489000,0.000000000,0.000000000,0.000000000,1.000000000
1403715281.272142887,1.185899000,2.299450000,1.287837000,0.000000000,0.000000000,0.000000000,1.000000000
1403715281.277143240,1.186778000,2.300025000,1.288184000,0.000000000,0.000000000,0.000000000,1.000000000
1403715281.282143354,1.187652000,2.300603000,1.288529000,0.000000000,0.000000000,0.000000000,1.000000000
1403715281.287142992,1.188513000,2.301186000,1.288870000,0.000000000,0.000000000,0.000000000,1.000000000
1403715281.292143106,1.189366000,2.301773000,1.289205000,0.000000000,0.000000000,0.000000000,1.000000000
1403715281.297143221,1.190214000,2.302359000,1.289540000,0.000000000,0.000000000,0.000000000,1.000000000
1403715281.302143097,1.191076000,2.302812000,1.289846000,0.000000000,0.000000000,0.000000000,1.000000000
1403715281.307142973,1.191934000,2.303367000,1.290163000,0.000000000,0.000000000,0.000000000,1.000000000
1403715281.312143087,1.192797000,2.303921000,1.290457000,0.000000000,0.000000000,0.000000000,1.000000000
1403715281.317143202,1.193658000,2.304476000,1.290730000,0.000000000,0.000000000,0.000000000,1.000000000
1403715281.322143078,1.194511000,2.305036000,1.290986000,0.000000000,0.000000000,0.000000000,1.000000000
1403715281.327142954,1.195358000,2.305603000,1.291230000,0.000000000,0.000000000,0.000000000,1.000000000
1403715281.332143307,1.196203000,2.306174000,1.291477000,0.000000000,0.000000000,0.000000000,1.000000000
1403715281.337143183,1.197050000,2.306740000,1.291734000,0.000000000,0.000000000,0.000000000,1.000000000
1403715281.342143059,1.197903000,2.307300000,1.291997000,0.000000000,0.000000000,0.000000000,1.000000000
1403715281.347142935,1.198757000,2.307850000,1.292259000,0.000000000,0.000000000,0.000000000,1.000000000
1403715281.352143288,1.199611000,2.308269000,1.292484000,0.000000000,0.000000000,0.000000000,1.000000000
1403715281.357143164,1.200464000,2.308789000,1.292736000,0.000000000,0.000000000,0.000000000,1.000000000
1403715281.362143040,1.201318000,2.309319000,1.292983000,0.000000000,0.000000000,0.000000000,1.000000000
1403715281.367142916,1.202174000,2.309864000,1.293222000,0.000000000,0.000000000,0.000000000,1.000000000
1403715281.372143269,1.203033000,2.310418000,1.293455000,0.000000000,0.000000000,0.000000000,1.000000000
1403715281.377142906,1.203897000,2.310972000,1.293681000,0.000000000,0.000000000,0.000000000,1.000000000
1403715281.382143021,1.204763000,2.311520000,1.293901000,0.000000000,0.000000000,0.000000000,1.000000000
1403715281.387142897,1.205632000,2.312055000,1.294111000,0.000000000,0.000000000,0.000000000,1.000000000
1403715281.392143250,1.206508000,2.312581000,1.294307000,0.000000000,0.000000000,0.000000000,1.000000000
1403715281.397142887,1.207388000,2.313107000,1.294490000,0.000000000,0.000000000,0.000000000,1.000000000
1403715281.402143002,1.208262000,2.313526000,1.294644000,0.000000000,0.000000000,0.000000000,1.000000000
1403715281.407143354,1.209149000,2.314049000,1.294805000,0.000000000,0.000000000,0.000000000,1.000000000
1403715281.412143230,1.210042000,2.314574000,1.294966000,0.000000000,0.000000000,0.000000000,1.000000000
1403715281.417143106,1.210930000,2.315088000,1.295124000,0.000000000,0.000000000,0.000000000,1.000000000
1403715281.422142982,1.211814000,2.315585000,1.295277000,0.000000000,0.000000000,0.000000000,1.000000000
1403715281.427143335,1.212703000,2.316074000,1.295432000,0.000000000,0.000000000,0.000000000,1.000000000
1403715281.432142973,1.213596000,2.316565000,1.295589000,0.000000000,0.000000000,0.000000000,1.000000000
1403715281.437143087,1.214493000,2.317070000,1.295744000,0.000000000,0.000000000,0.000000000,1.000000000
1403715281.442142963,1.215388000,2.317587000,1.295907000,0.000000000,0.000000000,0.000000000,1.000000000
1403715281.447143316,1.216279000,2.318107000,1.296077000,0.000000000,0.000000000,0.000000000,1.000000000
1403715281.452142954,1.217151000,2.318503000,1.296245000,0.000000000,0.000000000,0.000000000,1.000000000
1403715281.457143068,1.218034000,2.318978000,1.296411000,0.000000000,0.000000000,0.000000000,1.000000000
1403715281.462142944,1.218913000,2.319452000,1.296572000,0.000000000,0.000000000,0.000000000,1.000000000
1403715281.467143297,1.219794000,2.319931000,1.296723000,0.000000000,0.000000000,0.000000000,1.000000000
1403715281.472142935,1.220680000,2.320418000,1.296865000,0.000000000,0.000000000,0.000000000,1.000000000
1403715281.477143049,1.221568000,2.320909000,1.297007000,0.000000000,0.000000000,0.000000000,1.000000000
1403715281.482143164,1.222453000,2.321400000,1.297151000,0.000000000,0.000000000,0.000000000,1.000000000
1403715281.487143040,1.223340000,2.321884000,1.297295000,0.000000000,0.000000000,0.000000000,1.000000000
1403715281.492142916,1.224234000,2.322357000,1.297434000,0.000000000,0.000000000,0.000000000,1.000000000
1403715281.497143030,1.225130000,2.322822000,1.297562000,0.000000000,0.000000000,0.000000000,1.000000000
1403715281.502143145,1.226018000,2.323186000,1.297667000,0.000000000,0.000000000,0.000000000,1.000000000
1403715281.507143021,1.226910000,2.323635000,1.297781000,0.000000000,0.000000000,0.000000000,1.000000000
1403715281.512142897,1.227798000,2.324085000,1.297879000,0.000000000,0.000000000,0.000000000,1.000000000
1403715281.517143011,1.228687000,2.324539000,1.297964000,0.000000000,0.000000000,0.000000000,1.000000000
1403715281.522143126,1.229577000,2.324995000,1.298043000,0.000000000,0.000000000,0.000000000,1.000000000
1403715281.527143002,1.230465000,2.325448000,1.298112000,0.000000000,0.000000000,0.000000000,1.000000000
1403715281.532143116,1.231352000,2.325894000,1.298172000,0.000000000,0.000000000,0.000000000,1.000000000
1403715281.537143230,1.232238000,2.326332000,1.298229000,0.000000000,0.000000000,0.000000000,1.000000000
1403715281.542143345,1.233128000,2.326764000,1.298295000,0.000000000,0.000000000,0.000000000,1.000000000
1403715281.547142982,1.234021000,2.327197000,1.298364000,0.000000000,0.000000000,0.000000000,1.000000000
1403715281.552143097,1.234901000,2.327534000,1.298413000,0.000000000,0.000000000,0.000000000,1.000000000
1403715281.557143211,1.235787000,2.327967000,1.298460000,0.000000000,0.000000000,0.000000000,1.000000000
1403715281.562143087,1.236673000,2.328402000,1.298496000,0.000000000,0.000000000,0.000000000,1.000000000
1403715281.567142963,1.237562000,2.328835000,1.298530000,0.000000000,0.000000000,0.000000000,1.000000000
1403715281.572143078,1.238452000,2.329268000,1.298562000,0.000000000,0.000000000,0.000000000,1.000000000
1403715281.577143192,1.239341000,2.329704000,1.298588000,0.000000000,0.000000000,0.000000000,1.000000000
1403715281.582143068,1.240234000,2.330140000,1.298602000,0.000000000,0.000000000,0.000000000,1.000000000
1403715281.587142944,1.241128000,2.330571000,1.298604000,0.000000000,0.000000000,0.000000000,1.000000000
1403715281.592143297,1.242016000,2.331001000,1.298597000,0.000000000,0.000000000,0.000000000,1.000000000
1403715281.597143173,1.242897000,2.331432000,1.298581000,0.000000000,0.000000000,0.000000000,1.000000000
1403715281.602143049,1.243777000,2.331759000,1.298531000,0.000000000,0.000000000,0.000000000,1.000000000
1403715281.607142925,1.244673000,2.332172000,1.298477000,0.000000000,0.000000000,0.000000000,1.000000000
1403715281.612143278,1.245562000,2.332590000,1.298409000,0.000000000,0.000000000,0.000000000,1.000000000
1403715281.617143154,1.246446000,2.333011000,1.298332000,0.000000000,0.000000000,0.000000000,1.000000000
1403715281.622143030,1.247336000,2.333435000,1.298255000,0.000000000,0.000000000,0.000000000,1.000000000
1403715281.627142906,1.248232000,2.333861000,1.298181000,0.000000000,0.000000000,0.000000000,1.000000000
1403715281.632143259,1.249132000,2.334291000,1.298111000,0.000000000,0.000000000,0.000000000,1.000000000
1403715281.637142897,1.250032000,2.334724000,1.298049000,0.000000000,0.000000000,0.000000000,1.000000000
1403715281.642143011,1.250927000,2.335159000,1.297988000,0.000000000,0.000000000,0.000000000,1.000000000
1403715281.647142887,1.251822000,2.335594000,1.297915000,0.000000000,0.000000000,0.000000000,1.000000000
1403715281.652143240,1.252704000,2.335935000,1.297810000,0.000000000,0.000000000,0.000000000,1.000000000
1403715281.657143116,1.253605000,2.336358000,1.297707000,0.000000000,0.000000000,0.000000000,1.000000000
1403715281.662142992,1.254510000,2.336781000,1.297599000,0.000000000,0.000000000,0.000000000,1.000000000
1403715281.667143345,1.255417000,2.337206000,1.297482000,0.000000000,0.000000000,0.000000000,1.000000000
1403715281.672143221,1.256319000,2.337629000,1.297349000,0.000000000,0.000000000,0.000000000,1.000000000
1403715281.677143097,1.257220000,2.338052000,1.297215000,0.000000000,0.000000000,0.000000000,1.000000000
1403715281.682142973,1.258122000,2.338479000,1.297086000,0.000000000,0.000000000,0.000000000,1.000000000
1403715281.687143326,1.259024000,2.338910000,1.296956000,0.000000000,0.000000000,0.000000000,1.000000000
1403715281.692142963,1.259925000,2.339346000,1.296834000,0.000000000,0.000000000,0.000000000,1.000000000
1403715281.697143078,1.260827000,2.339788000,1.296722000,0.000000000,0.000000000,0.000000000,1.000000000
1403715281.702142954,1.261716000,2.340137000,1.296599000,0.000000000,0.000000000,0.000000000,1.000000000
1403715281.707143307,1.262618000,2.340553000,1.296488000,0.000000000,0.000000000,0.000000000,1.000000000
1403715281.712142944,1.263527000,2.340964000,1.296373000,0.000000000,0.000000000,0.000000000,1.000000000
1403715281.717143059,1.264441000,2.341374000,1.296253000,0.000000000,0.000000000,0.000000000,1.000000000
1403715281.722143173,1.265358000,2.341790000,1.296125000,0.000000000,0.000000000,0.000000000,1.000000000
1403715281.727143288,1.266280000,2.342211000,1.295978000,0.000000000,0.000000000,0.000000000,1.000000000
1403715281.732142925,1.267204000,2.342632000,1.295833000,0.000000000,0.000000000,0.000000000,1.000000000
1403715281.737143040,1.268123000,2.343054000,1.295696000,0.000000000,0.000000000,0.000000000,1.000000000
1403715281.742143154,1.269034000,2.343475000,1.295556000,0.000000000,0.000000000,0.000000000,1.000000000
1403715281.747143030,1.269945000,2.343895000,1.295417000,0.000000000,0.000000000,0.000000000,1.000000000
1403715281.752142906,1.270848000,2.344228000,1.295259000,0.000000000,0.000000000,0.000000000,1.000000000
1403715281.757143021,1.271770000,2.344636000,1.295128000,0.000000000,0.000000000,0.000000000,1.000000000
1403715281.762143135,1.272695000,2.345053000,1.294996000,0.000000000,0.000000000,0.000000000,1.000000000
1403715281.767143011,1.273620000,2.345472000,1.294859000,0.000000000,0.000000000,0.000000000,1.000000000
1403715281.772142887,1.274547000,2.345893000,1.294717000,0.000000000,0.000000000,0.000000000,1.000000000
1403715281.777143240,1.275480000,2.346314000,1.294568000,0.000000000,0.000000000,0.000000000,1.000000000
1403715281.782143354,1.276417000,2.346731000,1.294407000,0.000000000,0.000000000,0.000000000,1.000000000
1403715281.787142992,1.277349000,2.347152000,1.294235000,0.000000000,0.000000000,0.000000000,1.000000000
1403715281.792143106,1.278276000,2.347586000,1.294048000,0.000000000,0.000000000,0.000000000,1.000000000
1403715281.797143221,1.279202000,2.348032000,1.293844000,0.000000000,0.000000000,0.000000000,1.000000000
1403715281.802143097,1.280115000,2.348403000,1.293622000,0.000000000,0.000000000,0.000000000,1.000000000
1403715281.807142973,1.281048000,2.348847000,1.293408000,0.000000000,0.000000000,0.000000000,1.000000000
1403715281.812143087,1.281985000,2.349293000,1.293182000,0.000000000,0.000000000,0.000000000,1.000000000
1403715281.817143202,1.282922000,2.349740000,1.292951000,0.000000000,0.000000000,0.000000000,1.000000000
1403715281.822143078,1.283863000,2.350182000,1.292720000,0.000000000,0.000000000,0.000000000,1.000000000
1403715281.827142954,1.284808000,2.350626000,1.292500000,0.000000000,0.000000000,0.000000000,1.000000000
1403715281.832143307,1.285755000,2.351076000,1.292290000,0.000000000,0.000000000,0.000000000,1.000000000
1403715281.837143183,1.286704000,2.351527000,1.292082000,0.000000000,0.000000000,0.000000000,1.000000000
1403715281.842143059,1.287658000,2.351980000,1.291866000,0.000000000,0.000000000,0.000000000,1.000000000
1403715281.847142935,1.288617000,2.352440000,1.291641000,0.000000000,0.000000000,0.000000000,1.000000000
1403715281.852143288,1.289556000,2.352821000,1.291400000,0.000000000,0.000000000,0.000000000,1.000000000
1403715281.857143164,1.290507000,2.353271000,1.291166000,0.000000000,0.000000000,0.000000000,1.000000000
1403715281.862143040,1.291457000,2.353725000,1.290923000,0.000000000,0.000000000,0.000000000,1.000000000
1403715281.867142916,1.292411000,2.354177000,1.290674000,0.000000000,0.000000000,0.000000000,1.000000000
1403715281.872143269,1.293374000,2.354629000,1.290429000,0.000000000,0.000000000,0.000000000,1.000000000
1403715281.877142906,1.294336000,2.355082000,1.290181000,0.000000000,0.000000000,0.000000000,1.000000000
1403715281.882143021,1.295297000,2.355536000,1.289923000,0.000000000,0.000000000,0.000000000,1.000000000
1403715281.887142897,1.296262000,2.355995000,1.289653000,0.000000000,0.000000000,0.000000000,1.000000000
1403715281.892143250,1.297232000,2.356458000,1.289371000,0.000000000,0.000000000,0.000000000,1.000000000
1403715281.897142887,1.298206000,2.356920000,1.289081000,0.000000000,0.000000000,0.000000000,1.000000000
1403715281.902143002,1.299169000,2.357308000,1.288771000,0.000000000,0.000000000,0.000000000,1.000000000
1403715281.907143354,1.300157000,2.357754000,1.288448000,0.000000000,0.000000000,0.000000000,1.000000000
1403715281.912143230,1.301150000,2.358205000,1.288105000,0.000000000,0.000000000,0.000000000,1.000000000
1403715281.917143106,1.302141000,2.358662000,1.287755000,0.000000000,0.000000000,0.000000000,1.000000000
1403715281.922142982,1.303131000,2.359125000,1.287411000,0.000000000,0.000000000,0.000000000,1.000000000
1403715281.927143335,1.304121000,2.359593000,1.287078000,0.000000000,0.000000000,0.000000000,1.000000000
1403715281.932142973,1.305115000,2.360063000,1.286745000,0.000000000,0.000000000,0.000000000,1.000000000
1403715281.937143087,1.306112000,2.360531000,1.286412000,0.000000000,0.000000000,0.000000000,1.000000000
1403715281.942142963,1.307117000,2.360999000,1.286077000,0.000000000,0.000000000,0.000000000,1.000000000
1403715281.947143316,1.308133000,2.361470000,1.285735000,0.000000000,0.000000000,0.000000000,1.000000000
1403715281.952142954,1.309126000,2.361879000,1.285383000,0.000000000,0.000000000,0.000000000,1.000000000
1403715281.957143068,1.310148000,2.362343000,1.285035000,0.000000000,0.000000000,0.000000000,1.000000000
1403715281.962142944,1.311170000,2.362808000,1.284692000,0.000000000,0.000000000,0.000000000,1.000000000
1403715281.967143297,1.312194000,2.363277000,1.284352000,0.000000000,0.000000000,0.000000000,1.000000000
1403715281.972142935,1.313218000,2.363750000,1.284009000,0.000000000,0.000000000,0.000000000,1.000000000
1403715281.977143049,1.314244000,2.364224000,1.283659000,0.000000000,0.000000000,0.000000000,1.000000000
1403715281.982143164,1.315277000,2.364700000,1.283293000,0.000000000,0.000000000,0.000000000,1.000000000
1403715281.987143040,1.316320000,2.365179000,1.282909000,0.000000000,0.000000000,0.000000000,1.000000000
1403715281.992142916,1.317368000,2.365662000,1.282509000,0.000000000,0.000000000,0.000000000,1.000000000
1403715281.997143030,1.318416000,2.366148000,1.282097000,0.000000000,0.000000000,0.000000000,1.000000000
1403715282.002143145,1.319425000,2.366577000,1.281672000,0.000000000,0.000000000,0.000000000,1.000000000
1403715282.007143021,1.320480000,2.367052000,1.281254000,0.000000000,0.000000000,0.000000000,1.000000000
1403715282.012142897,1.321544000,2.367523000,1.280836000,0.000000000,0.000000000,0.000000000,1.000000000
1403715282.017143011,1.322614000,2.367988000,1.280410000,0.000000000,0.000000000,0.000000000,1.000000000
1403715282.022143126,1.323689000,2.368451000,1.279972000,0.000000000,0.000000000,0.000000000,1.000000000
1403715282.027143002,1.324766000,2.368914000,1.279521000,0.000000000,0.000000000,0.000000000,1.000000000
1403715282.032143116,1.325844000,2.369381000,1.279062000,0.000000000,0.000000000,0.000000000,1.000000000
1403715282.037143230,1.326937000,2.369851000,1.278599000,0.000000000,0.000000000,0.000000000,1.000000000
1403715282.042143345,1.328045000,2.370321000,1.278139000,0.000000000,0.000000000,0.000000000,1.000000000
1403715282.047142982,1.329157000,2.370792000,1.277675000,0.000000000,0.000000000,0.000000000,1.000000000
1403715282.052143097,1.330223000,2.371209000,1.277211000,0.000000000,0.000000000,0.000000000,1.000000000
1403715282.057143211,1.331330000,2.371668000,1.276749000,0.000000000,0.000000000,0.000000000,1.000000000
1403715282.062143087,1.332435000,2.372131000,1.276277000,0.000000000,0.000000000,0.000000000,1.000000000
1403715282.067142963,1.333544000,2.372595000,1.275799000,0.000000000,0.000000000,0.000000000,1.000000000
1403715282.072143078,1.334660000,2.373064000,1.275326000,0.000000000,0.000000000,0.000000000,1.000000000
1403715282.077143192,1.335785000,2.373538000,1.274852000,0.000000000,0.000000000,0.000000000,1.000000000
1403715282.082143068,1.336920000,2.374015000,1.274371000,0.000000000,0.000000000,0.000000000,1.000000000
1403715282.087142944,1.338059000,2.374492000,1.273892000,0.000000000,0.000000000,0.000000000,1.000000000
1403715282.092143297,1.339204000,2.374965000,1.273417000,0.000000000,0.000000000,0.000000000,1.000000000
1403715282.097143173,1.340355000,2.375429000,1.272937000,0.000000000,0.000000000,0.000000000,1.000000000
1403715282.102143049,1.341456000,2.375838000,1.272431000,0.000000000,0.000000000,0.000000000,1.000000000
1403715282.107142925,1.342598000,2.376282000,1.271924000,0.000000000,0.000000000,0.000000000,1.000000000
1403715282.112143278,1.343743000,2.376730000,1.271400000,0.000000000,0.000000000,0.000000000,1.000000000
1403715282.117143154,1.344887000,2.377184000,1.270868000,0.000000000,0.000000000,0.000000000,1.000000000
1403715282.122143030,1.346038000,2.377649000,1.270331000,0.000000000,0.000000000,0.000000000,1.000000000
1403715282.127142906,1.347203000,2.378121000,1.269796000,0.000000000,0.000000000,0.000000000,1.000000000
1403715282.132143259,1.348371000,2.378596000,1.269270000,0.000000000,0.000000000,0.000000000,1.000000000
1403715282.137142897,1.349540000,2.379066000,1.268749000,0.000000000,0.000000000,0.000000000,1.000000000
1403715282.142143011,1.350714000,2.379527000,1.268234000,0.000000000,0.000000000,0.000000000,1.000000000
1403715282.147142887,1.351893000,2.379980000,1.267721000,0.000000000,0.000000000,0.000000000,1.000000000
1403715282.152143240,1.353019000,2.380396000,1.267204000,0.000000000,0.000000000,0.000000000,1.000000000
1403715282.157143116,1.354204000,2.380848000,1.266686000,0.000000000,0.000000000,0.000000000,1.000000000
1403715282.162142992,1.355393000,2.381310000,1.266156000,0.000000000,0.000000000,0.000000000,1.000000000
1403715282.167143345,1.356591000,2.381770000,1.265624000,0.000000000,0.000000000,0.000000000,1.000000000
1403715282.172143221,1.357796000,2.382229000,1.265103000,0.000000000,0.000000000,0.000000000,1.000000000
1403715282.177143097,1.359002000,2.382688000,1.264585000,0.000000000,0.000000000,0.000000000,1.000000000
1403715282.182142973,1.360210000,2.383147000,1.264064000,0.000000000,0.000000000,0.000000000,1.000000000
1403715282.187143326,1.361421000,2.383608000,1.263539000,0.000000000,0.000000000,0.000000000,1.000000000
1403715282.192142963,1.362639000,2.384078000,1.263021000,0.000000000,0.000000000,0.000000000,1.000000000
1403715282.197143078,1.363866000,2.384559000,1.262509000,0.000000000,0.000000000,0.000000000,1.000000000
1403715282.202142954,1.365036000,2.385008000,1.261988000,0.000000000,0.000000000,0.000000000,1.000000000
1403715282.207143307,1.366256000,2.385476000,1.261469000,0.000000000,0.000000000,0.000000000,1.000000000
1403715282.212142944,1.367472000,2.385937000,1.260930000,0.000000000,0.000000000,0.000000000,1.000000000
1403715282.217143059,1.368689000,2.386393000,1.260389000,0.000000000,0.000000000,0.000000000,1.000000000
1403715282.222143173,1.369917000,2.386851000,1.259852000,0.000000000,0.000000000,0.000000000,1.000000000
1403715282.227143288,1.371158000,2.387313000,1.259311000,0.000000000,0.000000000,0.000000000,1.000000000
1403715282.232142925,1.372412000,2.387778000,1.258765000,0.000000000,0.000000000,0.000000000,1.000000000
1403715282.237143040,1.373669000,2.388248000,1.258217000,0.000000000,0.000000000,0.000000000,1.000000000
1403715282.242143154,1.374930000,2.388717000,1.257664000,0.000000000,0.000000000,0.000000000,1.000000000
1403715282.247143030,1.376198000,2.389181000,1.257112000,0.000000000,0.000000000,0.000000000,1.000000000
1403715282.252142906,1.377411000,2.389617000,1.256536000,0.000000000,0.000000000,0.000000000,1.000000000
1403715282.257143021,1.378688000,2.390073000,1.255981000,0.000000000,0.000000000,0.000000000,1.000000000
1403715282.262143135,1.379975000,2.390535000,1.255435000,0.000000000,0.000000000,0.000000000,1.000000000
1403715282.267143011,1.381270000,2.390998000,1.254894000,0.000000000,0.000000000,0.000000000,1.000000000
1403715282.272142887,1.382568000,2.391459000,1.254354000,0.000000000,0.000000000,0.000000000,1.000000000
1403715282.277143240,1.383867000,2.391915000,1.253806000,0.000000000,0.000000000,0.000000000,1.000000000
1403715282.282143354,1.385169000,2.392365000,1.253253000,0.000000000,0.000000000,0.000000000,1.000000000
1403715282.287142992,1.386477000,2.392817000,1.252703000,0.000000000,0.000000000,0.000000000,1.000000000
1403715282.292143106,1.387792000,2.393275000,1.252153000,0.000000000,0.000000000,0.000000000,1.000000000
1403715282.297143221,1.389121000,2.393732000,1.251602000,0.000000000,0.000000000,0.000000000,1.000000000
1403715282.302143097,1.390392000,2.394174000,1.251046000,0.000000000,0.000000000,0.000000000,1.000000000
1403715282.307142973,1.391734000,2.394623000,1.250484000,0.000000000,0.000000000,0.000000000,1.000000000
1403715282.312143087,1.393086000,2.395069000,1.249912000,0.000000000,0.000000000,0.000000000,1.000000000
1403715282.317143202,1.394437000,2.395516000,1.249341000,0.000000000,0.000000000,0.000000000,1.000000000
1403715282.322143078,1.395782000,2.395970000,1.248770000,0.000000000,0.000000000,0.000000000,1.000000000
1403715282.327142954,1.397121000,2.396429000,1.248201000,0.000000000,0.000000000,0.000000000,1.000000000
1403715282.332143307,1.398466000,2.396891000,1.247639000,0.000000000,0.000000000,0.000000000,1.000000000
1403715282.337143183,1.399822000,2.397354000,1.247079000,0.000000000,0.000000000,0.000000000,1.000000000
1403715282.342143059,1.401184000,2.397821000,1.246516000,0.000000000,0.000000000,0.000000000,1.000000000
1403715282.347142935,1.402543000,2.398290000,1.245957000,0.000000000,0.000000000,0.000000000,1.000000000
1403715282.352143288,1.403823000,2.398743000,1.245398000,0.000000000,0.000000000,0.000000000,1.000000000
1403715282.357143164,1.405163000,2.399192000,1.244851000,0.000000000,0.000000000,0.000000000,1.000000000
1403715282.362143040,1.406508000,2.399630000,1.244290000,0.000000000,0.000000000,0.000000000,1.000000000
1403715282.367142916,1.407861000,2.400062000,1.243717000,0.000000000,0.000000000,0.000000000,1.000000000
1403715282.372143269,1.409230000,2.400503000,1.243144000,0.000000000,0.000000000,0.000000000,1.000000000
1403715282.377142906,1.410615000,2.400951000,1.242573000,0.000000000,0.000000000,0.000000000,1.000000000
1403715282.382143021,1.412015000,2.401396000,1.242008000,0.000000000,0.000000000,0.000000000,1.000000000
1403715282.387142897,1.413416000,2.401834000,1.241448000,0.000000000,0.000000000,0.000000000,1.000000000
1403715282.392143250,1.414804000,2.402266000,1.240884000,0.000000000,0.000000000,0.000000000,1.000000000
1403715282.397142887,1.416181000,2.402694000,1.240310000,0.000000000,0.000000000,0.000000000,1.000000000
1403715282.402143002,1.417490000,2.403115000,1.239698000,0.000000000,0.000000000,0.000000000,1.000000000
1403715282.407143354,1.418869000,2.403549000,1.239115000,0.000000000,0.000000000,0.000000000,1.000000000
1403715282.412143230,1.420265000,2.403991000,1.238534000,0.000000000,0.000000000,0.000000000,1.000000000
1403715282.417143106,1.421682000,2.404442000,1.237953000,0.000000000,0.000000000,0.000000000,1.000000000
1403715282.422142982,1.423109000,2.404901000,1.237367000,0.000000000,0.000000000,0.000000000,1.000000000
1403715282.427143335,1.424534000,2.405365000,1.236773000,0.000000000,0.000000000,0.000000000,1.000000000
1403715282.432142973,1.425953000,2.405830000,1.236173000,0.000000000,0.000000000,0.000000000,1.000000000
1403715282.437143087,1.427377000,2.406289000,1.235568000,0.000000000,0.000000000,0.000000000,1.000000000
1403715282.442142963,1.428812000,2.406740000,1.234958000,0.000000000,0.000000000,0.000000000,1.000000000
1403715282.447143316,1.430266000,2.407187000,1.234337000,0.000000000,0.000000000,0.000000000,1.000000000
1403715282.452142954,1.431662000,2.407639000,1.233698000,0.000000000,0.000000000,0.000000000,1.000000000
1403715282.457143068,1.433128000,2.408105000,1.233071000,0.000000000,0.000000000,0.000000000,1.000000000
1403715282.462142944,1.434606000,2.408570000,1.232452000,0.000000000,0.000000000,0.000000000,1.000000000
1403715282.467143297,1.436096000,2.409023000,1.231850000,0.000000000,0.000000000,0.000000000,1.000000000
1403715282.472142935,1.437595000,2.409454000,1.231263000,0.000000000,0.000000000,0.000000000,1.000000000
1403715282.477143049,1.439100000,2.409869000,1.230674000,0.000000000,0.000000000,0.000000000,1.000000000
1403715282.482143164,1.440614000,2.410287000,1.230072000,0.000000000,0.000000000,0.000000000,1.000000000
1403715282.487143040,1.442144000,2.410713000,1.229465000,0.000000000,0.000000000,0.000000000,1.000000000
1403715282.492142916,1.443692000,2.411148000,1.228857000,0.000000000,0.000000000,0.000000000,1.000000000
1403715282.497143030,1.445253000,2.411587000,1.228232000,0.000000000,0.000000000,0.000000000,1.000000000
1403715282.502143145,1.446755000,2.412023000,1.227573000,0.000000000,0.000000000,0.000000000,1.000000000
1403715282.507143021,1.448299000,2.412459000,1.226911000,0.000000000,0.000000000,0.000000000,1.000000000
1403715282.512142897,1.449837000,2.412891000,1.226247000,0.000000000,0.000000000,0.000000000,1.000000000
1403715282.517143011,1.451375000,2.413318000,1.225581000,0.000000000,0.000000000,0.000000000,1.000000000
1403715282.522143126,1.452922000,2.413741000,1.224910000,0.000000000,0.000000000,0.000000000,1.000000000
1403715282.527143002,1.454490000,2.414169000,1.224245000,0.000000000,0.000000000,0.000000000,1.000000000
1403715282.532143116,1.456078000,2.414606000,1.223597000,0.000000000,0.000000000,0.000000000,1.000000000
1403715282.537143230,1.457680000,2.415045000,1.222961000,0.000000000,0.000000000,0.000000000,1.000000000
1403715282.542143345,1.459293000,2.415482000,1.222327000,0.000000000,0.000000000,0.000000000,1.000000000
1403715282.547142982,1.460906000,2.415918000,1.221687000,0.000000000,0.000000000,0.000000000,1.000000000
1403715282.552143097,1.462453000,2.416363000,1.221017000,0.000000000,0.000000000,0.000000000,1.000000000
1403715282.557143211,1.464043000,2.416802000,1.220365000,0.000000000,0.000000000,0.000000000,1.000000000
1403715282.562143087,1.465640000,2.417241000,1.219724000,0.000000000,0.000000000,0.000000000,1.000000000
1403715282.567142963,1.467251000,2.417684000,1.219091000,0.000000000,0.000000000,0.000000000,1.000000000
1403715282.572143078,1.468874000,2.418130000,1.218459000,0.000000000,0.000000000,0.000000000,1.000000000
1403715282.577143192,1.470513000,2.418575000,1.217823000,0.000000000,0.000000000,0.000000000,1.000000000
1403715282.582143068,1.472162000,2.419020000,1.217184000,0.000000000,0.000000000,0.000000000,1.000000000
1403715282.587142944,1.473809000,2.419461000,1.216545000,0.000000000,0.000000000,0.000000000,1.000000000
1403715282.592143297,1.475451000,2.419903000,1.215912000,0.000000000,0.000000000,0.000000000,1.000000000
1403715282.597143173,1.477097000,2.420348000,1.215282000,0.000000000,0.000000000,0.000000000,1.000000000
1403715282.602143049,1.478706000,2.420809000,1.214634000,0.000000000,0.000000000,0.000000000,1.000000000
1403715282.607142925,1.480374000,2.421259000,1.214005000,0.000000000,0.000000000,0.000000000,1.000000000
1403715282.612143278,1.482052000,2.421714000,1.213371000,0.000000000,0.000000000,0.000000000,1.000000000
1403715282.617143154,1.483732000,2.422172000,1.212731000,0.000000000,0.000000000,0.000000000,1.000000000
1403715282.622143030,1.485408000,2.422629000,1.212085000,0.000000000,0.000000000,0.000000000,1.000000000
1403715282.627142906,1.487083000,2.423080000,1.211435000,0.000000000,0.000000000,0.000000000,1.000000000
1403715282.632143259,1.488768000,2.423520000,1.210779000,0.000000000,0.000000000,0.000000000,1.000000000
1403715282.637142897,1.490468000,2.423956000,1.210122000,0.000000000,0.000000000,0.000000000,1.000000000
1403715282.642143011,1.492184000,2.424403000,1.209464000,0.000000000,0.000000000,0.000000000,1.000000000
1403715282.647142887,1.493906000,2.424858000,1.208805000,0.000000000,0.000000000,0.000000000,1.000000000
1403715282.652143240,1.495575000,2.425336000,1.208115000,0.000000000,0.000000000,0.000000000,1.000000000
1403715282.657143116,1.497281000,2.425794000,1.207457000,0.000000000,0.000000000,0.000000000,1.000000000
1403715282.662142992,1.498982000,2.426246000,1.206802000,0.000000000,0.000000000,0.000000000,1.000000000
1403715282.667143345,1.500687000,2.426696000,1.206150000,0.000000000,0.000000000,0.000000000,1.000000000
1403715282.672143221,1.502401000,2.427150000,1.205498000,0.000000000,0.000000000,0.000000000,1.000000000
1403715282.677143097,1.504127000,2.427606000,1.204842000,0.000000000,0.000000000,0.000000000,1.000000000
1403715282.682142973,1.505865000,2.428064000,1.204184000,0.000000000,0.000000000,0.000000000,1.000000000
1403715282.687143326,1.507610000,2.428528000,1.203520000,0.000000000,0.000000000,0.000000000,1.000000000
1403715282.692142963,1.509354000,2.429002000,1.202837000,0.000000000,0.000000000,0.000000000,1.000000000
1403715282.697143078,1.511096000,2.429475000,1.202132000,0.000000000,0.000000000,0.000000000,1.000000000
1403715282.702142954,1.512791000,2.429982000,1.201379000,0.000000000,0.000000000,0.000000000,1.000000000
1403715282.707143307,1.514518000,2.430467000,1.200640000,0.000000000,0.000000000,0.000000000,1.000000000
1403715282.712142944,1.516249000,2.430955000,1.199894000,0.000000000,0.000000000,0.000000000,1.000000000
1403715282.717143059,1.517990000,2.431452000,1.199147000,0.000000000,0.000000000,0.000000000,1.000000000
1403715282.722143173,1.519742000,2.431960000,1.198406000,0.000000000,0.000000000,0.000000000,1.000000000
1403715282.727143288,1.521504000,2.432473000,1.197670000,0.000000000,0.000000000,0.000000000,1.000000000
1403715282.732142925,1.523266000,2.432986000,1.196941000,0.000000000,0.000000000,0.000000000,1.000000000
1403715282.737143040,1.525024000,2.433484000,1.196217000,0.000000000,0.000000000,0.000000000,1.000000000
1403715282.742143154,1.526780000,2.433959000,1.195500000,0.000000000,0.000000000,0.000000000,1.000000000
1403715282.747143030,1.528537000,2.434421000,1.194793000,0.000000000,0.000000000,0.000000000,1.000000000
1403715282.752142906,1.530263000,2.434928000,1.194055000,0.000000000,0.000000000,0.000000000,1.000000000
1403715282.757143021,1.532029000,2.435411000,1.193309000,0.000000000,0.000000000,0.000000000,1.000000000
1403715282.762143135,1.533799000,2.435898000,1.192546000,0.000000000,0.000000000,0.000000000,1.000000000
1403715282.767143011,1.535564000,2.436390000,1.191771000,0.000000000,0.000000000,0.000000000,1.000000000
1403715282.772142887,1.537321000,2.436877000,1.190988000,0.000000000,0.000000000,0.000000000,1.000000000
1403715282.777143240,1.539076000,2.437351000,1.190205000,0.000000000,0.000000000,0.000000000,1.000000000
1403715282.782143354,1.540830000,2.437814000,1.189415000,0.000000000,0.000000000,0.000000000,1.000000000
1403715282.787142992,1.542591000,2.438280000,1.188620000,0.000000000,0.000000000,0.000000000,1.000000000
1403715282.792143106,1.544367000,2.438743000,1.187822000,0.000000000,0.000000000,0.000000000,1.000000000
1403715282.797143221,1.546161000,2.439198000,1.187035000,0.000000000,0.000000000,0.000000000,1.000000000
1403715282.802143097,1.547933000,2.439685000,1.186241000,0.000000000,0.000000000,0.000000000,1.000000000
1403715282.807142973,1.549724000,2.440120000,1.185471000,0.000000000,0.000000000,0.000000000,1.000000000
1403715282.812143087,1.551503000,2.440545000,1.184706000,0.000000000,0.000000000,0.000000000,1.000000000
1403715282.817143202,1.553279000,2.440974000,1.183947000,0.000000000,0.000000000,0.000000000,1.000000000
1403715282.822143078,1.555056000,2.441415000,1.183185000,0.000000000,0.000000000,0.000000000,1.000000000
1403715282.827142954,1.556844000,2.441860000,1.182412000,0.000000000,0.000000000,0.000000000,1.000000000
1403715282.832143307,1.558641000,2.442307000,1.181636000,0.000000000,0.000000000,0.000000000,1.000000000
1403715282.837143183,1.560438000,2.442763000,1.180858000,0.000000000,0.000000000,0.000000000,1.000000000
1403715282.842143059,1.562230000,2.443223000,1.180077000,0.000000000,0.000000000,0.000000000,1.000000000
1403715282.847142935,1.564013000,2.443679000,1.179300000,0.000000000,0.000000000,0.000000000,1.000000000
1403715282.852143288,1.565763000,2.444193000,1.178504000,0.000000000,0.000000000,0.000000000,1.000000000
1403715282.857143164,1.567537000,2.444641000,1.177717000,0.000000000,0.000000000,0.000000000,1.000000000
1403715282.862143040,1.569314000,2.445082000,1.176923000,0.000000000,0.000000000,0.000000000,1.000000000
1403715282.867142916,1.571092000,2.445531000,1.176129000,0.000000000,0.000000000,0.000000000,1.000000000
1403715282.872143269,1.572873000,2.445990000,1.175340000,0.000000000,0.000000000,0.000000000,1.000000000
1403715282.877142906,1.574657000,2.446457000,1.174555000,0.000000000,0.000000000,0.000000000,1.000000000
1403715282.882143021,1.576441000,2.446921000,1.173771000,0.000000000,0.000000000,0.000000000,1.000000000
1403715282.887142897,1.578220000,2.447381000,1.172991000,0.000000000,0.000000000,0.000000000,1.000000000
1403715282.892143250,1.579988000,2.447844000,1.172218000,0.000000000,0.000000000,0.000000000,1.000000000
1403715282.897142887,1.581751000,2.448310000,1.171457000,0.000000000,0.000000000,0.000000000,1.000000000
1403715282.902143002,1.583495000,2.448846000,1.170695000,0.000000000,0.000000000,0.000000000,1.000000000
1403715282.907143354,1.585272000,2.449324000,1.169945000,0.000000000,0.000000000,0.000000000,1.000000000
1403715282.912143230,1.587062000,2.449796000,1.169177000,0.000000000,0.000000000,0.000000000,1.000000000
1403715282.917143106,1.588856000,2.450267000,1.168385000,0.000000000,0.000000000,0.000000000,1.000000000
1403715282.922142982,1.590640000,2.450742000,1.167560000,0.000000000,0.000000000,0.000000000,1.000000000
1403715282.927143335,1.592419000,2.451210000,1.166721000,0.000000000,0.000000000,0.000000000,1.000000000
1403715282.932142973,1.594190000,2.451675000,1.165892000,0.000000000,0.000000000,0.000000000,1.000000000
1403715282.937143087,1.595960000,2.452134000,1.165075000,0.000000000,0.000000000,0.000000000,1.000000000
1403715282.942142963,1.597742000,2.452587000,1.164272000,0.000000000,0.000000000,0.000000000,1.000000000
1403715282.947143316,1.599537000,2.453044000,1.163487000,0.000000000,0.000000000,0.000000000,1.000000000
1403715282.952142954,1.601323000,2.453567000,1.162688000,0.000000000,0.000000000,0.000000000,1.000000000
1403715282.957143068,1.603144000,2.454028000,1.161930000,0.000000000,0.000000000,0.000000000,1.000000000
1403715282.962142944,1.604964000,2.454489000,1.161182000,0.000000000,0.000000000,0.000000000,1.000000000
1403715282.967143297,1.606773000,2.454954000,1.160425000,0.000000000,0.000000000,0.000000000,1.000000000
1403715282.972142935,1.608571000,2.455420000,1.159659000,0.000000000,0.000000000,0.000000000,1.000000000
1403715282.977143049,1.610364000,2.455884000,1.158884000,0.000000000,0.000000000,0.000000000,1.000000000
1403715282.982143164,1.612159000,2.456352000,1.158106000,0.000000000,0.000000000,0.000000000,1.000000000
1403715282.987143040,1.613956000,2.456831000,1.157327000,0.000000000,0.000000000,0.000000000,1.000000000
1403715282.992142916,1.615757000,2.457310000,1.156550000,0.000000000,0.000000000,0.000000000,1.000000000
1403715282.997143030,1.617564000,2.457781000,1.155784000,0.000000000,0.000000000,0.000000000,1.000000000
1403715283.002143145,1.619331000,2.458335000,1.155007000,0.000000000,0.000000000,0.000000000,1.000000000
1403715283.007143021,1.621116000,2.458812000,1.154225000,0.000000000,0.000000000,0.000000000,1.000000000
1403715283.012142897,1.622899000,2.459284000,1.153449000,0.000000000,0.000000000,0.000000000,1.000000000
1403715283.017143011,1.624682000,2.459756000,1.152683000,0.000000000,0.000000000,0.000000000,1.000000000
1403715283.022143126,1.626474000,2.460226000,1.151912000,0.000000000,0.000000000,0.000000000,1.000000000
1403715283.027143002,1.628273000,2.460696000,1.151128000,0.000000000,0.000000000,0.000000000,1.000000000
1403715283.032143116,1.630070000,2.461168000,1.150341000,0.000000000,0.000000000,0.000000000,1.000000000
1403715283.037143230,1.631869000,2.461642000,1.149567000,0.000000000,0.000000000,0.000000000,1.000000000
1403715283.042143345,1.633667000,2.462115000,1.148798000,0.000000000,0.000000000,0.000000000,1.000000000
1403715283.047142982,1.635463000,2.462585000,1.148026000,0.000000000,0.000000000,0.000000000,1.000000000
1403715283.052143097,1.637243000,2.463135000,1.147256000,0.000000000,0.000000000,0.000000000,1.000000000
1403715283.057143211,1.639039000,2.463624000,1.146491000,0.000000000,0.000000000,0.000000000,1.000000000
1403715283.062143087,1.640839000,2.464115000,1.145721000,0.000000000,0.000000000,0.000000000,1.000000000
1403715283.067142963,1.642644000,2.464604000,1.144947000,0.000000000,0.000000000,0.000000000,1.000000000
1403715283.072143078,1.644445000,2.465093000,1.144174000,0.000000000,0.000000000,0.000000000,1.000000000
1403715283.077143192,1.646239000,2.465585000,1.143393000,0.000000000,0.000000000,0.000000000,1.000000000
1403715283.082143068,1.648028000,2.466079000,1.142605000,0.000000000,0.000000000,0.000000000,1.000000000
1403715283.087142944,1.649816000,2.466575000,1.141818000,0.000000000,0.000000000,0.000000000,1.000000000
1403715283.092143297,1.651603000,2.467071000,1.141043000,0.000000000,0.000000000,0.000000000,1.000000000
1403715283.097143173,1.653391000,2.467563000,1.140279000,0.000000000,0.000000000,0.000000000,1.000000000
1403715283.102143049,1.655149000,2.468130000,1.139518000,0.000000000,0.000000000,0.000000000,1.000000000
1403715283.107142925,1.656924000,2.468636000,1.138766000,0.000000000,0.000000000,0.000000000,1.000000000
1403715283.112143278,1.658695000,2.469142000,1.138022000,0.000000000,0.000000000,0.000000000,1.000000000
1403715283.117143154,1.660466000,2.469643000,1.137285000,0.000000000,0.000000000,0.000000000,1.000000000
1403715283.122143030,1.662237000,2.470138000,1.136553000,0.000000000,0.000000000,0.000000000,1.000000000
1403715283.127142906,1.664005000,2.470632000,1.135822000,0.000000000,0.000000000,0.000000000,1.000000000
1403715283.132143259,1.665766000,2.471124000,1.135083000,0.000000000,0.000000000,0.000000000,1.000000000
1403715283.137142897,1.667520000,2.471614000,1.134336000,0.000000000,0.000000000,0.000000000,1.000000000
1403715283.142143011,1.669269000,2.472100000,1.133581000,0.000000000,0.000000000,0.000000000,1.000000000
1403715283.147142887,1.671016000,2.472588000,1.132822000,0.000000000,0.000000000,0.000000000,1.000000000
1403715283.152143240,1.672730000,2.473161000,1.132074000,0.000000000,0.000000000,0.000000000,1.000000000
1403715283.157143116,1.674472000,2.473667000,1.131319000,0.000000000,0.000000000,0.000000000,1.000000000
1403715283.162142992,1.676212000,2.474171000,1.130576000,0.000000000,0.000000000,0.000000000,1.000000000
1403715283.167143345,1.677945000,2.474674000,1.129845000,0.000000000,0.000000000,0.000000000,1.000000000
1403715283.172143221,1.679667000,2.475174000,1.129117000,0.000000000,0.000000000,0.000000000,1.000000000
1403715283.177143097,1.681380000,2.475675000,1.128390000,0.000000000,0.000000000,0.000000000,1.000000000
1403715283.182142973,1.683090000,2.476183000,1.127668000,0.000000000,0.000000000,0.000000000,1.000000000
1403715283.187143326,1.684796000,2.476695000,1.126943000,0.000000000,0.000000000,0.000000000,1.000000000
1403715283.192142963,1.686499000,2.477205000,1.126214000,0.000000000,0.000000000,0.000000000,1.000000000
1403715283.197143078,1.688198000,2.477715000,1.125484000,0.000000000,0.000000000,0.000000000,1.000000000
1403715283.202142954,1.689850000,2.478313000,1.124774000,0.000000000,0.000000000,0.000000000,1.000000000
1403715283.207143307,1.691520000,2.478844000,1.124053000,0.000000000,0.000000000,0.000000000,1.000000000
1403715283.212142944,1.693188000,2.479366000,1.123342000,0.000000000,0.000000000,0.000000000,1.000000000
1403715283.217143059,1.694855000,2.479885000,1.122640000,0.000000000,0.000000000,0.000000000,1.000000000
1403715283.222143173,1.696521000,2.480402000,1.121935000,0.000000000,0.000000000,0.000000000,1.000000000
1403715283.227143288,1.698179000,2.480920000,1.121231000,0.000000000,0.000000000,0.000000000,1.000000000
1403715283.232142925,1.699831000,2.481435000,1.120534000,0.000000000,0.000000000,0.000000000,1.000000000
1403715283.237143040,1.701480000,2.481944000,1.119843000,0.000000000,0.000000000,0.000000000,1.000000000
1403715283.242143154,1.703126000,2.482444000,1.119152000,0.000000000,0.000000000,0.000000000,1.000000000
1403715283.247143030,1.704773000,2.482941000,1.118452000,0.000000000,0.000000000,0.000000000,1.000000000
1403715283.252142906,1.706395000,2.483529000,1.117779000,0.000000000,0.000000000,0.000000000,1.000000000
1403715283.257143021,1.708041000,2.484048000,1.117085000,0.000000000,0.000000000,0.000000000,1.000000000
1403715283.262143135,1.709686000,2.484566000,1.116397000,0.000000000,0.000000000,0.000000000,1.000000000
1403715283.267143011,1.711324000,2.485083000,1.115708000,0.000000000,0.000000000,0.000000000,1.000000000
1403715283.272142887,1.712954000,2.485596000,1.115011000,0.000000000,0.000000000,0.000000000,1.000000000
1403715283.277143240,1.714575000,2.486107000,1.114310000,0.000000000,0.000000000,0.000000000,1.000000000
1403715283.282143354,1.716196000,2.486618000,1.113602000,0.000000000,0.000000000,0.000000000,1.000000000
1403715283.287142992,1.717825000,2.487122000,1.112884000,0.000000000,0.000000000,0.000000000,1.000000000
1403715283.292143106,1.719458000,2.487619000,1.112169000,0.000000000,0.000000000,0.000000000,1.000000000
1403715283.297143221,1.721084000,2.488118000,1.111459000,0.000000000,0.000000000,0.000000000,1.000000000
1403715283.302143097,1.722662000,2.488714000,1.110794000,0.000000000,0.000000000,0.000000000,1.000000000
1403715283.307142973,1.724247000,2.489226000,1.110117000,0.000000000,0.000000000,0.000000000,1.000000000
1403715283.312143087,1.725821000,2.489728000,1.109451000,0.000000000,0.000000000,0.000000000,1.000000000
1403715283.317143202,1.727387000,2.490227000,1.108796000,0.000000000,0.000000000,0.000000000,1.000000000
1403715283.322143078,1.728945000,2.490732000,1.108145000,0.000000000,0.000000000,0.000000000,1.000000000
1403715283.327142954,1.730502000,2.491232000,1.107501000,0.000000000,0.000000000,0.000000000,1.000000000
1403715283.332143307,1.732055000,2.491719000,1.106870000,0.000000000,0.000000000,0.000000000,1.000000000
1403715283.337143183,1.733588000,2.492215000,1.106244000,0.000000000,0.000000000,0.000000000,1.000000000
1403715283.342143059,1.735102000,2.492721000,1.105607000,0.000000000,0.000000000,0.000000000,1.000000000
1403715283.347142935,1.736610000,2.493220000,1.104966000,0.000000000,0.000000000,0.000000000,1.000000000
1403715283.352143288,1.738104000,2.493812000,1.104357000,0.000000000,0.000000000,0.000000000,1.000000000
1403715283.357143164,1.739615000,2.494324000,1.103722000,0.000000000,0.000000000,0.000000000,1.000000000
1403715283.362143040,1.741124000,2.494839000,1.103078000,0.000000000,0.000000000,0.000000000,1.000000000
1403715283.367142916,1.742622000,2.495349000,1.102429000,0.000000000,0.000000000,0.000000000,1.000000000
1403715283.372143269,1.744101000,2.495856000,1.101773000,0.000000000,0.000000000,0.000000000,1.000000000
1403715283.377142906,1.745558000,2.496363000,1.101100000,0.000000000,0.000000000,0.000000000,1.000000000
1403715283.382143021,1.747004000,2.496870000,1.100414000,0.000000000,0.000000000,0.000000000,1.000000000
1403715283.387142897,1.748449000,2.497379000,1.099725000,0.000000000,0.000000000,0.000000000,1.000000000
1403715283.392143250,1.749894000,2.497884000,1.099046000,0.000000000,0.000000000,0.000000000,1.000000000
1403715283.397142887,1.751337000,2.498381000,1.098380000,0.000000000,0.000000000,0.000000000,1.000000000
1403715283.402143002,1.752758000,2.498984000,1.097743000,0.000000000,0.000000000,0.000000000,1.000000000
1403715283.407143354,1.754180000,2.499496000,1.097091000,0.000000000,0.000000000,0.000000000,1.000000000
1403715283.412143230,1.755595000,2.499998000,1.096453000,0.000000000,0.000000000,0.000000000,1.000000000
1403715283.417143106,1.757000000,2.500495000,1.095810000,0.000000000,0.000000000,0.000000000,1.000000000
1403715283.422142982,1.758392000,2.500992000,1.095152000,0.000000000,0.000000000,0.000000000,1.000000000
1403715283.427143335,1.759779000,2.501490000,1.094486000,0.000000000,0.000000000,0.000000000,1.000000000
1403715283.432142973,1.761163000,2.501994000,1.093818000,0.000000000,0.000000000,0.000000000,1.000000000
1403715283.437143087,1.762546000,2.502498000,1.093151000,0.000000000,0.000000000,0.000000000,1.000000000
1403715283.442142963,1.763924000,2.503001000,1.092478000,0.000000000,0.000000000,0.000000000,1.000000000
1403715283.447143316,1.765288000,2.503502000,1.091799000,0.000000000,0.000000000,0.000000000,1.000000000
1403715283.452142954,1.766634000,2.504109000,1.091142000,0.000000000,0.000000000,0.000000000,1.000000000
1403715283.457143068,1.767975000,2.504620000,1.090476000,0.000000000,0.000000000,0.000000000,1.000000000
1403715283.462142944,1.769310000,2.505119000,1.089821000,0.000000000,0.000000000,0.000000000,1.000000000
1403715283.467143297,1.770639000,2.505617000,1.089174000,0.000000000,0.000000000,0.000000000,1.000000000
1403715283.472142935,1.771957000,2.506122000,1.088531000,0.000000000,0.000000000,0.000000000,1.000000000
1403715283.477143049,1.773268000,2.506626000,1.087893000,0.000000000,0.000000000,0.000000000,1.000000000
1403715283.482143164,1.774576000,2.507121000,1.087270000,0.000000000,0.000000000,0.000000000,1.000000000
1403715283.487143040,1.775878000,2.507609000,1.086655000,0.000000000,0.000000000,0.000000000,1.000000000
1403715283.492142916,1.777173000,2.508096000,1.086039000,0.000000000,0.000000000,0.000000000,1.000000000
1403715283.497143030,1.778465000,2.508582000,1.085428000,0.000000000,0.000000000,0.000000000,1.000000000
1403715283.502143145,1.779753000,2.509168000,1.084844000,0.000000000,0.000000000,0.000000000,1.000000000
1403715283.507143021,1.781032000,2.509664000,1.084246000,0.000000000,0.000000000,0.000000000,1.000000000
1403715283.512142897,1.782306000,2.510154000,1.083643000,0.000000000,0.000000000,0.000000000,1.000000000
1403715283.517143011,1.783575000,2.510644000,1.083045000,0.000000000,0.000000000,0.000000000,1.000000000
1403715283.522143126,1.784835000,2.511136000,1.082448000,0.000000000,0.000000000,0.000000000,1.000000000
1403715283.527143002,1.786087000,2.511622000,1.081853000,0.000000000,0.000000000,0.000000000,1.000000000
1403715283.532143116,1.787329000,2.512104000,1.081266000,0.000000000,0.000000000,0.000000000,1.000000000
1403715283.537143230,1.788557000,2.512589000,1.080686000,0.000000000,0.000000000,0.000000000,1.000000000
1403715283.542143345,1.789773000,2.513073000,1.080111000,0.000000000,0.000000000,0.000000000,1.000000000
1403715283.547142982,1.790981000,2.513551000,1.079551000,0.000000000,0.000000000,0.000000000,1.000000000
1403715283.552143097,1.792191000,2.514131000,1.078999000,0.000000000,0.000000000,0.000000000,1.000000000
1403715283.557143211,1.793394000,2.514633000,1.078450000,0.000000000,0.000000000,0.000000000,1.000000000
1403715283.562143087,1.794595000,2.515131000,1.077899000,0.000000000,0.000000000,0.000000000,1.000000000
1403715283.567142963,1.795794000,2.515622000,1.077352000,0.000000000,0.000000000,0.000000000,1.000000000
1403715283.572143078,1.796989000,2.516118000,1.076798000,0.000000000,0.000000000,0.000000000,1.000000000
1403715283.577143192,1.798182000,2.516616000,1.076237000,0.000000000,0.000000000,0.000000000,1.000000000
1403715283.582143068,1.799379000,2.517110000,1.075685000,0.000000000,0.000000000,0.000000000,1.000000000
1403715283.587142944,1.800580000,2.517596000,1.075143000,0.000000000,0.000000000,0.000000000,1.000000000
1403715283.592143297,1.801782000,2.518069000,1.074605000,0.000000000,0.000000000,0.000000000,1.000000000
1403715283.597143173,1.802974000,2.518533000,1.074065000,0.000000000,0.000000000,0.000000000,1.000000000
1403715283.602143049,1.804166000,2.519086000,1.073508000,0.000000000,0.000000000,0.000000000,1.000000000
1403715283.607142925,1.805349000,2.519548000,1.072976000,0.000000000,0.000000000,0.000000000,1.000000000
1403715283.612143278,1.806539000,2.519999000,1.072447000,0.000000000,0.000000000,0.000000000,1.000000000
1403715283.617143154,1.807736000,2.520450000,1.071915000,0.000000000,0.000000000,0.000000000,1.000000000
1403715283.622143030,1.808934000,2.520902000,1.071379000,0.000000000,0.000000000,0.000000000,1.000000000
1403715283.627142906,1.810128000,2.521351000,1.070852000,0.000000000,0.000000000,0.000000000,1.000000000
1403715283.632143259,1.811319000,2.521793000,1.070335000,0.000000000,0.000000000,0.000000000,1.000000000
1403715283.637142897,1.812510000,2.522222000,1.069821000,0.000000000,0.000000000,0.000000000,1.000000000
1403715283.642143011,1.813704000,2.522642000,1.069308000,0.000000000,0.000000000,0.000000000,1.000000000
1403715283.647142887,1.814902000,2.523061000,1.068794000,0.000000000,0.000000000,0.000000000,1.000000000
1403715283.652143240,1.816120000,2.523576000,1.068238000,0.000000000,0.000000000,0.000000000,1.000000000
1403715283.657143116,1.817328000,2.523998000,1.067724000,0.000000000,0.000000000,0.000000000,1.000000000
1403715283.662142992,1.818528000,2.524409000,1.067210000,0.000000000,0.000000000,0.000000000,1.000000000
1403715283.667143345,1.819716000,2.524816000,1.066693000,0.000000000,0.000000000,0.000000000,1.000000000
1403715283.672143221,1.820896000,2.525216000,1.066178000,0.000000000,0.000000000,0.000000000,1.000000000
1403715283.677143097,1.822079000,2.525605000,1.065670000,0.000000000,0.000000000,0.000000000,1.000000000
1403715283.682142973,1.823275000,2.525979000,1.065164000,0.000000000,0.000000000,0.000000000,1.000000000
1403715283.687143326,1.824484000,2.526344000,1.064658000,0.000000000,0.000000000,0.000000000,1.000000000
1403715283.692142963,1.825699000,2.526703000,1.064155000,0.000000000,0.000000000,0.000000000,1.000000000
1403715283.697143078,1.826910000,2.527053000,1.063655000,0.000000000,0.000000000,0.000000000,1.000000000
1403715283.702142954,1.828123000,2.527485000,1.063099000,0.000000000,0.000000000,0.000000000,1.000000000
1403715283.707143307,1.829318000,2.527849000,1.062592000,0.000000000,0.000000000,0.000000000,1.000000000
1403715283.712142944,1.830511000,2.528224000,1.062073000,0.000000000,0.000000000,0.000000000,1.000000000
1403715283.717143059,1.831712000,2.528594000,1.061555000,0.000000000,0.000000000,0.000000000,1.000000000
1403715283.722143173,1.832922000,2.528949000,1.061058000,0.000000000,0.000000000,0.000000000,1.000000000
1403715283.727143288,1.834135000,2.529290000,1.060569000,0.000000000,0.000000000,0.000000000,1.000000000
1403715283.732142925,1.835344000,2.529619000,1.060073000,0.000000000,0.000000000,0.000000000,1.000000000
1403715283.737143040,1.836544000,2.529940000,1.059567000,0.000000000,0.000000000,0.000000000,1.000000000
1403715283.742143154,1.837740000,2.530258000,1.059058000,0.000000000,0.000000000,0.000000000,1.000000000
1403715283.747143030,1.838942000,2.530572000,1.058556000,0.000000000,0.000000000,0.000000000,1.000000000
1403715283.752142906,1.840168000,2.530977000,1.057997000,0.000000000,0.000000000,0.000000000,1.000000000
1403715283.757143021,1.841390000,2.531301000,1.057491000,0.000000000,0.000000000,0.000000000,1.000000000
1403715283.762143135,1.842617000,2.531616000,1.056995000,0.000000000,0.000000000,0.000000000,1.000000000
1403715283.767143011,1.843842000,2.531925000,1.056516000,0.000000000,0.000000000,0.000000000,1.000000000
1403715283.772142887,1.845058000,2.532232000,1.056053000,0.000000000,0.000000000,0.000000000,1.000000000
1403715283.777143240,1.846268000,2.532529000,1.055592000,0.000000000,0.000000000,0.000000000,1.000000000
1403715283.782143354,1.847479000,2.532812000,1.055130000,0.000000000,0.000000000,0.000000000,1.000000000
1403715283.787142992,1.848699000,2.533091000,1.054670000,0.000000000,0.000000000,0.000000000,1.000000000
1403715283.792143106,1.849931000,2.533371000,1.054206000,0.000000000,0.000000000,0.000000000,1.000000000
1403715283.797143221,1.851174000,2.533641000,1.053740000,0.000000000,0.000000000,0.000000000,1.000000000
1403715283.802143097,1.852431000,2.534007000,1.053219000,0.000000000,0.000000000,0.000000000,1.000000000
1403715283.807142973,1.853671000,2.534288000,1.052727000,0.000000000,0.000000000,0.000000000,1.000000000
1403715283.812143087,1.854899000,2.534565000,1.052240000,0.000000000,0.000000000,0.000000000,1.000000000
1403715283.817143202,1.856126000,2.534836000,1.051763000,0.000000000,0.000000000,0.000000000,1.000000000
1403715283.822143078,1.857360000,2.535093000,1.051295000,0.000000000,0.000000000,0.000000000,1.000000000
1403715283.827142954,1.858599000,2.535338000,1.050835000,0.000000000,0.000000000,0.000000000,1.000000000
1403715283.832143307,1.859840000,2.535578000,1.050379000,0.000000000,0.000000000,0.000000000,1.000000000
1403715283.837143183,1.861078000,2.535812000,1.049919000,0.000000000,0.000000000,0.000000000,1.000000000
1403715283.842143059,1.862309000,2.536035000,1.049452000,0.000000000,0.000000000,0.000000000,1.000000000
1403715283.847142935,1.863527000,2.536254000,1.048979000,0.000000000,0.000000000,0.000000000,1.000000000
1403715283.852143288,1.864750000,2.536578000,1.048434000,0.000000000,0.000000000,0.000000000,1.000000000
1403715283.857143164,1.865967000,2.536819000,1.047917000,0.000000000,0.000000000,0.000000000,1.000000000
1403715283.862143040,1.867200000,2.537058000,1.047396000,0.000000000,0.000000000,0.000000000,1.000000000
1403715283.867142916,1.868436000,2.537290000,1.046882000,0.000000000,0.000000000,0.000000000,1.000000000
1403715283.872143269,1.869663000,2.537507000,1.046386000,0.000000000,0.000000000,0.000000000,1.000000000
1403715283.877142906,1.870881000,2.537711000,1.045909000,0.000000000,0.000000000,0.000000000,1.000000000
1403715283.882143021,1.872091000,2.537906000,1.045437000,0.000000000,0.000000000,0.000000000,1.000000000
1403715283.887142897,1.873299000,2.538094000,1.044964000,0.000000000,0.000000000,0.000000000,1.000000000
1403715283.892143250,1.874513000,2.538280000,1.044492000,0.000000000,0.000000000,0.000000000,1.000000000
1403715283.897142887,1.875739000,2.538465000,1.044018000,0.000000000,0.000000000,0.000000000,1.000000000
1403715283.902143002,1.876988000,2.538750000,1.043480000,0.000000000,0.000000000,0.000000000,1.000000000
1403715283.907143354,1.878226000,2.538946000,1.042996000,0.000000000,0.000000000,0.000000000,1.000000000
1403715283.912143230,1.879460000,2.539136000,1.042516000,0.000000000,0.000000000,0.000000000,1.000000000
1403715283.917143106,1.880681000,2.539323000,1.042027000,0.000000000,0.000000000,0.000000000,1.000000000
1403715283.922142982,1.881893000,2.539506000,1.041524000,0.000000000,0.000000000,0.000000000,1.000000000
1403715283.927143335,1.883099000,2.539681000,1.041019000,0.000000000,0.000000000,0.000000000,1.000000000
1403715283.932142973,1.884307000,2.539846000,1.040527000,0.000000000,0.000000000,0.000000000,1.000000000
1403715283.937143087,1.885524000,2.540002000,1.040040000,0.000000000,0.000000000,0.000000000,1.000000000
1403715283.942142963,1.886746000,2.540156000,1.039550000,0.000000000,0.000000000,0.000000000,1.000000000
1403715283.947143316,1.887970000,2.540306000,1.039054000,0.000000000,0.000000000,0.000000000,1.000000000
1403715283.952142954,1.889198000,2.540551000,1.038486000,0.000000000,0.000000000,0.000000000,1.000000000
1403715283.957143068,1.890415000,2.540704000,1.037962000,0.000000000,0.000000000,0.000000000,1.000000000
1403715283.962142944,1.891631000,2.540854000,1.037418000,0.000000000,0.000000000,0.000000000,1.000000000
1403715283.967143297,1.892852000,2.541002000,1.036860000,0.000000000,0.000000000,0.000000000,1.000000000
1403715283.972142935,1.894081000,2.541147000,1.036295000,0.000000000,0.000000000,0.000000000,1.000000000
1403715283.977143049,1.895322000,2.541291000,1.035723000,0.000000000,0.000000000,0.000000000,1.000000000
1403715283.982143164,1.896570000,2.541434000,1.035130000,0.000000000,0.000000000,0.000000000,1.000000000
1403715283.987143040,1.897816000,2.541572000,1.034523000,0.000000000,0.000000000,0.000000000,1.000000000
1403715283.992142916,1.899060000,2.541704000,1.033915000,0.000000000,0.000000000,0.000000000,1.000000000
1403715283.997143030,1.900302000,2.541833000,1.033311000,0.000000000,0.000000000,0.000000000,1.000000000
1403715284.002143145,1.901554000,2.542063000,1.032656000,0.000000000,0.000000000,0.000000000,1.000000000
1403715284.007143021,1.902797000,2.542186000,1.032047000,0.000000000,0.000000000,0.000000000,1.000000000
1403715284.012142897,1.904042000,2.542293000,1.031445000,0.000000000,0.000000000,0.000000000,1.000000000
1403715284.017143011,1.905289000,2.542400000,1.030841000,0.000000000,0.000000000,0.000000000,1.000000000
1403715284.022143126,1.906537000,2.542513000,1.030231000,0.000000000,0.000000000,0.000000000,1.000000000
1403715284.027143002,1.907783000,2.542622000,1.029632000,0.000000000,0.000000000,0.000000000,1.000000000
1403715284.032143116,1.909030000,2.542720000,1.029054000,0.000000000,0.000000000,0.000000000,1.000000000
1403715284.037143230,1.910279000,2.542804000,1.028492000,0.000000000,0.000000000,0.000000000,1.000000000
1403715284.042143345,1.911531000,2.542881000,1.027921000,0.000000000,0.000000000,0.000000000,1.000000000
1403715284.047142982,1.912787000,2.542958000,1.027330000,0.000000000,0.000000000,0.000000000,1.000000000
1403715284.052143097,1.914064000,2.543140000,1.026690000,0.000000000,0.000000000,0.000000000,1.000000000
1403715284.057143211,1.915331000,2.543229000,1.026075000,0.000000000,0.000000000,0.000000000,1.000000000
1403715284.062143087,1.916597000,2.543316000,1.025457000,0.000000000,0.000000000,0.000000000,1.000000000
1403715284.067142963,1.917856000,2.543402000,1.024838000,0.000000000,0.000000000,0.000000000,1.000000000
1403715284.072143078,1.919108000,2.543481000,1.024228000,0.000000000,0.000000000,0.000000000,1.000000000
1403715284.077143192,1.920352000,2.543550000,1.023635000,0.000000000,0.000000000,0.000000000,1.000000000
1403715284.082143068,1.921592000,2.543613000,1.023056000,0.000000000,0.000000000,0.000000000,1.000000000
1403715284.087142944,1.922836000,2.543668000,1.022486000,0.000000000,0.000000000,0.000000000,1.000000000
1403715284.092143297,1.924090000,2.543714000,1.021924000,0.000000000,0.000000000,0.000000000,1.000000000
1403715284.097143173,1.925353000,2.543755000,1.021362000,0.000000000,0.000000000,0.000000000,1.000000000
1403715284.102143049,1.926631000,2.543890000,1.020757000,0.000000000,0.000000000,0.000000000,1.000000000
1403715284.107142925,1.927885000,2.543939000,1.020179000,0.000000000,0.000000000,0.000000000,1.000000000
1403715284.112143278,1.929124000,2.543991000,1.019600000,0.000000000,0.000000000,0.000000000,1.000000000
1403715284.117143154,1.930354000,2.544042000,1.019029000,0.000000000,0.000000000,0.000000000,1.000000000
1403715284.122143030,1.931584000,2.544089000,1.018470000,0.000000000,0.000000000,0.000000000,1.000000000
1403715284.127142906,1.932821000,2.544133000,1.017921000,0.000000000,0.000000000,0.000000000,1.000000000
1403715284.132143259,1.934059000,2.544174000,1.017376000,0.000000000,0.000000000,0.000000000,1.000000000
1403715284.137142897,1.935298000,2.544211000,1.016823000,0.000000000,0.000000000,0.000000000,1.000000000
1403715284.142143011,1.936531000,2.544249000,1.016255000,0.000000000,0.000000000,0.000000000,1.000000000
1403715284.147142887,1.937751000,2.544286000,1.015680000,0.000000000,0.000000000,0.000000000,1.000000000
1403715284.152143240,1.938979000,2.544414000,1.015061000,0.000000000,0.000000000,0.000000000,1.000000000
1403715284.157143116,1.940190000,2.544448000,1.014481000,0.000000000,0.000000000,0.000000000,1.000000000
1403715284.162142992,1.941407000,2.544469000,1.013904000,0.000000000,0.000000000,0.000000000,1.000000000
1403715284.167143345,1.942627000,2.544480000,1.013332000,0.000000000,0.000000000,0.000000000,1.000000000
1403715284.172143221,1.943847000,2.544483000,1.012765000,0.000000000,0.000000000,0.000000000,1.000000000
1403715284.177143097,1.945064000,2.544471000,1.012198000,0.000000000,0.000000000,0.000000000,1.000000000
1403715284.182142973,1.946271000,2.544447000,1.011631000,0.000000000,0.000000000,0.000000000,1.000000000
1403715284.187143326,1.947469000,2.544425000,1.011059000,0.000000000,0.000000000,0.000000000,1.000000000
1403715284.192142963,1.948660000,2.544401000,1.010484000,0.000000000,0.000000000,0.000000000,1.000000000
1403715284.197143078,1.949841000,2.544368000,1.009924000,0.000000000,0.000000000,0.000000000,1.000000000
1403715284.202142954,1.951039000,2.544436000,1.009355000,0.000000000,0.000000000,0.000000000,1.000000000
1403715284.207143307,1.952220000,2.544400000,1.008831000,0.000000000,0.000000000,0.000000000,1.000000000
1403715284.212142944,1.953399000,2.544341000,1.008323000,0.000000000,0.000000000,0.000000000,1.000000000
1403715284.217143059,1.954570000,2.544272000,1.007808000,0.000000000,0.000000000,0.000000000,1.000000000
1403715284.222143173,1.955730000,2.544199000,1.007284000,0.000000000,0.000000000,0.000000000,1.000000000
1403715284.227143288,1.956874000,2.544119000,1.006762000,0.000000000,0.000000000,0.000000000,1.000000000
1403715284.232142925,1.958009000,2.544031000,1.006239000,0.000000000,0.000000000,0.000000000,1.000000000
1403715284.237143040,1.959142000,2.543936000,1.005715000,0.000000000,0.000000000,0.000000000,1.000000000
1403715284.242143154,1.960278000,2.543835000,1.005190000,0.000000000,0.000000000,0.000000000,1.000000000
1403715284.247143030,1.961416000,2.543727000,1.004676000,0.000000000,0.000000000,0.000000000,1.000000000
1403715284.252142906,1.962569000,2.543717000,1.004171000,0.000000000,0.000000000,0.000000000,1.000000000
1403715284.257143021,1.963696000,2.543596000,1.003691000,0.000000000,0.000000000,0.000000000,1.000000000
1403715284.262143135,1.964815000,2.543462000,1.003219000,0.000000000,0.000000000,0.000000000,1.000000000
1403715284.267143011,1.965926000,2.543321000,1.002746000,0.000000000,0.000000000,0.000000000,1.000000000
1403715284.272142887,1.967036000,2.543167000,1.002276000,0.000000000,0.000000000,0.000000000,1.000000000
1403715284.277143240,1.968142000,2.542998000,1.001811000,0.000000000,0.000000000,0.000000000,1.000000000
1403715284.282143354,1.969240000,2.542818000,1.001343000,0.000000000,0.000000000,0.000000000,1.000000000
1403715284.287142992,1.970328000,2.542626000,1.000864000,0.000000000,0.000000000,0.000000000,1.000000000
1403715284.292143106,1.971407000,2.542420000,1.000375000,0.000000000,0.000000000,0.000000000,1.000000000
1403715284.297143221,1.972483000,2.542200000,0.999881000,0.000000000,0.000000000,0.000000000,1.000000000
1403715284.302143097,1.973584000,2.542086000,0.999385000,0.000000000,0.000000000,0.000000000,1.000000000
1403715284.307142973,1.974657000,2.541868000,0.998911000,0.000000000,0.000000000,0.000000000,1.000000000
1403715284.312143087,1.975721000,2.541635000,0.998445000,0.000000000,0.000000000,0.000000000,1.000000000
1403715284.317143202,1.976768000,2.541390000,0.997988000,0.000000000,0.000000000,0.000000000,1.000000000
1403715284.322143078,1.977795000,2.541136000,0.997540000,0.000000000,0.000000000,0.000000000,1.000000000
1403715284.327142954,1.978809000,2.540870000,0.997107000,0.000000000,0.000000000,0.000000000,1.000000000
1403715284.332143307,1.979815000,2.540590000,0.996688000,0.000000000,0.000000000,0.000000000,1.000000000
1403715284.337143183,1.980819000,2.540297000,0.996273000,0.000000000,0.000000000,0.000000000,1.000000000
1403715284.342143059,1.981822000,2.539992000,0.995858000,0.000000000,0.000000000,0.000000000,1.000000000
1403715284.347142935,1.982820000,2.539672000,0.995449000,0.000000000,0.000000000,0.000000000,1.000000000
1403715284.352143288,1.983834000,2.539451000,0.995046000,0.000000000,0.000000000,0.000000000,1.000000000
1403715284.357143164,1.984816000,2.539125000,0.994641000,0.000000000,0.000000000,0.000000000,1.000000000
1403715284.362143040,1.985779000,2.538788000,0.994247000,0.000000000,0.000000000,0.000000000,1.000000000
1403715284.367142916,1.986723000,2.538440000,0.993866000,0.000000000,0.000000000,0.000000000,1.000000000
1403715284.372143269,1.987652000,2.538075000,0.993491000,0.000000000,0.000000000,0.000000000,1.000000000
1403715284.377142906,1.988570000,2.537694000,0.993118000,0.000000000,0.000000000,0.000000000,1.000000000
1403715284.382143021,1.989479000,2.537303000,0.992758000,0.000000000,0.000000000,0.000000000,1.000000000
1403715284.387142897,1.990381000,2.536899000,0.992417000,0.000000000,0.000000000,0.000000000,1.000000000
1403715284.392143250,1.991276000,2.536475000,0.992088000,0.000000000,0.000000000,0.000000000,1.000000000
1403715284.397142887,1.992163000,2.536035000,0.991766000,0.000000000,0.000000000,0.000000000,1.000000000
1403715284.402143002,1.993071000,2.535709000,0.991472000,0.000000000,0.000000000,0.000000000,1.000000000
1403715284.407143354,1.993948000,2.535279000,0.991137000,0.000000000,0.000000000,0.000000000,1.000000000
1403715284.412143230,1.994818000,2.534846000,0.990791000,0.000000000,0.000000000,0.000000000,1.000000000
1403715284.417143106,1.995684000,2.534405000,0.990442000,0.000000000,0.000000000,0.000000000,1.000000000
1403715284.422142982,1.996545000,2.533950000,0.990097000,0.000000000,0.000000000,0.000000000,1.000000000
1403715284.427143335,1.997393000,2.533484000,0.989756000,0.000000000,0.000000000,0.000000000,1.000000000
1403715284.432142973,1.998223000,2.533012000,0.989413000,0.000000000,0.000000000,0.000000000,1.000000000
1403715284.437143087,1.999038000,2.532522000,0.989073000,0.000000000,0.000000000,0.000000000,1.000000000
1403715284.442142963,1.999842000,2.532004000,0.988746000,0.000000000,0.000000000,0.000000000,1.000000000
1403715284.447143316,2.000641000,2.531467000,0.988432000,0.000000000,0.000000000,0.000000000,1.000000000
1403715284.452142954,2.001469000,2.531030000,0.988149000,0.000000000,0.000000000,0.000000000,1.000000000
1403715284.457143068,2.002272000,2.530492000,0.987854000,0.000000000,0.000000000,0.000000000,1.000000000
1403715284.462142944,2.003068000,2.529949000,0.987562000,0.000000000,0.000000000,0.000000000,1.000000000
1403715284.467143297,2.003856000,2.529400000,0.987266000,0.000000000,0.000000000,0.000000000,1.000000000
1403715284.472142935,2.004633000,2.528845000,0.986967000,0.000000000,0.000000000,0.000000000,1.000000000
1403715284.477143049,2.005397000,2.528282000,0.986668000,0.000000000,0.000000000,0.000000000,1.000000000
1403715284.482143164,2.006151000,2.527714000,0.986372000,0.000000000,0.000000000,0.000000000,1.000000000
1403715284.487143040,2.006899000,2.527133000,0.986078000,0.000000000,0.000000000,0.000000000,1.000000000
1403715284.492142916,2.007644000,2.526536000,0.985792000,0.000000000,0.000000000,0.000000000,1.000000000
1403715284.497143030,2.008388000,2.525929000,0.985512000,0.000000000,0.000000000,0.000000000,1.000000000
1403715284.502143145,2.009159000,2.525420000,0.985249000,0.000000000,0.000000000,0.000000000,1.000000000
1403715284.507143021,2.009909000,2.524793000,0.984974000,0.000000000,0.000000000,0.000000000,1.000000000
1403715284.512142897,2.010653000,2.524157000,0.984702000,0.000000000,0.000000000,0.000000000,1.000000000
1403715284.517143011,2.011388000,2.523513000,0.984438000,0.000000000,0.000000000,0.000000000,1.000000000
1403715284.522143126,2.012118000,2.522856000,0.984183000,0.000000000,0.000000000,0.000000000,1.000000000
1403715284.527143002,2.012841000,2.522188000,0.983925000,0.000000000,0.000000000,0.000000000,1.000000000
1403715284.532143116,2.013563000,2.521511000,0.983658000,0.000000000,0.000000000,0.000000000,1.000000000
1403715284.537143230,2.014286000,2.520821000,0.983389000,0.000000000,0.000000000,0.000000000,1.000000000
1403715284.542143345,2.015011000,2.520124000,0.983120000,0.000000000,0.000000000,0.000000000,1.000000000
1403715284.547142982,2.015742000,2.519427000,0.982851000,0.000000000,0.000000000,0.000000000,1.000000000
1403715284.552143097,2.016509000,2.518846000,0.982590000,0.000000000,0.000000000,0.000000000,1.000000000
1403715284.557143211,2.017249000,2.518155000,0.982319000,0.000000000,0.000000000,0.000000000,1.000000000
1403715284.562143087,2.017981000,2.517457000,0.982051000,0.000000000,0.000000000,0.000000000,1.000000000
1403715284.567142963,2.018701000,2.516750000,0.981790000,0.000000000,0.000000000,0.000000000,1.000000000
1403715284.572143078,2.019414000,2.516033000,0.981541000,0.000000000,0.000000000,0.000000000,1.000000000
1403715284.577143192,2.020127000,2.515311000,0.981293000,0.000000000,0.000000000,0.000000000,1.000000000
1403715284.582143068,2.020842000,2.514585000,0.981042000,0.000000000,0.000000000,0.000000000,1.000000000
1403715284.587142944,2.021560000,2.513860000,0.980795000,0.000000000,0.000000000,0.000000000,1.000000000
1403715284.592143297,2.022277000,2.513138000,0.980551000,0.000000000,0.000000000,0.000000000,1.000000000
1403715284.597143173,2.022985000,2.512418000,0.980305000,0.000000000,0.000000000,0.000000000,1.000000000
1403715284.602143049,2.023711000,2.511805000,0.980059000,0.000000000,0.000000000,0.000000000,1.000000000
1403715284.607142925,2.024405000,2.511096000,0.979814000,0.000000000,0.000000000,0.000000000,1.000000000
1403715284.612143278,2.025094000,2.510380000,0.979570000,0.000000000,0.000000000,0.000000000,1.000000000
1403715284.617143154,2.025784000,2.509657000,0.979321000,0.000000000,0.000000000,0.000000000,1.000000000
1403715284.622143030,2.026480000,2.508927000,0.979072000,0.000000000,0.000000000,0.000000000,1.000000000
1403715284.627142906,2.027180000,2.508195000,0.978817000,0.000000000,0.000000000,0.000000000,1.000000000
1403715284.632143259,2.027877000,2.507466000,0.978551000,0.000000000,0.000000000,0.000000000,1.000000000
1403715284.637142897,2.028569000,2.506735000,0.978275000,0.000000000,0.000000000,0.000000000,1.000000000
1403715284.642143011,2.029260000,2.505997000,0.977996000,0.000000000,0.000000000,0.000000000,1.000000000
1403715284.647142887,2.029954000,2.505255000,0.977717000,0.000000000,0.000000000,0.000000000,1.000000000
1403715284.652143240,2.030690000,2.504622000,0.977449000,0.000000000,0.000000000,0.000000000,1.000000000
1403715284.657143116,2.031395000,2.503898000,0.977183000,0.000000000,0.000000000,0.000000000,1.000000000
1403715284.662142992,2.032095000,2.503167000,0.976926000,0.000000000,0.000000000,0.000000000,1.000000000
1403715284.667143345,2.032790000,2.502431000,0.976674000,0.000000000,0.000000000,0.000000000,1.000000000
1403715284.672143221,2.033482000,2.501685000,0.976420000,0.000000000,0.000000000,0.000000000,1.000000000
1403715284.677143097,2.034176000,2.500927000,0.976174000,0.000000000,0.000000000,0.000000000,1.000000000
1403715284.682142973,2.034874000,2.500165000,0.975930000,0.000000000,0.000000000,0.000000000,1.000000000
1403715284.687143326,2.035573000,2.499405000,0.975686000,0.000000000,0.000000000,0.000000000,1.000000000
1403715284.692142963,2.036274000,2.498640000,0.975447000,0.000000000,0.000000000,0.000000000,1.000000000
1403715284.697143078,2.036974000,2.497872000,0.975210000,0.000000000,0.000000000,0.000000000,1.000000000
1403715284.702142954,2.037705000,2.497201000,0.974958000,0.000000000,0.000000000,0.000000000,1.000000000
1403715284.707143307,2.038411000,2.496454000,0.974720000,0.000000000,0.000000000,0.000000000,1.000000000
1403715284.712142944,2.039119000,2.495705000,0.974487000,0.000000000,0.000000000,0.000000000,1.000000000
1403715284.717143059,2.039828000,2.494954000,0.974258000,0.000000000,0.000000000,0.000000000,1.000000000
1403715284.722143173,2.040535000,2.494204000,0.974027000,0.000000000,0.000000000,0.000000000,1.000000000
1403715284.727143288,2.041237000,2.493449000,0.973794000,0.000000000,0.000000000,0.000000000,1.000000000
1403715284.732142925,2.041928000,2.492693000,0.973569000,0.000000000,0.000000000,0.000000000,1.000000000
1403715284.737143040,2.042609000,2.491940000,0.973346000,0.000000000,0.000000000,0.000000000,1.000000000
1403715284.742143154,2.043283000,2.491184000,0.973124000,0.000000000,0.000000000,0.000000000,1.000000000
1403715284.747143030,2.043959000,2.490421000,0.972904000,0.000000000,0.000000000,0.000000000,1.000000000
1403715284.752142906,2.044672000,2.489752000,0.972668000,0.000000000,0.000000000,0.000000000,1.000000000
1403715284.757143021,2.045361000,2.489005000,0.972445000,0.000000000,0.000000000,0.000000000,1.000000000
1403715284.762143135,2.046049000,2.488256000,0.972221000,0.000000000,0.000000000,0.000000000,1.000000000
1403715284.767143011,2.046730000,2.487514000,0.972000000,0.000000000,0.000000000,0.000000000,1.000000000
1403715284.772142887,2.047401000,2.486771000,0.971779000,0.000000000,0.000000000,0.000000000,1.000000000
1403715284.777143240,2.048064000,2.486021000,0.971559000,0.000000000,0.000000000,0.000000000,1.000000000
1403715284.782143354,2.048725000,2.485273000,0.971332000,0.000000000,0.000000000,0.000000000,1.000000000
1403715284.787142992,2.049391000,2.484530000,0.971100000,0.000000000,0.000000000,0.000000000,1.000000000
1403715284.792143106,2.050064000,2.483784000,0.970867000,0.000000000,0.000000000,0.000000000,1.000000000
1403715284.797143221,2.050740000,2.483039000,0.970643000,0.000000000,0.000000000,0.000000000,1.000000000
1403715284.802143097,2.051438000,2.482398000,0.970398000,0.000000000,0.000000000,0.000000000,1.000000000
1403715284.807142973,2.052099000,2.481688000,0.970168000,0.000000000,0.000000000,0.000000000,1.000000000
1403715284.812143087,2.052749000,2.480979000,0.969942000,0.000000000,0.000000000,0.000000000,1.000000000
1403715284.817143202,2.053391000,2.480268000,0.969729000,0.000000000,0.000000000,0.000000000,1.000000000
1403715284.822143078,2.054029000,2.479563000,0.969530000,0.000000000,0.000000000,0.000000000,1.000000000
1403715284.827142954,2.054670000,2.478861000,0.969338000,0.000000000,0.000000000,0.000000000,1.000000000
1403715284.832143307,2.055319000,2.478157000,0.969152000,0.000000000,0.000000000,0.000000000,1.000000000
1403715284.837143183,2.055973000,2.477455000,0.968969000,0.000000000,0.000000000,0.000000000,1.000000000
1403715284.842143059,2.056629000,2.476752000,0.968789000,0.000000000,0.000000000,0.000000000,1.000000000
1403715284.847142935,2.057281000,2.476047000,0.968617000,0.000000000,0.000000000,0.000000000,1.000000000
1403715284.852143288,2.057960000,2.475431000,0.968416000,0.000000000,0.000000000,0.000000000,1.000000000
1403715284.857143164,2.058600000,2.474741000,0.968230000,0.000000000,0.000000000,0.000000000,1.000000000
1403715284.862143040,2.059241000,2.474048000,0.968038000,0.000000000,0.000000000,0.000000000,1.000000000
1403715284.867142916,2.059892000,2.473355000,0.967848000,0.000000000,0.000000000,0.000000000,1.000000000
1403715284.872143269,2.060549000,2.472662000,0.967668000,0.000000000,0.000000000,0.000000000,1.000000000
1403715284.877142906,2.061205000,2.471974000,0.967496000,0.000000000,0.000000000,0.000000000,1.000000000
1403715284.882143021,2.061849000,2.471298000,0.967322000,0.000000000,0.000000000,0.000000000,1.000000000
1403715284.887142897,2.062481000,2.470630000,0.967144000,0.000000000,0.000000000,0.000000000,1.000000000
1403715284.892143250,2.063108000,2.469966000,0.966966000,0.000000000,0.000000000,0.000000000,1.000000000
1403715284.897142887,2.063733000,2.469307000,0.966792000,0.000000000,0.000000000,0.000000000,1.000000000
1403715284.902143002,2.064394000,2.468745000,0.966586000,0.000000000,0.000000000,0.000000000,1.000000000
1403715284.907143354,2.065027000,2.468095000,0.966417000,0.000000000,0.000000000,0.000000000,1.000000000
1403715284.912143230,2.065657000,2.467439000,0.966260000,0.000000000,0.000000000,0.000000000,1.000000000
1403715284.917143106,2.066275000,2.466786000,0.966116000,0.000000000,0.000000000,0.000000000,1.000000000
1403715284.922142982,2.066877000,2.466135000,0.965973000,0.000000000,0.000000000,0.000000000,1.000000000
1403715284.927143335,2.067473000,2.465485000,0.965841000,0.000000000,0.000000000,0.000000000,1.000000000
1403715284.932142973,2.068075000,2.464835000,0.965713000,0.000000000,0.000000000,0.000000000,1.000000000
1403715284.937143087,2.068683000,2.464191000,0.965578000,0.000000000,0.000000000,0.000000000,1.000000000
1403715284.942142963,2.069286000,2.463554000,0.965436000,0.000000000,0.000000000,0.000000000,1.000000000
1403715284.947143316,2.069888000,2.462923000,0.965302000,0.000000000,0.000000000,0.000000000,1.000000000
1403715284.952142954,2.070520000,2.462403000,0.965141000,0.000000000,0.000000000,0.000000000,1.000000000
1403715284.957143068,2.071116000,2.461808000,0.965015000,0.000000000,0.000000000,0.000000000,1.000000000
1403715284.962142944,2.071707000,2.461223000,0.964889000,0.000000000,0.000000000,0.000000000,1.000000000
1403715284.967143297,2.072294000,2.460650000,0.964765000,0.000000000,0.000000000,0.000000000,1.000000000
1403715284.972142935,2.072881000,2.460089000,0.964641000,0.000000000,0.000000000,0.000000000,1.000000000
1403715284.977143049,2.073468000,2.459529000,0.964508000,0.000000000,0.000000000,0.000000000,1.000000000
1403715284.982143164,2.074055000,2.458965000,0.964376000,0.000000000,0.000000000,0.000000000,1.000000000
1403715284.987143040,2.074640000,2.458398000,0.964255000,0.000000000,0.000000000,0.000000000,1.000000000
1403715284.992142916,2.075219000,2.457827000,0.964136000,0.000000000,0.000000000,0.000000000,1.000000000
1403715284.997143030,2.075786000,2.457250000,0.964020000,0.000000000,0.000000000,0.000000000,1.000000000
1403715285.002143145,2.076373000,2.456768000,0.963870000,0.000000000,0.000000000,0.000000000,1.000000000
1403715285.007143021,2.076928000,2.456208000,0.963776000,0.000000000,0.000000000,0.000000000,1.000000000
1403715285.012142897,2.077486000,2.455654000,0.963691000,0.000000000,0.000000000,0.000000000,1.000000000
1403715285.017143011,2.078053000,2.455108000,0.963601000,0.000000000,0.000000000,0.000000000,1.000000000
1403715285.022143126,2.078627000,2.454570000,0.963513000,0.000000000,0.000000000,0.000000000,1.000000000
1403715285.027143002,2.079192000,2.454038000,0.963436000,0.000000000,0.000000000,0.000000000,1.000000000
1403715285.032143116,2.079741000,2.453508000,0.963369000,0.000000000,0.000000000,0.000000000,1.000000000
1403715285.037143230,2.080277000,2.452981000,0.963299000,0.000000000,0.000000000,0.000000000,1.000000000
1403715285.042143345,2.080806000,2.452466000,0.963234000,0.000000000,0.000000000,0.000000000,1.000000000
1403715285.047142982,2.081340000,2.451960000,0.963185000,0.000000000,0.000000000,0.000000000,1.000000000
1403715285.052143097,2.081914000,2.451561000,0.963110000,0.000000000,0.000000000,0.000000000,1.000000000
1403715285.057143211,2.082447000,2.451076000,0.963080000,0.000000000,0.000000000,0.000000000,1.000000000
1403715285.062143087,2.082957000,2.450594000,0.963052000,0.000000000,0.000000000,0.000000000,1.000000000
1403715285.067142963,2.083443000,2.450117000,0.963036000,0.000000000,0.000000000,0.000000000,1.000000000
1403715285.072143078,2.083919000,2.449641000,0.963030000,0.000000000,0.000000000,0.000000000,1.000000000
1403715285.077143192,2.084403000,2.449164000,0.963023000,0.000000000,0.000000000,0.000000000,1.000000000
1403715285.082143068,2.084900000,2.448693000,0.963010000,0.000000000,0.000000000,0.000000000,1.000000000
1403715285.087142944,2.085396000,2.448230000,0.962991000,0.000000000,0.000000000,0.000000000,1.000000000
1403715285.092143297,2.085879000,2.447770000,0.962978000,0.000000000,0.000000000,0.000000000,1.000000000
1403715285.097143173,2.086338000,2.447317000,0.962979000,0.000000000,0.000000000,0.000000000,1.000000000
1403715285.102143049,2.086811000,2.446985000,0.962960000,0.000000000,0.000000000,0.000000000,1.000000000
1403715285.107142925,2.087250000,2.446592000,0.962971000,0.000000000,0.000000000,0.000000000,1.000000000
1403715285.112143278,2.087700000,2.446213000,0.962986000,0.000000000,0.000000000,0.000000000,1.000000000
1403715285.117143154,2.088158000,2.445845000,0.963017000,0.000000000,0.000000000,0.000000000,1.000000000
1403715285.122143030,2.088612000,2.445488000,0.963062000,0.000000000,0.000000000,0.000000000,1.000000000
1403715285.127142906,2.089050000,2.445148000,0.963114000,0.000000000,0.000000000,0.000000000,1.000000000
1403715285.132143259,2.089466000,2.444820000,0.963170000,0.000000000,0.000000000,0.000000000,1.000000000
1403715285.137142897,2.089865000,2.444503000,0.963237000,0.000000000,0.000000000,0.000000000,1.000000000
1403715285.142143011,2.090259000,2.444206000,0.963308000,0.000000000,0.000000000,0.000000000,1.000000000
1403715285.147142887,2.090660000,2.443932000,0.963382000,0.000000000,0.000000000,0.000000000,1.000000000
1403715285.152143240,2.091105000,2.443772000,0.963430000,0.000000000,0.000000000,0.000000000,1.000000000
1403715285.157143116,2.091519000,2.443556000,0.963484000,0.000000000,0.000000000,0.000000000,1.000000000
1403715285.162142992,2.091926000,2.443349000,0.963537000,0.000000000,0.000000000,0.000000000,1.000000000
1403715285.167143345,2.092321000,2.443144000,0.963588000,0.000000000,0.000000000,0.000000000,1.000000000
1403715285.172143221,2.092702000,2.442946000,0.963639000,0.000000000,0.000000000,0.000000000,1.000000000
1403715285.177143097,2.093075000,2.442758000,0.963690000,0.000000000,0.000000000,0.000000000,1.000000000
1403715285.182142973,2.093449000,2.442580000,0.963737000,0.000000000,0.000000000,0.000000000,1.000000000
1403715285.187143326,2.093830000,2.442410000,0.963777000,0.000000000,0.000000000,0.000000000,1.000000000
1403715285.192142963,2.094213000,2.442241000,0.963817000,0.000000000,0.000000000,0.000000000,1.000000000
1403715285.197143078,2.094592000,2.442071000,0.963857000,0.000000000,0.000000000,0.000000000,1.000000000
1403715285.202142954,2.094994000,2.441983000,0.963880000,0.000000000,0.000000000,0.000000000,1.000000000
1403715285.207143307,2.095362000,2.441833000,0.963932000,0.000000000,0.000000000,0.000000000,1.000000000
1403715285.212142944,2.095717000,2.441683000,0.964006000,0.000000000,0.000000000,0.000000000,1.000000000
1403715285.217143059,2.096074000,2.441530000,0.964109000,0.000000000,0.000000000,0.000000000,1.000000000
1403715285.222143173,2.096443000,2.441380000,0.964239000,0.000000000,0.000000000,0.000000000,1.000000000
1403715285.227143288,2.096817000,2.441238000,0.964382000,0.000000000,0.000000000,0.000000000,1.000000000
1403715285.232142925,2.097189000,2.441105000,0.964541000,0.000000000,0.000000000,0.000000000,1.000000000
1403715285.237143040,2.097555000,2.440979000,0.964708000,0.000000000,0.000000000,0.000000000,1.000000000
1403715285.242143154,2.097910000,2.440870000,0.964873000,0.000000000,0.000000000,0.000000000,1.000000000
1403715285.247143030,2.098256000,2.440777000,0.965041000,0.000000000,0.000000000,0.000000000,1.000000000
1403715285.252142906,2.098625000,2.440774000,0.965197000,0.000000000,0.000000000,0.000000000,1.000000000
1403715285.257143021,2.098974000,2.440726000,0.965378000,0.000000000,0.000000000,0.000000000,1.000000000
1403715285.262143135,2.099325000,2.440695000,0.965565000,0.000000000,0.000000000,0.000000000,1.000000000
1403715285.267143011,2.099675000,2.440675000,0.965765000,0.000000000,0.000000000,0.000000000,1.000000000
1403715285.272142887,2.100017000,2.440655000,0.965989000,0.000000000,0.000000000,0.000000000,1.000000000
1403715285.277143240,2.100349000,2.440639000,0.966244000,0.000000000,0.000000000,0.000000000,1.000000000
1403715285.282143354,2.100671000,2.440634000,0.966530000,0.000000000,0.000000000,0.000000000,1.000000000
1403715285.287142992,2.100992000,2.440639000,0.966856000,0.000000000,0.000000000,0.000000000,1.000000000
1403715285.292143106,2.101320000,2.440647000,0.967227000,0.000000000,0.000000000,0.000000000,1.000000000
1403715285.297143221,2.101654000,2.440656000,0.967637000,0.000000000,0.000000000,0.000000000,1.000000000
1403715285.302143097,2.102009000,2.440728000,0.968082000,0.000000000,0.000000000,0.000000000,1.000000000
1403715285.307142973,2.102332000,2.440748000,0.968568000,0.000000000,0.000000000,0.000000000,1.000000000
1403715285.312143087,2.102637000,2.440770000,0.969093000,0.000000000,0.000000000,0.000000000,1.000000000
1403715285.317143202,2.102926000,2.440799000,0.969654000,0.000000000,0.000000000,0.000000000,1.000000000
1403715285.322143078,2.103212000,2.440826000,0.970238000,0.000000000,0.000000000,0.000000000,1.000000000
1403715285.327142954,2.103507000,2.440851000,0.970839000,0.000000000,0.000000000,0.000000000,1.000000000
1403715285.332143307,2.103807000,2.440880000,0.971452000,0.000000000,0.000000000,0.000000000,1.000000000
1403715285.337143183,2.104101000,2.440905000,0.972086000,0.000000000,0.000000000,0.000000000,1.000000000
1403715285.342143059,2.104379000,2.440920000,0.972754000,0.000000000,0.000000000,0.000000000,1.000000000
1403715285.347142935,2.104644000,2.440933000,0.973466000,0.000000000,0.000000000,0.000000000,1.000000000
1403715285.352143288,2.104911000,2.441009000,0.974228000,0.000000000,0.000000000,0.000000000,1.000000000
1403715285.357143164,2.105156000,2.441035000,0.975033000,0.000000000,0.000000000,0.000000000,1.000000000
1403715285.362143040,2.105400000,2.441059000,0.975880000,0.000000000,0.000000000,0.000000000,1.000000000
1403715285.367142916,2.105636000,2.441081000,0.976764000,0.000000000,0.000000000,0.000000000,1.000000000
1403715285.372143269,2.105869000,2.441103000,0.977681000,0.000000000,0.000000000,0.000000000,1.000000000
1403715285.377142906,2.106102000,2.441118000,0.978624000,0.000000000,0.000000000,0.000000000,1.000000000
1403715285.382143021,2.106332000,2.441121000,0.979597000,0.000000000,0.000000000,0.000000000,1.000000000
1403715285.387142897,2.106564000,2.441116000,0.980622000,0.000000000,0.000000000,0.000000000,1.000000000
1403715285.392143250,2.106795000,2.441102000,0.981699000,0.000000000,0.000000000,0.000000000,1.000000000
1403715285.397142887,2.107016000,2.441079000,0.982828000,0.000000000,0.000000000,0.000000000,1.000000000
1403715285.402143002,2.107231000,2.441110000,0.984030000,0.000000000,0.000000000,0.000000000,1.000000000
1403715285.407143354,2.107423000,2.441090000,0.985267000,0.000000000,0.000000000,0.000000000,1.000000000
1403715285.412143230,2.107605000,2.441071000,0.986542000,0.000000000,0.000000000,0.000000000,1.000000000
1403715285.417143106,2.107780000,2.441051000,0.987849000,0.000000000,0.000000000,0.000000000,1.000000000
1403715285.422142982,2.107952000,2.441027000,0.989197000,0.000000000,0.000000000,0.000000000,1.000000000
1403715285.427143335,2.108121000,2.440987000,0.990578000,0.000000000,0.000000000,0.000000000,1.000000000
1403715285.432142973,2.108280000,2.440932000,0.991996000,0.000000000,0.000000000,0.000000000,1.000000000
1403715285.437143087,2.108427000,2.440877000,0.993454000,0.000000000,0.000000000,0.000000000,1.000000000
1403715285.442142963,2.108563000,2.440824000,0.994942000,0.000000000,0.000000000,0.000000000,1.000000000
1403715285.447143316,2.108689000,2.440778000,0.996458000,0.000000000,0.000000000,0.000000000,1.000000000
1403715285.452142954,2.108807000,2.440796000,0.998019000,0.000000000,0.000000000,0.000000000,1.000000000
1403715285.457143068,2.108912000,2.440771000,0.999575000,0.000000000,0.000000000,0.000000000,1.000000000
1403715285.462142944,2.109008000,2.440745000,1.001153000,0.000000000,0.000000000,0.000000000,1.000000000
1403715285.467143297,2.109096000,2.440720000,1.002753000,0.000000000,0.000000000,0.000000000,1.000000000
1403715285.472142935,2.109171000,2.440691000,1.004373000,0.000000000,0.000000000,0.000000000,1.000000000
1403715285.477143049,2.109233000,2.440656000,1.006021000,0.000000000,0.000000000,0.000000000,1.000000000
1403715285.482143164,2.109280000,2.440611000,1.007697000,0.000000000,0.000000000,0.000000000,1.000000000
1403715285.487143040,2.109316000,2.440556000,1.009409000,0.000000000,0.000000000,0.000000000,1.000000000
1403715285.492142916,2.109354000,2.440490000,1.011156000,0.000000000,0.000000000,0.000000000,1.000000000
1403715285.497143030,2.109390000,2.440412000,1.012927000,0.000000000,0.000000000,0.000000000,1.000000000
1403715285.502143145,2.109419000,2.440377000,1.014762000,0.000000000,0.000000000,0.000000000,1.000000000
1403715285.507143021,2.109437000,2.440296000,1.016577000,0.000000000,0.000000000,0.000000000,1.000000000
1403715285.512142897,2.109435000,2.440202000,1.018406000,0.000000000,0.000000000,0.000000000,1.000000000
1403715285.517143011,2.109420000,2.440095000,1.020257000,0.000000000,0.000000000,0.000000000,1.000000000
1403715285.522143126,2.109392000,2.439977000,1.022135000,0.000000000,0.000000000,0.000000000,1.000000000
1403715285.527143002,2.109355000,2.439848000,1.024048000,0.000000000,0.000000000,0.000000000,1.000000000
1403715285.532143116,2.109315000,2.439707000,1.025992000,0.000000000,0.000000000,0.000000000,1.000000000
1403715285.537143230,2.109269000,2.439554000,1.027964000,0.000000000,0.000000000,0.000000000,1.000000000
1403715285.542143345,2.109219000,2.439392000,1.029950000,0.000000000,0.000000000,0.000000000,1.000000000
1403715285.547142982,2.109164000,2.439227000,1.031932000,0.000000000,0.000000000,0.000000000,1.000000000
1403715285.552143097,2.109090000,2.439104000,1.033956000,0.000000000,0.000000000,0.000000000,1.000000000
1403715285.557143211,2.109018000,2.438934000,1.035954000,0.000000000,0.000000000,0.000000000,1.000000000
1403715285.562143087,2.108939000,2.438756000,1.037958000,0.000000000,0.000000000,0.000000000,1.000000000
1403715285.567142963,2.108852000,2.438573000,1.039965000,0.000000000,0.000000000,0.000000000,1.000000000
1403715285.572143078,2.108757000,2.438389000,1.041972000,0.000000000,0.000000000,0.000000000,1.000000000
1403715285.577143192,2.108653000,2.438197000,1.043987000,0.000000000,0.000000000,0.000000000,1.000000000
1403715285.582143068,2.108545000,2.437994000,1.046008000,0.000000000,0.000000000,0.000000000,1.000000000
1403715285.587142944,2.108432000,2.437779000,1.048022000,0.000000000,0.000000000,0.000000000,1.000000000
1403715285.592143297,2.108309000,2.437550000,1.050044000,0.000000000,0.000000000,0.000000000,1.000000000
1403715285.597143173,2.108171000,2.437316000,1.052072000,0.000000000,0.000000000,0.000000000,1.000000000
1403715285.602143049,2.108000000,2.437135000,1.054118000,0.000000000,0.000000000,0.000000000,1.000000000
1403715285.607142925,2.107835000,2.436905000,1.056135000,0.000000000,0.000000000,0.000000000,1.000000000
1403715285.612143278,2.107662000,2.436661000,1.058158000,0.000000000,0.000000000,0.000000000,1.000000000
1403715285.617143154,2.107480000,2.436406000,1.060183000,0.000000000,0.000000000,0.000000000,1.000000000
1403715285.622143030,2.107286000,2.436147000,1.062209000,0.000000000,0.000000000,0.000000000,1.000000000
1403715285.627142906,2.107077000,2.435889000,1.064230000,0.000000000,0.000000000,0.000000000,1.000000000
1403715285.632143259,2.106857000,2.435622000,1.066242000,0.000000000,0.000000000,0.000000000,1.000000000
1403715285.637142897,2.106632000,2.435344000,1.068248000,0.000000000,0.000000000,0.000000000,1.000000000
1403715285.642143011,2.106400000,2.435059000,1.070243000,0.000000000,0.000000000,0.000000000,1.000000000
1403715285.647142887,2.106164000,2.434760000,1.072235000,0.000000000,0.000000000,0.000000000,1.000000000
1403715285.652143240,2.105897000,2.434505000,1.074256000,0.000000000,0.000000000,0.000000000,1.000000000
1403715285.657143116,2.105626000,2.434198000,1.076240000,0.000000000,0.000000000,0.000000000,1.000000000
1403715285.662142992,2.105341000,2.433877000,1.078216000,0.000000000,0.000000000,0.000000000,1.000000000
1403715285.667143345,2.105046000,2.433544000,1.080187000,0.000000000,0.000000000,0.000000000,1.000000000
1403715285.672143221,2.104741000,2.433197000,1.082151000,0.000000000,0.000000000,0.000000000,1.000000000
1403715285.677143097,2.104428000,2.432837000,1.084105000,0.000000000,0.000000000,0.000000000,1.000000000
1403715285.682142973,2.104107000,2.432466000,1.086048000,0.000000000,0.000000000,0.000000000,1.000000000
1403715285.687143326,2.103774000,2.432083000,1.087983000,0.000000000,0.000000000,0.000000000,1.000000000
1403715285.692142963,2.103423000,2.431692000,1.089913000,0.000000000,0.000000000,0.000000000,1.000000000
1403715285.697143078,2.103060000,2.431290000,1.091840000,0.000000000,0.000000000,0.000000000,1.000000000
1403715285.702142954,2.102667000,2.430923000,1.093822000,0.000000000,0.000000000,0.000000000,1.000000000
1403715285.707143307,2.102262000,2.430496000,1.095787000,0.000000000,0.000000000,0.000000000,1.000000000
1403715285.712142944,2.101845000,2.430062000,1.097750000,0.000000000,0.000000000,0.000000000,1.000000000
1403715285.717143059,2.101425000,2.429627000,1.099700000,0.000000000,0.000000000,0.000000000,1.000000000
1403715285.722143173,2.101006000,2.429194000,1.101639000,0.000000000,0.000000000,0.000000000,1.000000000
1403715285.727143288,2.100580000,2.428756000,1.103582000,0.000000000,0.000000000,0.000000000,1.000000000
1403715285.732142925,2.100134000,2.428311000,1.105534000,0.000000000,0.000000000,0.000000000,1.000000000
1403715285.737143040,2.099662000,2.427860000,1.107488000,0.000000000,0.000000000,0.000000000,1.000000000
1403715285.742143154,2.099169000,2.427402000,1.109443000,0.000000000,0.000000000,0.000000000,1.000000000
1403715285.747143030,2.098663000,2.426939000,1.111406000,0.000000000,0.000000000,0.000000000,1.000000000
1403715285.752142906,2.098133000,2.426519000,1.113382000,0.000000000,0.000000000,0.000000000,1.000000000
1403715285.757143021,2.097605000,2.426032000,1.115359000,0.000000000,0.000000000,0.000000000,1.000000000
1403715285.762143135,2.097072000,2.425532000,1.117333000,0.000000000,0.000000000,0.000000000,1.000000000
1403715285.767143011,2.096529000,2.425020000,1.119296000,0.000000000,0.000000000,0.000000000,1.000000000
1403715285.772142887,2.095970000,2.424503000,1.121239000,0.000000000,0.000000000,0.000000000,1.000000000
1403715285.777143240,2.095401000,2.423983000,1.123154000,0.000000000,0.000000000,0.000000000,1.000000000
1403715285.782143354,2.094826000,2.423460000,1.125045000,0.000000000,0.000000000,0.000000000,1.000000000
1403715285.787142992,2.094247000,2.422933000,1.126928000,0.000000000,0.000000000,0.000000000,1.000000000
1403715285.792143106,2.093662000,2.422398000,1.128809000,0.000000000,0.000000000,0.000000000,1.000000000
1403715285.797143221,2.093061000,2.421851000,1.130690000,0.000000000,0.000000000,0.000000000,1.000000000
1403715285.802143097,2.092423000,2.421360000,1.132588000,0.000000000,0.000000000,0.000000000,1.000000000
1403715285.807142973,2.091776000,2.420812000,1.134477000,0.000000000,0.000000000,0.000000000,1.000000000
1403715285.812143087,2.091118000,2.420258000,1.136357000,0.000000000,0.000000000,0.000000000,1.000000000
1403715285.817143202,2.090456000,2.419693000,1.138221000,0.000000000,0.000000000,0.000000000,1.000000000
1403715285.822143078,2.089797000,2.419124000,1.140066000,0.000000000,0.000000000,0.000000000,1.000000000
1403715285.827142954,2.089135000,2.418550000,1.141893000,0.000000000,0.000000000,0.000000000,1.000000000
1403715285.832143307,2.088462000,2.417967000,1.143703000,0.000000000,0.000000000,0.000000000,1.000000000
1403715285.837143183,2.087772000,2.417376000,1.145502000,0.000000000,0.000000000,0.000000000,1.000000000
1403715285.842143059,2.087068000,2.416777000,1.147289000,0.000000000,0.000000000,0.000000000,1.000000000
1403715285.847142935,2.086353000,2.416167000,1.149063000,0.000000000,0.000000000,0.000000000,1.000000000
1403715285.852143288,2.085636000,2.415545000,1.150833000,0.000000000,0.000000000,0.000000000,1.000000000
1403715285.857143164,2.084913000,2.414987000,1.152625000,0.000000000,0.000000000,0.000000000,1.000000000
1403715285.862143040,2.084189000,2.414354000,1.154396000,0.000000000,0.000000000,0.000000000,1.000000000
1403715285.867142916,2.083457000,2.413710000,1.156177000,0.000000000,0.000000000,0.000000000,1.000000000
1403715285.872143269,2.082714000,2.413058000,1.157965000,0.000000000,0.000000000,0.000000000,1.000000000
1403715285.877142906,2.081959000,2.412400000,1.159756000,0.000000000,0.000000000,0.000000000,1.000000000
1403715285.882143021,2.081194000,2.411730000,1.161550000,0.000000000,0.000000000,0.000000000,1.000000000
1403715285.887142897,2.080422000,2.411048000,1.163345000,0.000000000,0.000000000,0.000000000,1.000000000
1403715285.892143250,2.079645000,2.410363000,1.165138000,0.000000000,0.000000000,0.000000000,1.000000000
1403715285.897142887,2.078863000,2.409674000,1.166926000,0.000000000,0.000000000,0.000000000,1.000000000
1403715285.902143002,2.078064000,2.409026000,1.168725000,0.000000000,0.000000000,0.000000000,1.000000000
1403715285.907143354,2.077254000,2.408333000,1.170500000,0.000000000,0.000000000,0.000000000,1.000000000
1403715285.912143230,2.076432000,2.407632000,1.172256000,0.000000000,0.000000000,0.000000000,1.000000000
1403715285.917143106,2.075610000,2.406920000,1.174004000,0.000000000,0.000000000,0.000000000,1.000000000
1403715285.922142982,2.074796000,2.406208000,1.175743000,0.000000000,0.000000000,0.000000000,1.000000000
1403715285.927143335,2.073986000,2.405498000,1.177467000,0.000000000,0.000000000,0.000000000,1.000000000
1403715285.932142973,2.073176000,2.404785000,1.179187000,0.000000000,0.000000000,0.000000000,1.000000000
1403715285.937143087,2.072355000,2.404061000,1.180906000,0.000000000,0.000000000,0.000000000,1.000000000
1403715285.942142963,2.071522000,2.403329000,1.182618000,0.000000000,0.000000000,0.000000000,1.000000000
1403715285.947143316,2.070676000,2.402589000,1.184315000,0.000000000,0.000000000,0.000000000,1.000000000
1403715285.952142954,2.069827000,2.401899000,1.186006000,0.000000000,0.000000000,0.000000000,1.000000000
1403715285.957143068,2.068982000,2.401153000,1.187687000,0.000000000,0.000000000,0.000000000,1.000000000
1403715285.962142944,2.068144000,2.400398000,1.189367000,0.000000000,0.000000000,0.000000000,1.000000000
1403715285.967143297,2.067313000,2.399637000,1.191051000,0.000000000,0.000000000,0.000000000,1.000000000
1403715285.972142935,2.066481000,2.398870000,1.192725000,0.000000000,0.000000000,0.000000000,1.000000000
1403715285.977143049,2.065636000,2.398093000,1.194389000,0.000000000,0.000000000,0.000000000,1.000000000
1403715285.982143164,2.064781000,2.397308000,1.196041000,0.000000000,0.000000000,0.000000000,1.000000000
1403715285.987143040,2.063922000,2.396516000,1.197681000,0.000000000,0.000000000,0.000000000,1.000000000
1403715285.992142916,2.063069000,2.395712000,1.199319000,0.000000000,0.000000000,0.000000000,1.000000000
1403715285.997143030,2.062224000,2.394902000,1.200957000,0.000000000,0.000000000,0.000000000,1.000000000
1403715286.002143145,2.061391000,2.394141000,1.202586000,0.000000000,0.000000000,0.000000000,1.000000000
1403715286.007143021,2.060557000,2.393327000,1.204213000,0.000000000,0.000000000,0.000000000,1.000000000
1403715286.012142897,2.059721000,2.392504000,1.205831000,0.000000000,0.000000000,0.000000000,1.000000000
1403715286.017143011,2.058882000,2.391672000,1.207433000,0.000000000,0.000000000,0.000000000,1.000000000
1403715286.022143126,2.058045000,2.390834000,1.209015000,0.000000000,0.000000000,0.000000000,1.000000000
1403715286.027143002,2.057209000,2.389993000,1.210581000,0.000000000,0.000000000,0.000000000,1.000000000
1403715286.032143116,2.056375000,2.389147000,1.212139000,0.000000000,0.000000000,0.000000000,1.000000000
1403715286.037143230,2.055542000,2.388296000,1.213693000,0.000000000,0.000000000,0.000000000,1.000000000
1403715286.042143345,2.054711000,2.387436000,1.215243000,0.000000000,0.000000000,0.000000000,1.000000000
1403715286.047142982,2.053882000,2.386567000,1.216786000,0.000000000,0.000000000,0.000000000,1.000000000
1403715286.052143097,2.053062000,2.385743000,1.218294000,0.000000000,0.000000000,0.000000000,1.000000000
1403715286.057143211,2.052247000,2.384871000,1.219804000,0.000000000,0.000000000,0.000000000,1.000000000
1403715286.062143087,2.051436000,2.383996000,1.221298000,0.000000000,0.000000000,0.000000000,1.000000000
1403715286.067142963,2.050626000,2.383116000,1.222782000,0.000000000,0.000000000,0.000000000,1.000000000
1403715286.072143078,2.049817000,2.382230000,1.224260000,0.000000000,0.000000000,0.000000000,1.000000000
1403715286.077143192,2.049007000,2.381335000,1.225735000,0.000000000,0.000000000,0.000000000,1.000000000
1403715286.082143068,2.048200000,2.380434000,1.227204000,0.000000000,0.000000000,0.000000000,1.000000000
1403715286.087142944,2.047398000,2.379528000,1.228659000,0.000000000,0.000000000,0.000000000,1.000000000
1403715286.092143297,2.046604000,2.378615000,1.230100000,0.000000000,0.000000000,0.000000000,1.000000000
1403715286.097143173,2.045818000,2.377692000,1.231530000,0.000000000,0.000000000,0.000000000,1.000000000
1403715286.102143049,2.045042000,2.376819000,1.232929000,0.000000000,0.000000000,0.000000000,1.000000000
1403715286.107142925,2.044267000,2.375900000,1.234321000,0.000000000,0.000000000,0.000000000,1.000000000
1403715286.112143278,2.043495000,2.374981000,1.235707000,0.000000000,0.000000000,0.000000000,1.000000000
1403715286.117143154,2.042727000,2.374058000,1.237092000,0.000000000,0.000000000,0.000000000,1.000000000
1403715286.122143030,2.041959000,2.373123000,1.238479000,0.000000000,0.000000000,0.000000000,1.000000000
1403715286.127142906,2.041193000,2.372169000,1.239862000,0.000000000,0.000000000,0.000000000,1.000000000
1403715286.132143259,2.040430000,2.371197000,1.241243000,0.000000000,0.000000000,0.000000000,1.000000000
1403715286.137142897,2.039670000,2.370217000,1.242623000,0.000000000,0.000000000,0.000000000,1.000000000
1403715286.142143011,2.038913000,2.369236000,1.243995000,0.000000000,0.000000000,0.000000000,1.000000000
1403715286.147142887,2.038157000,2.368256000,1.245361000,0.000000000,0.000000000,0.000000000,1.000000000
1403715286.152143240,2.037411000,2.367323000,1.246713000,0.000000000,0.000000000,0.000000000,1.000000000
1403715286.157143116,2.036653000,2.366334000,1.248066000,0.000000000,0.000000000,0.000000000,1.000000000
1403715286.162142992,2.035895000,2.365338000,1.249409000,0.000000000,0.000000000,0.000000000,1.000000000
1403715286.167143345,2.035138000,2.364334000,1.250736000,0.000000000,0.000000000,0.000000000,1.000000000
1403715286.172143221,2.034383000,2.363326000,1.252053000,0.000000000,0.000000000,0.000000000,1.000000000
1403715286.177143097,2.033630000,2.362317000,1.253359000,0.000000000,0.000000000,0.000000000,1.000000000
1403715286.182142973,2.032884000,2.361302000,1.254660000,0.000000000,0.000000000,0.000000000,1.000000000
1403715286.187143326,2.032143000,2.360282000,1.255952000,0.000000000,0.000000000,0.000000000,1.000000000
1403715286.192142963,2.031400000,2.359254000,1.257233000,0.000000000,0.000000000,0.000000000,1.000000000
1403715286.197143078,2.030652000,2.358214000,1.258515000,0.000000000,0.000000000,0.000000000,1.000000000
1403715286.202142954,2.029909000,2.357224000,1.259769000,0.000000000,0.000000000,0.000000000,1.000000000
1403715286.207143307,2.029150000,2.356183000,1.261033000,0.000000000,0.000000000,0.000000000,1.000000000
1403715286.212142944,2.028397000,2.355139000,1.262287000,0.000000000,0.000000000,0.000000000,1.000000000
1403715286.217143059,2.027650000,2.354091000,1.263531000,0.000000000,0.000000000,0.000000000,1.000000000
1403715286.222143173,2.026912000,2.353035000,1.264774000,0.000000000,0.000000000,0.000000000,1.000000000
1403715286.227143288,2.026178000,2.351969000,1.266016000,0.000000000,0.000000000,0.000000000,1.000000000
1403715286.232142925,2.025442000,2.350886000,1.267252000,0.000000000,0.000000000,0.000000000,1.000000000
1403715286.237143040,2.024700000,2.349788000,1.268480000,0.000000000,0.000000000,0.000000000,1.000000000
1403715286.242143154,2.023949000,2.348682000,1.269705000,0.000000000,0.000000000,0.000000000,1.000000000
1403715286.247143030,2.023195000,2.347568000,1.270937000,0.000000000,0.000000000,0.000000000,1.000000000
1403715286.252142906,2.022458000,2.346495000,1.272168000,0.000000000,0.000000000,0.000000000,1.000000000
1403715286.257143021,2.021714000,2.345362000,1.273416000,0.000000000,0.000000000,0.000000000,1.000000000
1403715286.262143135,2.020974000,2.344213000,1.274661000,0.000000000,0.000000000,0.000000000,1.000000000
1403715286.267143011,2.020233000,2.343056000,1.275898000,0.000000000,0.000000000,0.000000000,1.000000000
1403715286.272142887,2.019483000,2.341894000,1.277131000,0.000000000,0.000000000,0.000000000,1.000000000
1403715286.277143240,2.018724000,2.340730000,1.278365000,0.000000000,0.000000000,0.000000000,1.000000000
1403715286.282143354,2.017962000,2.339558000,1.279601000,0.000000000,0.000000000,0.000000000,1.000000000
1403715286.287142992,2.017204000,2.338378000,1.280835000,0.000000000,0.000000000,0.000000000,1.000000000
1403715286.292143106,2.016454000,2.337187000,1.282067000,0.000000000,0.000000000,0.000000000,1.000000000
1403715286.297143221,2.015710000,2.335986000,1.283298000,0.000000000,0.000000000,0.000000000,1.000000000
1403715286.302143097,2.014977000,2.334827000,1.284498000,0.000000000,0.000000000,0.000000000,1.000000000
1403715286.307142973,2.014235000,2.333627000,1.285705000,0.000000000,0.000000000,0.000000000,1.000000000
1403715286.312143087,2.013491000,2.332426000,1.286900000,0.000000000,0.000000000,0.000000000,1.000000000
1403715286.317143202,2.012740000,2.331227000,1.288091000,0.000000000,0.000000000,0.000000000,1.000000000
1403715286.322143078,2.011988000,2.330023000,1.289284000,0.000000000,0.000000000,0.000000000,1.000000000
1403715286.327142954,2.011238000,2.328807000,1.290484000,0.000000000,0.000000000,0.000000000,1.000000000
1403715286.332143307,2.010492000,2.327581000,1.291685000,0.000000000,0.000000000,0.000000000,1.000000000
1403715286.337143183,2.009749000,2.326347000,1.292876000,0.000000000,0.000000000,0.000000000,1.000000000
1403715286.342143059,2.009012000,2.325103000,1.294054000,0.000000000,0.000000000,0.000000000,1.000000000
1403715286.347142935,2.008278000,2.323848000,1.295228000,0.000000000,0.000000000,0.000000000,1.000000000
1403715286.352143288,2.007551000,2.322633000,1.296382000,0.000000000,0.000000000,0.000000000,1.000000000
1403715286.357143164,2.006818000,2.321379000,1.297541000,0.000000000,0.000000000,0.000000000,1.000000000
1403715286.362143040,2.006089000,2.320117000,1.298694000,0.000000000,0.000000000,0.000000000,1.000000000
1403715286.367142916,2.005361000,2.318845000,1.299839000,0.000000000,0.000000000,0.000000000,1.000000000
1403715286.372143269,2.004640000,2.317565000,1.300976000,0.000000000,0.000000000,0.000000000,1.000000000
1403715286.377142906,2.003924000,2.316274000,1.302097000,0.000000000,0.000000000,0.000000000,1.000000000
1403715286.382143021,2.003212000,2.314976000,1.303198000,0.000000000,0.000000000,0.000000000,1.000000000
1403715286.387142897,2.002499000,2.313675000,1.304285000,0.000000000,0.000000000,0.000000000,1.000000000
1403715286.392143250,2.001786000,2.312371000,1.305356000,0.000000000,0.000000000,0.000000000,1.000000000
1403715286.397142887,2.001078000,2.311061000,1.306420000,0.000000000,0.000000000,0.000000000,1.000000000
1403715286.402143002,2.000383000,2.309792000,1.307471000,0.000000000,0.000000000,0.000000000,1.000000000
1403715286.407143354,1.999684000,2.308481000,1.308527000,0.000000000,0.000000000,0.000000000,1.000000000
1403715286.412143230,1.998989000,2.307153000,1.309591000,0.000000000,0.000000000,0.000000000,1.000000000
1403715286.417143106,1.998295000,2.305805000,1.310656000,0.000000000,0.000000000,0.000000000,1.000000000
1403715286.422142982,1.997598000,2.304446000,1.311710000,0.000000000,0.000000000,0.000000000,1.000000000
1403715286.427143335,1.996899000,2.303086000,1.312750000,0.000000000,0.000000000,0.000000000,1.000000000
1403715286.432142973,1.996205000,2.301725000,1.313783000,0.000000000,0.000000000,0.000000000,1.000000000
1403715286.437143087,1.995518000,2.300359000,1.314813000,0.000000000,0.000000000,0.000000000,1.000000000
1403715286.442142963,1.994835000,2.298983000,1.315837000,0.000000000,0.000000000,0.000000000,1.000000000
1403715286.447143316,1.994151000,2.297601000,1.316851000,0.000000000,0.000000000,0.000000000,1.000000000
1403715286.452142954,1.993459000,2.296254000,1.317832000,0.000000000,0.000000000,0.000000000,1.000000000
1403715286.457143068,1.992758000,2.294870000,1.318821000,0.000000000,0.000000000,0.000000000,1.000000000
1403715286.462142944,1.992054000,2.293481000,1.319825000,0.000000000,0.000000000,0.000000000,1.000000000
1403715286.467143297,1.991350000,2.292081000,1.320835000,0.000000000,0.000000000,0.000000000,1.000000000
1403715286.472142935,1.990653000,2.290665000,1.321847000,0.000000000,0.000000000,0.000000000,1.000000000
1403715286.477143049,1.989966000,2.289245000,1.322852000,0.000000000,0.000000000,0.000000000,1.000000000
1403715286.482143164,1.989287000,2.287825000,1.323839000,0.000000000,0.000000000,0.000000000,1.000000000
1403715286.487143040,1.988615000,2.286402000,1.324823000,0.000000000,0.000000000,0.000000000,1.000000000
1403715286.492142916,1.987949000,2.284978000,1.325812000,0.000000000,0.000000000,0.000000000,1.000000000
1403715286.497143030,1.987285000,2.283546000,1.326805000,0.000000000,0.000000000,0.000000000,1.000000000
1403715286.502143145,1.986618000,2.282137000,1.327785000,0.000000000,0.000000000,0.000000000,1.000000000
1403715286.507143021,1.985951000,2.280687000,1.328777000,0.000000000,0.000000000,0.000000000,1.000000000
1403715286.512142897,1.985285000,2.279230000,1.329767000,0.000000000,0.000000000,0.000000000,1.000000000
1403715286.517143011,1.984623000,2.277766000,1.330754000,0.000000000,0.000000000,0.000000000,1.000000000
1403715286.522143126,1.983967000,2.276299000,1.331735000,0.000000000,0.000000000,0.000000000,1.000000000
1403715286.527143002,1.983318000,2.274825000,1.332711000,0.000000000,0.000000000,0.000000000,1.000000000
1403715286.532143116,1.982677000,2.273342000,1.333685000,0.000000000,0.000000000,0.000000000,1.000000000
1403715286.537143230,1.982045000,2.271850000,1.334654000,0.000000000,0.000000000,0.000000000,1.000000000
1403715286.542143345,1.981418000,2.270357000,1.335613000,0.000000000,0.000000000,0.000000000,1.000000000
1403715286.547142982,1.980791000,2.268866000,1.336562000,0.000000000,0.000000000,0.000000000,1.000000000
1403715286.552143097,1.980150000,2.267409000,1.337505000,0.000000000,0.000000000,0.000000000,1.000000000
1403715286.557143211,1.979516000,2.265921000,1.338467000,0.000000000,0.000000000,0.000000000,1.000000000
1403715286.562143087,1.978885000,2.264417000,1.339439000,0.000000000,0.000000000,0.000000000,1.000000000
1403715286.567142963,1.978262000,2.262902000,1.340421000,0.000000000,0.000000000,0.000000000,1.000000000
1403715286.572143078,1.977642000,2.261383000,1.341394000,0.000000000,0.000000000,0.000000000,1.000000000
1403715286.577143192,1.977020000,2.259860000,1.342351000,0.000000000,0.000000000,0.000000000,1.000000000
1403715286.582143068,1.976392000,2.258338000,1.343293000,0.000000000,0.000000000,0.000000000,1.000000000
1403715286.587142944,1.975761000,2.256817000,1.344222000,0.000000000,0.000000000,0.000000000,1.000000000
1403715286.592143297,1.975133000,2.255295000,1.345138000,0.000000000,0.000000000,0.000000000,1.000000000
1403715286.597143173,1.974510000,2.253769000,1.346050000,0.000000000,0.000000000,0.000000000,1.000000000
1403715286.602143049,1.973870000,2.252251000,1.346936000,0.000000000,0.000000000,0.000000000,1.000000000
1403715286.607142925,1.973244000,2.250723000,1.347843000,0.000000000,0.000000000,0.000000000,1.000000000
1403715286.612143278,1.972623000,2.249199000,1.348754000,0.000000000,0.000000000,0.000000000,1.000000000
1403715286.617143154,1.972007000,2.247676000,1.349678000,0.000000000,0.000000000,0.000000000,1.000000000
1403715286.622143030,1.971393000,2.246148000,1.350618000,0.000000000,0.000000000,0.000000000,1.000000000
1403715286.627142906,1.970782000,2.244612000,1.351564000,0.000000000,0.000000000,0.000000000,1.000000000
1403715286.632143259,1.970175000,2.243065000,1.352512000,0.000000000,0.000000000,0.000000000,1.000000000
1403715286.637142897,1.969564000,2.241512000,1.353465000,0.000000000,0.000000000,0.000000000,1.000000000
1403715286.642143011,1.968944000,2.239955000,1.354421000,0.000000000,0.000000000,0.000000000,1.000000000
1403715286.647142887,1.968317000,2.238393000,1.355376000,0.000000000,0.000000000,0.000000000,1.000000000
1403715286.652143240,1.967667000,2.236832000,1.356305000,0.000000000,0.000000000,0.000000000,1.000000000
1403715286.657143116,1.967044000,2.235265000,1.357254000,0.000000000,0.000000000,0.000000000,1.000000000
1403715286.662142992,1.966433000,2.233699000,1.358192000,0.000000000,0.000000000,0.000000000,1.000000000
1403715286.667143345,1.965833000,2.232133000,1.359125000,0.000000000,0.000000000,0.000000000,1.000000000
1403715286.672143221,1.965240000,2.230568000,1.360056000,0.000000000,0.000000000,0.000000000,1.000000000
1403715286.677143097,1.964642000,2.229008000,1.360977000,0.000000000,0.000000000,0.000000000,1.000000000
1403715286.682142973,1.964036000,2.227450000,1.361891000,0.000000000,0.000000000,0.000000000,1.000000000
1403715286.687143326,1.963427000,2.225893000,1.362798000,0.000000000,0.000000000,0.000000000,1.000000000
1403715286.692142963,1.962822000,2.224337000,1.363691000,0.000000000,0.000000000,0.000000000,1.000000000
1403715286.697143078,1.962226000,2.222780000,1.364567000,0.000000000,0.000000000,0.000000000,1.000000000
1403715286.702142954,1.961602000,2.221221000,1.365400000,0.000000000,0.000000000,0.000000000,1.000000000
1403715286.707143307,1.961004000,2.219666000,1.366252000,0.000000000,0.000000000,0.000000000,1.000000000
1403715286.712142944,1.960399000,2.218112000,1.367100000,0.000000000,0.000000000,0.000000000,1.000000000
1403715286.717143059,1.959790000,2.216558000,1.367945000,0.000000000,0.000000000,0.000000000,1.000000000
1403715286.722143173,1.959188000,2.215002000,1.368785000,0.000000000,0.000000000,0.000000000,1.000000000
1403715286.727143288,1.958599000,2.213447000,1.369617000,0.000000000,0.000000000,0.000000000,1.000000000
1403715286.732142925,1.958020000,2.211898000,1.370434000,0.000000000,0.000000000,0.000000000,1.000000000
1403715286.737143040,1.957448000,2.210349000,1.371241000,0.000000000,0.000000000,0.000000000,1.000000000
1403715286.742143154,1.956878000,2.208800000,1.372045000,0.000000000,0.000000000,0.000000000,1.000000000
1403715286.747143030,1.956307000,2.207255000,1.372835000,0.000000000,0.000000000,0.000000000,1.000000000
1403715286.752142906,1.955694000,2.205700000,1.373580000,0.000000000,0.000000000,0.000000000,1.000000000
1403715286.757143021,1.955107000,2.204160000,1.374329000,0.000000000,0.000000000,0.000000000,1.000000000
1403715286.762143135,1.954521000,2.202621000,1.375069000,0.000000000,0.000000000,0.000000000,1.000000000
1403715286.767143011,1.953938000,2.201090000,1.375795000,0.000000000,0.000000000,0.000000000,1.000000000
1403715286.772142887,1.953361000,2.199571000,1.376503000,0.000000000,0.000000000,0.000000000,1.000000000
1403715286.777143240,1.952789000,2.198062000,1.377195000,0.000000000,0.000000000,0.000000000,1.000000000
1403715286.782143354,1.952222000,2.196558000,1.377882000,0.000000000,0.000000000,0.000000000,1.000000000
1403715286.787142992,1.951652000,2.195061000,1.378561000,0.000000000,0.000000000,0.000000000,1.000000000
1403715286.792143106,1.951082000,2.193573000,1.379228000,0.000000000,0.000000000,0.000000000,1.000000000
1403715286.797143221,1.950518000,2.192095000,1.379884000,0.000000000,0.000000000,0.000000000,1.000000000
1403715286.802143097,1.949935000,2.190604000,1.380520000,0.000000000,0.000000000,0.000000000,1.000000000
1403715286.807142973,1.949392000,2.189127000,1.381161000,0.000000000,0.000000000,0.000000000,1.000000000
1403715286.812143087,1.948861000,2.187651000,1.381794000,0.000000000,0.000000000,0.000000000,1.000000000
1403715286.817143202,1.948334000,2.186184000,1.382408000,0.000000000,0.000000000,0.000000000,1.000000000
1403715286.822143078,1.947808000,2.184722000,1.382999000,0.000000000,0.000000000,0.000000000,1.000000000
1403715286.827142954,1.947283000,2.183262000,1.383575000,0.000000000,0.000000000,0.000000000,1.000000000
1403715286.832143307,1.946759000,2.181809000,1.384131000,0.000000000,0.000000000,0.000000000,1.000000000
1403715286.837143183,1.946243000,2.180362000,1.384669000,0.000000000,0.000000000,0.000000000,1.000000000
1403715286.842143059,1.945738000,2.178913000,1.385202000,0.000000000,0.000000000,0.000000000,1.000000000
1403715286.847142935,1.945238000,2.177465000,1.385741000,0.000000000,0.000000000,0.000000000,1.000000000
1403715286.852143288,1.944694000,2.175996000,1.386255000,0.000000000,0.000000000,0.000000000,1.000000000
1403715286.857143164,1.944185000,2.174551000,1.386798000,0.000000000,0.000000000,0.000000000,1.000000000
1403715286.862143040,1.943680000,2.173103000,1.387342000,0.000000000,0.000000000,0.000000000,1.000000000
1403715286.867142916,1.943184000,2.171651000,1.387886000,0.000000000,0.000000000,0.000000000,1.000000000
1403715286.872143269,1.942699000,2.170196000,1.388428000,0.000000000,0.000000000,0.000000000,1.000000000
1403715286.877142906,1.942227000,2.168738000,1.388971000,0.000000000,0.000000000,0.000000000,1.000000000
1403715286.882143021,1.941759000,2.167281000,1.389519000,0.000000000,0.000000000,0.000000000,1.000000000
1403715286.887142897,1.941287000,2.165821000,1.390067000,0.000000000,0.000000000,0.000000000,1.000000000
1403715286.892143250,1.940816000,2.164354000,1.390623000,0.000000000,0.000000000,0.000000000,1.000000000
1403715286.897142887,1.940356000,2.162881000,1.391187000,0.000000000,0.000000000,0.000000000,1.000000000
1403715286.902143002,1.939869000,2.161387000,1.391728000,0.000000000,0.000000000,0.000000000,1.000000000
1403715286.907143354,1.939420000,2.159924000,1.392293000,0.000000000,0.000000000,0.000000000,1.000000000
1403715286.912143230,1.938977000,2.158460000,1.392858000,0.000000000,0.000000000,0.000000000,1.000000000
1403715286.917143106,1.938544000,2.156994000,1.393426000,0.000000000,0.000000000,0.000000000,1.000000000
1403715286.922142982,1.938116000,2.155532000,1.393994000,0.000000000,0.000000000,0.000000000,1.000000000
1403715286.927143335,1.937690000,2.154068000,1.394559000,0.000000000,0.000000000,0.000000000,1.000000000
1403715286.932142973,1.937266000,2.152601000,1.395128000,0.000000000,0.000000000,0.000000000,1.000000000
1403715286.937143087,1.936845000,2.151138000,1.395696000,0.000000000,0.000000000,0.000000000,1.000000000
1403715286.942142963,1.936429000,2.149669000,1.396261000,0.000000000,0.000000000,0.000000000,1.000000000
1403715286.947143316,1.936020000,2.148188000,1.396838000,0.000000000,0.000000000,0.000000000,1.000000000
1403715286.952142954,1.935575000,2.146666000,1.397378000,0.000000000,0.000000000,0.000000000,1.000000000
1403715286.957143068,1.935167000,2.145162000,1.397941000,0.000000000,0.000000000,0.000000000,1.000000000
1403715286.962142944,1.934768000,2.143655000,1.398521000,0.000000000,0.000000000,0.000000000,1.000000000
1403715286.967143297,1.934382000,2.142155000,1.399106000,0.000000000,0.000000000,0.000000000,1.000000000
1403715286.972142935,1.934008000,2.140650000,1.399691000,0.000000000,0.000000000,0.000000000,1.000000000
1403715286.977143049,1.933642000,2.139134000,1.400278000,0.000000000,0.000000000,0.000000000,1.000000000
1403715286.982143164,1.933280000,2.137613000,1.400862000,0.000000000,0.000000000,0.000000000,1.000000000
1403715286.987143040,1.932926000,2.136096000,1.401448000,0.000000000,0.000000000,0.000000000,1.000000000
1403715286.992142916,1.932575000,2.134582000,1.402043000,0.000000000,0.000000000,0.000000000,1.000000000
1403715286.997143030,1.932227000,2.133061000,1.402658000,0.000000000,0.000000000,0.000000000,1.000000000
1403715287.002143145,1.931840000,2.131500000,1.403251000,0.000000000,0.000000000,0.000000000,1.000000000
1403715287.007143021,1.931488000,2.129957000,1.403871000,0.000000000,0.000000000,0.000000000,1.000000000
1403715287.012142897,1.931143000,2.128410000,1.404498000,0.000000000,0.000000000,0.000000000,1.000000000
1403715287.017143011,1.930806000,2.126868000,1.405123000,0.000000000,0.000000000,0.000000000,1.000000000
1403715287.022143126,1.930482000,2.125330000,1.405742000,0.000000000,0.000000000,0.000000000,1.000000000
1403715287.027143002,1.930166000,2.123799000,1.406357000,0.000000000,0.000000000,0.000000000,1.000000000
1403715287.032143116,1.929855000,2.122276000,1.406970000,0.000000000,0.000000000,0.000000000,1.000000000
1403715287.037143230,1.929551000,2.120750000,1.407585000,0.000000000,0.000000000,0.000000000,1.000000000
1403715287.042143345,1.929258000,2.119221000,1.408208000,0.000000000,0.000000000,0.000000000,1.000000000
1403715287.047142982,1.928975000,2.117692000,1.408841000,0.000000000,0.000000000,0.000000000,1.000000000
1403715287.052143097,1.928663000,2.116133000,1.409446000,0.000000000,0.000000000,0.000000000,1.000000000
1403715287.057143211,1.928381000,2.114601000,1.410068000,0.000000000,0.000000000,0.000000000,1.000000000
1403715287.062143087,1.928103000,2.113066000,1.410698000,0.000000000,0.000000000,0.000000000,1.000000000
1403715287.067142963,1.927838000,2.111524000,1.411336000,0.000000000,0.000000000,0.000000000,1.000000000
1403715287.072143078,1.927589000,2.109972000,1.411981000,0.000000000,0.000000000,0.000000000,1.000000000
1403715287.077143192,1.927355000,2.108413000,1.412629000,0.000000000,0.000000000,0.000000000,1.000000000
1403715287.082143068,1.927126000,2.106849000,1.413272000,0.000000000,0.000000000,0.000000000,1.000000000
1403715287.087142944,1.926898000,2.105277000,1.413916000,0.000000000,0.000000000,0.000000000,1.000000000
1403715287.092143297,1.926668000,2.103689000,1.414559000,0.000000000,0.000000000,0.000000000,1.000000000
1403715287.097143173,1.926445000,2.102081000,1.415210000,0.000000000,0.000000000,0.000000000,1.000000000
1403715287.102143049,1.926195000,2.100421000,1.415830000,0.000000000,0.000000000,0.000000000,1.000000000
1403715287.107142925,1.925992000,2.098800000,1.416473000,0.000000000,0.000000000,0.000000000,1.000000000
1403715287.112143278,1.925792000,2.097167000,1.417116000,0.000000000,0.000000000,0.000000000,1.000000000
1403715287.117143154,1.925596000,2.095527000,1.417769000,0.000000000,0.000000000,0.000000000,1.000000000
1403715287.122143030,1.925410000,2.093891000,1.418430000,0.000000000,0.000000000,0.000000000,1.000000000
1403715287.127142906,1.925237000,2.092251000,1.419100000,0.000000000,0.000000000,0.000000000,1.000000000
1403715287.132143259,1.925079000,2.090600000,1.419775000,0.000000000,0.000000000,0.000000000,1.000000000
1403715287.137142897,1.924933000,2.088941000,1.420446000,0.000000000,0.000000000,0.000000000,1.000000000
1403715287.142143011,1.924795000,2.087278000,1.421108000,0.000000000,0.000000000,0.000000000,1.000000000
1403715287.147142887,1.924659000,2.085613000,1.421761000,0.000000000,0.000000000,0.000000000,1.000000000
1403715287.152143240,1.924468000,2.083917000,1.422379000,0.000000000,0.000000000,0.000000000,1.000000000
1403715287.157143116,1.924325000,2.082250000,1.423030000,0.000000000,0.000000000,0.000000000,1.000000000
1403715287.162142992,1.924194000,2.080576000,1.423695000,0.000000000,0.000000000,0.000000000,1.000000000
1403715287.167143345,1.924077000,2.078893000,1.424368000,0.000000000,0.000000000,0.000000000,1.000000000
1403715287.172143221,1.923970000,2.077203000,1.425047000,0.000000000,0.000000000,0.000000000,1.000000000
1403715287.177143097,1.923867000,2.075508000,1.425736000,0.000000000,0.000000000,0.000000000,1.000000000
1403715287.182142973,1.923761000,2.073805000,1.426435000,0.000000000,0.000000000,0.000000000,1.000000000
1403715287.187143326,1.923655000,2.072094000,1.427145000,0.000000000,0.000000000,0.000000000,1.000000000
1403715287.192142963,1.923558000,2.070378000,1.427856000,0.000000000,0.000000000,0.000000000,1.000000000
1403715287.197143078,1.923478000,2.068654000,1.428563000,0.000000000,0.000000000,0.000000000,1.000000000
1403715287.202142954,1.923364000,2.066899000,1.429246000,0.000000000,0.000000000,0.000000000,1.000000000
1403715287.207143307,1.923307000,2.065173000,1.429934000,0.000000000,0.000000000,0.000000000,1.000000000
1403715287.212142944,1.923256000,2.063448000,1.430605000,0.000000000,0.000000000,0.000000000,1.000000000
1403715287.217143059,1.923207000,2.061732000,1.431263000,0.000000000,0.000000000,0.000000000,1.000000000
1403715287.222143173,1.923161000,2.060023000,1.431915000,0.000000000,0.000000000,0.000000000,1.000000000
1403715287.227143288,1.923118000,2.058312000,1.432570000,0.000000000,0.000000000,0.000000000,1.000000000
1403715287.232142925,1.923085000,2.056599000,1.433233000,0.000000000,0.000000000,0.000000000,1.000000000
1403715287.237143040,1.923064000,2.054886000,1.433900000,0.000000000,0.000000000,0.000000000,1.000000000
1403715287.242143154,1.923058000,2.053169000,1.434572000,0.000000000,0.000000000,0.000000000,1.000000000
1403715287.247143030,1.923061000,2.051450000,1.435253000,0.000000000,0.000000000,0.000000000,1.000000000
1403715287.252142906,1.923009000,2.049691000,1.435932000,0.000000000,0.000000000,0.000000000,1.000000000
1403715287.257143021,1.923007000,2.047955000,1.436635000,0.000000000,0.000000000,0.000000000,1.000000000
1403715287.262143135,1.923002000,2.046209000,1.437336000,0.000000000,0.000000000,0.000000000,1.000000000
1403715287.267143011,1.923003000,2.044464000,1.438021000,0.000000000,0.000000000,0.000000000,1.000000000
1403715287.272142887,1.923017000,2.042722000,1.438696000,0.000000000,0.000000000,0.000000000,1.000000000
1403715287.277143240,1.923044000,2.040980000,1.439382000,0.000000000,0.000000000,0.000000000,1.000000000
1403715287.282143354,1.923085000,2.039240000,1.440076000,0.000000000,0.000000000,0.000000000,1.000000000
1403715287.287142992,1.923138000,2.037493000,1.440772000,0.000000000,0.000000000,0.000000000,1.000000000
1403715287.292143106,1.923201000,2.035738000,1.441466000,0.000000000,0.000000000,0.000000000,1.000000000
1403715287.297143221,1.923274000,2.033992000,1.442152000,0.000000000,0.000000000,0.000000000,1.000000000
1403715287.302143097,1.923292000,2.032216000,1.442801000,0.000000000,0.000000000,0.000000000,1.000000000
1403715287.307142973,1.923351000,2.030476000,1.443454000,0.000000000,0.000000000,0.000000000,1.000000000
1403715287.312143087,1.923408000,2.028731000,1.444095000,0.000000000,0.000000000,0.000000000,1.000000000
1403715287.317143202,1.923473000,2.026978000,1.444718000,0.000000000,0.000000000,0.000000000,1.000000000
1403715287.322143078,1.923556000,2.025222000,1.445327000,0.000000000,0.000000000,0.000000000,1.000000000
1403715287.327142954,1.923656000,2.023471000,1.445934000,0.000000000,0.000000000,0.000000000,1.000000000
1403715287.332143307,1.923763000,2.021726000,1.446552000,0.000000000,0.000000000,0.000000000,1.000000000
1403715287.337143183,1.923868000,2.019987000,1.447181000,0.000000000,0.000000000,0.000000000,1.000000000
1403715287.342143059,1.923970000,2.018251000,1.447825000,0.000000000,0.000000000,0.000000000,1.000000000
1403715287.347142935,1.924075000,2.016523000,1.448489000,0.000000000,0.000000000,0.000000000,1.000000000
1403715287.352143288,1.924139000,2.014761000,1.449158000,0.000000000,0.000000000,0.000000000,1.000000000
1403715287.357143164,1.924270000,2.013026000,1.449821000,0.000000000,0.000000000,0.000000000,1.000000000
1403715287.362143040,1.924423000,2.011284000,1.450474000,0.000000000,0.000000000,0.000000000,1.000000000
1403715287.367142916,1.924587000,2.009551000,1.451111000,0.000000000,0.000000000,0.000000000,1.000000000
1403715287.372143269,1.924753000,2.007834000,1.451720000,0.000000000,0.000000000,0.000000000,1.000000000
1403715287.377142906,1.924922000,2.006125000,1.452312000,0.000000000,0.000000000,0.000000000,1.000000000
1403715287.382143021,1.925097000,2.004411000,1.452911000,0.000000000,0.000000000,0.000000000,1.000000000
1403715287.387142897,1.925287000,2.002691000,1.453519000,0.000000000,0.000000000,0.000000000,1.000000000
1403715287.392143250,1.925493000,2.000968000,1.454131000,0.000000000,0.000000000,0.000000000,1.000000000
1403715287.397142887,1.925707000,1.999250000,1.454748000,0.000000000,0.000000000,0.000000000,1.000000000
1403715287.402143002,1.925856000,1.997501000,1.455383000,0.000000000,0.000000000,0.000000000,1.000000000
1403715287.407143354,1.926056000,1.995785000,1.456030000,0.000000000,0.000000000,0.000000000,1.000000000
1403715287.412143230,1.926258000,1.994068000,1.456687000,0.000000000,0.000000000,0.000000000,1.000000000
1403715287.417143106,1.926471000,1.992353000,1.457337000,0.000000000,0.000000000,0.000000000,1.000000000
1403715287.422142982,1.926696000,1.990646000,1.457978000,0.000000000,0.000000000,0.000000000,1.000000000
1403715287.427143335,1.926933000,1.988953000,1.458611000,0.000000000,0.000000000,0.000000000,1.000000000
1403715287.432142973,1.927174000,1.987266000,1.459240000,0.000000000,0.000000000,0.000000000,1.000000000
1403715287.437143087,1.927413000,1.985581000,1.459869000,0.000000000,0.000000000,0.000000000,1.000000000
1403715287.442142963,1.927646000,1.983905000,1.460492000,0.000000000,0.000000000,0.000000000,1.000000000
1403715287.447143316,1.927872000,1.982243000,1.461108000,0.000000000,0.000000000,0.000000000,1.000000000
1403715287.452142954,1.928045000,1.980542000,1.461730000,0.000000000,0.000000000,0.000000000,1.000000000
1403715287.457143068,1.928277000,1.978886000,1.462347000,0.000000000,0.000000000,0.000000000,1.000000000
1403715287.462142944,1.928520000,1.977234000,1.462973000,0.000000000,0.000000000,0.000000000,1.000000000
1403715287.467143297,1.928768000,1.975582000,1.463613000,0.000000000,0.000000000,0.000000000,1.000000000
1403715287.472142935,1.929018000,1.973936000,1.464268000,0.000000000,0.000000000,0.000000000,1.000000000
1403715287.477143049,1.929262000,1.972296000,1.464928000,0.000000000,0.000000000,0.000000000,1.000000000
1403715287.482143164,1.929497000,1.970659000,1.465595000,0.000000000,0.000000000,0.000000000,1.000000000
1403715287.487143040,1.929730000,1.969027000,1.466262000,0.000000000,0.000000000,0.000000000,1.000000000
1403715287.492142916,1.929966000,1.967404000,1.466914000,0.000000000,0.000000000,0.000000000,1.000000000
1403715287.497143030,1.930207000,1.965788000,1.467555000,0.000000000,0.000000000,0.000000000,1.000000000
1403715287.502143145,1.930386000,1.964121000,1.468211000,0.000000000,0.000000000,0.000000000,1.000000000
1403715287.507143021,1.930614000,1.962509000,1.468848000,0.000000000,0.000000000,0.000000000,1.000000000
1403715287.512142897,1.930838000,1.960907000,1.469478000,0.000000000,0.000000000,0.000000000,1.000000000
1403715287.517143011,1.931055000,1.959320000,1.470109000,0.000000000,0.000000000,0.000000000,1.000000000
1403715287.522143126,1.931271000,1.957752000,1.470741000,0.000000000,0.000000000,0.000000000,1.000000000
1403715287.527143002,1.931487000,1.956197000,1.471388000,0.000000000,0.000000000,0.000000000,1.000000000
1403715287.532143116,1.931706000,1.954649000,1.472055000,0.000000000,0.000000000,0.000000000,1.000000000
1403715287.537143230,1.931926000,1.953108000,1.472732000,0.000000000,0.000000000,0.000000000,1.000000000
1403715287.542143345,1.932151000,1.951574000,1.473404000,0.000000000,0.000000000,0.000000000,1.000000000
1403715287.547142982,1.932376000,1.950043000,1.474074000,0.000000000,0.000000000,0.000000000,1.000000000
1403715287.552143097,1.932537000,1.948465000,1.474760000,0.000000000,0.000000000,0.000000000,1.000000000
1403715287.557143211,1.932737000,1.946941000,1.475426000,0.000000000,0.000000000,0.000000000,1.000000000
1403715287.562143087,1.932932000,1.945422000,1.476093000,0.000000000,0.000000000,0.000000000,1.000000000
1403715287.567142963,1.933123000,1.943912000,1.476771000,0.000000000,0.000000000,0.000000000,1.000000000
1403715287.572143078,1.933314000,1.942413000,1.477455000,0.000000000,0.000000000,0.000000000,1.000000000
1403715287.577143192,1.933503000,1.940926000,1.478139000,0.000000000,0.000000000,0.000000000,1.000000000
1403715287.582143068,1.933687000,1.939448000,1.478824000,0.000000000,0.000000000,0.000000000,1.000000000
1403715287.587142944,1.933858000,1.937978000,1.479508000,0.000000000,0.000000000,0.000000000,1.000000000
1403715287.592143297,1.934015000,1.936517000,1.480191000,0.000000000,0.000000000,0.000000000,1.000000000
1403715287.597143173,1.934164000,1.935067000,1.480867000,0.000000000,0.000000000,0.000000000,1.000000000
1403715287.602143049,1.934255000,1.933581000,1.481570000,0.000000000,0.000000000,0.000000000,1.000000000
1403715287.607142925,1.934392000,1.932151000,1.482241000,0.000000000,0.000000000,0.000000000,1.000000000
1403715287.612143278,1.934528000,1.930725000,1.482921000,0.000000000,0.000000000,0.000000000,1.000000000
1403715287.617143154,1.934658000,1.929300000,1.483617000,0.000000000,0.000000000,0.000000000,1.000000000
1403715287.622143030,1.934775000,1.927878000,1.484328000,0.000000000,0.000000000,0.000000000,1.000000000
1403715287.627142906,1.934881000,1.926464000,1.485053000,0.000000000,0.000000000,0.000000000,1.000000000
1403715287.632143259,1.934977000,1.925060000,1.485779000,0.000000000,0.000000000,0.000000000,1.000000000
1403715287.637142897,1.935060000,1.923663000,1.486502000,0.000000000,0.000000000,0.000000000,1.000000000
1403715287.642143011,1.935137000,1.922269000,1.487234000,0.000000000,0.000000000,0.000000000,1.000000000
1403715287.647142887,1.935213000,1.920872000,1.487974000,0.000000000,0.000000000,0.000000000,1.000000000
1403715287.652143240,1.935218000,1.919419000,1.488752000,0.000000000,0.000000000,0.000000000,1.000000000
1403715287.657143116,1.935259000,1.918015000,1.489500000,0.000000000,0.000000000,0.000000000,1.000000000
1403715287.662142992,1.935289000,1.916621000,1.490249000,0.000000000,0.000000000,0.000000000,1.000000000
1403715287.667143345,1.935301000,1.915243000,1.490996000,0.000000000,0.000000000,0.000000000,1.000000000
1403715287.672143221,1.935301000,1.913881000,1.491748000,0.000000000,0.000000000,0.000000000,1.000000000
1403715287.677143097,1.935294000,1.912525000,1.492503000,0.000000000,0.000000000,0.000000000,1.000000000
1403715287.682142973,1.935285000,1.911171000,1.493272000,0.000000000,0.000000000,0.000000000,1.000000000
1403715287.687143326,1.935276000,1.909818000,1.494056000,0.000000000,0.000000000,0.000000000,1.000000000
1403715287.692142963,1.935259000,1.908468000,1.494852000,0.000000000,0.000000000,0.000000000,1.000000000
1403715287.697143078,1.935226000,1.907129000,1.495652000,0.000000000,0.000000000,0.000000000,1.000000000
1403715287.702142954,1.935120000,1.905761000,1.496497000,0.000000000,0.000000000,0.000000000,1.000000000
1403715287.707143307,1.935037000,1.904429000,1.497296000,0.000000000,0.000000000,0.000000000,1.000000000
1403715287.712142944,1.934942000,1.903100000,1.498091000,0.000000000,0.000000000,0.000000000,1.000000000
1403715287.717143059,1.934843000,1.901776000,1.498890000,0.000000000,0.000000000,0.000000000,1.000000000
1403715287.722143173,1.934742000,1.900460000,1.499703000,0.000000000,0.000000000,0.000000000,1.000000000
1403715287.727143288,1.934640000,1.899155000,1.500529000,0.000000000,0.000000000,0.000000000,1.000000000
1403715287.732142925,1.934530000,1.897858000,1.501371000,0.000000000,0.000000000,0.000000000,1.000000000
1403715287.737143040,1.934410000,1.896566000,1.502227000,0.000000000,0.000000000,0.000000000,1.000000000
1403715287.742143154,1.934276000,1.895276000,1.503085000,0.000000000,0.000000000,0.000000000,1.000000000
1403715287.747143030,1.934127000,1.893989000,1.503937000,0.000000000,0.000000000,0.000000000,1.000000000
1403715287.752142906,1.933910000,1.892673000,1.504832000,0.000000000,0.000000000,0.000000000,1.000000000
1403715287.757143021,1.933721000,1.891399000,1.505675000,0.000000000,0.000000000,0.000000000,1.000000000
1403715287.762143135,1.933523000,1.890130000,1.506525000,0.000000000,0.000000000,0.000000000,1.000000000
1403715287.767143011,1.933318000,1.888863000,1.507391000,0.000000000,0.000000000,0.000000000,1.000000000
1403715287.772142887,1.933104000,1.887604000,1.508269000,0.000000000,0.000000000,0.000000000,1.000000000
1403715287.777143240,1.932876000,1.886361000,1.509153000,0.000000000,0.000000000,0.000000000,1.000000000
1403715287.782143354,1.932631000,1.885125000,1.510044000,0.000000000,0.000000000,0.000000000,1.000000000
1403715287.787142992,1.932373000,1.883891000,1.510935000,0.000000000,0.000000000,0.000000000,1.000000000
1403715287.792143106,1.932104000,1.882662000,1.511824000,0.000000000,0.000000000,0.000000000,1.000000000
1403715287.797143221,1.931826000,1.881441000,1.512714000,0.000000000,0.000000000,0.000000000,1.000000000
1403715287.802143097,1.931483000,1.880196000,1.513685000,0.000000000,0.000000000,0.000000000,1.000000000
1403715287.807142973,1.931174000,1.878976000,1.514599000,0.000000000,0.000000000,0.000000000,1.000000000
1403715287.812143087,1.930860000,1.877764000,1.515516000,0.000000000,0.000000000,0.000000000,1.000000000
1403715287.817143202,1.930541000,1.876564000,1.516439000,0.000000000,0.000000000,0.000000000,1.000000000
1403715287.822143078,1.930211000,1.875372000,1.517367000,0.000000000,0.000000000,0.000000000,1.000000000
1403715287.827142954,1.929869000,1.874184000,1.518304000,0.000000000,0.000000000,0.000000000,1.000000000
1403715287.832143307,1.929514000,1.873000000,1.519240000,0.000000000,0.000000000,0.000000000,1.000000000
1403715287.837143183,1.929150000,1.871823000,1.520174000,0.000000000,0.000000000,0.000000000,1.000000000
1403715287.842143059,1.928783000,1.870652000,1.521114000,0.000000000,0.000000000,0.000000000,1.000000000
1403715287.847142935,1.928407000,1.869483000,1.522061000,0.000000000,0.000000000,0.000000000,1.000000000
1403715287.852143288,1.927956000,1.868309000,1.523092000,0.000000000,0.000000000,0.000000000,1.000000000
1403715287.857143164,1.927529000,1.867152000,1.524042000,0.000000000,0.000000000,0.000000000,1.000000000
1403715287.862143040,1.927079000,1.866005000,1.524983000,0.000000000,0.000000000,0.000000000,1.000000000
1403715287.867142916,1.926613000,1.864856000,1.525928000,0.000000000,0.000000000,0.000000000,1.000000000
1403715287.872143269,1.926141000,1.863698000,1.526876000,0.000000000,0.000000000,0.000000000,1.000000000
1403715287.877142906,1.925667000,1.862532000,1.527827000,0.000000000,0.000000000,0.000000000,1.000000000
1403715287.882143021,1.925194000,1.861356000,1.528791000,0.000000000,0.000000000,0.000000000,1.000000000
1403715287.887142897,1.924716000,1.860176000,1.529777000,0.000000000,0.000000000,0.000000000,1.000000000
1403715287.892143250,1.924222000,1.859003000,1.530778000,0.000000000,0.000000000,0.000000000,1.000000000
1403715287.897142887,1.923711000,1.857843000,1.531783000,0.000000000,0.000000000,0.000000000,1.000000000
1403715287.902143002,1.923122000,1.856690000,1.532888000,0.000000000,0.000000000,0.000000000,1.000000000
1403715287.907143354,1.922578000,1.855557000,1.533892000,0.000000000,0.000000000,0.000000000,1.000000000
1403715287.912143230,1.922043000,1.854427000,1.534880000,0.000000000,0.000000000,0.000000000,1.000000000
1403715287.917143106,1.921513000,1.853298000,1.535853000,0.000000000,0.000000000,0.000000000,1.000000000
1403715287.922142982,1.920977000,1.852179000,1.536823000,0.000000000,0.000000000,0.000000000,1.000000000
1403715287.927143335,1.920425000,1.851081000,1.537790000,0.000000000,0.000000000,0.000000000,1.000000000
1403715287.932142973,1.919857000,1.850007000,1.538759000,0.000000000,0.000000000,0.000000000,1.000000000
1403715287.937143087,1.919274000,1.848949000,1.539736000,0.000000000,0.000000000,0.000000000,1.000000000
1403715287.942142963,1.918688000,1.847901000,1.540724000,0.000000000,0.000000000,0.000000000,1.000000000
1403715287.947143316,1.918107000,1.846857000,1.541716000,0.000000000,0.000000000,0.000000000,1.000000000
1403715287.952142954,1.917458000,1.845810000,1.542827000,0.000000000,0.000000000,0.000000000,1.000000000
1403715287.957143068,1.916864000,1.844753000,1.543847000,0.000000000,0.000000000,0.000000000,1.000000000
1403715287.962142944,1.916264000,1.843697000,1.544867000,0.000000000,0.000000000,0.000000000,1.000000000
1403715287.967143297,1.915653000,1.842658000,1.545871000,0.000000000,0.000000000,0.000000000,1.000000000
1403715287.972142935,1.915030000,1.841633000,1.546842000,0.000000000,0.000000000,0.000000000,1.000000000
1403715287.977143049,1.914407000,1.840614000,1.547796000,0.000000000,0.000000000,0.000000000,1.000000000
1403715287.982143164,1.913791000,1.839597000,1.548742000,0.000000000,0.000000000,0.000000000,1.000000000
1403715287.987143040,1.913187000,1.838581000,1.549683000,0.000000000,0.000000000,0.000000000,1.000000000
1403715287.992142916,1.912588000,1.837563000,1.550625000,0.000000000,0.000000000,0.000000000,1.000000000
1403715287.997143030,1.911987000,1.836552000,1.551572000,0.000000000,0.000000000,0.000000000,1.000000000
1403715288.002143145,1.911296000,1.835569000,1.552643000,0.000000000,0.000000000,0.000000000,1.000000000
1403715288.007143021,1.910654000,1.834597000,1.553603000,0.000000000,0.000000000,0.000000000,1.000000000
1403715288.012142897,1.910004000,1.833640000,1.554566000,0.000000000,0.000000000,0.000000000,1.000000000
1403715288.017143011,1.909359000,1.832690000,1.555539000,0.000000000,0.000000000,0.000000000,1.000000000
1403715288.022143126,1.908730000,1.831741000,1.556511000,0.000000000,0.000000000,0.000000000,1.000000000
1403715288.027143002,1.908117000,1.830796000,1.557473000,0.000000000,0.000000000,0.000000000,1.000000000
1403715288.032143116,1.907507000,1.829855000,1.558430000,0.000000000,0.000000000,0.000000000,1.000000000
1403715288.037143230,1.906888000,1.828917000,1.559387000,0.000000000,0.000000000,0.000000000,1.000000000
1403715288.042143345,1.906256000,1.827987000,1.560343000,0.000000000,0.000000000,0.000000000,1.000000000
1403715288.047142982,1.905615000,1.827066000,1.561290000,0.000000000,0.000000000,0.000000000,1.000000000
1403715288.052143097,1.904895000,1.826158000,1.562373000,0.000000000,0.000000000,0.000000000,1.000000000
1403715288.057143211,1.904256000,1.825248000,1.563339000,0.000000000,0.000000000,0.000000000,1.000000000
1403715288.062143087,1.903632000,1.824330000,1.564303000,0.000000000,0.000000000,0.000000000,1.000000000
1403715288.067142963,1.903013000,1.823410000,1.565264000,0.000000000,0.000000000,0.000000000,1.000000000
1403715288.072143078,1.902386000,1.822496000,1.566223000,0.000000000,0.000000000,0.000000000,1.000000000
1403715288.077143192,1.901752000,1.821595000,1.567172000,0.000000000,0.000000000,0.000000000,1.000000000
1403715288.082143068,1.901116000,1.820705000,1.568098000,0.000000000,0.000000000,0.000000000,1.000000000
1403715288.087142944,1.900481000,1.819819000,1.569004000,0.000000000,0.000000000,0.000000000,1.000000000
1403715288.092143297,1.899855000,1.818934000,1.569895000,0.000000000,0.000000000,0.000000000,1.000000000
1403715288.097143173,1.899241000,1.818055000,1.570767000,0.000000000,0.000000000,0.000000000,1.000000000
1403715288.102143049,1.898532000,1.817195000,1.571764000,0.000000000,0.000000000,0.000000000,1.000000000
1403715288.107142925,1.897903000,1.816329000,1.572648000,0.000000000,0.000000000,0.000000000,1.000000000
1403715288.112143278,1.897269000,1.815468000,1.573514000,0.000000000,0.000000000,0.000000000,1.000000000
1403715288.117143154,1.896632000,1.814617000,1.574358000,0.000000000,0.000000000,0.000000000,1.000000000
1403715288.122143030,1.895996000,1.813771000,1.575187000,0.000000000,0.000000000,0.000000000,1.000000000
1403715288.127142906,1.895365000,1.812925000,1.576003000,0.000000000,0.000000000,0.000000000,1.000000000
1403715288.132143259,1.894740000,1.812082000,1.576799000,0.000000000,0.000000000,0.000000000,1.000000000
1403715288.137142897,1.894120000,1.811243000,1.577564000,0.000000000,0.000000000,0.000000000,1.000000000
1403715288.142143011,1.893499000,1.810413000,1.578303000,0.000000000,0.000000000,0.000000000,1.000000000
1403715288.147142887,1.892874000,1.809597000,1.579018000,0.000000000,0.000000000,0.000000000,1.000000000
1403715288.152143240,1.892143000,1.808812000,1.579825000,0.000000000,0.000000000,0.000000000,1.000000000
1403715288.157143116,1.891492000,1.808017000,1.580510000,0.000000000,0.000000000,0.000000000,1.000000000
1403715288.162142992,1.890849000,1.807227000,1.581169000,0.000000000,0.000000000,0.000000000,1.000000000
1403715288.167143345,1.890214000,1.806441000,1.581803000,0.000000000,0.000000000,0.000000000,1.000000000
1403715288.172143221,1.889583000,1.805658000,1.582405000,0.000000000,0.000000000,0.000000000,1.000000000
1403715288.177143097,1.888956000,1.804876000,1.582968000,0.000000000,0.000000000,0.000000000,1.000000000
1403715288.182142973,1.888333000,1.804099000,1.583477000,0.000000000,0.000000000,0.000000000,1.000000000
1403715288.187143326,1.887711000,1.803333000,1.583932000,0.000000000,0.000000000,0.000000000,1.000000000
1403715288.192142963,1.887094000,1.802578000,1.584353000,0.000000000,0.000000000,0.000000000,1.000000000
1403715288.197143078,1.886486000,1.801831000,1.584739000,0.000000000,0.000000000,0.000000000,1.000000000
1403715288.202142954,1.885782000,1.801116000,1.585226000,0.000000000,0.000000000,0.000000000,1.000000000
1403715288.207143307,1.885162000,1.800378000,1.585580000,0.000000000,0.000000000,0.000000000,1.000000000
1403715288.212142944,1.884546000,1.799642000,1.585909000,0.000000000,0.000000000,0.000000000,1.000000000
1403715288.217143059,1.883932000,1.798909000,1.586212000,0.000000000,0.000000000,0.000000000,1.000000000
1403715288.222143173,1.883318000,1.798180000,1.586487000,0.000000000,0.000000000,0.000000000,1.000000000
1403715288.227143288,1.882706000,1.797461000,1.586739000,0.000000000,0.000000000,0.000000000,1.000000000
1403715288.232142925,1.882092000,1.796759000,1.586952000,0.000000000,0.000000000,0.000000000,1.000000000
1403715288.237143040,1.881476000,1.796073000,1.587121000,0.000000000,0.000000000,0.000000000,1.000000000
1403715288.242143154,1.880868000,1.795388000,1.587257000,0.000000000,0.000000000,0.000000000,1.000000000
1403715288.247143030,1.880271000,1.794702000,1.587354000,0.000000000,0.000000000,0.000000000,1.000000000
1403715288.252142906,1.879582000,1.794052000,1.587535000,0.000000000,0.000000000,0.000000000,1.000000000
1403715288.257143021,1.878977000,1.793370000,1.587575000,0.000000000,0.000000000,0.000000000,1.000000000
1403715288.262143135,1.878370000,1.792693000,1.587577000,0.000000000,0.000000000,0.000000000,1.000000000
1403715288.267143011,1.877764000,1.792019000,1.587545000,0.000000000,0.000000000,0.000000000,1.000000000
1403715288.272142887,1.877155000,1.791344000,1.587483000,0.000000000,0.000000000,0.000000000,1.000000000
1403715288.277143240,1.876542000,1.790658000,1.587399000,0.000000000,0.000000000,0.000000000,1.000000000
1403715288.282143354,1.875925000,1.789966000,1.587296000,0.000000000,0.000000000,0.000000000,1.000000000
1403715288.287142992,1.875308000,1.789277000,1.587171000,0.000000000,0.000000000,0.000000000,1.000000000
1403715288.292143106,1.874692000,1.788601000,1.587018000,0.000000000,0.000000000,0.000000000,1.000000000
1403715288.297143221,1.874081000,1.787938000,1.586828000,0.000000000,0.000000000,0.000000000,1.000000000
1403715288.302143097,1.873370000,1.787335000,1.586700000,0.000000000,0.000000000,0.000000000,1.000000000
1403715288.307142973,1.872740000,1.786699000,1.586445000,0.000000000,0.000000000,0.000000000,1.000000000
1403715288.312143087,1.872115000,1.786064000,1.586159000,0.000000000,0.000000000,0.000000000,1.000000000
1403715288.317143202,1.871500000,1.785428000,1.585840000,0.000000000,0.000000000,0.000000000,1.000000000
1403715288.322143078,1.870899000,1.784793000,1.585487000,0.000000000,0.000000000,0.000000000,1.000000000
1403715288.327142954,1.870308000,1.784166000,1.585095000,0.000000000,0.000000000,0.000000000,1.000000000
1403715288.332143307,1.869718000,1.783537000,1.584654000,0.000000000,0.000000000,0.000000000,1.000000000
1403715288.337143183,1.869131000,1.782903000,1.584168000,0.000000000,0.000000000,0.000000000,1.000000000
1403715288.342143059,1.868553000,1.782270000,1.583635000,0.000000000,0.000000000,0.000000000,1.000000000
1403715288.347142935,1.867979000,1.781639000,1.583055000,0.000000000,0.000000000,0.000000000,1.000000000
1403715288.352143288,1.867325000,1.781059000,1.582525000,0.000000000,0.000000000,0.000000000,1.000000000
1403715288.357143164,1.866745000,1.780435000,1.581890000,0.000000000,0.000000000,0.000000000,1.000000000
1403715288.362143040,1.866172000,1.779800000,1.581225000,0.000000000,0.000000000,0.000000000,1.000000000
1403715288.367142916,1.865606000,1.779161000,1.580536000,0.000000000,0.000000000,0.000000000,1.000000000
1403715288.372143269,1.865044000,1.778527000,1.579829000,0.000000000,0.000000000,0.000000000,1.000000000
1403715288.377142906,1.864484000,1.777901000,1.579109000,0.000000000,0.000000000,0.000000000,1.000000000
1403715288.382143021,1.863919000,1.777280000,1.578376000,0.000000000,0.000000000,0.000000000,1.000000000
1403715288.387142897,1.863352000,1.776657000,1.577628000,0.000000000,0.000000000,0.000000000,1.000000000
1403715288.392143250,1.862775000,1.776029000,1.576867000,0.000000000,0.000000000,0.000000000,1.000000000
1403715288.397142887,1.862192000,1.775390000,1.576110000,0.000000000,0.000000000,0.000000000,1.000000000
1403715288.402143002,1.861536000,1.774806000,1.575426000,0.000000000,0.000000000,0.000000000,1.000000000
1403715288.407143354,1.860955000,1.774175000,1.574676000,0.000000000,0.000000000,0.000000000,1.000000000
1403715288.412143230,1.860385000,1.773552000,1.573924000,0.000000000,0.000000000,0.000000000,1.000000000
1403715288.417143106,1.859821000,1.772942000,1.573186000,0.000000000,0.000000000,0.000000000,1.000000000
1403715288.422142982,1.859255000,1.772339000,1.572461000,0.000000000,0.000000000,0.000000000,1.000000000
1403715288.427143335,1.858681000,1.771738000,1.571742000,0.000000000,0.000000000,0.000000000,1.000000000
1403715288.432142973,1.858098000,1.771148000,1.571030000,0.000000000,0.000000000,0.000000000,1.000000000
1403715288.437143087,1.857515000,1.770572000,1.570335000,0.000000000,0.000000000,0.000000000,1.000000000
1403715288.442142963,1.856931000,1.769995000,1.569658000,0.000000000,0.000000000,0.000000000,1.000000000
1403715288.447143316,1.856345000,1.769410000,1.569008000,0.000000000,0.000000000,0.000000000,1.000000000
1403715288.452142954,1.855684000,1.768897000,1.568436000,0.000000000,0.000000000,0.000000000,1.000000000
1403715288.457143068,1.855084000,1.768334000,1.567844000,0.000000000,0.000000000,0.000000000,1.000000000
1403715288.462142944,1.854486000,1.767790000,1.567278000,0.000000000,0.000000000,0.000000000,1.000000000
1403715288.467143297,1.853882000,1.767267000,1.566725000,0.000000000,0.000000000,0.000000000,1.000000000
1403715288.472142935,1.853267000,1.766751000,1.566191000,0.000000000,0.000000000,0.000000000,1.000000000
1403715288.477143049,1.852645000,1.766238000,1.565694000,0.000000000,0.000000000,0.000000000,1.000000000
1403715288.482143164,1.852027000,1.765728000,1.565231000,0.000000000,0.000000000,0.000000000,1.000000000
1403715288.487143040,1.851413000,1.765213000,1.564798000,0.000000000,0.000000000,0.000000000,1.000000000
1403715288.492142916,1.850797000,1.764698000,1.564399000,0.000000000,0.000000000,0.000000000,1.000000000
1403715288.497143030,1.850176000,1.764186000,1.564032000,0.000000000,0.000000000,0.000000000,1.000000000
1403715288.502143145,1.849491000,1.763766000,1.563730000,0.000000000,0.000000000,0.000000000,1.000000000
1403715288.507143021,1.848858000,1.763289000,1.563401000,0.000000000,0.000000000,0.000000000,1.000000000
1403715288.512142897,1.848232000,1.762819000,1.563077000,0.000000000,0.000000000,0.000000000,1.000000000
1403715288.517143011,1.847618000,1.762350000,1.562778000,0.000000000,0.000000000,0.000000000,1.000000000
1403715288.522143126,1.847014000,1.761882000,1.562505000,0.000000000,0.000000000,0.000000000,1.000000000
1403715288.527143002,1.846409000,1.761419000,1.562260000,0.000000000,0.000000000,0.000000000,1.000000000
1403715288.532143116,1.845794000,1.760966000,1.562052000,0.000000000,0.000000000,0.000000000,1.000000000
1403715288.537143230,1.845168000,1.760527000,1.561882000,0.000000000,0.000000000,0.000000000,1.000000000
1403715288.542143345,1.844533000,1.760105000,1.561749000,0.000000000,0.000000000,0.000000000,1.000000000
1403715288.547142982,1.843895000,1.759692000,1.561654000,0.000000000,0.000000000,0.000000000,1.000000000
1403715288.552143097,1.843205000,1.759375000,1.561625000,0.000000000,0.000000000,0.000000000,1.000000000
1403715288.557143211,1.842568000,1.758981000,1.561621000,0.000000000,0.000000000,0.000000000,1.000000000
1403715288.562143087,1.841934000,1.758591000,1.561661000,0.000000000,0.000000000,0.000000000,1.000000000
1403715288.567142963,1.841297000,1.758211000,1.561735000,0.000000000,0.000000000,0.000000000,1.000000000
1403715288.572143078,1.840654000,1.757842000,1.561836000,0.000000000,0.000000000,0.000000000,1.000000000
1403715288.577143192,1.840003000,1.757483000,1.561960000,0.000000000,0.000000000,0.000000000,1.000000000
1403715288.582143068,1.839347000,1.757127000,1.562110000,0.000000000,0.000000000,0.000000000,1.000000000
1403715288.587142944,1.838688000,1.756769000,1.562291000,0.000000000,0.000000000,0.000000000,1.000000000
1403715288.592143297,1.838028000,1.756403000,1.562503000,0.000000000,0.000000000,0.000000000,1.000000000
1403715288.597143173,1.837369000,1.756030000,1.562751000,0.000000000,0.000000000,0.000000000,1.000000000
1403715288.602143049,1.836658000,1.755773000,1.563062000,0.000000000,0.000000000,0.000000000,1.000000000
1403715288.607142925,1.835972000,1.755420000,1.563398000,0.000000000,0.000000000,0.000000000,1.000000000
1403715288.612143278,1.835264000,1.755066000,1.563779000,0.000000000,0.000000000,0.000000000,1.000000000
1403715288.617143154,1.834541000,1.754709000,1.564208000,0.000000000,0.000000000,0.000000000,1.000000000
1403715288.622143030,1.833811000,1.754339000,1.564671000,0.000000000,0.000000000,0.000000000,1.000000000
1403715288.627142906,1.833080000,1.753959000,1.565170000,0.000000000,0.000000000,0.000000000,1.000000000
1403715288.632143259,1.832350000,1.753577000,1.565698000,0.000000000,0.000000000,0.000000000,1.000000000
1403715288.637142897,1.831622000,1.753196000,1.566254000,0.000000000,0.000000000,0.000000000,1.000000000
1403715288.642143011,1.830892000,1.752813000,1.566828000,0.000000000,0.000000000,0.000000000,1.000000000
1403715288.647142887,1.830150000,1.752429000,1.567429000,0.000000000,0.000000000,0.000000000,1.000000000
1403715288.652143240,1.829352000,1.752191000,1.568090000,0.000000000,0.000000000,0.000000000,1.000000000
1403715288.657143116,1.828588000,1.751866000,1.568748000,0.000000000,0.000000000,0.000000000,1.000000000
1403715288.662142992,1.827832000,1.751549000,1.569436000,0.000000000,0.000000000,0.000000000,1.000000000
1403715288.667143345,1.827080000,1.751225000,1.570159000,0.000000000,0.000000000,0.000000000,1.000000000
1403715288.672143221,1.826333000,1.750894000,1.570911000,0.000000000,0.000000000,0.000000000,1.000000000
1403715288.677143097,1.825587000,1.750560000,1.571689000,0.000000000,0.000000000,0.000000000,1.000000000
1403715288.682142973,1.824834000,1.750235000,1.572492000,0.000000000,0.000000000,0.000000000,1.000000000
1403715288.687143326,1.824067000,1.749930000,1.573322000,0.000000000,0.000000000,0.000000000,1.000000000
1403715288.692142963,1.823282000,1.749639000,1.574174000,0.000000000,0.000000000,0.000000000,1.000000000
1403715288.697143078,1.822485000,1.749348000,1.575047000,0.000000000,0.000000000,0.000000000,1.000000000
1403715288.702142954,1.821650000,1.749187000,1.575983000,0.000000000,0.000000000,0.000000000,1.000000000
1403715288.707143307,1.820853000,1.748895000,1.576894000,0.000000000,0.000000000,0.000000000,1.000000000
1403715288.712142944,1.820057000,1.748592000,1.577816000,0.000000000,0.000000000,0.000000000,1.000000000
1403715288.717143059,1.819265000,1.748294000,1.578743000,0.000000000,0.000000000,0.000000000,1.000000000
1403715288.722143173,1.818471000,1.748011000,1.579652000,0.000000000,0.000000000,0.000000000,1.000000000
1403715288.727143288,1.817668000,1.747732000,1.580534000,0.000000000,0.000000000,0.000000000,1.000000000
1403715288.732142925,1.816860000,1.747458000,1.581406000,0.000000000,0.000000000,0.000000000,1.000000000
1403715288.737143040,1.816055000,1.747190000,1.582273000,0.000000000,0.000000000,0.000000000,1.000000000
1403715288.742143154,1.815257000,1.746916000,1.583145000,0.000000000,0.000000000,0.000000000,1.000000000
1403715288.747143030,1.814461000,1.746635000,1.584020000,0.000000000,0.000000000,0.000000000,1.000000000
1403715288.752142906,1.813613000,1.746511000,1.584921000,0.000000000,0.000000000,0.000000000,1.000000000
1403715288.757143021,1.812802000,1.746267000,1.585815000,0.000000000,0.000000000,0.000000000,1.000000000
1403715288.762143135,1.811982000,1.746032000,1.586722000,0.000000000,0.000000000,0.000000000,1.000000000
1403715288.767143011,1.811157000,1.745806000,1.587629000,0.000000000,0.000000000,0.000000000,1.000000000
1403715288.772142887,1.810331000,1.745589000,1.588512000,0.000000000,0.000000000,0.000000000,1.000000000
1403715288.777143240,1.809506000,1.745377000,1.589368000,0.000000000,0.000000000,0.000000000,1.000000000
1403715288.782143354,1.808682000,1.745166000,1.590199000,0.000000000,0.000000000,0.000000000,1.000000000
1403715288.787142992,1.807855000,1.744952000,1.590998000,0.000000000,0.000000000,0.000000000,1.000000000
1403715288.792143106,1.807027000,1.744736000,1.591759000,0.000000000,0.000000000,0.000000000,1.000000000
1403715288.797143221,1.806199000,1.744519000,1.592484000,0.000000000,0.000000000,0.000000000,1.000000000
1403715288.802143097,1.805326000,1.744453000,1.593206000,0.000000000,0.000000000,0.000000000,1.000000000
1403715288.807142973,1.804495000,1.744266000,1.593888000,0.000000000,0.000000000,0.000000000,1.000000000
1403715288.812143087,1.803667000,1.744080000,1.594542000,0.000000000,0.000000000,0.000000000,1.000000000
1403715288.817143202,1.802840000,1.743896000,1.595161000,0.000000000,0.000000000,0.000000000,1.000000000
1403715288.822143078,1.802012000,1.743717000,1.595743000,0.000000000,0.000000000,0.000000000,1.000000000
1403715288.827142954,1.801181000,1.743543000,1.596290000,0.000000000,0.000000000,0.000000000,1.000000000
1403715288.832143307,1.800347000,1.743372000,1.596801000,0.000000000,0.000000000,0.000000000,1.000000000
1403715288.837143183,1.799512000,1.743205000,1.597266000,0.000000000,0.000000000,0.000000000,1.000000000
1403715288.842143059,1.798674000,1.743039000,1.597687000,0.000000000,0.000000000,0.000000000,1.000000000
1403715288.847142935,1.797832000,1.742877000,1.598073000,0.000000000,0.000000000,0.000000000,1.000000000
1403715288.852143288,1.796929000,1.742871000,1.598459000,0.000000000,0.000000000,0.000000000,1.000000000
1403715288.857143164,1.796067000,1.742747000,1.598795000,0.000000000,0.000000000,0.000000000,1.000000000
1403715288.862143040,1.795206000,1.742618000,1.599113000,0.000000000,0.000000000,0.000000000,1.000000000
1403715288.867142916,1.794345000,1.742483000,1.599416000,0.000000000,0.000000000,0.000000000,1.000000000
1403715288.872143269,1.793482000,1.742345000,1.599702000,0.000000000,0.000000000,0.000000000,1.000000000
1403715288.877142906,1.792613000,1.742214000,1.599959000,0.000000000,0.000000000,0.000000000,1.000000000
1403715288.882143021,1.791743000,1.742094000,1.600175000,0.000000000,0.000000000,0.000000000,1.000000000
1403715288.887142897,1.790875000,1.741980000,1.600345000,0.000000000,0.000000000,0.000000000,1.000000000
1403715288.892143250,1.790009000,1.741864000,1.600466000,0.000000000,0.000000000,0.000000000,1.000000000
1403715288.897142887,1.789147000,1.741746000,1.600540000,0.000000000,0.000000000,0.000000000,1.000000000
1403715288.902143002,1.788224000,1.741765000,1.600602000,0.000000000,0.000000000,0.000000000,1.000000000
1403715288.907143354,1.787340000,1.741675000,1.600609000,0.000000000,0.000000000,0.000000000,1.000000000
1403715288.912143230,1.786456000,1.741587000,1.600583000,0.000000000,0.000000000,0.000000000,1.000000000
1403715288.917143106,1.785571000,1.741496000,1.600531000,0.000000000,0.000000000,0.000000000,1.000000000
1403715288.922142982,1.784684000,1.741398000,1.600453000,0.000000000,0.000000000,0.000000000,1.000000000
1403715288.927143335,1.783789000,1.741285000,1.600349000,0.000000000,0.000000000,0.000000000,1.000000000
1403715288.932142973,1.782890000,1.741163000,1.600219000,0.000000000,0.000000000,0.000000000,1.000000000
1403715288.937143087,1.781993000,1.741044000,1.600063000,0.000000000,0.000000000,0.000000000,1.000000000
1403715288.942142963,1.781101000,1.740927000,1.599876000,0.000000000,0.000000000,0.000000000,1.000000000
1403715288.947143316,1.780212000,1.740812000,1.599654000,0.000000000,0.000000000,0.000000000,1.000000000
1403715288.952142954,1.779268000,1.740834000,1.599405000,0.000000000,0.000000000,0.000000000,1.000000000
1403715288.957143068,1.778371000,1.740762000,1.599090000,0.000000000,0.000000000,0.000000000,1.000000000
1403715288.962142944,1.777476000,1.740703000,1.598728000,0.000000000,0.000000000,0.000000000,1.000000000
1403715288.967143297,1.776586000,1.740659000,1.598325000,0.000000000,0.000000000,0.000000000,1.000000000
1403715288.972142935,1.775700000,1.740626000,1.597883000,0.000000000,0.000000000,0.000000000,1.000000000
1403715288.977143049,1.774817000,1.740597000,1.597409000,0.000000000,0.000000000,0.000000000,1.000000000
1403715288.982143164,1.773940000,1.740567000,1.596907000,0.000000000,0.000000000,0.000000000,1.000000000
1403715288.987143040,1.773072000,1.740532000,1.596376000,0.000000000,0.000000000,0.000000000,1.000000000
1403715288.992142916,1.772209000,1.740487000,1.595812000,0.000000000,0.000000000,0.000000000,1.000000000
1403715288.997143030,1.771349000,1.740438000,1.595215000,0.000000000,0.000000000,0.000000000,1.000000000
1403715289.002143145,1.770422000,1.740514000,1.594595000,0.000000000,0.000000000,0.000000000,1.000000000
1403715289.007143021,1.769548000,1.740492000,1.593934000,0.000000000,0.000000000,0.000000000,1.000000000
1403715289.012142897,1.768670000,1.740479000,1.593239000,0.000000000,0.000000000,0.000000000,1.000000000
1403715289.017143011,1.767793000,1.740467000,1.592513000,0.000000000,0.000000000,0.000000000,1.000000000
1403715289.022143126,1.766921000,1.740457000,1.591748000,0.000000000,0.000000000,0.000000000,1.000000000
1403715289.027143002,1.766052000,1.740447000,1.590940000,0.000000000,0.000000000,0.000000000,1.000000000
1403715289.032143116,1.765186000,1.740432000,1.590092000,0.000000000,0.000000000,0.000000000,1.000000000
1403715289.037143230,1.764322000,1.740416000,1.589202000,0.000000000,0.000000000,0.000000000,1.000000000
1403715289.042143345,1.763466000,1.740399000,1.588279000,0.000000000,0.000000000,0.000000000,1.000000000
1403715289.047142982,1.762617000,1.740381000,1.587329000,0.000000000,0.000000000,0.000000000,1.000000000
1403715289.052143097,1.761696000,1.740481000,1.586343000,0.000000000,0.000000000,0.000000000,1.000000000
1403715289.057143211,1.760839000,1.740487000,1.585338000,0.000000000,0.000000000,0.000000000,1.000000000
1403715289.062143087,1.759989000,1.740486000,1.584298000,0.000000000,0.000000000,0.000000000,1.000000000
1403715289.067142963,1.759143000,1.740478000,1.583227000,0.000000000,0.000000000,0.000000000,1.000000000
1403715289.072143078,1.758301000,1.740470000,1.582122000,0.000000000,0.000000000,0.000000000,1.000000000
1403715289.077143192,1.757460000,1.740468000,1.580984000,0.000000000,0.000000000,0.000000000,1.000000000
1403715289.082143068,1.756615000,1.740474000,1.579815000,0.000000000,0.000000000,0.000000000,1.000000000
1403715289.087142944,1.755772000,1.740485000,1.578612000,0.000000000,0.000000000,0.000000000,1.000000000
1403715289.092143297,1.754933000,1.740494000,1.577380000,0.000000000,0.000000000,0.000000000,1.000000000
1403715289.097143173,1.754101000,1.740495000,1.576133000,0.000000000,0.000000000,0.000000000,1.000000000
1403715289.102143049,1.753202000,1.740593000,1.574843000,0.000000000,0.000000000,0.000000000,1.000000000
1403715289.107142925,1.752370000,1.740608000,1.573564000,0.000000000,0.000000000,0.000000000,1.000000000
1403715289.112143278,1.751545000,1.740622000,1.572273000,0.000000000,0.000000000,0.000000000,1.000000000
1403715289.117143154,1.750723000,1.740636000,1.570965000,0.000000000,0.000000000,0.000000000,1.000000000
1403715289.122143030,1.749904000,1.740647000,1.569651000,0.000000000,0.000000000,0.000000000,1.000000000
1403715289.127142906,1.749091000,1.740655000,1.568324000,0.000000000,0.000000000,0.000000000,1.000000000
1403715289.132143259,1.748286000,1.740660000,1.566975000,0.000000000,0.000000000,0.000000000,1.000000000
1403715289.137142897,1.747488000,1.740657000,1.565611000,0.000000000,0.000000000,0.000000000,1.000000000
1403715289.142143011,1.746694000,1.740643000,1.564234000,0.000000000,0.000000000,0.000000000,1.000000000
1403715289.147142887,1.745906000,1.740620000,1.562856000,0.000000000,0.000000000,0.000000000,1.000000000
1403715289.152143240,1.745055000,1.740680000,1.561457000,0.000000000,0.000000000,0.000000000,1.000000000
1403715289.157143116,1.744253000,1.740655000,1.560064000,0.000000000,0.000000000,0.000000000,1.000000000
1403715289.162142992,1.743447000,1.740626000,1.558672000,0.000000000,0.000000000,0.000000000,1.000000000
1403715289.167143345,1.742641000,1.740594000,1.557282000,0.000000000,0.000000000,0.000000000,1.000000000
1403715289.172143221,1.741838000,1.740556000,1.555892000,0.000000000,0.000000000,0.000000000,1.000000000
1403715289.177143097,1.741037000,1.740511000,1.554507000,0.000000000,0.000000000,0.000000000,1.000000000
1403715289.182142973,1.740243000,1.740461000,1.553128000,0.000000000,0.000000000,0.000000000,1.000000000
1403715289.187143326,1.739459000,1.740409000,1.551755000,0.000000000,0.000000000,0.000000000,1.000000000
1403715289.192142963,1.738683000,1.740354000,1.550378000,0.000000000,0.000000000,0.000000000,1.000000000
1403715289.197143078,1.737915000,1.740301000,1.548988000,0.000000000,0.000000000,0.000000000,1.000000000
1403715289.202142954,1.737099000,1.740342000,1.547584000,0.000000000,0.000000000,0.000000000,1.000000000
1403715289.207143307,1.736335000,1.740300000,1.546198000,0.000000000,0.000000000,0.000000000,1.000000000
1403715289.212142944,1.735579000,1.740248000,1.544824000,0.000000000,0.000000000,0.000000000,1.000000000
1403715289.217143059,1.734833000,1.740194000,1.543459000,0.000000000,0.000000000,0.000000000,1.000000000
1403715289.222143173,1.734097000,1.740136000,1.542094000,0.000000000,0.000000000,0.000000000,1.000000000
1403715289.227143288,1.733364000,1.740069000,1.540715000,0.000000000,0.000000000,0.000000000,1.000000000
1403715289.232142925,1.732634000,1.740000000,1.539330000,0.000000000,0.000000000,0.000000000,1.000000000
1403715289.237143040,1.731908000,1.739936000,1.537937000,0.000000000,0.000000000,0.000000000,1.000000000
1403715289.242143154,1.731182000,1.739880000,1.536535000,0.000000000,0.000000000,0.000000000,1.000000000
1403715289.247143030,1.730461000,1.739827000,1.535124000,0.000000000,0.000000000,0.000000000,1.000000000
1403715289.252142906,1.729701000,1.739864000,1.533694000,0.000000000,0.000000000,0.000000000,1.000000000
1403715289.257143021,1.728992000,1.739828000,1.532273000,0.000000000,0.000000000,0.000000000,1.000000000
1403715289.262143135,1.728283000,1.739784000,1.530851000,0.000000000,0.000000000,0.000000000,1.000000000
1403715289.267143011,1.727565000,1.739733000,1.529439000,0.000000000,0.000000000,0.000000000,1.000000000
1403715289.272142887,1.726838000,1.739683000,1.528032000,0.000000000,0.000000000,0.000000000,1.000000000
1403715289.277143240,1.726112000,1.739633000,1.526625000,0.000000000,0.000000000,0.000000000,1.000000000
1403715289.282143354,1.725396000,1.739581000,1.525214000,0.000000000,0.000000000,0.000000000,1.000000000
1403715289.287142992,1.724693000,1.739523000,1.523793000,0.000000000,0.000000000,0.000000000,1.000000000
1403715289.292143106,1.724001000,1.739456000,1.522361000,0.000000000,0.000000000,0.000000000,1.000000000
1403715289.297143221,1.723314000,1.739382000,1.520918000,0.000000000,0.000000000,0.000000000,1.000000000
1403715289.302143097,1.722582000,1.739391000,1.519480000,0.000000000,0.000000000,0.000000000,1.000000000
1403715289.307142973,1.721890000,1.739331000,1.518033000,0.000000000,0.000000000,0.000000000,1.000000000
1403715289.312143087,1.721201000,1.739277000,1.516586000,0.000000000,0.000000000,0.000000000,1.000000000
1403715289.317143202,1.720520000,1.739229000,1.515136000,0.000000000,0.000000000,0.000000000,1.000000000
1403715289.322143078,1.719849000,1.739186000,1.513690000,0.000000000,0.000000000,0.000000000,1.000000000
1403715289.327142954,1.719187000,1.739149000,1.512247000,0.000000000,0.000000000,0.000000000,1.000000000
1403715289.332143307,1.718536000,1.739113000,1.510798000,0.000000000,0.000000000,0.000000000,1.000000000
1403715289.337143183,1.717892000,1.739078000,1.509336000,0.000000000,0.000000000,0.000000000,1.000000000
1403715289.342143059,1.717252000,1.739042000,1.507864000,0.000000000,0.000000000,0.000000000,1.000000000
1403715289.347142935,1.716611000,1.738999000,1.506387000,0.000000000,0.000000000,0.000000000,1.000000000
1403715289.352143288,1.715939000,1.739039000,1.504926000,0.000000000,0.000000000,0.000000000,1.000000000
1403715289.357143164,1.715295000,1.739007000,1.503450000,0.000000000,0.000000000,0.000000000,1.000000000
1403715289.362143040,1.714653000,1.738968000,1.501970000,0.000000000,0.000000000,0.000000000,1.000000000
1403715289.367142916,1.714019000,1.738916000,1.500482000,0.000000000,0.000000000,0.000000000,1.000000000
1403715289.372143269,1.713393000,1.738851000,1.498975000,0.000000000,0.000000000,0.000000000,1.000000000
1403715289.377142906,1.712775000,1.738775000,1.497440000,0.000000000,0.000000000,0.000000000,1.000000000
1403715289.382143021,1.712167000,1.738694000,1.495880000,0.000000000,0.000000000,0.000000000,1.000000000
1403715289.387142897,1.711565000,1.738605000,1.494303000,0.000000000,0.000000000,0.000000000,1.000000000
1403715289.392143250,1.710966000,1.738508000,1.492717000,0.000000000,0.000000000,0.000000000,1.000000000
1403715289.397142887,1.710367000,1.738403000,1.491126000,0.000000000,0.000000000,0.000000000,1.000000000
1403715289.402143002,1.709740000,1.738370000,1.489546000,0.000000000,0.000000000,0.000000000,1.000000000
1403715289.407143354,1.709137000,1.738270000,1.487940000,0.000000000,0.000000000,0.000000000,1.000000000
1403715289.412143230,1.708544000,1.738165000,1.486331000,0.000000000,0.000000000,0.000000000,1.000000000
1403715289.417143106,1.707958000,1.738054000,1.484713000,0.000000000,0.000000000,0.000000000,1.000000000
1403715289.422142982,1.707373000,1.737934000,1.483077000,0.000000000,0.000000000,0.000000000,1.000000000
1403715289.427143335,1.706792000,1.737804000,1.481422000,0.000000000,0.000000000,0.000000000,1.000000000
1403715289.432142973,1.706213000,1.737673000,1.479741000,0.000000000,0.000000000,0.000000000,1.000000000
1403715289.437143087,1.705632000,1.737545000,1.478036000,0.000000000,0.000000000,0.000000000,1.000000000
1403715289.442142963,1.705051000,1.737416000,1.476314000,0.000000000,0.000000000,0.000000000,1.000000000
1403715289.447143316,1.704476000,1.737285000,1.474586000,0.000000000,0.000000000,0.000000000,1.000000000
1403715289.452142954,1.703893000,1.737221000,1.472898000,0.000000000,0.000000000,0.000000000,1.000000000
1403715289.457143068,1.703324000,1.737078000,1.471177000,0.000000000,0.000000000,0.000000000,1.000000000
1403715289.462142944,1.702758000,1.736928000,1.469461000,0.000000000,0.000000000,0.000000000,1.000000000
1403715289.467143297,1.702196000,1.736770000,1.467732000,0.000000000,0.000000000,0.000000000,1.000000000
1403715289.472142935,1.701640000,1.736604000,1.465984000,0.000000000,0.000000000,0.000000000,1.000000000
1403715289.477143049,1.701091000,1.736435000,1.464219000,0.000000000,0.000000000,0.000000000,1.000000000
1403715289.482143164,1.700550000,1.736267000,1.462439000,0.000000000,0.000000000,0.000000000,1.000000000
1403715289.487143040,1.700015000,1.736100000,1.460639000,0.000000000,0.000000000,0.000000000,1.000000000
1403715289.492142916,1.699486000,1.735928000,1.458833000,0.000000000,0.000000000,0.000000000,1.000000000
1403715289.497143030,1.698961000,1.735748000,1.457030000,0.000000000,0.000000000,0.000000000,1.000000000
1403715289.502143145,1.698423000,1.735633000,1.455270000,0.000000000,0.000000000,0.000000000,1.000000000
1403715289.507143021,1.697898000,1.735435000,1.453491000,0.000000000,0.000000000,0.000000000,1.000000000
1403715289.512142897,1.697378000,1.735228000,1.451717000,0.000000000,0.000000000,0.000000000,1.000000000
1403715289.517143011,1.696862000,1.735019000,1.449940000,0.000000000,0.000000000,0.000000000,1.000000000
1403715289.522143126,1.696347000,1.734807000,1.448145000,0.000000000,0.000000000,0.000000000,1.000000000
1403715289.527143002,1.695833000,1.734587000,1.446337000,0.000000000,0.000000000,0.000000000,1.000000000
1403715289.532143116,1.695323000,1.734356000,1.444516000,0.000000000,0.000000000,0.000000000,1.000000000
1403715289.537143230,1.694819000,1.734110000,1.442675000,0.000000000,0.000000000,0.000000000,1.000000000
1403715289.542143345,1.694321000,1.733852000,1.440818000,0.000000000,0.000000000,0.000000000,1.000000000
1403715289.547142982,1.693823000,1.733588000,1.438942000,0.000000000,0.000000000,0.000000000,1.000000000
1403715289.552143097,1.693306000,1.733402000,1.437075000,0.000000000,0.000000000,0.000000000,1.000000000
1403715289.557143211,1.692797000,1.733152000,1.435189000,0.000000000,0.000000000,0.000000000,1.000000000
1403715289.562143087,1.692292000,1.732898000,1.433303000,0.000000000,0.000000000,0.000000000,1.000000000
1403715289.567142963,1.691791000,1.732635000,1.431407000,0.000000000,0.000000000,0.000000000,1.000000000
1403715289.572143078,1.691295000,1.732358000,1.429510000,0.000000000,0.000000000,0.000000000,1.000000000
1403715289.577143192,1.690805000,1.732063000,1.427618000,0.000000000,0.000000000,0.000000000,1.000000000
1403715289.582143068,1.690319000,1.731749000,1.425726000,0.000000000,0.000000000,0.000000000,1.000000000
1403715289.587142944,1.689837000,1.731421000,1.423831000,0.000000000,0.000000000,0.000000000,1.000000000
1403715289.592143297,1.689365000,1.731081000,1.421933000,0.000000000,0.000000000,0.000000000,1.000000000
1403715289.597143173,1.688904000,1.730728000,1.420031000,0.000000000,0.000000000,0.000000000,1.000000000
1403715289.602143049,1.688447000,1.730426000,1.418140000,0.000000000,0.000000000,0.000000000,1.000000000
1403715289.607142925,1.687999000,1.730066000,1.416208000,0.000000000,0.000000000,0.000000000,1.000000000
1403715289.612143278,1.687549000,1.729695000,1.414258000,0.000000000,0.000000000,0.000000000,1.000000000
1403715289.617143154,1.687098000,1.729316000,1.412296000,0.000000000,0.000000000,0.000000000,1.000000000
1403715289.622143030,1.686651000,1.728930000,1.410333000,0.000000000,0.000000000,0.000000000,1.000000000
1403715289.627142906,1.686209000,1.728535000,1.408367000,0.000000000,0.000000000,0.000000000,1.000000000
1403715289.632143259,1.685767000,1.728135000,1.406405000,0.000000000,0.000000000,0.000000000,1.000000000
1403715289.637142897,1.685327000,1.727733000,1.404444000,0.000000000,0.000000000,0.000000000,1.000000000
1403715289.642143011,1.684890000,1.727323000,1.402475000,0.000000000,0.000000000,0.000000000,1.000000000
1403715289.647142887,1.684458000,1.726908000,1.400497000,0.000000000,0.000000000,0.000000000,1.000000000
1403715289.652143240,1.684021000,1.726545000,1.398531000,0.000000000,0.000000000,0.000000000,1.000000000
1403715289.657143116,1.683594000,1.726127000,1.396531000,0.000000000,0.000000000,0.000000000,1.000000000
1403715289.662142992,1.683175000,1.725698000,1.394515000,0.000000000,0.000000000,0.000000000,1.000000000
1403715289.667143345,1.682761000,1.725254000,1.392493000,0.000000000,0.000000000,0.000000000,1.000000000
1403715289.672143221,1.682342000,1.724788000,1.390471000,0.000000000,0.000000000,0.000000000,1.000000000
1403715289.677143097,1.681919000,1.724304000,1.388442000,0.000000000,0.000000000,0.000000000,1.000000000
1403715289.682142973,1.681496000,1.723808000,1.386400000,0.000000000,0.000000000,0.000000000,1.000000000
1403715289.687143326,1.681072000,1.723295000,1.384358000,0.000000000,0.000000000,0.000000000,1.000000000
1403715289.692142963,1.680651000,1.722765000,1.382336000,0.000000000,0.000000000,0.000000000,1.000000000
1403715289.697143078,1.680233000,1.722228000,1.380336000,0.000000000,0.000000000,0.000000000,1.000000000
1403715289.702142954,1.679811000,1.721727000,1.378377000,0.000000000,0.000000000,0.000000000,1.000000000
1403715289.707143307,1.679394000,1.721171000,1.376413000,0.000000000,0.000000000,0.000000000,1.000000000
1403715289.712142944,1.678989000,1.720612000,1.374469000,0.000000000,0.000000000,0.000000000,1.000000000
1403715289.717143059,1.678596000,1.720049000,1.372537000,0.000000000,0.000000000,0.000000000,1.000000000
1403715289.722143173,1.678203000,1.719474000,1.370612000,0.000000000,0.000000000,0.000000000,1.000000000
1403715289.727143288,1.677808000,1.718885000,1.368703000,0.000000000,0.000000000,0.000000000,1.000000000
1403715289.732142925,1.677413000,1.718287000,1.366804000,0.000000000,0.000000000,0.000000000,1.000000000
1403715289.737143040,1.677022000,1.717684000,1.364916000,0.000000000,0.000000000,0.000000000,1.000000000
1403715289.742143154,1.676634000,1.717072000,1.363040000,0.000000000,0.000000000,0.000000000,1.000000000
1403715289.747143030,1.676244000,1.716447000,1.361184000,0.000000000,0.000000000,0.000000000,1.000000000
1403715289.752142906,1.675852000,1.715861000,1.359380000,0.000000000,0.000000000,0.000000000,1.000000000
1403715289.757143021,1.675462000,1.715222000,1.357588000,0.000000000,0.000000000,0.000000000,1.000000000
1403715289.762143135,1.675077000,1.714575000,1.355825000,0.000000000,0.000000000,0.000000000,1.000000000
1403715289.767143011,1.674696000,1.713917000,1.354086000,0.000000000,0.000000000,0.000000000,1.000000000
1403715289.772142887,1.674320000,1.713240000,1.352365000,0.000000000,0.000000000,0.000000000,1.000000000
1403715289.777143240,1.673946000,1.712550000,1.350652000,0.000000000,0.000000000,0.000000000,1.000000000
1403715289.782143354,1.673579000,1.711857000,1.348964000,0.000000000,0.000000000,0.000000000,1.000000000
1403715289.787142992,1.673212000,1.711161000,1.347311000,0.000000000,0.000000000,0.000000000,1.000000000
1403715289.792143106,1.672835000,1.710456000,1.345690000,0.000000000,0.000000000,0.000000000,1.000000000
1403715289.797143221,1.672455000,1.709733000,1.344103000,0.000000000,0.000000000,0.000000000,1.000000000
1403715289.802143097,1.672088000,1.709043000,1.342569000,0.000000000,0.000000000,0.000000000,1.000000000
1403715289.807142973,1.671741000,1.708308000,1.341060000,0.000000000,0.000000000,0.000000000,1.000000000
1403715289.812143087,1.671405000,1.707568000,1.339575000,0.000000000,0.000000000,0.000000000,1.000000000
1403715289.817143202,1.671065000,1.706818000,1.338104000,0.000000000,0.000000000,0.000000000,1.000000000
1403715289.822143078,1.670711000,1.706056000,1.336656000,0.000000000,0.000000000,0.000000000,1.000000000
1403715289.827142954,1.670346000,1.705285000,1.335235000,0.000000000,0.000000000,0.000000000,1.000000000
1403715289.832143307,1.669981000,1.704503000,1.333836000,0.000000000,0.000000000,0.000000000,1.000000000
1403715289.837143183,1.669625000,1.703706000,1.332462000,0.000000000,0.000000000,0.000000000,1.000000000
1403715289.842143059,1.669283000,1.702889000,1.331118000,0.000000000,0.000000000,0.000000000,1.000000000
1403715289.847142935,1.668943000,1.702051000,1.329799000,0.000000000,0.000000000,0.000000000,1.000000000
1403715289.852143288,1.668597000,1.701248000,1.328517000,0.000000000,0.000000000,0.000000000,1.000000000
1403715289.857143164,1.668246000,1.700394000,1.327252000,0.000000000,0.000000000,0.000000000,1.000000000
1403715289.862143040,1.667888000,1.699528000,1.326012000,0.000000000,0.000000000,0.000000000,1.000000000
1403715289.867142916,1.667522000,1.698645000,1.324797000,0.000000000,0.000000000,0.000000000,1.000000000
1403715289.872143269,1.667159000,1.697744000,1.323625000,0.000000000,0.000000000,0.000000000,1.000000000
1403715289.877142906,1.666800000,1.696830000,1.322488000,0.000000000,0.000000000,0.000000000,1.000000000
1403715289.882143021,1.666446000,1.695904000,1.321387000,0.000000000,0.000000000,0.000000000,1.000000000
1403715289.887142897,1.666100000,1.694965000,1.320317000,0.000000000,0.000000000,0.000000000,1.000000000
1403715289.892143250,1.665757000,1.694017000,1.319268000,0.000000000,0.000000000,0.000000000,1.000000000
1403715289.897142887,1.665416000,1.693070000,1.318236000,0.000000000,0.000000000,0.000000000,1.000000000
1403715289.902143002,1.665103000,1.692179000,1.317250000,0.000000000,0.000000000,0.000000000,1.000000000
1403715289.907143354,1.664777000,1.691240000,1.316249000,0.000000000,0.000000000,0.000000000,1.000000000
1403715289.912143230,1.664447000,1.690287000,1.315265000,0.000000000,0.000000000,0.000000000,1.000000000
1403715289.917143106,1.664120000,1.689314000,1.314313000,0.000000000,0.000000000,0.000000000,1.000000000
1403715289.922142982,1.663800000,1.688329000,1.313390000,0.000000000,0.000000000,0.000000000,1.000000000
1403715289.927143335,1.663482000,1.687342000,1.312503000,0.000000000,0.000000000,0.000000000,1.000000000
1403715289.932142973,1.663162000,1.686357000,1.311655000,0.000000000,0.000000000,0.000000000,1.000000000
1403715289.937143087,1.662840000,1.685375000,1.310832000,0.000000000,0.000000000,0.000000000,1.000000000
1403715289.942142963,1.662517000,1.684392000,1.310033000,0.000000000,0.000000000,0.000000000,1.000000000
1403715289.947143316,1.662190000,1.683395000,1.309257000,0.000000000,0.000000000,0.000000000,1.000000000
1403715289.952142954,1.661893000,1.682434000,1.308544000,0.000000000,0.000000000,0.000000000,1.000000000
1403715289.957143068,1.661572000,1.681409000,1.307828000,0.000000000,0.000000000,0.000000000,1.000000000
1403715289.962142944,1.661243000,1.680367000,1.307129000,0.000000000,0.000000000,0.000000000,1.000000000
1403715289.967143297,1.660908000,1.679311000,1.306446000,0.000000000,0.000000000,0.000000000,1.000000000
1403715289.972142935,1.660571000,1.678245000,1.305774000,0.000000000,0.000000000,0.000000000,1.000000000
1403715289.977143049,1.660232000,1.677171000,1.305122000,0.000000000,0.000000000,0.000000000,1.000000000
1403715289.982143164,1.659893000,1.676091000,1.304494000,0.000000000,0.000000000,0.000000000,1.000000000
1403715289.987143040,1.659551000,1.675003000,1.303895000,0.000000000,0.000000000,0.000000000,1.000000000
1403715289.992142916,1.659208000,1.673901000,1.303343000,0.000000000,0.000000000,0.000000000,1.000000000
1403715289.997143030,1.658864000,1.672784000,1.302836000,0.000000000,0.000000000,0.000000000,1.000000000
1403715290.002143145,1.658568000,1.671727000,1.302410000,0.000000000,0.000000000,0.000000000,1.000000000
1403715290.007143021,1.658239000,1.670609000,1.301992000,0.000000000,0.000000000,0.000000000,1.000000000
1403715290.012142897,1.657906000,1.669489000,1.301598000,0.000000000,0.000000000,0.000000000,1.000000000
1403715290.017143011,1.657565000,1.668360000,1.301236000,0.000000000,0.000000000,0.000000000,1.000000000
1403715290.022143126,1.657215000,1.667220000,1.300901000,0.000000000,0.000000000,0.000000000,1.000000000
1403715290.027143002,1.656862000,1.666076000,1.300586000,0.000000000,0.000000000,0.000000000,1.000000000
1403715290.032143116,1.656519000,1.664932000,1.300290000,0.000000000,0.000000000,0.000000000,1.000000000
1403715290.037143230,1.656185000,1.663774000,1.300020000,0.000000000,0.000000000,0.000000000,1.000000000
1403715290.042143345,1.655850000,1.662593000,1.299790000,0.000000000,0.000000000,0.000000000,1.000000000
1403715290.047142982,1.655514000,1.661401000,1.299601000,0.000000000,0.000000000,0.000000000,1.000000000
1403715290.052143097,1.655241000,1.660280000,1.299484000,0.000000000,0.000000000,0.000000000,1.000000000
1403715290.057143211,1.654925000,1.659096000,1.299375000,0.000000000,0.000000000,0.000000000,1.000000000
1403715290.062143087,1.654617000,1.657909000,1.299287000,0.000000000,0.000000000,0.000000000,1.000000000
1403715290.067142963,1.654322000,1.656714000,1.299228000,0.000000000,0.000000000,0.000000000,1.000000000
1403715290.072143078,1.654037000,1.655514000,1.299191000,0.000000000,0.000000000,0.000000000,1.000000000
1403715290.077143192,1.653750000,1.654306000,1.299165000,0.000000000,0.000000000,0.000000000,1.000000000
1403715290.082143068,1.653457000,1.653088000,1.299162000,0.000000000,0.000000000,0.000000000,1.000000000
1403715290.087142944,1.653161000,1.651856000,1.299190000,0.000000000,0.000000000,0.000000000,1.000000000
1403715290.092143297,1.652857000,1.650615000,1.299262000,0.000000000,0.000000000,0.000000000,1.000000000
1403715290.097143173,1.652548000,1.649368000,1.299382000,0.000000000,0.000000000,0.000000000,1.000000000
1403715290.102143049,1.652325000,1.648209000,1.299565000,0.000000000,0.000000000,0.000000000,1.000000000
1403715290.107142925,1.652038000,1.646961000,1.299743000,0.000000000,0.000000000,0.000000000,1.000000000
1403715290.112143278,1.651752000,1.645698000,1.299939000,0.000000000,0.000000000,0.000000000,1.000000000
1403715290.117143154,1.651460000,1.644424000,1.300151000,0.000000000,0.000000000,0.000000000,1.000000000
1403715290.122143030,1.651154000,1.643143000,1.300373000,0.000000000,0.000000000,0.000000000,1.000000000
1403715290.127142906,1.650833000,1.641850000,1.300603000,0.000000000,0.000000000,0.000000000,1.000000000
1403715290.132143259,1.650504000,1.640541000,1.300855000,0.000000000,0.000000000,0.000000000,1.000000000
1403715290.137142897,1.650175000,1.639216000,1.301139000,0.000000000,0.000000000,0.000000000,1.000000000
1403715290.142143011,1.649849000,1.637874000,1.301457000,0.000000000,0.000000000,0.000000000,1.000000000
1403715290.147142887,1.649531000,1.636519000,1.301796000,0.000000000,0.000000000,0.000000000,1.000000000
1403715290.152143240,1.649314000,1.635264000,1.302178000,0.000000000,0.000000000,0.000000000,1.000000000
1403715290.157143116,1.649008000,1.633906000,1.302575000,0.000000000,0.000000000,0.000000000,1.000000000
1403715290.162142992,1.648689000,1.632545000,1.303006000,0.000000000,0.000000000,0.000000000,1.000000000
1403715290.167143345,1.648358000,1.631177000,1.303466000,0.000000000,0.000000000,0.000000000,1.000000000
1403715290.172143221,1.648014000,1.629792000,1.303953000,0.000000000,0.000000000,0.000000000,1.000000000
1403715290.177143097,1.647674000,1.628395000,1.304474000,0.000000000,0.000000000,0.000000000,1.000000000
1403715290.182142973,1.647343000,1.626993000,1.305026000,0.000000000,0.000000000,0.000000000,1.000000000
1403715290.187143326,1.647009000,1.625590000,1.305601000,0.000000000,0.000000000,0.000000000,1.000000000
1403715290.192142963,1.646667000,1.624188000,1.306201000,0.000000000,0.000000000,0.000000000,1.000000000
1403715290.197143078,1.646319000,1.622786000,1.306817000,0.000000000,0.000000000,0.000000000,1.000000000
1403715290.202142954,1.646087000,1.621517000,1.307472000,0.000000000,0.000000000,0.000000000,1.000000000
1403715290.207143307,1.645769000,1.620137000,1.308151000,0.000000000,0.000000000,0.000000000,1.000000000
1403715290.212142944,1.645458000,1.618750000,1.308868000,0.000000000,0.000000000,0.000000000,1.000000000
1403715290.217143059,1.645151000,1.617360000,1.309623000,0.000000000,0.000000000,0.000000000,1.000000000
1403715290.222143173,1.644842000,1.615966000,1.310400000,0.000000000,0.000000000,0.000000000,1.000000000
1403715290.227143288,1.644527000,1.614562000,1.311185000,0.000000000,0.000000000,0.000000000,1.000000000
1403715290.232142925,1.644209000,1.613146000,1.311972000,0.000000000,0.000000000,0.000000000,1.000000000
1403715290.237143040,1.643891000,1.611710000,1.312753000,0.000000000,0.000000000,0.000000000,1.000000000
1403715290.242143154,1.643576000,1.610246000,1.313533000,0.000000000,0.000000000,0.000000000,1.000000000
1403715290.247143030,1.643266000,1.608766000,1.314322000,0.000000000,0.000000000,0.000000000,1.000000000
1403715290.252142906,1.643071000,1.607411000,1.315123000,0.000000000,0.000000000,0.000000000,1.000000000
1403715290.257143021,1.642770000,1.605936000,1.315921000,0.000000000,0.000000000,0.000000000,1.000000000
1403715290.262143135,1.642455000,1.604446000,1.316734000,0.000000000,0.000000000,0.000000000,1.000000000
1403715290.267143011,1.642135000,1.602940000,1.317554000,0.000000000,0.000000000,0.000000000,1.000000000
1403715290.272142887,1.641814000,1.601410000,1.318374000,0.000000000,0.000000000,0.000000000,1.000000000
1403715290.277143240,1.641490000,1.599848000,1.319194000,0.000000000,0.000000000,0.000000000,1.000000000
1403715290.282143354,1.641157000,1.598264000,1.320007000,0.000000000,0.000000000,0.000000000,1.000000000
1403715290.287142992,1.640823000,1.596672000,1.320803000,0.000000000,0.000000000,0.000000000,1.000000000
1403715290.292143106,1.640491000,1.595075000,1.321579000,0.000000000,0.000000000,0.000000000,1.000000000
1403715290.297143221,1.640161000,1.593469000,1.322337000,0.000000000,0.000000000,0.000000000,1.000000000
1403715290.302143097,1.639956000,1.591985000,1.323097000,0.000000000,0.000000000,0.000000000,1.000000000
1403715290.307142973,1.639658000,1.590372000,1.323831000,0.000000000,0.000000000,0.000000000,1.000000000
1403715290.312143087,1.639363000,1.588746000,1.324549000,0.000000000,0.000000000,0.000000000,1.000000000
1403715290.317143202,1.639064000,1.587107000,1.325255000,0.000000000,0.000000000,0.000000000,1.000000000
1403715290.322143078,1.638754000,1.585449000,1.325949000,0.000000000,0.000000000,0.000000000,1.000000000
1403715290.327142954,1.638439000,1.583776000,1.326645000,0.000000000,0.000000000,0.000000000,1.000000000
1403715290.332143307,1.638122000,1.582097000,1.327339000,0.000000000,0.000000000,0.000000000,1.000000000
1403715290.337143183,1.637796000,1.580415000,1.328027000,0.000000000,0.000000000,0.000000000,1.000000000
1403715290.342143059,1.637461000,1.578721000,1.328708000,0.000000000,0.000000000,0.000000000,1.000000000
1403715290.347142935,1.637118000,1.577004000,1.329389000,0.000000000,0.000000000,0.000000000,1.000000000
1403715290.352143288,1.636883000,1.575414000,1.330102000,0.000000000,0.000000000,0.000000000,1.000000000
1403715290.357143164,1.636561000,1.573692000,1.330783000,0.000000000,0.000000000,0.000000000,1.000000000
1403715290.362143040,1.636241000,1.571958000,1.331442000,0.000000000,0.000000000,0.000000000,1.000000000
1403715290.367142916,1.635925000,1.570223000,1.332083000,0.000000000,0.000000000,0.000000000,1.000000000
1403715290.372143269,1.635610000,1.568488000,1.332709000,0.000000000,0.000000000,0.000000000,1.000000000
1403715290.377142906,1.635298000,1.566745000,1.333317000,0.000000000,0.000000000,0.000000000,1.000000000
1403715290.382143021,1.634993000,1.564984000,1.333904000,0.000000000,0.000000000,0.000000000,1.000000000
1403715290.387142897,1.634697000,1.563198000,1.334487000,0.000000000,0.000000000,0.000000000,1.000000000
1403715290.392143250,1.634406000,1.561395000,1.335074000,0.000000000,0.000000000,0.000000000,1.000000000
1403715290.397142887,1.634110000,1.559587000,1.335654000,0.000000000,0.000000000,0.000000000,1.000000000
1403715290.402143002,1.633912000,1.557921000,1.336245000,0.000000000,0.000000000,0.000000000,1.000000000
1403715290.407143354,1.633627000,1.556134000,1.336811000,0.000000000,0.000000000,0.000000000,1.000000000
1403715290.412143230,1.633341000,1.554339000,1.337365000,0.000000000,0.000000000,0.000000000,1.000000000
1403715290.417143106,1.633054000,1.552534000,1.337907000,0.000000000,0.000000000,0.000000000,1.000000000
1403715290.422142982,1.632773000,1.550714000,1.338446000,0.000000000,0.000000000,0.000000000,1.000000000
1403715290.427143335,1.632503000,1.548879000,1.338976000,0.000000000,0.000000000,0.000000000,1.000000000
1403715290.432142973,1.632238000,1.547036000,1.339493000,0.000000000,0.000000000,0.000000000,1.000000000
1403715290.437143087,1.631974000,1.545193000,1.340002000,0.000000000,0.000000000,0.000000000,1.000000000
1403715290.442142963,1.631705000,1.543351000,1.340509000,0.000000000,0.000000000,0.000000000,1.000000000
1403715290.447143316,1.631434000,1.541503000,1.341023000,0.000000000,0.000000000,0.000000000,1.000000000
1403715290.452142954,1.631259000,1.539781000,1.341570000,0.000000000,0.000000000,0.000000000,1.000000000
1403715290.457143068,1.631003000,1.537937000,1.342107000,0.000000000,0.000000000,0.000000000,1.000000000
1403715290.462142944,1.630736000,1.536081000,1.342657000,0.000000000,0.000000000,0.000000000,1.000000000
1403715290.467143297,1.630454000,1.534207000,1.343211000,0.000000000,0.000000000,0.000000000,1.000000000
1403715290.472142935,1.630164000,1.532311000,1.343771000,0.000000000,0.000000000,0.000000000,1.000000000
1403715290.477143049,1.629872000,1.530402000,1.344333000,0.000000000,0.000000000,0.000000000,1.000000000
1403715290.482143164,1.629577000,1.528486000,1.344879000,0.000000000,0.000000000,0.000000000,1.000000000
1403715290.487143040,1.629274000,1.526560000,1.345414000,0.000000000,0.000000000,0.000000000,1.000000000
1403715290.492142916,1.628960000,1.524627000,1.345939000,0.000000000,0.000000000,0.000000000,1.000000000
1403715290.497143030,1.628637000,1.522683000,1.346453000,0.000000000,0.000000000,0.000000000,1.000000000
1403715290.502143145,1.628396000,1.520855000,1.346987000,0.000000000,0.000000000,0.000000000,1.000000000
1403715290.507143021,1.628081000,1.518914000,1.347493000,0.000000000,0.000000000,0.000000000,1.000000000
1403715290.512142897,1.627757000,1.516957000,1.348001000,0.000000000,0.000000000,0.000000000,1.000000000
1403715290.517143011,1.627421000,1.514979000,1.348515000,0.000000000,0.000000000,0.000000000,1.000000000
1403715290.522143126,1.627070000,1.512984000,1.349018000,0.000000000,0.000000000,0.000000000,1.000000000
1403715290.527143002,1.626701000,1.510974000,1.349504000,0.000000000,0.000000000,0.000000000,1.000000000
1403715290.532143116,1.626313000,1.508947000,1.349983000,0.000000000,0.000000000,0.000000000,1.000000000
1403715290.537143230,1.625918000,1.506908000,1.350452000,0.000000000,0.000000000,0.000000000,1.000000000
1403715290.542143345,1.625520000,1.504857000,1.350913000,0.000000000,0.000000000,0.000000000,1.000000000
1403715290.547142982,1.625118000,1.502797000,1.351371000,0.000000000,0.000000000,0.000000000,1.000000000
1403715290.552143097,1.624797000,1.500855000,1.351862000,0.000000000,0.000000000,0.000000000,1.000000000
1403715290.557143211,1.624406000,1.498803000,1.352333000,0.000000000,0.000000000,0.000000000,1.000000000
1403715290.562143087,1.624008000,1.496741000,1.352814000,0.000000000,0.000000000,0.000000000,1.000000000
1403715290.567142963,1.623607000,1.494671000,1.353293000,0.000000000,0.000000000,0.000000000,1.000000000
1403715290.572143078,1.623206000,1.492593000,1.353779000,0.000000000,0.000000000,0.000000000,1.000000000
1403715290.577143192,1.622801000,1.490506000,1.354268000,0.000000000,0.000000000,0.000000000,1.000000000
1403715290.582143068,1.622391000,1.488405000,1.354753000,0.000000000,0.000000000,0.000000000,1.000000000
1403715290.587142944,1.621980000,1.486290000,1.355233000,0.000000000,0.000000000,0.000000000,1.000000000
1403715290.592143297,1.621575000,1.484168000,1.355695000,0.000000000,0.000000000,0.000000000,1.000000000
1403715290.597143173,1.621176000,1.482047000,1.356132000,0.000000000,0.000000000,0.000000000,1.000000000
1403715290.602143049,1.620861000,1.480037000,1.356586000,0.000000000,0.000000000,0.000000000,1.000000000
1403715290.607142925,1.620485000,1.477927000,1.357000000,0.000000000,0.000000000,0.000000000,1.000000000
1403715290.612143278,1.620106000,1.475815000,1.357396000,0.000000000,0.000000000,0.000000000,1.000000000
1403715290.617143154,1.619728000,1.473701000,1.357769000,0.000000000,0.000000000,0.000000000,1.000000000
1403715290.622143030,1.619351000,1.471579000,1.358121000,0.000000000,0.000000000,0.000000000,1.000000000
1403715290.627142906,1.618978000,1.469444000,1.358473000,0.000000000,0.000000000,0.000000000,1.000000000
1403715290.632143259,1.618609000,1.467297000,1.358821000,0.000000000,0.000000000,0.000000000,1.000000000
1403715290.637142897,1.618235000,1.465139000,1.359162000,0.000000000,0.000000000,0.000000000,1.000000000
1403715290.642143011,1.617846000,1.462974000,1.359495000,0.000000000,0.000000000,0.000000000,1.000000000
1403715290.647142887,1.617447000,1.460805000,1.359817000,0.000000000,0.000000000,0.000000000,1.000000000
1403715290.652143240,1.617104000,1.458735000,1.360178000,0.000000000,0.000000000,0.000000000,1.000000000
1403715290.657143116,1.616697000,1.456585000,1.360495000,0.000000000,0.000000000,0.000000000,1.000000000
1403715290.662142992,1.616283000,1.454429000,1.360789000,0.000000000,0.000000000,0.000000000,1.000000000
1403715290.667143345,1.615858000,1.452261000,1.361080000,0.000000000,0.000000000,0.000000000,1.000000000
1403715290.672143221,1.615424000,1.450089000,1.361377000,0.000000000,0.000000000,0.000000000,1.000000000
1403715290.677143097,1.614982000,1.447917000,1.361681000,0.000000000,0.000000000,0.000000000,1.000000000
1403715290.682142973,1.614528000,1.445738000,1.361988000,0.000000000,0.000000000,0.000000000,1.000000000
1403715290.687143326,1.614069000,1.443540000,1.362299000,0.000000000,0.000000000,0.000000000,1.000000000
1403715290.692142963,1.613609000,1.441324000,1.362618000,0.000000000,0.000000000,0.000000000,1.000000000
1403715290.697143078,1.613148000,1.439090000,1.362944000,0.000000000,0.000000000,0.000000000,1.000000000
1403715290.702142954,1.612751000,1.436930000,1.363309000,0.000000000,0.000000000,0.000000000,1.000000000
1403715290.707143307,1.612296000,1.434695000,1.363632000,0.000000000,0.000000000,0.000000000,1.000000000
1403715290.712142944,1.611835000,1.432449000,1.363960000,0.000000000,0.000000000,0.000000000,1.000000000
1403715290.717143059,1.611370000,1.430203000,1.364283000,0.000000000,0.000000000,0.000000000,1.000000000
1403715290.722143173,1.610901000,1.427963000,1.364588000,0.000000000,0.000000000,0.000000000,1.000000000
1403715290.727143288,1.610436000,1.425729000,1.364880000,0.000000000,0.000000000,0.000000000,1.000000000
1403715290.732142925,1.609979000,1.423495000,1.365169000,0.000000000,0.000000000,0.000000000,1.000000000
1403715290.737143040,1.609522000,1.421250000,1.365464000,0.000000000,0.000000000,0.000000000,1.000000000
1403715290.742143154,1.609057000,1.418998000,1.365754000,0.000000000,0.000000000,0.000000000,1.000000000
1403715290.747143030,1.608580000,1.416753000,1.366031000,0.000000000,0.000000000,0.000000000,1.000000000
1403715290.752142906,1.608143000,1.414600000,1.366349000,0.000000000,0.000000000,0.000000000,1.000000000
1403715290.757143021,1.607664000,1.412374000,1.366636000,0.000000000,0.000000000,0.000000000,1.000000000
1403715290.762143135,1.607188000,1.410136000,1.366934000,0.000000000,0.000000000,0.000000000,1.000000000
1403715290.767143011,1.606715000,1.407889000,1.367234000,0.000000000,0.000000000,0.000000000,1.000000000
1403715290.772142887,1.606245000,1.405636000,1.367525000,0.000000000,0.000000000,0.000000000,1.000000000
1403715290.777143240,1.605777000,1.403373000,1.367814000,0.000000000,0.000000000,0.000000000,1.000000000
1403715290.782143354,1.605314000,1.401101000,1.368114000,0.000000000,0.000000000,0.000000000,1.000000000
1403715290.787142992,1.604851000,1.398830000,1.368408000,0.000000000,0.000000000,0.000000000,1.000000000
1403715290.792143106,1.604386000,1.396561000,1.368682000,0.000000000,0.000000000,0.000000000,1.000000000
1403715290.797143221,1.603921000,1.394298000,1.368937000,0.000000000,0.000000000,0.000000000,1.000000000
1403715290.802143097,1.603491000,1.392122000,1.369217000,0.000000000,0.000000000,0.000000000,1.000000000
1403715290.807142973,1.603034000,1.389879000,1.369471000,0.000000000,0.000000000,0.000000000,1.000000000
1403715290.812143087,1.602584000,1.387616000,1.369719000,0.000000000,0.000000000,0.000000000,1.000000000
1403715290.817143202,1.602142000,1.385332000,1.369970000,0.000000000,0.000000000,0.000000000,1.000000000
1403715290.822143078,1.601704000,1.383042000,1.370240000,0.000000000,0.000000000,0.000000000,1.000000000
1403715290.827142954,1.601259000,1.380759000,1.370511000,0.000000000,0.000000000,0.000000000,1.000000000
1403715290.832143307,1.600808000,1.378482000,1.370762000,0.000000000,0.000000000,0.000000000,1.000000000
1403715290.837143183,1.600352000,1.376206000,1.370996000,0.000000000,0.000000000,0.000000000,1.000000000
1403715290.842143059,1.599893000,1.373928000,1.371221000,0.000000000,0.000000000,0.000000000,1.000000000
1403715290.847142935,1.599438000,1.371649000,1.371431000,0.000000000,0.000000000,0.000000000,1.000000000
1403715290.852143288,1.599014000,1.369433000,1.371652000,0.000000000,0.000000000,0.000000000,1.000000000
1403715290.857143164,1.598577000,1.367160000,1.371827000,0.000000000,0.000000000,0.000000000,1.000000000
1403715290.862143040,1.598150000,1.364883000,1.371984000,0.000000000,0.000000000,0.000000000,1.000000000
1403715290.867142916,1.597732000,1.362600000,1.372134000,0.000000000,0.000000000,0.000000000,1.000000000
1403715290.872143269,1.597307000,1.360313000,1.372274000,0.000000000,0.000000000,0.000000000,1.000000000
1403715290.877142906,1.596874000,1.358026000,1.372408000,0.000000000,0.000000000,0.000000000,1.000000000
1403715290.882143021,1.596436000,1.355739000,1.372546000,0.000000000,0.000000000,0.000000000,1.000000000
1403715290.887142897,1.596000000,1.353449000,1.372693000,0.000000000,0.000000000,0.000000000,1.000000000
1403715290.892143250,1.595565000,1.351159000,1.372843000,0.000000000,0.000000000,0.000000000,1.000000000
1403715290.897142887,1.595129000,1.348866000,1.372987000,0.000000000,0.000000000,0.000000000,1.000000000
1403715290.902143002,1.594708000,1.346631000,1.373167000,0.000000000,0.000000000,0.000000000,1.000000000
1403715290.907143354,1.594282000,1.344341000,1.373310000,0.000000000,0.000000000,0.000000000,1.000000000
1403715290.912143230,1.593860000,1.342053000,1.373449000,0.000000000,0.000000000,0.000000000,1.000000000
1403715290.917143106,1.593445000,1.339764000,1.373574000,0.000000000,0.000000000,0.000000000,1.000000000
1403715290.922142982,1.593038000,1.337477000,1.373693000,0.000000000,0.000000000,0.000000000,1.000000000
1403715290.927143335,1.592638000,1.335195000,1.373810000,0.000000000,0.000000000,0.000000000,1.000000000
1403715290.932142973,1.592245000,1.332917000,1.373922000,0.000000000,0.000000000,0.000000000,1.000000000
1403715290.937143087,1.591865000,1.330640000,1.374032000,0.000000000,0.000000000,0.000000000,1.000000000
1403715290.942142963,1.591501000,1.328365000,1.374135000,0.000000000,0.000000000,0.000000000,1.000000000
1403715290.947143316,1.591144000,1.326093000,1.374223000,0.000000000,0.000000000,0.000000000,1.000000000
1403715290.952142954,1.590789000,1.323887000,1.374326000,0.000000000,0.000000000,0.000000000,1.000000000
1403715290.957143068,1.590431000,1.321629000,1.374402000,0.000000000,0.000000000,0.000000000,1.000000000
1403715290.962142944,1.590073000,1.319373000,1.374479000,0.000000000,0.000000000,0.000000000,1.000000000
1403715290.967143297,1.589715000,1.317114000,1.374547000,0.000000000,0.000000000,0.000000000,1.000000000
1403715290.972142935,1.589353000,1.314847000,1.374610000,0.000000000,0.000000000,0.000000000,1.000000000
1403715290.977143049,1.588985000,1.312569000,1.374685000,0.000000000,0.000000000,0.000000000,1.000000000
1403715290.982143164,1.588614000,1.310286000,1.374778000,0.000000000,0.000000000,0.000000000,1.000000000
1403715290.987143040,1.588235000,1.308007000,1.374884000,0.000000000,0.000000000,0.000000000,1.000000000
1403715290.992142916,1.587847000,1.305732000,1.375002000,0.000000000,0.000000000,0.000000000,1.000000000
1403715290.997143030,1.587451000,1.303456000,1.375121000,0.000000000,0.000000000,0.000000000,1.000000000
1403715291.002143145,1.587036000,1.301239000,1.375252000,0.000000000,0.000000000,0.000000000,1.000000000
1403715291.007143021,1.586631000,1.298973000,1.375343000,0.000000000,0.000000000,0.000000000,1.000000000
1403715291.012142897,1.586240000,1.296708000,1.375427000,0.000000000,0.000000000,0.000000000,1.000000000
1403715291.017143011,1.585856000,1.294446000,1.375504000,0.000000000,0.000000000,0.000000000,1.000000000
1403715291.022143126,1.585469000,1.292184000,1.375573000,0.000000000,0.000000000,0.000000000,1.000000000
1403715291.027143002,1.585078000,1.289917000,1.375644000,0.000000000,0.000000000,0.000000000,1.000000000
1403715291.032143116,1.584683000,1.287645000,1.375724000,0.000000000,0.000000000,0.000000000,1.000000000
1403715291.037143230,1.584285000,1.285377000,1.375804000,0.000000000,0.000000000,0.000000000,1.000000000
1403715291.042143345,1.583886000,1.283112000,1.375888000,0.000000000,0.000000000,0.000000000,1.000000000
1403715291.047142982,1.583486000,1.280843000,1.375984000,0.000000000,0.000000000,0.000000000,1.000000000
1403715291.052143097,1.583070000,1.278630000,1.376120000,0.000000000,0.000000000,0.000000000,1.000000000
1403715291.057143211,1.582658000,1.276374000,1.376209000,0.000000000,0.000000000,0.000000000,1.000000000
1403715291.062143087,1.582239000,1.274130000,1.376267000,0.000000000,0.000000000,0.000000000,1.000000000
1403715291.067142963,1.581816000,1.271903000,1.376295000,0.000000000,0.000000000,0.000000000,1.000000000
1403715291.072143078,1.581386000,1.269691000,1.376301000,0.000000000,0.000000000,0.000000000,1.000000000
1403715291.077143192,1.580951000,1.267484000,1.376295000,0.000000000,0.000000000,0.000000000,1.000000000
1403715291.082143068,1.580511000,1.265269000,1.376290000,0.000000000,0.000000000,0.000000000,1.000000000
1403715291.087142944,1.580062000,1.263041000,1.376308000,0.000000000,0.000000000,0.000000000,1.000000000
1403715291.092143297,1.579601000,1.260806000,1.376350000,0.000000000,0.000000000,0.000000000,1.000000000
1403715291.097143173,1.579123000,1.258576000,1.376404000,0.000000000,0.000000000,0.000000000,1.000000000
1403715291.102143049,1.578604000,1.256415000,1.376498000,0.000000000,0.000000000,0.000000000,1.000000000
1403715291.107142925,1.578086000,1.254221000,1.376555000,0.000000000,0.000000000,0.000000000,1.000000000
1403715291.112143278,1.577563000,1.252032000,1.376602000,0.000000000,0.000000000,0.000000000,1.000000000
1403715291.117143154,1.577047000,1.249841000,1.376638000,0.000000000,0.000000000,0.000000000,1.000000000
1403715291.122143030,1.576541000,1.247649000,1.376659000,0.000000000,0.000000000,0.000000000,1.000000000
1403715291.127142906,1.576034000,1.245461000,1.376671000,0.000000000,0.000000000,0.000000000,1.000000000
1403715291.132143259,1.575514000,1.243285000,1.376679000,0.000000000,0.000000000,0.000000000,1.000000000
1403715291.137142897,1.574983000,1.241125000,1.376681000,0.000000000,0.000000000,0.000000000,1.000000000
1403715291.142143011,1.574447000,1.238979000,1.376682000,0.000000000,0.000000000,0.000000000,1.000000000
1403715291.147142887,1.573907000,1.236845000,1.376696000,0.000000000,0.000000000,0.000000000,1.000000000
1403715291.152143240,1.573340000,1.234763000,1.376770000,0.000000000,0.000000000,0.000000000,1.000000000
1403715291.157143116,1.572786000,1.232639000,1.376834000,0.000000000,0.000000000,0.000000000,1.000000000
1403715291.162142992,1.572233000,1.230525000,1.376903000,0.000000000,0.000000000,0.000000000,1.000000000
1403715291.167143345,1.571676000,1.228427000,1.376962000,0.000000000,0.000000000,0.000000000,1.000000000
1403715291.172143221,1.571109000,1.226345000,1.377010000,0.000000000,0.000000000,0.000000000,1.000000000
1403715291.177143097,1.570529000,1.224276000,1.377039000,0.000000000,0.000000000,0.000000000,1.000000000
1403715291.182142973,1.569939000,1.222221000,1.377053000,0.000000000,0.000000000,0.000000000,1.000000000
1403715291.187143326,1.569337000,1.220167000,1.377056000,0.000000000,0.000000000,0.000000000,1.000000000
1403715291.192142963,1.568724000,1.218111000,1.377059000,0.000000000,0.000000000,0.000000000,1.000000000
1403715291.197143078,1.568105000,1.216057000,1.377061000,0.000000000,0.000000000,0.000000000,1.000000000
1403715291.202142954,1.567447000,1.214071000,1.377068000,0.000000000,0.000000000,0.000000000,1.000000000
1403715291.207143307,1.566810000,1.212051000,1.377046000,0.000000000,0.000000000,0.000000000,1.000000000
1403715291.212142944,1.566159000,1.210051000,1.377008000,0.000000000,0.000000000,0.000000000,1.000000000
1403715291.217143059,1.565493000,1.208067000,1.376957000,0.000000000,0.000000000,0.000000000,1.000000000
1403715291.222143173,1.564816000,1.206095000,1.376895000,0.000000000,0.000000000,0.000000000,1.000000000
1403715291.227143288,1.564132000,1.204124000,1.376828000,0.000000000,0.000000000,0.000000000,1.000000000
1403715291.232142925,1.563441000,1.202153000,1.376753000,0.000000000,0.000000000,0.000000000,1.000000000
1403715291.237143040,1.562748000,1.200190000,1.376664000,0.000000000,0.000000000,0.000000000,1.000000000
1403715291.242143154,1.562054000,1.198238000,1.376557000,0.000000000,0.000000000,0.000000000,1.000000000
1403715291.247143030,1.561356000,1.196297000,1.376438000,0.000000000,0.000000000,0.000000000,1.000000000
1403715291.252142906,1.560599000,1.194433000,1.376353000,0.000000000,0.000000000,0.000000000,1.000000000
1403715291.257143021,1.559860000,1.192555000,1.376224000,0.000000000,0.000000000,0.000000000,1.000000000
1403715291.262143135,1.559106000,1.190691000,1.376078000,0.000000000,0.000000000,0.000000000,1.000000000
1403715291.267143011,1.558349000,1.188832000,1.375919000,0.000000000,0.000000000,0.000000000,1.000000000
1403715291.272142887,1.557591000,1.186979000,1.375746000,0.000000000,0.000000000,0.000000000,1.000000000
1403715291.277143240,1.556832000,1.185133000,1.375553000,0.000000000,0.000000000,0.000000000,1.000000000
1403715291.282143354,1.556063000,1.183300000,1.375344000,0.000000000,0.000000000,0.000000000,1.000000000
1403715291.287142992,1.555281000,1.181486000,1.375121000,0.000000000,0.000000000,0.000000000,1.000000000
1403715291.292143106,1.554491000,1.179692000,1.374885000,0.000000000,0.000000000,0.000000000,1.000000000
1403715291.297143221,1.553694000,1.177916000,1.374644000,0.000000000,0.000000000,0.000000000,1.000000000
1403715291.302143097,1.552835000,1.176197000,1.374450000,0.000000000,0.000000000,0.000000000,1.000000000
1403715291.307142973,1.551997000,1.174438000,1.374226000,0.000000000,0.000000000,0.000000000,1.000000000
1403715291.312143087,1.551151000,1.172684000,1.373993000,0.000000000,0.000000000,0.000000000,1.000000000
1403715291.317143202,1.550300000,1.170940000,1.373740000,0.000000000,0.000000000,0.000000000,1.000000000
1403715291.322143078,1.549438000,1.169208000,1.373477000,0.000000000,0.000000000,0.000000000,1.000000000
1403715291.327142954,1.548563000,1.167490000,1.373221000,0.000000000,0.000000000,0.000000000,1.000000000
1403715291.332143307,1.547679000,1.165789000,1.372969000,0.000000000,0.000000000,0.000000000,1.000000000
1403715291.337143183,1.546780000,1.164094000,1.372719000,0.000000000,0.000000000,0.000000000,1.000000000
1403715291.342143059,1.545864000,1.162401000,1.372469000,0.000000000,0.000000000,0.000000000,1.000000000
1403715291.347142935,1.544938000,1.160708000,1.372216000,0.000000000,0.000000000,0.000000000,1.000000000
1403715291.352143288,1.543956000,1.159069000,1.371987000,0.000000000,0.000000000,0.000000000,1.000000000
1403715291.357143164,1.543010000,1.157385000,1.371713000,0.000000000,0.000000000,0.000000000,1.000000000
1403715291.362143040,1.542052000,1.155716000,1.371410000,0.000000000,0.000000000,0.000000000,1.000000000
1403715291.367142916,1.541084000,1.154061000,1.371084000,0.000000000,0.000000000,0.000000000,1.000000000
1403715291.372143269,1.540107000,1.152424000,1.370737000,0.000000000,0.000000000,0.000000000,1.000000000
1403715291.377142906,1.539126000,1.150803000,1.370366000,0.000000000,0.000000000,0.000000000,1.000000000
1403715291.382143021,1.538145000,1.149191000,1.369985000,0.000000000,0.000000000,0.000000000,1.000000000
1403715291.387142897,1.537170000,1.147587000,1.369598000,0.000000000,0.000000000,0.000000000,1.000000000
1403715291.392143250,1.536200000,1.145994000,1.369213000,0.000000000,0.000000000,0.000000000,1.000000000
1403715291.397142887,1.535224000,1.144417000,1.368834000,0.000000000,0.000000000,0.000000000,1.000000000
1403715291.402143002,1.534181000,1.142920000,1.368496000,0.000000000,0.000000000,0.000000000,1.000000000
1403715291.407143354,1.533181000,1.141379000,1.368119000,0.000000000,0.000000000,0.000000000,1.000000000
1403715291.412143230,1.532181000,1.139844000,1.367730000,0.000000000,0.000000000,0.000000000,1.000000000
1403715291.417143106,1.531179000,1.138312000,1.367338000,0.000000000,0.000000000,0.000000000,1.000000000
1403715291.422142982,1.530171000,1.136784000,1.366952000,0.000000000,0.000000000,0.000000000,1.000000000
1403715291.427143335,1.529155000,1.135269000,1.366561000,0.000000000,0.000000000,0.000000000,1.000000000
1403715291.432142973,1.528122000,1.133771000,1.366157000,0.000000000,0.000000000,0.000000000,1.000000000
1403715291.437143087,1.527070000,1.132291000,1.365746000,0.000000000,0.000000000,0.000000000,1.000000000
1403715291.442142963,1.526008000,1.130825000,1.365329000,0.000000000,0.000000000,0.000000000,1.000000000
1403715291.447143316,1.524937000,1.129362000,1.364901000,0.000000000,0.000000000,0.000000000,1.000000000
1403715291.452142954,1.523801000,1.127963000,1.364484000,0.000000000,0.000000000,0.000000000,1.000000000
1403715291.457143068,1.522709000,1.126524000,1.364030000,0.000000000,0.000000000,0.000000000,1.000000000
1403715291.462142944,1.521609000,1.125099000,1.363569000,0.000000000,0.000000000,0.000000000,1.000000000
1403715291.467143297,1.520491000,1.123693000,1.363109000,0.000000000,0.000000000,0.000000000,1.000000000
1403715291.472142935,1.519360000,1.122300000,1.362656000,0.000000000,0.000000000,0.000000000,1.000000000
1403715291.477143049,1.518218000,1.120913000,1.362213000,0.000000000,0.000000000,0.000000000,1.000000000
1403715291.482143164,1.517072000,1.119529000,1.361772000,0.000000000,0.000000000,0.000000000,1.000000000
1403715291.487143040,1.515918000,1.118150000,1.361319000,0.000000000,0.000000000,0.000000000,1.000000000
1403715291.492142916,1.514755000,1.116779000,1.360842000,0.000000000,0.000000000,0.000000000,1.000000000
1403715291.497143030,1.513587000,1.115421000,1.360330000,0.000000000,0.000000000,0.000000000,1.000000000
1403715291.502143145,1.512364000,1.114140000,1.359823000,0.000000000,0.000000000,0.000000000,1.000000000
1403715291.507143021,1.511184000,1.112828000,1.359261000,0.000000000,0.000000000,0.000000000,1.000000000
1403715291.512142897,1.509999000,1.111523000,1.358704000,0.000000000,0.000000000,0.000000000,1.000000000
1403715291.517143011,1.508813000,1.110221000,1.358168000,0.000000000,0.000000000,0.000000000,1.000000000
1403715291.522143126,1.507622000,1.108934000,1.357647000,0.000000000,0.000000000,0.000000000,1.000000000
1403715291.527143002,1.506418000,1.107659000,1.357145000,0.000000000,0.000000000,0.000000000,1.000000000
1403715291.532143116,1.505203000,1.106389000,1.356654000,0.000000000,0.000000000,0.000000000,1.000000000
1403715291.537143230,1.503976000,1.105125000,1.356152000,0.000000000,0.000000000,0.000000000,1.000000000
1403715291.542143345,1.502741000,1.103879000,1.355618000,0.000000000,0.000000000,0.000000000,1.000000000
1403715291.547142982,1.501505000,1.102656000,1.355060000,0.000000000,0.000000000,0.000000000,1.000000000
1403715291.552143097,1.500214000,1.101507000,1.354537000,0.000000000,0.000000000,0.000000000,1.000000000
1403715291.557143211,1.498954000,1.100322000,1.353986000,0.000000000,0.000000000,0.000000000,1.000000000
1403715291.562143087,1.497678000,1.099138000,1.353446000,0.000000000,0.000000000,0.000000000,1.000000000
1403715291.567142963,1.496394000,1.097954000,1.352921000,0.000000000,0.000000000,0.000000000,1.000000000
1403715291.572143078,1.495101000,1.096776000,1.352407000,0.000000000,0.000000000,0.000000000,1.000000000
1403715291.577143192,1.493794000,1.095604000,1.351904000,0.000000000,0.000000000,0.000000000,1.000000000
1403715291.582143068,1.492474000,1.094440000,1.351407000,0.000000000,0.000000000,0.000000000,1.000000000
1403715291.587142944,1.491138000,1.093288000,1.350901000,0.000000000,0.000000000,0.000000000,1.000000000
1403715291.592143297,1.489792000,1.092141000,1.350382000,0.000000000,0.000000000,0.000000000,1.000000000
1403715291.597143173,1.488437000,1.090993000,1.349851000,0.000000000,0.000000000,0.000000000,1.000000000
1403715291.602143049,1.487035000,1.089902000,1.349340000,0.000000000,0.000000000,0.000000000,1.000000000
1403715291.607142925,1.485661000,1.088757000,1.348782000,0.000000000,0.000000000,0.000000000,1.000000000
1403715291.612143278,1.484283000,1.087616000,1.348211000,0.000000000,0.000000000,0.000000000,1.000000000
1403715291.617143154,1.482894000,1.086487000,1.347642000,0.000000000,0.000000000,0.000000000,1.000000000
1403715291.622143030,1.481480000,1.085372000,1.347082000,0.000000000,0.000000000,0.000000000,1.000000000
1403715291.627142906,1.480045000,1.084263000,1.346531000,0.000000000,0.000000000,0.000000000,1.000000000
1403715291.632143259,1.478600000,1.083157000,1.345988000,0.000000000,0.000000000,0.000000000,1.000000000
1403715291.637142897,1.477152000,1.082051000,1.345456000,0.000000000,0.000000000,0.000000000,1.000000000
1403715291.642143011,1.475697000,1.080940000,1.344936000,0.000000000,0.000000000,0.000000000,1.000000000
1403715291.647142887,1.474224000,1.079821000,1.344423000,0.000000000,0.000000000,0.000000000,1.000000000
1403715291.652143240,1.472695000,1.078780000,1.343956000,0.000000000,0.000000000,0.000000000,1.000000000
1403715291.657143116,1.471177000,1.077688000,1.343430000,0.000000000,0.000000000,0.000000000,1.000000000
1403715291.662142992,1.469642000,1.076614000,1.342881000,0.000000000,0.000000000,0.000000000,1.000000000
1403715291.667143345,1.468096000,1.075556000,1.342309000,0.000000000,0.000000000,0.000000000,1.000000000
1403715291.672143221,1.466541000,1.074509000,1.341727000,0.000000000,0.000000000,0.000000000,1.000000000
1403715291.677143097,1.464985000,1.073462000,1.341151000,0.000000000,0.000000000,0.000000000,1.000000000
1403715291.682142973,1.463420000,1.072405000,1.340587000,0.000000000,0.000000000,0.000000000,1.000000000
1403715291.687143326,1.461836000,1.071343000,1.340039000,0.000000000,0.000000000,0.000000000,1.000000000
1403715291.692142963,1.460236000,1.070293000,1.339498000,0.000000000,0.000000000,0.000000000,1.000000000
1403715291.697143078,1.458622000,1.069261000,1.338954000,0.000000000,0.000000000,0.000000000,1.000000000
1403715291.702142954,1.456962000,1.068315000,1.338446000,0.000000000,0.000000000,0.000000000,1.000000000
1403715291.707143307,1.455307000,1.067305000,1.337919000,0.000000000,0.000000000,0.000000000,1.000000000
1403715291.712142944,1.453636000,1.066289000,1.337407000,0.000000000,0.000000000,0.000000000,1.000000000
1403715291.717143059,1.451955000,1.065267000,1.336910000,0.000000000,0.000000000,0.000000000,1.000000000
1403715291.722143173,1.450257000,1.064246000,1.336428000,0.000000000,0.000000000,0.000000000,1.000000000
1403715291.727143288,1.448537000,1.063231000,1.335968000,0.000000000,0.000000000,0.000000000,1.000000000
1403715291.732142925,1.446805000,1.062222000,1.335521000,0.000000000,0.000000000,0.000000000,1.000000000
1403715291.737143040,1.445066000,1.061209000,1.335069000,0.000000000,0.000000000,0.000000000,1.000000000
1403715291.742143154,1.443321000,1.060195000,1.334601000,0.000000000,0.000000000,0.000000000,1.000000000
1403715291.747143030,1.441575000,1.059184000,1.334110000,0.000000000,0.000000000,0.000000000,1.000000000
1403715291.752142906,1.439802000,1.058262000,1.333640000,0.000000000,0.000000000,0.000000000,1.000000000
1403715291.757143021,1.438038000,1.057279000,1.333145000,0.000000000,0.000000000,0.000000000,1.000000000
1403715291.762143135,1.436261000,1.056300000,1.332647000,0.000000000,0.000000000,0.000000000,1.000000000
1403715291.767143011,1.434473000,1.055321000,1.332147000,0.000000000,0.000000000,0.000000000,1.000000000
1403715291.772142887,1.432674000,1.054343000,1.331649000,0.000000000,0.000000000,0.000000000,1.000000000
1403715291.777143240,1.430862000,1.053368000,1.331160000,0.000000000,0.000000000,0.000000000,1.000000000
1403715291.782143354,1.429041000,1.052399000,1.330685000,0.000000000,0.000000000,0.000000000,1.000000000
1403715291.787142992,1.427210000,1.051432000,1.330217000,0.000000000,0.000000000,0.000000000,1.000000000
1403715291.792143106,1.425362000,1.050458000,1.329752000,0.000000000,0.000000000,0.000000000,1.000000000
1403715291.797143221,1.423498000,1.049477000,1.329290000,0.000000000,0.000000000,0.000000000,1.000000000
1403715291.802143097,1.421600000,1.048574000,1.328877000,0.000000000,0.000000000,0.000000000,1.000000000
1403715291.807142973,1.419706000,1.047609000,1.328422000,0.000000000,0.000000000,0.000000000,1.000000000
1403715291.812143087,1.417801000,1.046651000,1.327971000,0.000000000,0.000000000,0.000000000,1.000000000
1403715291.817143202,1.415884000,1.045701000,1.327523000,0.000000000,0.000000000,0.000000000,1.000000000
1403715291.822143078,1.413952000,1.044757000,1.327069000,0.000000000,0.000000000,0.000000000,1.000000000
1403715291.827142954,1.412010000,1.043822000,1.326597000,0.000000000,0.000000000,0.000000000,1.000000000
1403715291.832143307,1.410060000,1.042893000,1.326106000,0.000000000,0.000000000,0.000000000,1.000000000
1403715291.837143183,1.408098000,1.041959000,1.325593000,0.000000000,0.000000000,0.000000000,1.000000000
1403715291.842143059,1.406119000,1.041015000,1.325073000,0.000000000,0.000000000,0.000000000,1.000000000
1403715291.847142935,1.404129000,1.040059000,1.324556000,0.000000000,0.000000000,0.000000000,1.000000000
1403715291.852143288,1.402111000,1.039173000,1.324082000,0.000000000,0.000000000,0.000000000,1.000000000
1403715291.857143164,1.400098000,1.038213000,1.323581000,0.000000000,0.000000000,0.000000000,1.000000000
1403715291.862143040,1.398078000,1.037250000,1.323071000,0.000000000,0.000000000,0.000000000,1.000000000
1403715291.867142916,1.396042000,1.036293000,1.322551000,0.000000000,0.000000000,0.000000000,1.000000000
1403715291.872143269,1.393991000,1.035344000,1.322020000,0.000000000,0.000000000,0.000000000,1.000000000
1403715291.877142906,1.391931000,1.034400000,1.321472000,0.000000000,0.000000000,0.000000000,1.000000000
1403715291.882143021,1.389865000,1.033453000,1.320917000,0.000000000,0.000000000,0.000000000,1.000000000
1403715291.887142897,1.387801000,1.032491000,1.320355000,0.000000000,0.000000000,0.000000000,1.000000000
1403715291.892143250,1.385740000,1.031511000,1.319785000,0.000000000,0.000000000,0.000000000,1.000000000
1403715291.897142887,1.383681000,1.030526000,1.319209000,0.000000000,0.000000000,0.000000000,1.000000000
1403715291.902143002,1.381598000,1.029635000,1.318650000,0.000000000,0.000000000,0.000000000,1.000000000
1403715291.907143354,1.379515000,1.028677000,1.318080000,0.000000000,0.000000000,0.000000000,1.000000000
1403715291.912143230,1.377414000,1.027715000,1.317516000,0.000000000,0.000000000,0.000000000,1.000000000
1403715291.917143106,1.375303000,1.026754000,1.316942000,0.000000000,0.000000000,0.000000000,1.000000000
1403715291.922142982,1.373193000,1.025793000,1.316346000,0.000000000,0.000000000,0.000000000,1.000000000
1403715291.927143335,1.371087000,1.024821000,1.315726000,0.000000000,0.000000000,0.000000000,1.000000000
1403715291.932142973,1.368984000,1.023832000,1.315081000,0.000000000,0.000000000,0.000000000,1.000000000
1403715291.937143087,1.366884000,1.022829000,1.314419000,0.000000000,0.000000000,0.000000000,1.000000000
1403715291.942142963,1.364779000,1.021817000,1.313741000,0.000000000,0.000000000,0.000000000,1.000000000
1403715291.947143316,1.362659000,1.020798000,1.313071000,0.000000000,0.000000000,0.000000000,1.000000000
1403715291.952142954,1.360506000,1.019862000,1.312435000,0.000000000,0.000000000,0.000000000,1.000000000
1403715291.957143068,1.358363000,1.018852000,1.311809000,0.000000000,0.000000000,0.000000000,1.000000000
1403715291.962142944,1.356208000,1.017835000,1.311195000,0.000000000,0.000000000,0.000000000,1.000000000
1403715291.967143297,1.354049000,1.016810000,1.310574000,0.000000000,0.000000000,0.000000000,1.000000000
1403715291.972142935,1.351898000,1.015779000,1.309941000,0.000000000,0.000000000,0.000000000,1.000000000
1403715291.977143049,1.349753000,1.014743000,1.309292000,0.000000000,0.000000000,0.000000000,1.000000000
1403715291.982143164,1.347609000,1.013707000,1.308632000,0.000000000,0.000000000,0.000000000,1.000000000
1403715291.987143040,1.345462000,1.012674000,1.307971000,0.000000000,0.000000000,0.000000000,1.000000000
1403715291.992142916,1.343314000,1.011642000,1.307307000,0.000000000,0.000000000,0.000000000,1.000000000
1403715291.997143030,1.341176000,1.010609000,1.306636000,0.000000000,0.000000000,0.000000000,1.000000000
1403715292.002143145,1.339022000,1.009661000,1.305959000,0.000000000,0.000000000,0.000000000,1.000000000
1403715292.007143021,1.336892000,1.008639000,1.305278000,0.000000000,0.000000000,0.000000000,1.000000000
1403715292.012142897,1.334753000,1.007612000,1.304611000,0.000000000,0.000000000,0.000000000,1.000000000
1403715292.017143011,1.332602000,1.006566000,1.303957000,0.000000000,0.000000000,0.000000000,1.000000000
1403715292.022143126,1.330442000,1.005498000,1.303312000,0.000000000,0.000000000,0.000000000,1.000000000
1403715292.027143002,1.328281000,1.004413000,1.302679000,0.000000000,0.000000000,0.000000000,1.000000000
1403715292.032143116,1.326125000,1.003312000,1.302046000,0.000000000,0.000000000,0.000000000,1.000000000
1403715292.037143230,1.323966000,1.002199000,1.301401000,0.000000000,0.000000000,0.000000000,1.000000000
1403715292.042143345,1.321806000,1.001072000,1.300760000,0.000000000,0.000000000,0.000000000,1.000000000
1403715292.047142982,1.319646000,0.999933000,1.300131000,0.000000000,0.000000000,0.000000000,1.000000000
1403715292.052143097,1.317449000,0.998860000,1.299514000,0.000000000,0.000000000,0.000000000,1.000000000
1403715292.057143211,1.315280000,0.997696000,1.298890000,0.000000000,0.000000000,0.000000000,1.000000000
1403715292.062143087,1.313107000,0.996516000,1.298262000,0.000000000,0.000000000,0.000000000,1.000000000
1403715292.067142963,1.310927000,0.995328000,1.297634000,0.000000000,0.000000000,0.000000000,1.000000000
1403715292.072143078,1.308745000,0.994131000,1.297002000,0.000000000,0.000000000,0.000000000,1.000000000
1403715292.077143192,1.306563000,0.992921000,1.296359000,0.000000000,0.000000000,0.000000000,1.000000000
1403715292.082143068,1.304380000,0.991696000,1.295710000,0.000000000,0.000000000,0.000000000,1.000000000
1403715292.087142944,1.302200000,0.990459000,1.295057000,0.000000000,0.000000000,0.000000000,1.000000000
1403715292.092143297,1.300023000,0.989212000,1.294405000,0.000000000,0.000000000,0.000000000,1.000000000
1403715292.097143173,1.297843000,0.987955000,1.293763000,0.000000000,0.000000000,0.000000000,1.000000000
1403715292.102143049,1.295617000,0.986782000,1.293129000,0.000000000,0.000000000,0.000000000,1.000000000
1403715292.107142925,1.293423000,0.985512000,1.292487000,0.000000000,0.000000000,0.000000000,1.000000000
1403715292.112143278,1.291238000,0.984230000,1.291819000,0.000000000,0.000000000,0.000000000,1.000000000
1403715292.117143154,1.289059000,0.982951000,1.291121000,0.000000000,0.000000000,0.000000000,1.000000000
1403715292.122143030,1.286887000,0.981671000,1.290406000,0.000000000,0.000000000,0.000000000,1.000000000
1403715292.127142906,1.284724000,0.980385000,1.289681000,0.000000000,0.000000000,0.000000000,1.000000000
1403715292.132143259,1.282571000,0.979089000,1.288964000,0.000000000,0.000000000,0.000000000,1.000000000
1403715292.137142897,1.280422000,0.977782000,1.288255000,0.000000000,0.000000000,0.000000000,1.000000000
1403715292.142143011,1.278266000,0.976458000,1.287542000,0.000000000,0.000000000,0.000000000,1.000000000
1403715292.147142887,1.276105000,0.975122000,1.286826000,0.000000000,0.000000000,0.000000000,1.000000000
1403715292.152143240,1.273905000,0.973878000,1.286107000,0.000000000,0.000000000,0.000000000,1.000000000
1403715292.157143116,1.271732000,0.972539000,1.285388000,0.000000000,0.000000000,0.000000000,1.000000000
1403715292.162142992,1.269563000,0.971182000,1.284665000,0.000000000,0.000000000,0.000000000,1.000000000
1403715292.167143345,1.267399000,0.969815000,1.283938000,0.000000000,0.000000000,0.000000000,1.000000000
1403715292.172143221,1.265238000,0.968438000,1.283220000,0.000000000,0.000000000,0.000000000,1.000000000
1403715292.177143097,1.263074000,0.967049000,1.282504000,0.000000000,0.000000000,0.000000000,1.000000000
1403715292.182142973,1.260907000,0.965648000,1.281792000,0.000000000,0.000000000,0.000000000,1.000000000
1403715292.187143326,1.258739000,0.964236000,1.281089000,0.000000000,0.000000000,0.000000000,1.000000000
1403715292.192142963,1.256570000,0.962816000,1.280399000,0.000000000,0.000000000,0.000000000,1.000000000
1403715292.197143078,1.254398000,0.961383000,1.279724000,0.000000000,0.000000000,0.000000000,1.000000000
1403715292.202142954,1.252188000,0.960025000,1.279056000,0.000000000,0.000000000,0.000000000,1.000000000
1403715292.207143307,1.249999000,0.958569000,1.278393000,0.000000000,0.000000000,0.000000000,1.000000000
1403715292.212142944,1.247795000,0.957098000,1.277744000,0.000000000,0.000000000,0.000000000,1.000000000
1403715292.217143059,1.245582000,0.955622000,1.277108000,0.000000000,0.000000000,0.000000000,1.000000000
1403715292.222143173,1.243375000,0.954142000,1.276458000,0.000000000,0.000000000,0.000000000,1.000000000
1403715292.227143288,1.241182000,0.952649000,1.275793000,0.000000000,0.000000000,0.000000000,1.000000000
1403715292.232142925,1.239002000,0.951135000,1.275133000,0.000000000,0.000000000,0.000000000,1.000000000
1403715292.237143040,1.236824000,0.949599000,1.274475000,0.000000000,0.000000000,0.000000000,1.000000000
1403715292.242143154,1.234645000,0.948048000,1.273817000,0.000000000,0.000000000,0.000000000,1.000000000
1403715292.247143030,1.232465000,0.946491000,1.273153000,0.000000000,0.000000000,0.000000000,1.000000000
1403715292.252142906,1.230249000,0.945021000,1.272489000,0.000000000,0.000000000,0.000000000,1.000000000
1403715292.257143021,1.228062000,0.943461000,1.271830000,0.000000000,0.000000000,0.000000000,1.000000000
1403715292.262143135,1.225874000,0.941888000,1.271176000,0.000000000,0.000000000,0.000000000,1.000000000
1403715292.267143011,1.223690000,0.940309000,1.270526000,0.000000000,0.000000000,0.000000000,1.000000000
1403715292.272142887,1.221513000,0.938728000,1.269873000,0.000000000,0.000000000,0.000000000,1.000000000
1403715292.277143240,1.219334000,0.937145000,1.269205000,0.000000000,0.000000000,0.000000000,1.000000000
1403715292.282143354,1.217154000,0.935550000,1.268517000,0.000000000,0.000000000,0.000000000,1.000000000
1403715292.287142992,1.214974000,0.933940000,1.267830000,0.000000000,0.000000000,0.000000000,1.000000000
1403715292.292143106,1.212794000,0.932317000,1.267151000,0.000000000,0.000000000,0.000000000,1.000000000
1403715292.297143221,1.210614000,0.930679000,1.266472000,0.000000000,0.000000000,0.000000000,1.000000000
1403715292.302143097,1.208395000,0.929119000,1.265804000,0.000000000,0.000000000,0.000000000,1.000000000
1403715292.307142973,1.206195000,0.927473000,1.265127000,0.000000000,0.000000000,0.000000000,1.000000000
1403715292.312143087,1.203992000,0.925809000,1.264455000,0.000000000,0.000000000,0.000000000,1.000000000
1403715292.317143202,1.201789000,0.924137000,1.263791000,0.000000000,0.000000000,0.000000000,1.000000000
1403715292.322143078,1.199573000,0.922463000,1.263136000,0.000000000,0.000000000,0.000000000,1.000000000
1403715292.327142954,1.197342000,0.920781000,1.262502000,0.000000000,0.000000000,0.000000000,1.000000000
1403715292.332143307,1.195109000,0.919084000,1.261879000,0.000000000,0.000000000,0.000000000,1.000000000
1403715292.337143183,1.192883000,0.917365000,1.261252000,0.000000000,0.000000000,0.000000000,1.000000000
1403715292.342143059,1.190669000,0.915618000,1.260619000,0.000000000,0.000000000,0.000000000,1.000000000
1403715292.347142935,1.188464000,0.913854000,1.259978000,0.000000000,0.000000000,0.000000000,1.000000000
1403715292.352143288,1.186235000,0.912175000,1.259334000,0.000000000,0.000000000,0.000000000,1.000000000
1403715292.357143164,1.184034000,0.910427000,1.258664000,0.000000000,0.000000000,0.000000000,1.000000000
1403715292.362143040,1.181833000,0.908683000,1.257997000,0.000000000,0.000000000,0.000000000,1.000000000
1403715292.367142916,1.179640000,0.906934000,1.257342000,0.000000000,0.000000000,0.000000000,1.000000000
1403715292.372143269,1.177458000,0.905160000,1.256707000,0.000000000,0.000000000,0.000000000,1.000000000
1403715292.377142906,1.175286000,0.903348000,1.256093000,0.000000000,0.000000000,0.000000000,1.000000000
1403715292.382143021,1.173119000,0.901507000,1.255494000,0.000000000,0.000000000,0.000000000,1.000000000
1403715292.387142897,1.170958000,0.899657000,1.254892000,0.000000000,0.000000000,0.000000000,1.000000000
1403715292.392143250,1.168796000,0.897804000,1.254280000,0.000000000,0.000000000,0.000000000,1.000000000
1403715292.397142887,1.166629000,0.895944000,1.253674000,0.000000000,0.000000000,0.000000000,1.000000000
1403715292.402143002,1.164418000,0.894155000,1.253084000,0.000000000,0.000000000,0.000000000,1.000000000
1403715292.407143354,1.162236000,0.892275000,1.252496000,0.000000000,0.000000000,0.000000000,1.000000000
1403715292.412143230,1.160061000,0.890366000,1.251902000,0.000000000,0.000000000,0.000000000,1.000000000
1403715292.417143106,1.157895000,0.888437000,1.251311000,0.000000000,0.000000000,0.000000000,1.000000000
1403715292.422142982,1.155730000,0.886502000,1.250720000,0.000000000,0.000000000,0.000000000,1.000000000
1403715292.427143335,1.153551000,0.884567000,1.250115000,0.000000000,0.000000000,0.000000000,1.000000000
1403715292.432142973,1.151348000,0.882627000,1.249507000,0.000000000,0.000000000,0.000000000,1.000000000
1403715292.437143087,1.149135000,0.880669000,1.248904000,0.000000000,0.000000000,0.000000000,1.000000000
1403715292.442142963,1.146930000,0.878688000,1.248291000,0.000000000,0.000000000,0.000000000,1.000000000
1403715292.447143316,1.144735000,0.876683000,1.247674000,0.000000000,0.000000000,0.000000000,1.000000000
1403715292.452142954,1.142518000,0.874733000,1.247055000,0.000000000,0.000000000,0.000000000,1.000000000
1403715292.457143068,1.140325000,0.872697000,1.246472000,0.000000000,0.000000000,0.000000000,1.000000000
1403715292.462142944,1.138136000,0.870652000,1.245916000,0.000000000,0.000000000,0.000000000,1.000000000
1403715292.467143297,1.135943000,0.868603000,1.245376000,0.000000000,0.000000000,0.000000000,1.000000000
1403715292.472142935,1.133745000,0.866547000,1.244850000,0.000000000,0.000000000,0.000000000,1.000000000
1403715292.477143049,1.131550000,0.864474000,1.244339000,0.000000000,0.000000000,0.000000000,1.000000000
1403715292.482143164,1.129363000,0.862376000,1.243828000,0.000000000,0.000000000,0.000000000,1.000000000
1403715292.487143040,1.127193000,0.860259000,1.243302000,0.000000000,0.000000000,0.000000000,1.000000000
1403715292.492142916,1.125042000,0.858143000,1.242761000,0.000000000,0.000000000,0.000000000,1.000000000
1403715292.497143030,1.122898000,0.856027000,1.242215000,0.000000000,0.000000000,0.000000000,1.000000000
1403715292.502143145,1.120728000,0.853990000,1.241664000,0.000000000,0.000000000,0.000000000,1.000000000
1403715292.507143021,1.118572000,0.851879000,1.241147000,0.000000000,0.000000000,0.000000000,1.000000000
1403715292.512142897,1.116415000,0.849751000,1.240654000,0.000000000,0.000000000,0.000000000,1.000000000
1403715292.517143011,1.114262000,0.847606000,1.240170000,0.000000000,0.000000000,0.000000000,1.000000000
1403715292.522143126,1.112118000,0.845439000,1.239687000,0.000000000,0.000000000,0.000000000,1.000000000
1403715292.527143002,1.109982000,0.843255000,1.239199000,0.000000000,0.000000000,0.000000000,1.000000000
1403715292.532143116,1.107854000,0.841067000,1.238726000,0.000000000,0.000000000,0.000000000,1.000000000
1403715292.537143230,1.105733000,0.838881000,1.238264000,0.000000000,0.000000000,0.000000000,1.000000000
1403715292.542143345,1.103605000,0.836693000,1.237794000,0.000000000,0.000000000,0.000000000,1.000000000
1403715292.547142982,1.101478000,0.834493000,1.237325000,0.000000000,0.000000000,0.000000000,1.000000000
1403715292.552143097,1.099342000,0.832353000,1.236858000,0.000000000,0.000000000,0.000000000,1.000000000
1403715292.557143211,1.097225000,0.830132000,1.236404000,0.000000000,0.000000000,0.000000000,1.000000000
1403715292.562143087,1.095106000,0.827894000,1.235959000,0.000000000,0.000000000,0.000000000,1.000000000
1403715292.567142963,1.092992000,0.825651000,1.235515000,0.000000000,0.000000000,0.000000000,1.000000000
1403715292.572143078,1.090884000,0.823407000,1.235071000,0.000000000,0.000000000,0.000000000,1.000000000
1403715292.577143192,1.088780000,0.821156000,1.234644000,0.000000000,0.000000000,0.000000000,1.000000000
1403715292.582143068,1.086682000,0.818896000,1.234236000,0.000000000,0.000000000,0.000000000,1.000000000
1403715292.587142944,1.084586000,0.816619000,1.233816000,0.000000000,0.000000000,0.000000000,1.000000000
1403715292.592143297,1.082490000,0.814323000,1.233401000,0.000000000,0.000000000,0.000000000,1.000000000
1403715292.597143173,1.080397000,0.812017000,1.233014000,0.000000000,0.000000000,0.000000000,1.000000000
1403715292.602143049,1.078291000,0.809790000,1.232636000,0.000000000,0.000000000,0.000000000,1.000000000
1403715292.607142925,1.076202000,0.807482000,1.232269000,0.000000000,0.000000000,0.000000000,1.000000000
1403715292.612143278,1.074119000,0.805160000,1.231924000,0.000000000,0.000000000,0.000000000,1.000000000
1403715292.617143154,1.072039000,0.802827000,1.231617000,0.000000000,0.000000000,0.000000000,1.000000000
1403715292.622143030,1.069962000,0.800487000,1.231349000,0.000000000,0.000000000,0.000000000,1.000000000
1403715292.627142906,1.067884000,0.798140000,1.231099000,0.000000000,0.000000000,0.000000000,1.000000000
1403715292.632143259,1.065804000,0.795782000,1.230865000,0.000000000,0.000000000,0.000000000,1.000000000
1403715292.637142897,1.063736000,0.793410000,1.230642000,0.000000000,0.000000000,0.000000000,1.000000000
1403715292.642143011,1.061690000,0.791036000,1.230408000,0.000000000,0.000000000,0.000000000,1.000000000
1403715292.647142887,1.059662000,0.788667000,1.230148000,0.000000000,0.000000000,0.000000000,1.000000000
1403715292.652143240,1.057639000,0.786395000,1.229876000,0.000000000,0.000000000,0.000000000,1.000000000
1403715292.657143116,1.055628000,0.784052000,1.229607000,0.000000000,0.000000000,0.000000000,1.000000000
1403715292.662142992,1.053622000,0.781706000,1.229329000,0.000000000,0.000000000,0.000000000,1.000000000
1403715292.667143345,1.051631000,0.779359000,1.229051000,0.000000000,0.000000000,0.000000000,1.000000000
1403715292.672143221,1.049662000,0.777010000,1.228775000,0.000000000,0.000000000,0.000000000,1.000000000
1403715292.677143097,1.047715000,0.774647000,1.228505000,0.000000000,0.000000000,0.000000000,1.000000000
1403715292.682142973,1.045780000,0.772269000,1.228237000,0.000000000,0.000000000,0.000000000,1.000000000
1403715292.687143326,1.043852000,0.769881000,1.227967000,0.000000000,0.000000000,0.000000000,1.000000000
1403715292.692142963,1.041934000,0.767495000,1.227690000,0.000000000,0.000000000,0.000000000,1.000000000
1403715292.697143078,1.040018000,0.765115000,1.227411000,0.000000000,0.000000000,0.000000000,1.000000000
1403715292.702142954,1.038095000,0.762815000,1.227155000,0.000000000,0.000000000,0.000000000,1.000000000
1403715292.707143307,1.036189000,0.760437000,1.226950000,0.000000000,0.000000000,0.000000000,1.000000000
1403715292.712142944,1.034302000,0.758051000,1.226760000,0.000000000,0.000000000,0.000000000,1.000000000
1403715292.717143059,1.032429000,0.755659000,1.226589000,0.000000000,0.000000000,0.000000000,1.000000000
1403715292.722143173,1.030565000,0.753261000,1.226437000,0.000000000,0.000000000,0.000000000,1.000000000
1403715292.727143288,1.028705000,0.750856000,1.226302000,0.000000000,0.000000000,0.000000000,1.000000000
1403715292.732142925,1.026849000,0.748446000,1.226190000,0.000000000,0.000000000,0.000000000,1.000000000
1403715292.737143040,1.025002000,0.746031000,1.226086000,0.000000000,0.000000000,0.000000000,1.000000000
1403715292.742143154,1.023171000,0.743613000,1.225975000,0.000000000,0.000000000,0.000000000,1.000000000
1403715292.747143030,1.021358000,0.741200000,1.225864000,0.000000000,0.000000000,0.000000000,1.000000000
1403715292.752142906,1.019566000,0.738888000,1.225720000,0.000000000,0.000000000,0.000000000,1.000000000
1403715292.757143021,1.017798000,0.736501000,1.225589000,0.000000000,0.000000000,0.000000000,1.000000000
1403715292.762143135,1.016047000,0.734110000,1.225466000,0.000000000,0.000000000,0.000000000,1.000000000
1403715292.767143011,1.014307000,0.731718000,1.225367000,0.000000000,0.000000000,0.000000000,1.000000000
1403715292.772142887,1.012578000,0.729328000,1.225317000,0.000000000,0.000000000,0.000000000,1.000000000
1403715292.777143240,1.010866000,0.726943000,1.225311000,0.000000000,0.000000000,0.000000000,1.000000000
1403715292.782143354,1.009175000,0.724560000,1.225332000,0.000000000,0.000000000,0.000000000,1.000000000
1403715292.787142992,1.007506000,0.722180000,1.225374000,0.000000000,0.000000000,0.000000000,1.000000000
1403715292.792143106,1.005864000,0.719810000,1.225428000,0.000000000,0.000000000,0.000000000,1.000000000
1403715292.797143221,1.004247000,0.717449000,1.225497000,0.000000000,0.000000000,0.000000000,1.000000000
1403715292.802143097,1.002645000,0.715172000,1.225573000,0.000000000,0.000000000,0.000000000,1.000000000
1403715292.807142973,1.001055000,0.712813000,1.225675000,0.000000000,0.000000000,0.000000000,1.000000000
1403715292.812143087,0.999484000,0.710451000,1.225822000,0.000000000,0.000000000,0.000000000,1.000000000
1403715292.817143202,0.997933000,0.708095000,1.225992000,0.000000000,0.000000000,0.000000000,1.000000000
1403715292.822143078,0.996397000,0.705748000,1.226185000,0.000000000,0.000000000,0.000000000,1.000000000
1403715292.827142954,0.994877000,0.703408000,1.226400000,0.000000000,0.000000000,0.000000000,1.000000000
1403715292.832143307,0.993377000,0.701063000,1.226624000,0.000000000,0.000000000,0.000000000,1.000000000
1403715292.837143183,0.991901000,0.698719000,1.226860000,0.000000000,0.000000000,0.000000000,1.000000000
1403715292.842143059,0.990442000,0.696381000,1.227117000,0.000000000,0.000000000,0.000000000,1.000000000
1403715292.847142935,0.989002000,0.694042000,1.227398000,0.000000000,0.000000000,0.000000000,1.000000000
1403715292.852143288,0.987585000,0.691800000,1.227707000,0.000000000,0.000000000,0.000000000,1.000000000
1403715292.857143164,0.986181000,0.689474000,1.228037000,0.000000000,0.000000000,0.000000000,1.000000000
1403715292.862143040,0.984797000,0.687135000,1.228401000,0.000000000,0.000000000,0.000000000,1.000000000
1403715292.867142916,0.983436000,0.684795000,1.228791000,0.000000000,0.000000000,0.000000000,1.000000000
1403715292.872143269,0.982094000,0.682461000,1.229192000,0.000000000,0.000000000,0.000000000,1.000000000
1403715292.877142906,0.980767000,0.680133000,1.229612000,0.000000000,0.000000000,0.000000000,1.000000000
1403715292.882143021,0.979454000,0.677808000,1.230050000,0.000000000,0.000000000,0.000000000,1.000000000
1403715292.887142897,0.978156000,0.675483000,1.230522000,0.000000000,0.000000000,0.000000000,1.000000000
1403715292.892143250,0.976878000,0.673160000,1.231027000,0.000000000,0.000000000,0.000000000,1.000000000
1403715292.897142887,0.975616000,0.670843000,1.231567000,0.000000000,0.000000000,0.000000000,1.000000000
1403715292.902143002,0.974364000,0.668617000,1.232154000,0.000000000,0.000000000,0.000000000,1.000000000
1403715292.907143354,0.973132000,0.666320000,1.232764000,0.000000000,0.000000000,0.000000000,1.000000000
1403715292.912143230,0.971917000,0.664022000,1.233405000,0.000000000,0.000000000,0.000000000,1.000000000
1403715292.917143106,0.970718000,0.661721000,1.234078000,0.000000000,0.000000000,0.000000000,1.000000000
1403715292.922142982,0.969529000,0.659419000,1.234779000,0.000000000,0.000000000,0.000000000,1.000000000
1403715292.927143335,0.968349000,0.657116000,1.235504000,0.000000000,0.000000000,0.000000000,1.000000000
1403715292.932142973,0.967178000,0.654811000,1.236250000,0.000000000,0.000000000,0.000000000,1.000000000
1403715292.937143087,0.966016000,0.652507000,1.237022000,0.000000000,0.000000000,0.000000000,1.000000000
1403715292.942142963,0.964875000,0.650201000,1.237826000,0.000000000,0.000000000,0.000000000,1.000000000
1403715292.947143316,0.963761000,0.647900000,1.238670000,0.000000000,0.000000000,0.000000000,1.000000000
1403715292.952142954,0.962646000,0.645694000,1.239557000,0.000000000,0.000000000,0.000000000,1.000000000
1403715292.957143068,0.961556000,0.643429000,1.240474000,0.000000000,0.000000000,0.000000000,1.000000000
1403715292.962142944,0.960480000,0.641182000,1.241430000,0.000000000,0.000000000,0.000000000,1.000000000
1403715292.967143297,0.959418000,0.638943000,1.242403000,0.000000000,0.000000000,0.000000000,1.000000000
1403715292.972142935,0.958365000,0.636692000,1.243391000,0.000000000,0.000000000,0.000000000,1.000000000
1403715292.977143049,0.957330000,0.634432000,1.244423000,0.000000000,0.000000000,0.000000000,1.000000000
1403715292.982143164,0.956318000,0.632174000,1.245485000,0.000000000,0.000000000,0.000000000,1.000000000
1403715292.987143040,0.955317000,0.629925000,1.246571000,0.000000000,0.000000000,0.000000000,1.000000000
1403715292.992142916,0.954320000,0.627692000,1.247681000,0.000000000,0.000000000,0.000000000,1.000000000
1403715292.997143030,0.953318000,0.625471000,1.248819000,0.000000000,0.000000000,0.000000000,1.000000000
1403715293.002143145,0.952276000,0.623330000,1.249992000,0.000000000,0.000000000,0.000000000,1.000000000
1403715293.007143021,0.951266000,0.621110000,1.251206000,0.000000000,0.000000000,0.000000000,1.000000000
1403715293.012142897,0.950278000,0.618894000,1.252471000,0.000000000,0.000000000,0.000000000,1.000000000
1403715293.017143011,0.949326000,0.616676000,1.253781000,0.000000000,0.000000000,0.000000000,1.000000000
1403715293.022143126,0.948400000,0.614458000,1.255123000,0.000000000,0.000000000,0.000000000,1.000000000
1403715293.027143002,0.947485000,0.612258000,1.256468000,0.000000000,0.000000000,0.000000000,1.000000000
1403715293.032143116,0.946573000,0.610067000,1.257806000,0.000000000,0.000000000,0.000000000,1.000000000
1403715293.037143230,0.945656000,0.607873000,1.259159000,0.000000000,0.000000000,0.000000000,1.000000000
1403715293.042143345,0.944742000,0.605680000,1.260537000,0.000000000,0.000000000,0.000000000,1.000000000
1403715293.047142982,0.943848000,0.603491000,1.261940000,0.000000000,0.000000000,0.000000000,1.000000000
1403715293.052143097,0.942928000,0.601394000,1.263364000,0.000000000,0.000000000,0.000000000,1.000000000
1403715293.057143211,0.942068000,0.599215000,1.264824000,0.000000000,0.000000000,0.000000000,1.000000000
1403715293.062143087,0.941222000,0.597030000,1.266319000,0.000000000,0.000000000,0.000000000,1.000000000
1403715293.067142963,0.940381000,0.594846000,1.267835000,0.000000000,0.000000000,0.000000000,1.000000000
1403715293.072143078,0.939533000,0.592660000,1.269368000,0.000000000,0.000000000,0.000000000,1.000000000
1403715293.077143192,0.938684000,0.590476000,1.270914000,0.000000000,0.000000000,0.000000000,1.000000000
1403715293.082143068,0.937841000,0.588299000,1.272454000,0.000000000,0.000000000,0.000000000,1.000000000
1403715293.087142944,0.937011000,0.586124000,1.273985000,0.000000000,0.000000000,0.000000000,1.000000000
1403715293.092143297,0.936199000,0.583943000,1.275513000,0.000000000,0.000000000,0.000000000,1.000000000
1403715293.097143173,0.935401000,0.581762000,1.277045000,0.000000000,0.000000000,0.000000000,1.000000000
1403715293.102143049,0.934542000,0.579672000,1.278576000,0.000000000,0.000000000,0.000000000,1.000000000
1403715293.107142925,0.933746000,0.577521000,1.280114000,0.000000000,0.000000000,0.000000000,1.000000000
1403715293.112143278,0.932951000,0.575377000,1.281659000,0.000000000,0.000000000,0.000000000,1.000000000
1403715293.117143154,0.932158000,0.573236000,1.283206000,0.000000000,0.000000000,0.000000000,1.000000000
1403715293.122143030,0.931366000,0.571094000,1.284750000,0.000000000,0.000000000,0.000000000,1.000000000
1403715293.127142906,0.930579000,0.568952000,1.286294000,0.000000000,0.000000000,0.000000000,1.000000000
1403715293.132143259,0.929805000,0.566812000,1.287838000,0.000000000,0.000000000,0.000000000,1.000000000
1403715293.137142897,0.929042000,0.564670000,1.289380000,0.000000000,0.000000000,0.000000000,1.000000000
1403715293.142143011,0.928284000,0.562525000,1.290923000,0.000000000,0.000000000,0.000000000,1.000000000
1403715293.147142887,0.927525000,0.560384000,1.292469000,0.000000000,0.000000000,0.000000000,1.000000000
1403715293.152143240,0.926681000,0.558333000,1.294021000,0.000000000,0.000000000,0.000000000,1.000000000
1403715293.157143116,0.925905000,0.556226000,1.295580000,0.000000000,0.000000000,0.000000000,1.000000000
1403715293.162142992,0.925137000,0.554120000,1.297145000,0.000000000,0.000000000,0.000000000,1.000000000
1403715293.167143345,0.924380000,0.552018000,1.298712000,0.000000000,0.000000000,0.000000000,1.000000000
1403715293.172143221,0.923634000,0.549922000,1.300279000,0.000000000,0.000000000,0.000000000,1.000000000
1403715293.177143097,0.922895000,0.547829000,1.301843000,0.000000000,0.000000000,0.000000000,1.000000000
1403715293.182142973,0.922160000,0.545741000,1.303401000,0.000000000,0.000000000,0.000000000,1.000000000
1403715293.187143326,0.921425000,0.543660000,1.304956000,0.000000000,0.000000000,0.000000000,1.000000000
1403715293.192142963,0.920692000,0.541584000,1.306516000,0.000000000,0.000000000,0.000000000,1.000000000
1403715293.197143078,0.919965000,0.539508000,1.308085000,0.000000000,0.000000000,0.000000000,1.000000000
1403715293.202142954,0.919151000,0.537497000,1.309669000,0.000000000,0.000000000,0.000000000,1.000000000
1403715293.207143307,0.918420000,0.535416000,1.311237000,0.000000000,0.000000000,0.000000000,1.000000000
1403715293.212142944,0.917698000,0.533341000,1.312797000,0.000000000,0.000000000,0.000000000,1.000000000
1403715293.217143059,0.916981000,0.531280000,1.314357000,0.000000000,0.000000000,0.000000000,1.000000000
1403715293.222143173,0.916261000,0.529224000,1.315922000,0.000000000,0.000000000,0.000000000,1.000000000
1403715293.227143288,0.915539000,0.527164000,1.317499000,0.000000000,0.000000000,0.000000000,1.000000000
1403715293.232142925,0.914820000,0.525098000,1.319081000,0.000000000,0.000000000,0.000000000,1.000000000
1403715293.237143040,0.914104000,0.523025000,1.320669000,0.000000000,0.000000000,0.000000000,1.000000000
1403715293.242143154,0.913390000,0.520951000,1.322262000,0.000000000,0.000000000,0.000000000,1.000000000
1403715293.247143030,0.912679000,0.518880000,1.323862000,0.000000000,0.000000000,0.000000000,1.000000000
1403715293.252142906,0.911851000,0.516887000,1.325472000,0.000000000,0.000000000,0.000000000,1.000000000
1403715293.257143021,0.911114000,0.514829000,1.327092000,0.000000000,0.000000000,0.000000000,1.000000000
1403715293.262143135,0.910383000,0.512772000,1.328712000,0.000000000,0.000000000,0.000000000,1.000000000
1403715293.267143011,0.909660000,0.510716000,1.330320000,0.000000000,0.000000000,0.000000000,1.000000000
1403715293.272142887,0.908943000,0.508663000,1.331915000,0.000000000,0.000000000,0.000000000,1.000000000
1403715293.277143240,0.908229000,0.506616000,1.333506000,0.000000000,0.000000000,0.000000000,1.000000000
1403715293.282143354,0.907514000,0.504570000,1.335093000,0.000000000,0.000000000,0.000000000,1.000000000
1403715293.287142992,0.906800000,0.502519000,1.336689000,0.000000000,0.000000000,0.000000000,1.000000000
1403715293.292143106,0.906095000,0.500474000,1.338294000,0.000000000,0.000000000,0.000000000,1.000000000
1403715293.297143221,0.905400000,0.498441000,1.339893000,0.000000000,0.000000000,0.000000000,1.000000000
1403715293.302143097,0.904588000,0.496496000,1.341471000,0.000000000,0.000000000,0.000000000,1.000000000
1403715293.307142973,0.903874000,0.494495000,1.343048000,0.000000000,0.000000000,0.000000000,1.000000000
1403715293.312143087,0.903160000,0.492498000,1.344626000,0.000000000,0.000000000,0.000000000,1.000000000
1403715293.317143202,0.902449000,0.490505000,1.346212000,0.000000000,0.000000000,0.000000000,1.000000000
1403715293.322143078,0.901742000,0.488512000,1.347797000,0.000000000,0.000000000,0.000000000,1.000000000
1403715293.327142954,0.901037000,0.486523000,1.349378000,0.000000000,0.000000000,0.000000000,1.000000000
1403715293.332143307,0.900337000,0.484545000,1.350952000,0.000000000,0.000000000,0.000000000,1.000000000
1403715293.337143183,0.899638000,0.482574000,1.352526000,0.000000000,0.000000000,0.000000000,1.000000000
1403715293.342143059,0.898938000,0.480609000,1.354109000,0.000000000,0.000000000,0.000000000,1.000000000
1403715293.347142935,0.898241000,0.478650000,1.355692000,0.000000000,0.000000000,0.000000000,1.000000000
1403715293.352143288,0.897419000,0.476766000,1.357277000,0.000000000,0.000000000,0.000000000,1.000000000
1403715293.357143164,0.896707000,0.474824000,1.358860000,0.000000000,0.000000000,0.000000000,1.000000000
1403715293.362143040,0.896002000,0.472889000,1.360443000,0.000000000,0.000000000,0.000000000,1.000000000
1403715293.367142916,0.895303000,0.470957000,1.362022000,0.000000000,0.000000000,0.000000000,1.000000000
1403715293.372143269,0.894608000,0.469033000,1.363597000,0.000000000,0.000000000,0.000000000,1.000000000
1403715293.377142906,0.893917000,0.467122000,1.365169000,0.000000000,0.000000000,0.000000000,1.000000000
1403715293.382143021,0.893227000,0.465215000,1.366746000,0.000000000,0.000000000,0.000000000,1.000000000
1403715293.387142897,0.892534000,0.463309000,1.368332000,0.000000000,0.000000000,0.000000000,1.000000000
1403715293.392143250,0.891839000,0.461412000,1.369924000,0.000000000,0.000000000,0.000000000,1.000000000
1403715293.397142887,0.891144000,0.459528000,1.371520000,0.000000000,0.000000000,0.000000000,1.000000000
1403715293.402143002,0.890312000,0.457722000,1.373108000,0.000000000,0.000000000,0.000000000,1.000000000
1403715293.407143354,0.889595000,0.455869000,1.374714000,0.000000000,0.000000000,0.000000000,1.000000000
1403715293.412143230,0.888877000,0.454025000,1.376315000,0.000000000,0.000000000,0.000000000,1.000000000
1403715293.417143106,0.888154000,0.452190000,1.377908000,0.000000000,0.000000000,0.000000000,1.000000000
1403715293.422142982,0.887427000,0.450367000,1.379496000,0.000000000,0.000000000,0.000000000,1.000000000
1403715293.427143335,0.886699000,0.448552000,1.381083000,0.000000000,0.000000000,0.000000000,1.000000000
1403715293.432142973,0.885974000,0.446746000,1.382666000,0.000000000,0.000000000,0.000000000,1.000000000
1403715293.437143087,0.885254000,0.444953000,1.384235000,0.000000000,0.000000000,0.000000000,1.000000000
1403715293.442142963,0.884540000,0.443175000,1.385791000,0.000000000,0.000000000,0.000000000,1.000000000
1403715293.447143316,0.883833000,0.441414000,1.387341000,0.000000000,0.000000000,0.000000000,1.000000000
1403715293.452142954,0.882983000,0.439729000,1.388858000,0.000000000,0.000000000,0.000000000,1.000000000
1403715293.457143068,0.882247000,0.438003000,1.390396000,0.000000000,0.000000000,0.000000000,1.000000000
1403715293.462142944,0.881511000,0.436290000,1.391925000,0.000000000,0.000000000,0.000000000,1.000000000
1403715293.467143297,0.880779000,0.434593000,1.393441000,0.000000000,0.000000000,0.000000000,1.000000000
1403715293.472142935,0.880053000,0.432905000,1.394954000,0.000000000,0.000000000,0.000000000,1.000000000
1403715293.477143049,0.879333000,0.431226000,1.396472000,0.000000000,0.000000000,0.000000000,1.000000000
1403715293.482143164,0.878614000,0.429554000,1.397993000,0.000000000,0.000000000,0.000000000,1.000000000
1403715293.487143040,0.877894000,0.427893000,1.399513000,0.000000000,0.000000000,0.000000000,1.000000000
1403715293.492142916,0.877176000,0.426250000,1.401033000,0.000000000,0.000000000,0.000000000,1.000000000
1403715293.497143030,0.876458000,0.424626000,1.402553000,0.000000000,0.000000000,0.000000000,1.000000000
1403715293.502143145,0.875594000,0.423069000,1.404061000,0.000000000,0.000000000,0.000000000,1.000000000
1403715293.507143021,0.874856000,0.421468000,1.405592000,0.000000000,0.000000000,0.000000000,1.000000000
1403715293.512142897,0.874123000,0.419873000,1.407118000,0.000000000,0.000000000,0.000000000,1.000000000
1403715293.517143011,0.873396000,0.418290000,1.408638000,0.000000000,0.000000000,0.000000000,1.000000000
1403715293.522143126,0.872673000,0.416722000,1.410161000,0.000000000,0.000000000,0.000000000,1.000000000
1403715293.527143002,0.871953000,0.415163000,1.411689000,0.000000000,0.000000000,0.000000000,1.000000000
1403715293.532143116,0.871236000,0.413608000,1.413218000,0.000000000,0.000000000,0.000000000,1.000000000
1403715293.537143230,0.870524000,0.412064000,1.414743000,0.000000000,0.000000000,0.000000000,1.000000000
1403715293.542143345,0.869817000,0.410532000,1.416267000,0.000000000,0.000000000,0.000000000,1.000000000
1403715293.547142982,0.869112000,0.409010000,1.417802000,0.000000000,0.000000000,0.000000000,1.000000000
1403715293.552143097,0.868248000,0.407542000,1.419316000,0.000000000,0.000000000,0.000000000,1.000000000
1403715293.557143211,0.867506000,0.406033000,1.420855000,0.000000000,0.000000000,0.000000000,1.000000000
1403715293.562143087,0.866762000,0.404531000,1.422392000,0.000000000,0.000000000,0.000000000,1.000000000
1403715293.567142963,0.866022000,0.403042000,1.423926000,0.000000000,0.000000000,0.000000000,1.000000000
1403715293.572143078,0.865285000,0.401563000,1.425464000,0.000000000,0.000000000,0.000000000,1.000000000
1403715293.577143192,0.864549000,0.400088000,1.427008000,0.000000000,0.000000000,0.000000000,1.000000000
1403715293.582143068,0.863814000,0.398620000,1.428550000,0.000000000,0.000000000,0.000000000,1.000000000
1403715293.587142944,0.863082000,0.397166000,1.430083000,0.000000000,0.000000000,0.000000000,1.000000000
1403715293.592143297,0.862351000,0.395725000,1.431620000,0.000000000,0.000000000,0.000000000,1.000000000
1403715293.597143173,0.861619000,0.394291000,1.433164000,0.000000000,0.000000000,0.000000000,1.000000000
1403715293.602143049,0.860733000,0.392914000,1.434689000,0.000000000,0.000000000,0.000000000,1.000000000
1403715293.607142925,0.859975000,0.391501000,1.436214000,0.000000000,0.000000000,0.000000000,1.000000000
1403715293.612143278,0.859222000,0.390098000,1.437745000,0.000000000,0.000000000,0.000000000,1.000000000
1403715293.617143154,0.858468000,0.388701000,1.439289000,0.000000000,0.000000000,0.000000000,1.000000000
1403715293.622143030,0.857710000,0.387304000,1.440838000,0.000000000,0.000000000,0.000000000,1.000000000
1403715293.627142906,0.856951000,0.385907000,1.442385000,0.000000000,0.000000000,0.000000000,1.000000000
1403715293.632143259,0.856197000,0.384517000,1.443923000,0.000000000,0.000000000,0.000000000,1.000000000
1403715293.637142897,0.855450000,0.383141000,1.445463000,0.000000000,0.000000000,0.000000000,1.000000000
1403715293.642143011,0.854709000,0.381775000,1.447012000,0.000000000,0.000000000,0.000000000,1.000000000
1403715293.647142887,0.853972000,0.380408000,1.448566000,0.000000000,0.000000000,0.000000000,1.000000000
1403715293.652143240,0.853071000,0.379079000,1.450115000,0.000000000,0.000000000,0.000000000,1.000000000
1403715293.657143116,0.852294000,0.377731000,1.451672000,0.000000000,0.000000000,0.000000000,1.000000000
1403715293.662142992,0.851513000,0.376395000,1.453231000,0.000000000,0.000000000,0.000000000,1.000000000
1403715293.667143345,0.850728000,0.375068000,1.454795000,0.000000000,0.000000000,0.000000000,1.000000000
1403715293.672143221,0.849941000,0.373748000,1.456359000,0.000000000,0.000000000,0.000000000,1.000000000
1403715293.677143097,0.849155000,0.372430000,1.457922000,0.000000000,0.000000000,0.000000000,1.000000000
1403715293.682142973,0.848373000,0.371118000,1.459494000,0.000000000,0.000000000,0.000000000,1.000000000
1403715293.687143326,0.847599000,0.369814000,1.461082000,0.000000000,0.000000000,0.000000000,1.000000000
1403715293.692142963,0.846832000,0.368514000,1.462687000,0.000000000,0.000000000,0.000000000,1.000000000
1403715293.697143078,0.846067000,0.367216000,1.464304000,0.000000000,0.000000000,0.000000000,1.000000000
1403715293.702142954,0.845140000,0.365950000,1.465911000,0.000000000,0.000000000,0.000000000,1.000000000
1403715293.707143307,0.844338000,0.364670000,1.467537000,0.000000000,0.000000000,0.000000000,1.000000000
1403715293.712142944,0.843532000,0.363398000,1.469153000,0.000000000,0.000000000,0.000000000,1.000000000
1403715293.717143059,0.842719000,0.362135000,1.470754000,0.000000000,0.000000000,0.000000000,1.000000000
1403715293.722143173,0.841904000,0.360878000,1.472346000,0.000000000,0.000000000,0.000000000,1.000000000
1403715293.727143288,0.841094000,0.359624000,1.473934000,0.000000000,0.000000000,0.000000000,1.000000000
1403715293.732142925,0.840286000,0.358372000,1.475523000,0.000000000,0.000000000,0.000000000,1.000000000
1403715293.737143040,0.839481000,0.357125000,1.477109000,0.000000000,0.000000000,0.000000000,1.000000000
1403715293.742143154,0.838676000,0.355882000,1.478692000,0.000000000,0.000000000,0.000000000,1.000000000
1403715293.747143030,0.837866000,0.354642000,1.480275000,0.000000000,0.000000000,0.000000000,1.000000000
1403715293.752142906,0.836887000,0.353430000,1.481850000,0.000000000,0.000000000,0.000000000,1.000000000
1403715293.757143021,0.836045000,0.352201000,1.483445000,0.000000000,0.000000000,0.000000000,1.000000000
1403715293.762143135,0.835210000,0.350976000,1.485044000,0.000000000,0.000000000,0.000000000,1.000000000
1403715293.767143011,0.834380000,0.349752000,1.486647000,0.000000000,0.000000000,0.000000000,1.000000000
1403715293.772142887,0.833554000,0.348531000,1.488246000,0.000000000,0.000000000,0.000000000,1.000000000
1403715293.777143240,0.832730000,0.347317000,1.489837000,0.000000000,0.000000000,0.000000000,1.000000000
1403715293.782143354,0.831910000,0.346109000,1.491420000,0.000000000,0.000000000,0.000000000,1.000000000
1403715293.787142992,0.831097000,0.344910000,1.492996000,0.000000000,0.000000000,0.000000000,1.000000000
1403715293.792143106,0.830290000,0.343723000,1.494565000,0.000000000,0.000000000,0.000000000,1.000000000
1403715293.797143221,0.829490000,0.342546000,1.496131000,0.000000000,0.000000000,0.000000000,1.000000000
1403715293.802143097,0.828521000,0.341389000,1.497679000,0.000000000,0.000000000,0.000000000,1.000000000
1403715293.807142973,0.827692000,0.340216000,1.499236000,0.000000000,0.000000000,0.000000000,1.000000000
1403715293.812143087,0.826865000,0.339037000,1.500789000,0.000000000,0.000000000,0.000000000,1.000000000
1403715293.817143202,0.826042000,0.337858000,1.502342000,0.000000000,0.000000000,0.000000000,1.000000000
1403715293.822143078,0.825228000,0.336683000,1.503893000,0.000000000,0.000000000,0.000000000,1.000000000
1403715293.827142954,0.824421000,0.335504000,1.505448000,0.000000000,0.000000000,0.000000000,1.000000000
1403715293.832143307,0.823612000,0.334322000,1.507006000,0.000000000,0.000000000,0.000000000,1.000000000
1403715293.837143183,0.822799000,0.333144000,1.508553000,0.000000000,0.000000000,0.000000000,1.000000000
1403715293.842143059,0.821985000,0.331976000,1.510096000,0.000000000,0.000000000,0.000000000,1.000000000
1403715293.847142935,0.821180000,0.330822000,1.511639000,0.000000000,0.000000000,0.000000000,1.000000000
1403715293.852143288,0.820210000,0.329683000,1.513177000,0.000000000,0.000000000,0.000000000,1.000000000
1403715293.857143164,0.819391000,0.328524000,1.514719000,0.000000000,0.000000000,0.000000000,1.000000000
1403715293.862143040,0.818576000,0.327356000,1.516247000,0.000000000,0.000000000,0.000000000,1.000000000
1403715293.867142916,0.817760000,0.326180000,1.517764000,0.000000000,0.000000000,0.000000000,1.000000000
1403715293.872143269,0.816942000,0.325008000,1.519274000,0.000000000,0.000000000,0.000000000,1.000000000
1403715293.877142906,0.816129000,0.323842000,1.520782000,0.000000000,0.000000000,0.000000000,1.000000000
1403715293.882143021,0.815322000,0.322674000,1.522297000,0.000000000,0.000000000,0.000000000,1.000000000
1403715293.887142897,0.814521000,0.321507000,1.523815000,0.000000000,0.000000000,0.000000000,1.000000000
1403715293.892143250,0.813728000,0.320334000,1.525336000,0.000000000,0.000000000,0.000000000,1.000000000
1403715293.897142887,0.812940000,0.319154000,1.526861000,0.000000000,0.000000000,0.000000000,1.000000000
1403715293.902143002,0.811960000,0.317988000,1.528380000,0.000000000,0.000000000,0.000000000,1.000000000
1403715293.907143354,0.811127000,0.316806000,1.529899000,0.000000000,0.000000000,0.000000000,1.000000000
1403715293.912143230,0.810295000,0.315617000,1.531418000,0.000000000,0.000000000,0.000000000,1.000000000
1403715293.917143106,0.809470000,0.314427000,1.532930000,0.000000000,0.000000000,0.000000000,1.000000000
1403715293.922142982,0.808652000,0.313239000,1.534438000,0.000000000,0.000000000,0.000000000,1.000000000
1403715293.927143335,0.807838000,0.312052000,1.535944000,0.000000000,0.000000000,0.000000000,1.000000000
1403715293.932142973,0.807020000,0.310864000,1.537451000,0.000000000,0.000000000,0.000000000,1.000000000
1403715293.937143087,0.806196000,0.309679000,1.538951000,0.000000000,0.000000000,0.000000000,1.000000000
1403715293.942142963,0.805373000,0.308496000,1.540428000,0.000000000,0.000000000,0.000000000,1.000000000
1403715293.947143316,0.804554000,0.307314000,1.541878000,0.000000000,0.000000000,0.000000000,1.000000000
1403715293.952142954,0.803557000,0.306137000,1.543304000,0.000000000,0.000000000,0.000000000,1.000000000
1403715293.957143068,0.802713000,0.304958000,1.544705000,0.000000000,0.000000000,0.000000000,1.000000000
1403715293.962142944,0.801871000,0.303780000,1.546077000,0.000000000,0.000000000,0.000000000,1.000000000
1403715293.967143297,0.801033000,0.302605000,1.547427000,0.000000000,0.000000000,0.000000000,1.000000000
1403715293.972142935,0.800198000,0.301434000,1.548761000,0.000000000,0.000000000,0.000000000,1.000000000
1403715293.977143049,0.799367000,0.300268000,1.550076000,0.000000000,0.000000000,0.000000000,1.000000000
1403715293.982143164,0.798545000,0.299101000,1.551364000,0.000000000,0.000000000,0.000000000,1.000000000
1403715293.987143040,0.797725000,0.297932000,1.552624000,0.000000000,0.000000000,0.000000000,1.000000000
1403715293.992142916,0.796903000,0.296768000,1.553860000,0.000000000,0.000000000,0.000000000,1.000000000
1403715293.997143030,0.796081000,0.295607000,1.555062000,0.000000000,0.000000000,0.000000000,1.000000000
1403715294.002143145,0.795077000,0.294443000,1.556219000,0.000000000,0.000000000,0.000000000,1.000000000
1403715294.007143021,0.794232000,0.293278000,1.557321000,0.000000000,0.000000000,0.000000000,1.000000000
1403715294.012142897,0.793396000,0.292112000,1.558373000,0.000000000,0.000000000,0.000000000,1.000000000
1403715294.017143011,0.792563000,0.290949000,1.559383000,0.000000000,0.000000000,0.000000000,1.000000000
1403715294.022143126,0.791732000,0.289790000,1.560359000,0.000000000,0.000000000,0.000000000,1.000000000
1403715294.027143002,0.790906000,0.288632000,1.561305000,0.000000000,0.000000000,0.000000000,1.000000000
1403715294.032143116,0.790089000,0.287470000,1.562225000,0.000000000,0.000000000,0.000000000,1.000000000
1403715294.037143230,0.789281000,0.286301000,1.563125000,0.000000000,0.000000000,0.000000000,1.000000000
1403715294.042143345,0.788480000,0.285131000,1.563999000,0.000000000,0.000000000,0.000000000,1.000000000
1403715294.047142982,0.787679000,0.283963000,1.564845000,0.000000000,0.000000000,0.000000000,1.000000000
1403715294.052143097,0.786678000,0.282788000,1.565676000,0.000000000,0.000000000,0.000000000,1.000000000
1403715294.057143211,0.785834000,0.281613000,1.566466000,0.000000000,0.000000000,0.000000000,1.000000000
1403715294.062143087,0.784994000,0.280437000,1.567224000,0.000000000,0.000000000,0.000000000,1.000000000
1403715294.067142963,0.784161000,0.279267000,1.567954000,0.000000000,0.000000000,0.000000000,1.000000000
1403715294.072143078,0.783331000,0.278101000,1.568654000,0.000000000,0.000000000,0.000000000,1.000000000
1403715294.077143192,0.782508000,0.276939000,1.569320000,0.000000000,0.000000000,0.000000000,1.000000000
1403715294.082143068,0.781688000,0.275787000,1.569949000,0.000000000,0.000000000,0.000000000,1.000000000
1403715294.087142944,0.780869000,0.274643000,1.570540000,0.000000000,0.000000000,0.000000000,1.000000000
1403715294.092143297,0.780055000,0.273503000,1.571094000,0.000000000,0.000000000,0.000000000,1.000000000
1403715294.097143173,0.779243000,0.272365000,1.571617000,0.000000000,0.000000000,0.000000000,1.000000000
1403715294.102143049,0.778238000,0.271223000,1.572111000,0.000000000,0.000000000,0.000000000,1.000000000
1403715294.107142925,0.777391000,0.270086000,1.572580000,0.000000000,0.000000000,0.000000000,1.000000000
1403715294.112143278,0.776547000,0.268946000,1.573025000,0.000000000,0.000000000,0.000000000,1.000000000
1403715294.117143154,0.775703000,0.267806000,1.573445000,0.000000000,0.000000000,0.000000000,1.000000000
1403715294.122143030,0.774858000,0.266668000,1.573836000,0.000000000,0.000000000,0.000000000,1.000000000
1403715294.127142906,0.774017000,0.265531000,1.574198000,0.000000000,0.000000000,0.000000000,1.000000000
1403715294.132143259,0.773180000,0.264399000,1.574527000,0.000000000,0.000000000,0.000000000,1.000000000
1403715294.137142897,0.772346000,0.263273000,1.574821000,0.000000000,0.000000000,0.000000000,1.000000000
1403715294.142143011,0.771514000,0.262149000,1.575080000,0.000000000,0.000000000,0.000000000,1.000000000
1403715294.147142887,0.770685000,0.261025000,1.575311000,0.000000000,0.000000000,0.000000000,1.000000000
1403715294.152143240,0.769665000,0.259884000,1.575504000,0.000000000,0.000000000,0.000000000,1.000000000
1403715294.157143116,0.768802000,0.258759000,1.575675000,0.000000000,0.000000000,0.000000000,1.000000000
1403715294.162142992,0.767939000,0.257638000,1.575819000,0.000000000,0.000000000,0.000000000,1.000000000
1403715294.167143345,0.767079000,0.256521000,1.575937000,0.000000000,0.000000000,0.000000000,1.000000000
1403715294.172143221,0.766222000,0.255409000,1.576026000,0.000000000,0.000000000,0.000000000,1.000000000
1403715294.177143097,0.765368000,0.254303000,1.576081000,0.000000000,0.000000000,0.000000000,1.000000000
1403715294.182142973,0.764516000,0.253202000,1.576101000,0.000000000,0.000000000,0.000000000,1.000000000
1403715294.187143326,0.763668000,0.252103000,1.576087000,0.000000000,0.000000000,0.000000000,1.000000000
1403715294.192142963,0.762824000,0.251008000,1.576036000,0.000000000,0.000000000,0.000000000,1.000000000
1403715294.197143078,0.761989000,0.249919000,1.575953000,0.000000000,0.000000000,0.000000000,1.000000000
1403715294.202142954,0.760977000,0.248819000,1.575819000,0.000000000,0.000000000,0.000000000,1.000000000
1403715294.207143307,0.760122000,0.247741000,1.575660000,0.000000000,0.000000000,0.000000000,1.000000000
1403715294.212142944,0.759269000,0.246668000,1.575474000,0.000000000,0.000000000,0.000000000,1.000000000
1403715294.217143059,0.758417000,0.245599000,1.575259000,0.000000000,0.000000000,0.000000000,1.000000000
1403715294.222143173,0.757566000,0.244537000,1.575015000,0.000000000,0.000000000,0.000000000,1.000000000
1403715294.227143288,0.756716000,0.243490000,1.574739000,0.000000000,0.000000000,0.000000000,1.000000000
1403715294.232142925,0.755872000,0.242462000,1.574430000,0.000000000,0.000000000,0.000000000,1.000000000
1403715294.237143040,0.755033000,0.241446000,1.574084000,0.000000000,0.000000000,0.000000000,1.000000000
1403715294.242143154,0.754194000,0.240441000,1.573700000,0.000000000,0.000000000,0.000000000,1.000000000
1403715294.247143030,0.753353000,0.239448000,1.573276000,0.000000000,0.000000000,0.000000000,1.000000000
1403715294.252142906,0.752324000,0.238441000,1.572788000,0.000000000,0.000000000,0.000000000,1.000000000
1403715294.257143021,0.751444000,0.237453000,1.572285000,0.000000000,0.000000000,0.000000000,1.000000000
1403715294.262143135,0.750567000,0.236467000,1.571751000,0.000000000,0.000000000,0.000000000,1.000000000
1403715294.267143011,0.749691000,0.235485000,1.571185000,0.000000000,0.000000000,0.000000000,1.000000000
1403715294.272142887,0.748812000,0.234507000,1.570590000,0.000000000,0.000000000,0.000000000,1.000000000
1403715294.277143240,0.747932000,0.233531000,1.569968000,0.000000000,0.000000000,0.000000000,1.000000000
1403715294.282143354,0.747052000,0.232557000,1.569312000,0.000000000,0.000000000,0.000000000,1.000000000
1403715294.287142992,0.746171000,0.231591000,1.568622000,0.000000000,0.000000000,0.000000000,1.000000000
1403715294.292143106,0.745292000,0.230631000,1.567899000,0.000000000,0.000000000,0.000000000,1.000000000
1403715294.297143221,0.744421000,0.229675000,1.567139000,0.000000000,0.000000000,0.000000000,1.000000000
1403715294.302143097,0.743372000,0.228698000,1.566302000,0.000000000,0.000000000,0.000000000,1.000000000
1403715294.307142973,0.742457000,0.227739000,1.565464000,0.000000000,0.000000000,0.000000000,1.000000000
1403715294.312143087,0.741534000,0.226784000,1.564589000,0.000000000,0.000000000,0.000000000,1.000000000
1403715294.317143202,0.740608000,0.225836000,1.563682000,0.000000000,0.000000000,0.000000000,1.000000000
1403715294.322143078,0.739677000,0.224902000,1.562744000,0.000000000,0.000000000,0.000000000,1.000000000
1403715294.327142954,0.738746000,0.223982000,1.561770000,0.000000000,0.000000000,0.000000000,1.000000000
1403715294.332143307,0.737816000,0.223079000,1.560754000,0.000000000,0.000000000,0.000000000,1.000000000
1403715294.337143183,0.736887000,0.222186000,1.559697000,0.000000000,0.000000000,0.000000000,1.000000000
1403715294.342143059,0.735963000,0.221300000,1.558605000,0.000000000,0.000000000,0.000000000,1.000000000
1403715294.347142935,0.735046000,0.220417000,1.557483000,0.000000000,0.000000000,0.000000000,1.000000000
1403715294.352143288,0.733962000,0.219512000,1.556283000,0.000000000,0.000000000,0.000000000,1.000000000
1403715294.357143164,0.733010000,0.218618000,1.555105000,0.000000000,0.000000000,0.000000000,1.000000000
1403715294.362143040,0.732054000,0.217718000,1.553914000,0.000000000,0.000000000,0.000000000,1.000000000
1403715294.367142916,0.731102000,0.216818000,1.552709000,0.000000000,0.000000000,0.000000000,1.000000000
1403715294.372143269,0.730156000,0.215924000,1.551484000,0.000000000,0.000000000,0.000000000,1.000000000
1403715294.377142906,0.729216000,0.215036000,1.550243000,0.000000000,0.000000000,0.000000000,1.000000000
1403715294.382143021,0.728276000,0.214153000,1.548990000,0.000000000,0.000000000,0.000000000,1.000000000
1403715294.387142897,0.727334000,0.213271000,1.547720000,0.000000000,0.000000000,0.000000000,1.000000000
1403715294.392143250,0.726387000,0.212394000,1.546436000,0.000000000,0.000000000,0.000000000,1.000000000
1403715294.397142887,0.725436000,0.211520000,1.545137000,0.000000000,0.000000000,0.000000000,1.000000000
1403715294.402143002,0.724312000,0.210628000,1.543772000,0.000000000,0.000000000,0.000000000,1.000000000
1403715294.407143354,0.723318000,0.209767000,1.542440000,0.000000000,0.000000000,0.000000000,1.000000000
1403715294.412143230,0.722322000,0.208918000,1.541096000,0.000000000,0.000000000,0.000000000,1.000000000
1403715294.417143106,0.721321000,0.208079000,1.539743000,0.000000000,0.000000000,0.000000000,1.000000000
1403715294.422142982,0.720319000,0.207250000,1.538387000,0.000000000,0.000000000,0.000000000,1.000000000
1403715294.427143335,0.719314000,0.206427000,1.537034000,0.000000000,0.000000000,0.000000000,1.000000000
1403715294.432142973,0.718308000,0.205608000,1.535684000,0.000000000,0.000000000,0.000000000,1.000000000
1403715294.437143087,0.717300000,0.204791000,1.534329000,0.000000000,0.000000000,0.000000000,1.000000000
1403715294.442142963,0.716295000,0.203978000,1.532964000,0.000000000,0.000000000,0.000000000,1.000000000
1403715294.447143316,0.715291000,0.203176000,1.531585000,0.000000000,0.000000000,0.000000000,1.000000000
1403715294.452142954,0.714122000,0.202362000,1.530132000,0.000000000,0.000000000,0.000000000,1.000000000
1403715294.457143068,0.713084000,0.201582000,1.528733000,0.000000000,0.000000000,0.000000000,1.000000000
1403715294.462142944,0.712048000,0.200808000,1.527341000,0.000000000,0.000000000,0.000000000,1.000000000
1403715294.467143297,0.711014000,0.200039000,1.525957000,0.000000000,0.000000000,0.000000000,1.000000000
1403715294.472142935,0.709981000,0.199274000,1.524581000,0.000000000,0.000000000,0.000000000,1.000000000
1403715294.477143049,0.708941000,0.198518000,1.523209000,0.000000000,0.000000000,0.000000000,1.000000000
1403715294.482143164,0.707894000,0.197770000,1.521836000,0.000000000,0.000000000,0.000000000,1.000000000
1403715294.487143040,0.706842000,0.197029000,1.520460000,0.000000000,0.000000000,0.000000000,1.000000000
1403715294.492142916,0.705791000,0.196295000,1.519077000,0.000000000,0.000000000,0.000000000,1.000000000
1403715294.497143030,0.704743000,0.195574000,1.517688000,0.000000000,0.000000000,0.000000000,1.000000000
1403715294.502143145,0.703541000,0.194838000,1.516226000,0.000000000,0.000000000,0.000000000,1.000000000
1403715294.507143021,0.702465000,0.194138000,1.514818000,0.000000000,0.000000000,0.000000000,1.000000000
1403715294.512142897,0.701387000,0.193450000,1.513406000,0.000000000,0.000000000,0.000000000,1.000000000
1403715294.517143011,0.700303000,0.192771000,1.511984000,0.000000000,0.000000000,0.000000000,1.000000000
1403715294.522143126,0.699219000,0.192098000,1.510559000,0.000000000,0.000000000,0.000000000,1.000000000
1403715294.527143002,0.698134000,0.191434000,1.509135000,0.000000000,0.000000000,0.000000000,1.000000000
1403715294.532143116,0.697053000,0.190782000,1.507705000,0.000000000,0.000000000,0.000000000,1.000000000
1403715294.537143230,0.695976000,0.190142000,1.506260000,0.000000000,0.000000000,0.000000000,1.000000000
1403715294.542143345,0.694903000,0.189515000,1.504811000,0.000000000,0.000000000,0.000000000,1.000000000
1403715294.547142982,0.693833000,0.188904000,1.503360000,0.000000000,0.000000000,0.000000000,1.000000000
1403715294.552143097,0.692625000,0.188277000,1.501855000,0.000000000,0.000000000,0.000000000,1.000000000
1403715294.557143211,0.691533000,0.187673000,1.500397000,0.000000000,0.000000000,0.000000000,1.000000000
1403715294.562143087,0.690438000,0.187077000,1.498944000,0.000000000,0.000000000,0.000000000,1.000000000
1403715294.567142963,0.689331000,0.186493000,1.497490000,0.000000000,0.000000000,0.000000000,1.000000000
1403715294.572143078,0.688217000,0.185916000,1.496036000,0.000000000,0.000000000,0.000000000,1.000000000
1403715294.577143192,0.687104000,0.185341000,1.494593000,0.000000000,0.000000000,0.000000000,1.000000000
1403715294.582143068,0.685992000,0.184771000,1.493156000,0.000000000,0.000000000,0.000000000,1.000000000
1403715294.587142944,0.684882000,0.184208000,1.491720000,0.000000000,0.000000000,0.000000000,1.000000000
1403715294.592143297,0.683772000,0.183653000,1.490284000,0.000000000,0.000000000,0.000000000,1.000000000
1403715294.597143173,0.682661000,0.183109000,1.488848000,0.000000000,0.000000000,0.000000000,1.000000000
1403715294.602143049,0.681415000,0.182551000,1.487363000,0.000000000,0.000000000,0.000000000,1.000000000
1403715294.607142925,0.680272000,0.182020000,1.485932000,0.000000000,0.000000000,0.000000000,1.000000000
1403715294.612143278,0.679125000,0.181487000,1.484514000,0.000000000,0.000000000,0.000000000,1.000000000
1403715294.617143154,0.677973000,0.180952000,1.483107000,0.000000000,0.000000000,0.000000000,1.000000000
1403715294.622143030,0.676814000,0.180421000,1.481699000,0.000000000,0.000000000,0.000000000,1.000000000
1403715294.627142906,0.675649000,0.179893000,1.480293000,0.000000000,0.000000000,0.000000000,1.000000000
1403715294.632143259,0.674485000,0.179371000,1.478897000,0.000000000,0.000000000,0.000000000,1.000000000
1403715294.637142897,0.673324000,0.178852000,1.477502000,0.000000000,0.000000000,0.000000000,1.000000000
1403715294.642143011,0.672170000,0.178330000,1.476101000,0.000000000,0.000000000,0.000000000,1.000000000
1403715294.647142887,0.671023000,0.177813000,1.474696000,0.000000000,0.000000000,0.000000000,1.000000000
1403715294.652143240,0.669756000,0.177281000,1.473240000,0.000000000,0.000000000,0.000000000,1.000000000
1403715294.657143116,0.668587000,0.176775000,1.471818000,0.000000000,0.000000000,0.000000000,1.000000000
1403715294.662142992,0.667421000,0.176274000,1.470398000,0.000000000,0.000000000,0.000000000,1.000000000
1403715294.667143345,0.666257000,0.175777000,1.468985000,0.000000000,0.000000000,0.000000000,1.000000000
1403715294.672143221,0.665101000,0.175281000,1.467577000,0.000000000,0.000000000,0.000000000,1.000000000
1403715294.677143097,0.663952000,0.174782000,1.466171000,0.000000000,0.000000000,0.000000000,1.000000000
1403715294.682142973,0.662804000,0.174286000,1.464765000,0.000000000,0.000000000,0.000000000,1.000000000
1403715294.687143326,0.661660000,0.173793000,1.463367000,0.000000000,0.000000000,0.000000000,1.000000000
1403715294.692142963,0.660519000,0.173294000,1.461978000,0.000000000,0.000000000,0.000000000,1.000000000
1403715294.697143078,0.659376000,0.172795000,1.460585000,0.000000000,0.000000000,0.000000000,1.000000000
1403715294.702142954,0.658122000,0.172278000,1.459144000,0.000000000,0.000000000,0.000000000,1.000000000
1403715294.707143307,0.656955000,0.171788000,1.457728000,0.000000000,0.000000000,0.000000000,1.000000000
1403715294.712142944,0.655792000,0.171307000,1.456309000,0.000000000,0.000000000,0.000000000,1.000000000
1403715294.717143059,0.654636000,0.170828000,1.454886000,0.000000000,0.000000000,0.000000000,1.000000000
1403715294.722143173,0.653489000,0.170346000,1.453466000,0.000000000,0.000000000,0.000000000,1.000000000
1403715294.727143288,0.652347000,0.169862000,1.452058000,0.000000000,0.000000000,0.000000000,1.000000000
1403715294.732142925,0.651209000,0.169382000,1.450665000,0.000000000,0.000000000,0.000000000,1.000000000
1403715294.737143040,0.650071000,0.168902000,1.449273000,0.000000000,0.000000000,0.000000000,1.000000000
1403715294.742143154,0.648932000,0.168416000,1.447883000,0.000000000,0.000000000,0.000000000,1.000000000
1403715294.747143030,0.647799000,0.167928000,1.446502000,0.000000000,0.000000000,0.000000000,1.000000000
1403715294.752142906,0.646563000,0.167425000,1.445102000,0.000000000,0.000000000,0.000000000,1.000000000
1403715294.757143021,0.645416000,0.166945000,1.443726000,0.000000000,0.000000000,0.000000000,1.000000000
1403715294.762143135,0.644281000,0.166464000,1.442354000,0.000000000,0.000000000,0.000000000,1.000000000
1403715294.767143011,0.643158000,0.165983000,1.440985000,0.000000000,0.000000000,0.000000000,1.000000000
1403715294.772142887,0.642042000,0.165505000,1.439616000,0.000000000,0.000000000,0.000000000,1.000000000
1403715294.777143240,0.640929000,0.165031000,1.438241000,0.000000000,0.000000000,0.000000000,1.000000000
1403715294.782143354,0.639818000,0.164557000,1.436857000,0.000000000,0.000000000,0.000000000,1.000000000
1403715294.787142992,0.638712000,0.164080000,1.435475000,0.000000000,0.000000000,0.000000000,1.000000000
1403715294.792143106,0.637616000,0.163604000,1.434088000,0.000000000,0.000000000,0.000000000,1.000000000
1403715294.797143221,0.636529000,0.163132000,1.432696000,0.000000000,0.000000000,0.000000000,1.000000000
1403715294.802143097,0.635360000,0.162631000,1.431288000,0.000000000,0.000000000,0.000000000,1.000000000
1403715294.807142973,0.634283000,0.162145000,1.429909000,0.000000000,0.000000000,0.000000000,1.000000000
1403715294.812143087,0.633214000,0.161655000,1.428539000,0.000000000,0.000000000,0.000000000,1.000000000
1403715294.817143202,0.632145000,0.161158000,1.427165000,0.000000000,0.000000000,0.000000000,1.000000000
1403715294.822143078,0.631071000,0.160656000,1.425790000,0.000000000,0.000000000,0.000000000,1.000000000
1403715294.827142954,0.629991000,0.160162000,1.424414000,0.000000000,0.000000000,0.000000000,1.000000000
1403715294.832143307,0.628912000,0.159675000,1.423035000,0.000000000,0.000000000,0.000000000,1.000000000
1403715294.837143183,0.627849000,0.159183000,1.421658000,0.000000000,0.000000000,0.000000000,1.000000000
1403715294.842143059,0.626807000,0.158691000,1.420277000,0.000000000,0.000000000,0.000000000,1.000000000
1403715294.847142935,0.625776000,0.158207000,1.418880000,0.000000000,0.000000000,0.000000000,1.000000000
1403715294.852143288,0.624654000,0.157704000,1.417457000,0.000000000,0.000000000,0.000000000,1.000000000
1403715294.857143164,0.623630000,0.157213000,1.416066000,0.000000000,0.000000000,0.000000000,1.000000000
1403715294.862143040,0.622614000,0.156722000,1.414684000,0.000000000,0.000000000,0.000000000,1.000000000
1403715294.867142916,0.621606000,0.156226000,1.413313000,0.000000000,0.000000000,0.000000000,1.000000000
1403715294.872143269,0.620616000,0.155716000,1.411962000,0.000000000,0.000000000,0.000000000,1.000000000
1403715294.877142906,0.619637000,0.155201000,1.410628000,0.000000000,0.000000000,0.000000000,1.000000000
1403715294.882143021,0.618667000,0.154685000,1.409301000,0.000000000,0.000000000,0.000000000,1.000000000
1403715294.887142897,0.617708000,0.154168000,1.407980000,0.000000000,0.000000000,0.000000000,1.000000000
1403715294.892143250,0.616758000,0.153655000,1.406657000,0.000000000,0.000000000,0.000000000,1.000000000
1403715294.897142887,0.615819000,0.153143000,1.405329000,0.000000000,0.000000000,0.000000000,1.000000000
1403715294.902143002,0.614801000,0.152592000,1.403967000,0.000000000,0.000000000,0.000000000,1.000000000
1403715294.907143354,0.613879000,0.152059000,1.402636000,0.000000000,0.000000000,0.000000000,1.000000000
1403715294.912143230,0.612961000,0.151526000,1.401311000,0.000000000,0.000000000,0.000000000,1.000000000
1403715294.917143106,0.612043000,0.151002000,1.400006000,0.000000000,0.000000000,0.000000000,1.000000000
1403715294.922142982,0.611127000,0.150481000,1.398729000,0.000000000,0.000000000,0.000000000,1.000000000
1403715294.927143335,0.610222000,0.149955000,1.397480000,0.000000000,0.000000000,0.000000000,1.000000000
1403715294.932142973,0.609327000,0.149423000,1.396248000,0.000000000,0.000000000,0.000000000,1.000000000
1403715294.937143087,0.608442000,0.148893000,1.395025000,0.000000000,0.000000000,0.000000000,1.000000000
1403715294.942142963,0.607568000,0.148367000,1.393803000,0.000000000,0.000000000,0.000000000,1.000000000
1403715294.947143316,0.606703000,0.147846000,1.392576000,0.000000000,0.000000000,0.000000000,1.000000000
1403715294.952142954,0.605842000,0.147331000,1.391338000,0.000000000,0.000000000,0.000000000,1.000000000
1403715294.957143068,0.604885000,0.146771000,1.390062000,0.000000000,0.000000000,0.000000000,1.000000000
1403715294.962142944,0.604024000,0.146249000,1.388820000,0.000000000,0.000000000,0.000000000,1.000000000
1403715294.967143297,0.603173000,0.145725000,1.387588000,0.000000000,0.000000000,0.000000000,1.000000000
1403715294.972142935,0.602335000,0.145196000,1.386373000,0.000000000,0.000000000,0.000000000,1.000000000
1403715294.977143049,0.601509000,0.144664000,1.385169000,0.000000000,0.000000000,0.000000000,1.000000000
1403715294.982143164,0.600697000,0.144136000,1.383963000,0.000000000,0.000000000,0.000000000,1.000000000
1403715294.987143040,0.599900000,0.143615000,1.382749000,0.000000000,0.000000000,0.000000000,1.000000000
1403715294.992142916,0.599117000,0.143103000,1.381530000,0.000000000,0.000000000,0.000000000,1.000000000
1403715294.997143030,0.598347000,0.142601000,1.380308000,0.000000000,0.000000000,0.000000000,1.000000000
1403715295.002143145,0.597512000,0.142062000,1.379047000,0.000000000,0.000000000,0.000000000,1.000000000
1403715295.007143021,0.596730000,0.141559000,1.377808000,0.000000000,0.000000000,0.000000000,1.000000000
1403715295.012142897,0.595953000,0.141054000,1.376572000,0.000000000,0.000000000,0.000000000,1.000000000
1403715295.017143011,0.595185000,0.140553000,1.375337000,0.000000000,0.000000000,0.000000000,1.000000000
1403715295.022143126,0.594429000,0.140059000,1.374105000,0.000000000,0.000000000,0.000000000,1.000000000
1403715295.027143002,0.593694000,0.139571000,1.372888000,0.000000000,0.000000000,0.000000000,1.000000000
1403715295.032143116,0.592974000,0.139090000,1.371681000,0.000000000,0.000000000,0.000000000,1.000000000
1403715295.037143230,0.592259000,0.138614000,1.370473000,0.000000000,0.000000000,0.000000000,1.000000000
1403715295.042143345,0.591541000,0.138138000,1.369251000,0.000000000,0.000000000,0.000000000,1.000000000
1403715295.047142982,0.590817000,0.137664000,1.368014000,0.000000000,0.000000000,0.000000000,1.000000000
1403715295.052143097,0.590034000,0.137125000,1.366739000,0.000000000,0.000000000,0.000000000,1.000000000
1403715295.057143211,0.589323000,0.136637000,1.365501000,0.000000000,0.000000000,0.000000000,1.000000000
1403715295.062143087,0.588628000,0.136160000,1.364284000,0.000000000,0.000000000,0.000000000,1.000000000
1403715295.067142963,0.587946000,0.135687000,1.363086000,0.000000000,0.000000000,0.000000000,1.000000000
1403715295.072143078,0.587274000,0.135210000,1.361915000,0.000000000,0.000000000,0.000000000,1.000000000
1403715295.077143192,0.586600000,0.134729000,1.360764000,0.000000000,0.000000000,0.000000000,1.000000000
1403715295.082143068,0.585923000,0.134243000,1.359627000,0.000000000,0.000000000,0.000000000,1.000000000
1403715295.087142944,0.585246000,0.133756000,1.358493000,0.000000000,0.000000000,0.000000000,1.000000000
1403715295.092143297,0.584581000,0.133274000,1.357351000,0.000000000,0.000000000,0.000000000,1.000000000
1403715295.097143173,0.583938000,0.132801000,1.356200000,0.000000000,0.000000000,0.000000000,1.000000000
1403715295.102143049,0.583239000,0.132276000,1.355011000,0.000000000,0.000000000,0.000000000,1.000000000
1403715295.107142925,0.582596000,0.131817000,1.353846000,0.000000000,0.000000000,0.000000000,1.000000000
1403715295.112143278,0.581945000,0.131365000,1.352685000,0.000000000,0.000000000,0.000000000,1.000000000
1403715295.117143154,0.581282000,0.130915000,1.351540000,0.000000000,0.000000000,0.000000000,1.000000000
1403715295.122143030,0.580614000,0.130468000,1.350421000,0.000000000,0.000000000,0.000000000,1.000000000
1403715295.127142906,0.579948000,0.130031000,1.349325000,0.000000000,0.000000000,0.000000000,1.000000000
1403715295.132143259,0.579298000,0.129607000,1.348250000,0.000000000,0.000000000,0.000000000,1.000000000
1403715295.137142897,0.578668000,0.129189000,1.347187000,0.000000000,0.000000000,0.000000000,1.000000000
1403715295.142143011,0.578050000,0.128776000,1.346136000,0.000000000,0.000000000,0.000000000,1.000000000
1403715295.147142887,0.577433000,0.128369000,1.345101000,0.000000000,0.000000000,0.000000000,1.000000000
1403715295.152143240,0.576751000,0.127881000,1.344036000,0.000000000,0.000000000,0.000000000,1.000000000
1403715295.157143116,0.576104000,0.127462000,1.342999000,0.000000000,0.000000000,0.000000000,1.000000000
1403715295.162142992,0.575455000,0.127053000,1.341955000,0.000000000,0.000000000,0.000000000,1.000000000
1403715295.167143345,0.574812000,0.126663000,1.340904000,0.000000000,0.000000000,0.000000000,1.000000000
1403715295.172143221,0.574179000,0.126286000,1.339853000,0.000000000,0.000000000,0.000000000,1.000000000
1403715295.177143097,0.573559000,0.125915000,1.338826000,0.000000000,0.000000000,0.000000000,1.000000000
1403715295.182142973,0.572942000,0.125547000,1.337831000,0.000000000,0.000000000,0.000000000,1.000000000
1403715295.187143326,0.572317000,0.125183000,1.336869000,0.000000000,0.000000000,0.000000000,1.000000000
1403715295.192142963,0.571682000,0.124821000,1.335940000,0.000000000,0.000000000,0.000000000,1.000000000
1403715295.197143078,0.571043000,0.124469000,1.335046000,0.000000000,0.000000000,0.000000000,1.000000000
1403715295.202142954,0.570358000,0.124048000,1.334156000,0.000000000,0.000000000,0.000000000,1.000000000
1403715295.207143307,0.569711000,0.123708000,1.333304000,0.000000000,0.000000000,0.000000000,1.000000000
1403715295.212142944,0.569069000,0.123375000,1.332483000,0.000000000,0.000000000,0.000000000,1.000000000
1403715295.217143059,0.568428000,0.123042000,1.331694000,0.000000000,0.000000000,0.000000000,1.000000000
1403715295.222143173,0.567779000,0.122717000,1.330932000,0.000000000,0.000000000,0.000000000,1.000000000
1403715295.227143288,0.567117000,0.122404000,1.330176000,0.000000000,0.000000000,0.000000000,1.000000000
1403715295.232142925,0.566453000,0.122105000,1.329418000,0.000000000,0.000000000,0.000000000,1.000000000
1403715295.237143040,0.565798000,0.121823000,1.328675000,0.000000000,0.000000000,0.000000000,1.000000000
1403715295.242143154,0.565147000,0.121557000,1.327958000,0.000000000,0.000000000,0.000000000,1.000000000
1403715295.247143030,0.564486000,0.121307000,1.327266000,0.000000000,0.000000000,0.000000000,1.000000000
1403715295.252142906,0.563765000,0.120968000,1.326573000,0.000000000,0.000000000,0.000000000,1.000000000
1403715295.257143021,0.563084000,0.120705000,1.325938000,0.000000000,0.000000000,0.000000000,1.000000000
1403715295.262143135,0.562405000,0.120439000,1.325349000,0.000000000,0.000000000,0.000000000,1.000000000
1403715295.267143011,0.561730000,0.120172000,1.324813000,0.000000000,0.000000000,0.000000000,1.000000000
1403715295.272142887,0.561055000,0.119907000,1.324342000,0.000000000,0.000000000,0.000000000,1.000000000
1403715295.277143240,0.560380000,0.119649000,1.323921000,0.000000000,0.000000000,0.000000000,1.000000000
1403715295.282143354,0.559711000,0.119403000,1.323538000,0.000000000,0.000000000,0.000000000,1.000000000
1403715295.287142992,0.559045000,0.119161000,1.323193000,0.000000000,0.000000000,0.000000000,1.000000000
1403715295.292143106,0.558378000,0.118918000,1.322885000,0.000000000,0.000000000,0.000000000,1.000000000
1403715295.297143221,0.557711000,0.118677000,1.322617000,0.000000000,0.000000000,0.000000000,1.000000000
1403715295.302143097,0.556998000,0.118341000,1.322355000,0.000000000,0.000000000,0.000000000,1.000000000
1403715295.307142973,0.556323000,0.118093000,1.322132000,0.000000000,0.000000000,0.000000000,1.000000000
1403715295.312143087,0.555651000,0.117863000,1.321927000,0.000000000,0.000000000,0.000000000,1.000000000
1403715295.317143202,0.554982000,0.117649000,1.321747000,0.000000000,0.000000000,0.000000000,1.000000000
1403715295.322143078,0.554303000,0.117451000,1.321593000,0.000000000,0.000000000,0.000000000,1.000000000
1403715295.327142954,0.553614000,0.117264000,1.321456000,0.000000000,0.000000000,0.000000000,1.000000000
1403715295.332143307,0.552915000,0.117084000,1.321348000,0.000000000,0.000000000,0.000000000,1.000000000
1403715295.337143183,0.552213000,0.116911000,1.321278000,0.000000000,0.000000000,0.000000000,1.000000000
1403715295.342143059,0.551521000,0.116747000,1.321243000,0.000000000,0.000000000,0.000000000,1.000000000
1403715295.347142935,0.550844000,0.116596000,1.321237000,0.000000000,0.000000000,0.000000000,1.000000000
1403715295.352143288,0.550131000,0.116348000,1.321250000,0.000000000,0.000000000,0.000000000,1.000000000
1403715295.357143164,0.549450000,0.116190000,1.321304000,0.000000000,0.000000000,0.000000000,1.000000000
1403715295.362143040,0.548758000,0.116033000,1.321377000,0.000000000,0.000000000,0.000000000,1.000000000
1403715295.367142916,0.548051000,0.115875000,1.321471000,0.000000000,0.000000000,0.000000000,1.000000000
1403715295.372143269,0.547329000,0.115722000,1.321584000,0.000000000,0.000000000,0.000000000,1.000000000
1403715295.377142906,0.546595000,0.115585000,1.321722000,0.000000000,0.000000000,0.000000000,1.000000000
1403715295.382143021,0.545857000,0.115470000,1.321884000,0.000000000,0.000000000,0.000000000,1.000000000
1403715295.387142897,0.545128000,0.115360000,1.322066000,0.000000000,0.000000000,0.000000000,1.000000000
1403715295.392143250,0.544407000,0.115244000,1.322290000,0.000000000,0.000000000,0.000000000,1.000000000
1403715295.397142887,0.543694000,0.115122000,1.322555000,0.000000000,0.000000000,0.000000000,1.000000000
1403715295.402143002,0.542942000,0.114878000,1.322848000,0.000000000,0.000000000,0.000000000,1.000000000
1403715295.407143354,0.542221000,0.114721000,1.323207000,0.000000000,0.000000000,0.000000000,1.000000000
1403715295.412143230,0.541503000,0.114570000,1.323604000,0.000000000,0.000000000,0.000000000,1.000000000
1403715295.417143106,0.540792000,0.114427000,1.324031000,0.000000000,0.000000000,0.000000000,1.000000000
1403715295.422142982,0.540089000,0.114290000,1.324485000,0.000000000,0.000000000,0.000000000,1.000000000
1403715295.427143335,0.539390000,0.114159000,1.324972000,0.000000000,0.000000000,0.000000000,1.000000000
1403715295.432142973,0.538691000,0.114036000,1.325480000,0.000000000,0.000000000,0.000000000,1.000000000
1403715295.437143087,0.537984000,0.113922000,1.326000000,0.000000000,0.000000000,0.000000000,1.000000000
1403715295.442142963,0.537263000,0.113818000,1.326531000,0.000000000,0.000000000,0.000000000,1.000000000
1403715295.447143316,0.536537000,0.113722000,1.327079000,0.000000000,0.000000000,0.000000000,1.000000000
1403715295.452142954,0.535770000,0.113515000,1.327639000,0.000000000,0.000000000,0.000000000,1.000000000
1403715295.457143068,0.535052000,0.113401000,1.328211000,0.000000000,0.000000000,0.000000000,1.000000000
1403715295.462142944,0.534337000,0.113294000,1.328791000,0.000000000,0.000000000,0.000000000,1.000000000
1403715295.467143297,0.533625000,0.113187000,1.329375000,0.000000000,0.000000000,0.000000000,1.000000000
1403715295.472142935,0.532916000,0.113077000,1.329963000,0.000000000,0.000000000,0.000000000,1.000000000
1403715295.477143049,0.532204000,0.112968000,1.330544000,0.000000000,0.000000000,0.000000000,1.000000000
1403715295.482143164,0.531488000,0.112862000,1.331110000,0.000000000,0.000000000,0.000000000,1.000000000
1403715295.487143040,0.530771000,0.112762000,1.331655000,0.000000000,0.000000000,0.000000000,1.000000000
1403715295.492142916,0.530051000,0.112669000,1.332182000,0.000000000,0.000000000,0.000000000,1.000000000
1403715295.497143030,0.529327000,0.112583000,1.332701000,0.000000000,0.000000000,0.000000000,1.000000000
1403715295.502143145,0.528540000,0.112382000,1.333222000,0.000000000,0.000000000,0.000000000,1.000000000
1403715295.507143021,0.527797000,0.112279000,1.333724000,0.000000000,0.000000000,0.000000000,1.000000000
1403715295.512142897,0.527050000,0.112172000,1.334213000,0.000000000,0.000000000,0.000000000,1.000000000
1403715295.517143011,0.526301000,0.112060000,1.334685000,0.000000000,0.000000000,0.000000000,1.000000000
1403715295.522143126,0.525552000,0.111945000,1.335125000,0.000000000,0.000000000,0.000000000,1.000000000
1403715295.527143002,0.524806000,0.111831000,1.335524000,0.000000000,0.000000000,0.000000000,1.000000000
1403715295.532143116,0.524067000,0.111718000,1.335880000,0.000000000,0.000000000,0.000000000,1.000000000
1403715295.537143230,0.523328000,0.111610000,1.336190000,0.000000000,0.000000000,0.000000000,1.000000000
1403715295.542143345,0.522579000,0.111508000,1.336450000,0.000000000,0.000000000,0.000000000,1.000000000
1403715295.547142982,0.521814000,0.111408000,1.336661000,0.000000000,0.000000000,0.000000000,1.000000000
1403715295.552143097,0.520979000,0.111174000,1.336827000,0.000000000,0.000000000,0.000000000,1.000000000
1403715295.557143211,0.520192000,0.111052000,1.336961000,0.000000000,0.000000000,0.000000000,1.000000000
1403715295.562143087,0.519409000,0.110940000,1.337063000,0.000000000,0.000000000,0.000000000,1.000000000
1403715295.567142963,0.518632000,0.110841000,1.337135000,0.000000000,0.000000000,0.000000000,1.000000000
1403715295.572143078,0.517860000,0.110751000,1.337176000,0.000000000,0.000000000,0.000000000,1.000000000
1403715295.577143192,0.517088000,0.110661000,1.337182000,0.000000000,0.000000000,0.000000000,1.000000000
1403715295.582143068,0.516311000,0.110571000,1.337157000,0.000000000,0.000000000,0.000000000,1.000000000
1403715295.587142944,0.515526000,0.110482000,1.337100000,0.000000000,0.000000000,0.000000000,1.000000000
1403715295.592143297,0.514738000,0.110400000,1.337003000,0.000000000,0.000000000,0.000000000,1.000000000
1403715295.597143173,0.513958000,0.110326000,1.336875000,0.000000000,0.000000000,0.000000000,1.000000000
1403715295.602143049,0.513133000,0.110124000,1.336720000,0.000000000,0.000000000,0.000000000,1.000000000
1403715295.607142925,0.512354000,0.110041000,1.336514000,0.000000000,0.000000000,0.000000000,1.000000000
1403715295.612143278,0.511571000,0.109958000,1.336270000,0.000000000,0.000000000,0.000000000,1.000000000
1403715295.617143154,0.510781000,0.109869000,1.335988000,0.000000000,0.000000000,0.000000000,1.000000000
1403715295.622143030,0.509984000,0.109778000,1.335677000,0.000000000,0.000000000,0.000000000,1.000000000
1403715295.627142906,0.509183000,0.109685000,1.335340000,0.000000000,0.000000000,0.000000000,1.000000000
1403715295.632143259,0.508384000,0.109603000,1.334975000,0.000000000,0.000000000,0.000000000,1.000000000
1403715295.637142897,0.507591000,0.109540000,1.334580000,0.000000000,0.000000000,0.000000000,1.000000000
1403715295.642143011,0.506809000,0.109496000,1.334151000,0.000000000,0.000000000,0.000000000,1.000000000
1403715295.647142887,0.506031000,0.109466000,1.333674000,0.000000000,0.000000000,0.000000000,1.000000000
1403715295.652143240,0.505182000,0.109292000,1.333160000,0.000000000,0.000000000,0.000000000,1.000000000
1403715295.657143116,0.504370000,0.109230000,1.332603000,0.000000000,0.000000000,0.000000000,1.000000000
1403715295.662142992,0.503547000,0.109162000,1.331998000,0.000000000,0.000000000,0.000000000,1.000000000
1403715295.667143345,0.502723000,0.109098000,1.331358000,0.000000000,0.000000000,0.000000000,1.000000000
1403715295.672143221,0.501907000,0.109052000,1.330697000,0.000000000,0.000000000,0.000000000,1.000000000
1403715295.677143097,0.501103000,0.109027000,1.330015000,0.000000000,0.000000000,0.000000000,1.000000000
1403715295.682142973,0.500317000,0.109018000,1.329318000,0.000000000,0.000000000,0.000000000,1.000000000
1403715295.687143326,0.499540000,0.109014000,1.328603000,0.000000000,0.000000000,0.000000000,1.000000000
1403715295.692142963,0.498759000,0.109008000,1.327867000,0.000000000,0.000000000,0.000000000,1.000000000
1403715295.697143078,0.497975000,0.108999000,1.327101000,0.000000000,0.000000000,0.000000000,1.000000000
1403715295.702142954,0.497140000,0.108832000,1.326284000,0.000000000,0.000000000,0.000000000,1.000000000
1403715295.707143307,0.496354000,0.108796000,1.325468000,0.000000000,0.000000000,0.000000000,1.000000000
1403715295.712142944,0.495574000,0.108780000,1.324631000,0.000000000,0.000000000,0.000000000,1.000000000
1403715295.717143059,0.494802000,0.108787000,1.323774000,0.000000000,0.000000000,0.000000000,1.000000000
1403715295.722143173,0.494034000,0.108810000,1.322906000,0.000000000,0.000000000,0.000000000,1.000000000
1403715295.727143288,0.493262000,0.108836000,1.322027000,0.000000000,0.000000000,0.000000000,1.000000000
1403715295.732142925,0.492485000,0.108860000,1.321132000,0.000000000,0.000000000,0.000000000,1.000000000
1403715295.737143040,0.491704000,0.108889000,1.320224000,0.000000000,0.000000000,0.000000000,1.000000000
1403715295.742143154,0.490922000,0.108932000,1.319304000,0.000000000,0.000000000,0.000000000,1.000000000
1403715295.747143030,0.490154000,0.108993000,1.318368000,0.000000000,0.000000000,0.000000000,1.000000000
1403715295.752142906,0.489352000,0.108912000,1.317370000,0.000000000,0.000000000,0.000000000,1.000000000
1403715295.757143021,0.488594000,0.108987000,1.316386000,0.000000000,0.000000000,0.000000000,1.000000000
1403715295.762143135,0.487829000,0.109074000,1.315371000,0.000000000,0.000000000,0.000000000,1.000000000
1403715295.767143011,0.487053000,0.109159000,1.314332000,0.000000000,0.000000000,0.000000000,1.000000000
1403715295.772142887,0.486266000,0.109244000,1.313279000,0.000000000,0.000000000,0.000000000,1.000000000
1403715295.777143240,0.485476000,0.109342000,1.312208000,0.000000000,0.000000000,0.000000000,1.000000000
1403715295.782143354,0.484691000,0.109458000,1.311125000,0.000000000,0.000000000,0.000000000,1.000000000
1403715295.787142992,0.483915000,0.109599000,1.310052000,0.000000000,0.000000000,0.000000000,1.000000000
1403715295.792143106,0.483148000,0.109758000,1.308992000,0.000000000,0.000000000,0.000000000,1.000000000
1403715295.797143221,0.482382000,0.109926000,1.307945000,0.000000000,0.000000000,0.000000000,1.000000000
1403715295.802143097,0.481563000,0.109919000,1.306865000,0.000000000,0.000000000,0.000000000,1.000000000
1403715295.807142973,0.480786000,0.110050000,1.305829000,0.000000000,0.000000000,0.000000000,1.000000000
1403715295.812143087,0.480006000,0.110184000,1.304807000,0.000000000,0.000000000,0.000000000,1.000000000
1403715295.817143202,0.479229000,0.110325000,1.303779000,0.000000000,0.000000000,0.000000000,1.000000000
1403715295.822143078,0.478461000,0.110478000,1.302745000,0.000000000,0.000000000,0.000000000,1.000000000
1403715295.827142954,0.477703000,0.110650000,1.301699000,0.000000000,0.000000000,0.000000000,1.000000000
1403715295.832143307,0.476948000,0.110836000,1.300642000,0.000000000,0.000000000,0.000000000,1.000000000
1403715295.837143183,0.476182000,0.111028000,1.299578000,0.000000000,0.000000000,0.000000000,1.000000000
1403715295.842143059,0.475395000,0.111228000,1.298511000,0.000000000,0.000000000,0.000000000,1.000000000
1403715295.847142935,0.474591000,0.111434000,1.297439000,0.000000000,0.000000000,0.000000000,1.000000000
1403715295.852143288,0.473730000,0.111480000,1.296290000,0.000000000,0.000000000,0.000000000,1.000000000
1403715295.857143164,0.472914000,0.111667000,1.295197000,0.000000000,0.000000000,0.000000000,1.000000000
1403715295.862143040,0.472099000,0.111863000,1.294089000,0.000000000,0.000000000,0.000000000,1.000000000
1403715295.867142916,0.471282000,0.112074000,1.292967000,0.000000000,0.000000000,0.000000000,1.000000000
1403715295.872143269,0.470461000,0.112301000,1.291839000,0.000000000,0.000000000,0.000000000,1.000000000
1403715295.877142906,0.469631000,0.112535000,1.290700000,0.000000000,0.000000000,0.000000000,1.000000000
1403715295.882143021,0.468791000,0.112771000,1.289555000,0.000000000,0.000000000,0.000000000,1.000000000
1403715295.887142897,0.467946000,0.113015000,1.288403000,0.000000000,0.000000000,0.000000000,1.000000000
1403715295.892143250,0.467099000,0.113273000,1.287242000,0.000000000,0.000000000,0.000000000,1.000000000
1403715295.897142887,0.466253000,0.113544000,1.286087000,0.000000000,0.000000000,0.000000000,1.000000000
1403715295.902143002,0.465360000,0.113665000,1.284866000,0.000000000,0.000000000,0.000000000,1.000000000
1403715295.907143354,0.464499000,0.113933000,1.283720000,0.000000000,0.000000000,0.000000000,1.000000000
1403715295.912143230,0.463635000,0.114203000,1.282581000,0.000000000,0.000000000,0.000000000,1.000000000
1403715295.917143106,0.462765000,0.114471000,1.281449000,0.000000000,0.000000000,0.000000000,1.000000000
1403715295.922142982,0.461894000,0.114738000,1.280317000,0.000000000,0.000000000,0.000000000,1.000000000
1403715295.927143335,0.461021000,0.115003000,1.279174000,0.000000000,0.000000000,0.000000000,1.000000000
1403715295.932142973,0.460140000,0.115274000,1.278017000,0.000000000,0.000000000,0.000000000,1.000000000
1403715295.937143087,0.459252000,0.115553000,1.276844000,0.000000000,0.000000000,0.000000000,1.000000000
1403715295.942142963,0.458362000,0.115836000,1.275650000,0.000000000,0.000000000,0.000000000,1.000000000
1403715295.947143316,0.457468000,0.116127000,1.274440000,0.000000000,0.000000000,0.000000000,1.000000000
1403715295.952142954,0.456521000,0.116262000,1.273147000,0.000000000,0.000000000,0.000000000,1.000000000
1403715295.957143068,0.455598000,0.116536000,1.271906000,0.000000000,0.000000000,0.000000000,1.000000000
1403715295.962142944,0.454663000,0.116816000,1.270647000,0.000000000,0.000000000,0.000000000,1.000000000
1403715295.967143297,0.453718000,0.117101000,1.269374000,0.000000000,0.000000000,0.000000000,1.000000000
1403715295.972142935,0.452761000,0.117397000,1.268087000,0.000000000,0.000000000,0.000000000,1.000000000
1403715295.977143049,0.451793000,0.117708000,1.266784000,0.000000000,0.000000000,0.000000000,1.000000000
1403715295.982143164,0.450816000,0.118029000,1.265468000,0.000000000,0.000000000,0.000000000,1.000000000
1403715295.987143040,0.449824000,0.118350000,1.264140000,0.000000000,0.000000000,0.000000000,1.000000000
1403715295.992142916,0.448816000,0.118666000,1.262801000,0.000000000,0.000000000,0.000000000,1.000000000
1403715295.997143030,0.447799000,0.118983000,1.261450000,0.000000000,0.000000000,0.000000000,1.000000000
1403715296.002143145,0.446732000,0.119154000,1.260019000,0.000000000,0.000000000,0.000000000,1.000000000
1403715296.007143021,0.445702000,0.119467000,1.258638000,0.000000000,0.000000000,0.000000000,1.000000000
1403715296.012142897,0.444666000,0.119791000,1.257237000,0.000000000,0.000000000,0.000000000,1.000000000
1403715296.017143011,0.443619000,0.120115000,1.255828000,0.000000000,0.000000000,0.000000000,1.000000000
1403715296.022143126,0.442560000,0.120434000,1.254418000,0.000000000,0.000000000,0.000000000,1.000000000
1403715296.027143002,0.441489000,0.120750000,1.253007000,0.000000000,0.000000000,0.000000000,1.000000000
1403715296.032143116,0.440407000,0.121067000,1.251592000,0.000000000,0.000000000,0.000000000,1.000000000
1403715296.037143230,0.439317000,0.121391000,1.250180000,0.000000000,0.000000000,0.000000000,1.000000000
1403715296.042143345,0.438216000,0.121722000,1.248770000,0.000000000,0.000000000,0.000000000,1.000000000
1403715296.047142982,0.437102000,0.122060000,1.247344000,0.000000000,0.000000000,0.000000000,1.000000000
1403715296.052143097,0.435923000,0.122248000,1.245825000,0.000000000,0.000000000,0.000000000,1.000000000
1403715296.057143211,0.434772000,0.122555000,1.244333000,0.000000000,0.000000000,0.000000000,1.000000000
1403715296.062143087,0.433608000,0.122869000,1.242824000,0.000000000,0.000000000,0.000000000,1.000000000
1403715296.067142963,0.432434000,0.123190000,1.241306000,0.000000000,0.000000000,0.000000000,1.000000000
1403715296.072143078,0.431259000,0.123522000,1.239785000,0.000000000,0.000000000,0.000000000,1.000000000
1403715296.077143192,0.430088000,0.123857000,1.238271000,0.000000000,0.000000000,0.000000000,1.000000000
1403715296.082143068,0.428913000,0.124187000,1.236758000,0.000000000,0.000000000,0.000000000,1.000000000
1403715296.087142944,0.427734000,0.124515000,1.235250000,0.000000000,0.000000000,0.000000000,1.000000000
1403715296.092143297,0.426554000,0.124846000,1.233743000,0.000000000,0.000000000,0.000000000,1.000000000
1403715296.097143173,0.425367000,0.125178000,1.232229000,0.000000000,0.000000000,0.000000000,1.000000000
1403715296.102143049,0.424130000,0.125379000,1.230677000,0.000000000,0.000000000,0.000000000,1.000000000
1403715296.107142925,0.422909000,0.125678000,1.229141000,0.000000000,0.000000000,0.000000000,1.000000000
1403715296.112143278,0.421684000,0.125977000,1.227585000,0.000000000,0.000000000,0.000000000,1.000000000
1403715296.117143154,0.420457000,0.126280000,1.226011000,0.000000000,0.000000000,0.000000000,1.000000000
1403715296.122143030,0.419220000,0.126592000,1.224427000,0.000000000,0.000000000,0.000000000,1.000000000
1403715296.127142906,0.417967000,0.126916000,1.222839000,0.000000000,0.000000000,0.000000000,1.000000000
1403715296.132143259,0.416701000,0.127244000,1.221254000,0.000000000,0.000000000,0.000000000,1.000000000
1403715296.137142897,0.415420000,0.127563000,1.219673000,0.000000000,0.000000000,0.000000000,1.000000000
1403715296.142143011,0.414130000,0.127875000,1.218087000,0.000000000,0.000000000,0.000000000,1.000000000
1403715296.147142887,0.412847000,0.128188000,1.216502000,0.000000000,0.000000000,0.000000000,1.000000000
1403715296.152143240,0.411535000,0.128394000,1.214885000,0.000000000,0.000000000,0.000000000,1.000000000
1403715296.157143116,0.410252000,0.128698000,1.213301000,0.000000000,0.000000000,0.000000000,1.000000000
1403715296.162142992,0.408964000,0.128991000,1.211725000,0.000000000,0.000000000,0.000000000,1.000000000
1403715296.167143345,0.407668000,0.129265000,1.210152000,0.000000000,0.000000000,0.000000000,1.000000000
1403715296.172143221,0.406360000,0.129525000,1.208571000,0.000000000,0.000000000,0.000000000,1.000000000
1403715296.177143097,0.405043000,0.129781000,1.206980000,0.000000000,0.000000000,0.000000000,1.000000000
1403715296.182142973,0.403725000,0.130043000,1.205383000,0.000000000,0.000000000,0.000000000,1.000000000
1403715296.187143326,0.402405000,0.130319000,1.203768000,0.000000000,0.000000000,0.000000000,1.000000000
1403715296.192142963,0.401072000,0.130601000,1.202133000,0.000000000,0.000000000,0.000000000,1.000000000
1403715296.197143078,0.399721000,0.130873000,1.200487000,0.000000000,0.000000000,0.000000000,1.000000000
1403715296.202142954,0.398321000,0.131013000,1.198811000,0.000000000,0.000000000,0.000000000,1.000000000
1403715296.207143307,0.396938000,0.131234000,1.197166000,0.000000000,0.000000000,0.000000000,1.000000000
1403715296.212142944,0.395549000,0.131447000,1.195520000,0.000000000,0.000000000,0.000000000,1.000000000
1403715296.217143059,0.394160000,0.131651000,1.193864000,0.000000000,0.000000000,0.000000000,1.000000000
1403715296.222143173,0.392771000,0.131850000,1.192202000,0.000000000,0.000000000,0.000000000,1.000000000
1403715296.227143288,0.391380000,0.132044000,1.190543000,0.000000000,0.000000000,0.000000000,1.000000000
1403715296.232142925,0.389987000,0.132234000,1.188889000,0.000000000,0.000000000,0.000000000,1.000000000
1403715296.237143040,0.388602000,0.132420000,1.187243000,0.000000000,0.000000000,0.000000000,1.000000000
1403715296.242143154,0.387220000,0.132600000,1.185607000,0.000000000,0.000000000,0.000000000,1.000000000
1403715296.247143030,0.385832000,0.132773000,1.183970000,0.000000000,0.000000000,0.000000000,1.000000000
1403715296.252142906,0.384417000,0.132842000,1.182315000,0.000000000,0.000000000,0.000000000,1.000000000
1403715296.257143021,0.383016000,0.132978000,1.180677000,0.000000000,0.000000000,0.000000000,1.000000000
1403715296.262143135,0.381617000,0.133110000,1.179048000,0.000000000,0.000000000,0.000000000,1.000000000
1403715296.267143011,0.380218000,0.133243000,1.177421000,0.000000000,0.000000000,0.000000000,1.000000000
1403715296.272142887,0.378821000,0.133373000,1.175795000,0.000000000,0.000000000,0.000000000,1.000000000
1403715296.277143240,0.377419000,0.133494000,1.174179000,0.000000000,0.000000000,0.000000000,1.000000000
1403715296.282143354,0.376011000,0.133597000,1.172567000,0.000000000,0.000000000,0.000000000,1.000000000
1403715296.287142992,0.374596000,0.133680000,1.170962000,0.000000000,0.000000000,0.000000000,1.000000000
1403715296.292143106,0.373173000,0.133752000,1.169370000,0.000000000,0.000000000,0.000000000,1.000000000
1403715296.297143221,0.371748000,0.133819000,1.167798000,0.000000000,0.000000000,0.000000000,1.000000000
1403715296.302143097,0.370310000,0.133795000,1.166260000,0.000000000,0.000000000,0.000000000,1.000000000
1403715296.307142973,0.368889000,0.133830000,1.164734000,0.000000000,0.000000000,0.000000000,1.000000000
1403715296.312143087,0.367476000,0.133856000,1.163237000,0.000000000,0.000000000,0.000000000,1.000000000
1403715296.317143202,0.366060000,0.133873000,1.161768000,0.000000000,0.000000000,0.000000000,1.000000000
1403715296.322143078,0.364635000,0.133883000,1.160317000,0.000000000,0.000000000,0.000000000,1.000000000
1403715296.327142954,0.363198000,0.133882000,1.158890000,0.000000000,0.000000000,0.000000000,1.000000000
1403715296.332143307,0.361753000,0.133873000,1.157496000,0.000000000,0.000000000,0.000000000,1.000000000
1403715296.337143183,0.360299000,0.133861000,1.156141000,0.000000000,0.000000000,0.000000000,1.000000000
1403715296.342143059,0.358848000,0.133845000,1.154823000,0.000000000,0.000000000,0.000000000,1.000000000
1403715296.347142935,0.357410000,0.133820000,1.153541000,0.000000000,0.000000000,0.000000000,1.000000000
1403715296.352143288,0.355969000,0.133698000,1.152326000,0.000000000,0.000000000,0.000000000,1.000000000
1403715296.357143164,0.354539000,0.133619000,1.151104000,0.000000000,0.000000000,0.000000000,1.000000000
1403715296.362143040,0.353115000,0.133520000,1.149906000,0.000000000,0.000000000,0.000000000,1.000000000
1403715296.367142916,0.351698000,0.133405000,1.148735000,0.000000000,0.000000000,0.000000000,1.000000000
1403715296.372143269,0.350296000,0.133290000,1.147595000,0.000000000,0.000000000,0.000000000,1.000000000
1403715296.377142906,0.348906000,0.133178000,1.146493000,0.000000000,0.000000000,0.000000000,1.000000000
1403715296.382143021,0.347523000,0.133062000,1.145429000,0.000000000,0.000000000,0.000000000,1.000000000
1403715296.387142897,0.346140000,0.132936000,1.144398000,0.000000000,0.000000000,0.000000000,1.000000000
1403715296.392143250,0.344761000,0.132786000,1.143386000,0.000000000,0.000000000,0.000000000,1.000000000
1403715296.397142887,0.343392000,0.132611000,1.142400000,0.000000000,0.000000000,0.000000000,1.000000000
1403715296.402143002,0.342035000,0.132351000,1.141482000,0.000000000,0.000000000,0.000000000,1.000000000
1403715296.407143354,0.340694000,0.132131000,1.140550000,0.000000000,0.000000000,0.000000000,1.000000000
1403715296.412143230,0.339374000,0.131892000,1.139647000,0.000000000,0.000000000,0.000000000,1.000000000
1403715296.417143106,0.338066000,0.131634000,1.138783000,0.000000000,0.000000000,0.000000000,1.000000000
1403715296.422142982,0.336764000,0.131361000,1.137962000,0.000000000,0.000000000,0.000000000,1.000000000
1403715296.427143335,0.335460000,0.131074000,1.137168000,0.000000000,0.000000000,0.000000000,1.000000000
1403715296.432142973,0.334161000,0.130776000,1.136397000,0.000000000,0.000000000,0.000000000,1.000000000
1403715296.437143087,0.332868000,0.130464000,1.135654000,0.000000000,0.000000000,0.000000000,1.000000000
1403715296.442142963,0.331580000,0.130136000,1.134934000,0.000000000,0.000000000,0.000000000,1.000000000
1403715296.447143316,0.330300000,0.129792000,1.134224000,0.000000000,0.000000000,0.000000000,1.000000000
1403715296.452142954,0.329035000,0.129372000,1.133569000,0.000000000,0.000000000,0.000000000,1.000000000
1403715296.457143068,0.327772000,0.129000000,1.132895000,0.000000000,0.000000000,0.000000000,1.000000000
1403715296.462142944,0.326512000,0.128619000,1.132251000,0.000000000,0.000000000,0.000000000,1.000000000
1403715296.467143297,0.325257000,0.128220000,1.131633000,0.000000000,0.000000000,0.000000000,1.000000000
1403715296.472142935,0.324005000,0.127797000,1.131035000,0.000000000,0.000000000,0.000000000,1.000000000
1403715296.477143049,0.322748000,0.127358000,1.130462000,0.000000000,0.000000000,0.000000000,1.000000000
1403715296.482143164,0.321493000,0.126912000,1.129906000,0.000000000,0.000000000,0.000000000,1.000000000
1403715296.487143040,0.320245000,0.126456000,1.129370000,0.000000000,0.000000000,0.000000000,1.000000000
1403715296.492142916,0.318999000,0.125987000,1.128865000,0.000000000,0.000000000,0.000000000,1.000000000
1403715296.497143030,0.317749000,0.125497000,1.128376000,0.000000000,0.000000000,0.000000000,1.000000000
1403715296.502143145,0.316515000,0.124911000,1.127935000,0.000000000,0.000000000,0.000000000,1.000000000
1403715296.507143021,0.315289000,0.124344000,1.127455000,0.000000000,0.000000000,0.000000000,1.000000000
1403715296.512142897,0.314080000,0.123760000,1.126984000,0.000000000,0.000000000,0.000000000,1.000000000
1403715296.517143011,0.312886000,0.123167000,1.126544000,0.000000000,0.000000000,0.000000000,1.000000000
1403715296.522143126,0.311704000,0.122568000,1.126143000,0.000000000,0.000000000,0.000000000,1.000000000
1403715296.527143002,0.310530000,0.121955000,1.125778000,0.000000000,0.000000000,0.000000000,1.000000000
1403715296.532143116,0.309362000,0.121320000,1.125452000,0.000000000,0.000000000,0.000000000,1.000000000
1403715296.537143230,0.308197000,0.120660000,1.125172000,0.000000000,0.000000000,0.000000000,1.000000000
1403715296.542143345,0.307028000,0.119979000,1.124942000,0.000000000,0.000000000,0.000000000,1.000000000
1403715296.547142982,0.305854000,0.119282000,1.124762000,0.000000000,0.000000000,0.000000000,1.000000000
1403715296.552143097,0.304696000,0.118532000,1.124674000,0.000000000,0.000000000,0.000000000,1.000000000
1403715296.557143211,0.303525000,0.117806000,1.124566000,0.000000000,0.000000000,0.000000000,1.000000000
1403715296.562143087,0.302349000,0.117065000,1.124460000,0.000000000,0.000000000,0.000000000,1.000000000
1403715296.567142963,0.301173000,0.116309000,1.124355000,0.000000000,0.000000000,0.000000000,1.000000000
1403715296.572143078,0.300001000,0.115534000,1.124265000,0.000000000,0.000000000,0.000000000,1.000000000
1403715296.577143192,0.298834000,0.114736000,1.124198000,0.000000000,0.000000000,0.000000000,1.000000000
1403715296.582143068,0.297672000,0.113918000,1.124161000,0.000000000,0.000000000,0.000000000,1.000000000
1403715296.587142944,0.296517000,0.113087000,1.124160000,0.000000000,0.000000000,0.000000000,1.000000000
1403715296.592143297,0.295371000,0.112248000,1.124199000,0.000000000,0.000000000,0.000000000,1.000000000
1403715296.597143173,0.294240000,0.111399000,1.124279000,0.000000000,0.000000000,0.000000000,1.000000000
1403715296.602143049,0.293140000,0.110487000,1.124437000,0.000000000,0.000000000,0.000000000,1.000000000
1403715296.607142925,0.292027000,0.109596000,1.124587000,0.000000000,0.000000000,0.000000000,1.000000000
1403715296.612143278,0.290929000,0.108683000,1.124760000,0.000000000,0.000000000,0.000000000,1.000000000
1403715296.617143154,0.289843000,0.107754000,1.124959000,0.000000000,0.000000000,0.000000000,1.000000000
1403715296.622143030,0.288769000,0.106820000,1.125164000,0.000000000,0.000000000,0.000000000,1.000000000
1403715296.627142906,0.287702000,0.105881000,1.125357000,0.000000000,0.000000000,0.000000000,1.000000000
1403715296.632143259,0.286631000,0.104934000,1.125530000,0.000000000,0.000000000,0.000000000,1.000000000
1403715296.637142897,0.285555000,0.103980000,1.125693000,0.000000000,0.000000000,0.000000000,1.000000000
1403715296.642143011,0.284474000,0.103015000,1.125861000,0.000000000,0.000000000,0.000000000,1.000000000
1403715296.647142887,0.283398000,0.102035000,1.126017000,0.000000000,0.000000000,0.000000000,1.000000000
1403715296.652143240,0.282346000,0.100993000,1.126194000,0.000000000,0.000000000,0.000000000,1.000000000
1403715296.657143116,0.281292000,0.099973000,1.126353000,0.000000000,0.000000000,0.000000000,1.000000000
1403715296.662142992,0.280252000,0.098948000,1.126514000,0.000000000,0.000000000,0.000000000,1.000000000
1403715296.667143345,0.279220000,0.097915000,1.126670000,0.000000000,0.000000000,0.000000000,1.000000000
1403715296.672143221,0.278198000,0.096861000,1.126811000,0.000000000,0.000000000,0.000000000,1.000000000
1403715296.677143097,0.277180000,0.095785000,1.126942000,0.000000000,0.000000000,0.000000000,1.000000000
1403715296.682142973,0.276165000,0.094694000,1.127083000,0.000000000,0.000000000,0.000000000,1.000000000
1403715296.687143326,0.275156000,0.093600000,1.127230000,0.000000000,0.000000000,0.000000000,1.000000000
1403715296.692142963,0.274163000,0.092504000,1.127371000,0.000000000,0.000000000,0.000000000,1.000000000
1403715296.697143078,0.273197000,0.091405000,1.127519000,0.000000000,0.000000000,0.000000000,1.000000000
1403715296.702142954,0.272251000,0.090255000,1.127705000,0.000000000,0.000000000,0.000000000,1.000000000
1403715296.707143307,0.271297000,0.089121000,1.127874000,0.000000000,0.000000000,0.000000000,1.000000000
1403715296.712142944,0.270345000,0.087967000,1.128038000,0.000000000,0.000000000,0.000000000,1.000000000
1403715296.717143059,0.269404000,0.086791000,1.128190000,0.000000000,0.000000000,0.000000000,1.000000000
1403715296.722143173,0.268473000,0.085605000,1.128330000,0.000000000,0.000000000,0.000000000,1.000000000
1403715296.727143288,0.267546000,0.084420000,1.128467000,0.000000000,0.000000000,0.000000000,1.000000000
1403715296.732142925,0.266627000,0.083239000,1.128602000,0.000000000,0.000000000,0.000000000,1.000000000
1403715296.737143040,0.265720000,0.082057000,1.128748000,0.000000000,0.000000000,0.000000000,1.000000000
1403715296.742143154,0.264823000,0.080867000,1.128915000,0.000000000,0.000000000,0.000000000,1.000000000
1403715296.747143030,0.263938000,0.079665000,1.129103000,0.000000000,0.000000000,0.000000000,1.000000000
1403715296.752142906,0.263060000,0.078401000,1.129329000,0.000000000,0.000000000,0.000000000,1.000000000
1403715296.757143021,0.262186000,0.077153000,1.129528000,0.000000000,0.000000000,0.000000000,1.000000000
1403715296.762143135,0.261325000,0.075896000,1.129708000,0.000000000,0.000000000,0.000000000,1.000000000
1403715296.767143011,0.260480000,0.074635000,1.129864000,0.000000000,0.000000000,0.000000000,1.000000000
1403715296.772142887,0.259653000,0.073381000,1.130008000,0.000000000,0.000000000,0.000000000,1.000000000
1403715296.777143240,0.258836000,0.072128000,1.130146000,0.000000000,0.000000000,0.000000000,1.000000000
1403715296.782143354,0.258015000,0.070873000,1.130257000,0.000000000,0.000000000,0.000000000,1.000000000
1403715296.787142992,0.257182000,0.069611000,1.130347000,0.000000000,0.000000000,0.000000000,1.000000000
1403715296.792143106,0.256341000,0.068340000,1.130436000,0.000000000,0.000000000,0.000000000,1.000000000
1403715296.797143221,0.255504000,0.067067000,1.130538000,0.000000000,0.000000000,0.000000000,1.000000000
1403715296.802143097,0.254661000,0.065743000,1.130653000,0.000000000,0.000000000,0.000000000,1.000000000
1403715296.807142973,0.253828000,0.064450000,1.130765000,0.000000000,0.000000000,0.000000000,1.000000000
1403715296.812143087,0.253004000,0.063148000,1.130879000,0.000000000,0.000000000,0.000000000,1.000000000
1403715296.817143202,0.252197000,0.061833000,1.130995000,0.000000000,0.000000000,0.000000000,1.000000000
1403715296.822143078,0.251404000,0.060508000,1.131126000,0.000000000,0.000000000,0.000000000,1.000000000
1403715296.827142954,0.250614000,0.059180000,1.131265000,0.000000000,0.000000000,0.000000000,1.000000000
1403715296.832143307,0.249838000,0.057848000,1.131409000,0.000000000,0.000000000,0.000000000,1.000000000
1403715296.837143183,0.249076000,0.056514000,1.131564000,0.000000000,0.000000000,0.000000000,1.000000000
1403715296.842143059,0.248325000,0.055188000,1.131726000,0.000000000,0.000000000,0.000000000,1.000000000
1403715296.847142935,0.247581000,0.053866000,1.131898000,0.000000000,0.000000000,0.000000000,1.000000000
1403715296.852143288,0.246834000,0.052487000,1.132052000,0.000000000,0.000000000,0.000000000,1.000000000
1403715296.857143164,0.246105000,0.051160000,1.132197000,0.000000000,0.000000000,0.000000000,1.000000000
1403715296.862143040,0.245384000,0.049834000,1.132341000,0.000000000,0.000000000,0.000000000,1.000000000
1403715296.867142916,0.244670000,0.048508000,1.132474000,0.000000000,0.000000000,0.000000000,1.000000000
1403715296.872143269,0.243968000,0.047187000,1.132595000,0.000000000,0.000000000,0.000000000,1.000000000
1403715296.877142906,0.243277000,0.045871000,1.132700000,0.000000000,0.000000000,0.000000000,1.000000000
1403715296.882143021,0.242597000,0.044566000,1.132790000,0.000000000,0.000000000,0.000000000,1.000000000
1403715296.887142897,0.241926000,0.043270000,1.132884000,0.000000000,0.000000000,0.000000000,1.000000000
1403715296.892143250,0.241258000,0.041979000,1.132982000,0.000000000,0.000000000,0.000000000,1.000000000
1403715296.897142887,0.240588000,0.040687000,1.133083000,0.000000000,0.000000000,0.000000000,1.000000000
1403715296.902143002,0.239916000,0.039324000,1.133187000,0.000000000,0.000000000,0.000000000,1.000000000
1403715296.907143354,0.239263000,0.038016000,1.133316000,0.000000000,0.000000000,0.000000000,1.000000000
1403715296.912143230,0.238610000,0.036706000,1.133459000,0.000000000,0.000000000,0.000000000,1.000000000
1403715296.917143106,0.237963000,0.035399000,1.133608000,0.000000000,0.000000000,0.000000000,1.000000000
1403715296.922142982,0.237326000,0.034095000,1.133747000,0.000000000,0.000000000,0.000000000,1.000000000
1403715296.927143335,0.236704000,0.032795000,1.133868000,0.000000000,0.000000000,0.000000000,1.000000000
1403715296.932142973,0.236095000,0.031511000,1.133984000,0.000000000,0.000000000,0.000000000,1.000000000
1403715296.937143087,0.235483000,0.030246000,1.134089000,0.000000000,0.000000000,0.000000000,1.000000000
1403715296.942142963,0.234876000,0.028989000,1.134167000,0.000000000,0.000000000,0.000000000,1.000000000
1403715296.947143316,0.234281000,0.027734000,1.134214000,0.000000000,0.000000000,0.000000000,1.000000000
1403715296.952142954,0.233693000,0.026486000,1.134238000,0.000000000,0.000000000,0.000000000,1.000000000
1403715296.957143068,0.233109000,0.025248000,1.134265000,0.000000000,0.000000000,0.000000000,1.000000000
1403715296.962142944,0.232502000,0.023914000,1.134235000,0.000000000,0.000000000,0.000000000,1.000000000
1403715296.967143297,0.231919000,0.022685000,1.134239000,0.000000000,0.000000000,0.000000000,1.000000000
1403715296.972142935,0.231347000,0.021466000,1.134229000,0.000000000,0.000000000,0.000000000,1.000000000
1403715296.977143049,0.230779000,0.020251000,1.134213000,0.000000000,0.000000000,0.000000000,1.000000000
1403715296.982143164,0.230205000,0.019039000,1.134206000,0.000000000,0.000000000,0.000000000,1.000000000
1403715296.987143040,0.229629000,0.017832000,1.134199000,0.000000000,0.000000000,0.000000000,1.000000000
1403715296.992142916,0.229060000,0.016636000,1.134178000,0.000000000,0.000000000,0.000000000,1.000000000
1403715296.997143030,0.228498000,0.015453000,1.134151000,0.000000000,0.000000000,0.000000000,1.000000000
1403715297.002143145,0.227930000,0.014226000,1.134107000,0.000000000,0.000000000,0.000000000,1.000000000
1403715297.007143021,0.227357000,0.013051000,1.134089000,0.000000000,0.000000000,0.000000000,1.000000000
1403715297.012142897,0.226782000,0.011890000,1.134068000,0.000000000,0.000000000,0.000000000,1.000000000
1403715297.017143011,0.226205000,0.010745000,1.134031000,0.000000000,0.000000000,0.000000000,1.000000000
1403715297.022143126,0.225623000,0.009612000,1.133979000,0.000000000,0.000000000,0.000000000,1.000000000
1403715297.027143002,0.225034000,0.008492000,1.133909000,0.000000000,0.000000000,0.000000000,1.000000000
1403715297.032143116,0.224436000,0.007383000,1.133811000,0.000000000,0.000000000,0.000000000,1.000000000
1403715297.037143230,0.223833000,0.006285000,1.133683000,0.000000000,0.000000000,0.000000000,1.000000000
1403715297.042143345,0.223225000,0.005201000,1.133539000,0.000000000,0.000000000,0.000000000,1.000000000
1403715297.047142982,0.222607000,0.004133000,1.133385000,0.000000000,0.000000000,0.000000000,1.000000000
1403715297.052143097,0.221975000,0.003005000,1.133164000,0.000000000,0.000000000,0.000000000,1.000000000
1403715297.057143211,0.221348000,0.001933000,1.132982000,0.000000000,0.000000000,0.000000000,1.000000000
1403715297.062143087,0.220725000,0.000859000,1.132817000,0.000000000,0.000000000,0.000000000,1.000000000
1403715297.067142963,0.220109000,-0.000214000,1.132679000,0.000000000,0.000000000,0.000000000,1.000000000
1403715297.072143078,0.219502000,-0.001282000,1.132567000,0.000000000,0.000000000,0.000000000,1.000000000
1403715297.077143192,0.218913000,-0.002343000,1.132481000,0.000000000,0.000000000,0.000000000,1.000000000
1403715297.082143068,0.218337000,-0.003401000,1.132407000,0.000000000,0.000000000,0.000000000,1.000000000
1403715297.087142944,0.217776000,-0.004460000,1.132325000,0.000000000,0.000000000,0.000000000,1.000000000
1403715297.092143297,0.217227000,-0.005520000,1.132222000,0.000000000,0.000000000,0.000000000,1.000000000
1403715297.097143173,0.216684000,-0.006586000,1.132093000,0.000000000,0.000000000,0.000000000,1.000000000
1403715297.102143049,0.216133000,-0.007720000,1.131895000,0.000000000,0.000000000,0.000000000,1.000000000
1403715297.107142925,0.215594000,-0.008808000,1.131689000,0.000000000,0.000000000,0.000000000,1.000000000
1403715297.112143278,0.215062000,-0.009892000,1.131435000,0.000000000,0.000000000,0.000000000,1.000000000
1403715297.117143154,0.214548000,-0.010968000,1.131137000,0.000000000,0.000000000,0.000000000,1.000000000
1403715297.122143030,0.214051000,-0.012038000,1.130817000,0.000000000,0.000000000,0.000000000,1.000000000
1403715297.127142906,0.213568000,-0.013114000,1.130488000,0.000000000,0.000000000,0.000000000,1.000000000
1403715297.132143259,0.213093000,-0.014205000,1.130149000,0.000000000,0.000000000,0.000000000,1.000000000
1403715297.137142897,0.212631000,-0.015309000,1.129809000,0.000000000,0.000000000,0.000000000,1.000000000
1403715297.142143011,0.212183000,-0.016415000,1.129469000,0.000000000,0.000000000,0.000000000,1.000000000
1403715297.147142887,0.211750000,-0.017513000,1.129109000,0.000000000,0.000000000,0.000000000,1.000000000
1403715297.152143240,0.211317000,-0.018651000,1.128700000,0.000000000,0.000000000,0.000000000,1.000000000
1403715297.157143116,0.210904000,-0.019749000,1.128314000,0.000000000,0.000000000,0.000000000,1.000000000
1403715297.162142992,0.210495000,-0.020854000,1.127914000,0.000000000,0.000000000,0.000000000,1.000000000
1403715297.167143345,0.210090000,-0.021971000,1.127496000,0.000000000,0.000000000,0.000000000,1.000000000
1403715297.172143221,0.209698000,-0.023090000,1.127063000,0.000000000,0.000000000,0.000000000,1.000000000
1403715297.177143097,0.209323000,-0.024204000,1.126628000,0.000000000,0.000000000,0.000000000,1.000000000
1403715297.182142973,0.208960000,-0.025320000,1.126205000,0.000000000,0.000000000,0.000000000,1.000000000
1403715297.187143326,0.208609000,-0.026444000,1.125799000,0.000000000,0.000000000,0.000000000,1.000000000
1403715297.192142963,0.208267000,-0.027576000,1.125401000,0.000000000,0.000000000,0.000000000,1.000000000
1403715297.197143078,0.207941000,-0.028718000,1.125003000,0.000000000,0.000000000,0.000000000,1.000000000
1403715297.202142954,0.207605000,-0.029905000,1.124569000,0.000000000,0.000000000,0.000000000,1.000000000
1403715297.207143307,0.207301000,-0.031055000,1.124179000,0.000000000,0.000000000,0.000000000,1.000000000
1403715297.212142944,0.207014000,-0.032200000,1.123796000,0.000000000,0.000000000,0.000000000,1.000000000
1403715297.217143059,0.206747000,-0.033345000,1.123424000,0.000000000,0.000000000,0.000000000,1.000000000
1403715297.222143173,0.206494000,-0.034493000,1.123052000,0.000000000,0.000000000,0.000000000,1.000000000
1403715297.227143288,0.206250000,-0.035650000,1.122660000,0.000000000,0.000000000,0.000000000,1.000000000
1403715297.232142925,0.206014000,-0.036820000,1.122249000,0.000000000,0.000000000,0.000000000,1.000000000
1403715297.237143040,0.205790000,-0.037998000,1.121828000,0.000000000,0.000000000,0.000000000,1.000000000
1403715297.242143154,0.205576000,-0.039188000,1.121402000,0.000000000,0.000000000,0.000000000,1.000000000
1403715297.247143030,0.205380000,-0.040389000,1.120969000,0.000000000,0.000000000,0.000000000,1.000000000
1403715297.252142906,0.205182000,-0.041637000,1.120483000,0.000000000,0.000000000,0.000000000,1.000000000
1403715297.257143021,0.205024000,-0.042869000,1.120044000,0.000000000,0.000000000,0.000000000,1.000000000
1403715297.262143135,0.204886000,-0.044113000,1.119602000,0.000000000,0.000000000,0.000000000,1.000000000
1403715297.267143011,0.204763000,-0.045369000,1.119156000,0.000000000,0.000000000,0.000000000,1.000000000
1403715297.272142887,0.204657000,-0.046639000,1.118700000,0.000000000,0.000000000,0.000000000,1.000000000
1403715297.277143240,0.204572000,-0.047926000,1.118242000,0.000000000,0.000000000,0.000000000,1.000000000
1403715297.282143354,0.204506000,-0.049228000,1.117790000,0.000000000,0.000000000,0.000000000,1.000000000
1403715297.287142992,0.204457000,-0.050537000,1.117349000,0.000000000,0.000000000,0.000000000,1.000000000
1403715297.292143106,0.204425000,-0.051855000,1.116916000,0.000000000,0.000000000,0.000000000,1.000000000
1403715297.297143221,0.204412000,-0.053178000,1.116491000,0.000000000,0.000000000,0.000000000,1.000000000
1403715297.302143097,0.204388000,-0.054531000,1.116004000,0.000000000,0.000000000,0.000000000,1.000000000
1403715297.307142973,0.204399000,-0.055882000,1.115540000,0.000000000,0.000000000,0.000000000,1.000000000
1403715297.312143087,0.204421000,-0.057243000,1.115046000,0.000000000,0.000000000,0.000000000,1.000000000
1403715297.317143202,0.204452000,-0.058615000,1.114529000,0.000000000,0.000000000,0.000000000,1.000000000
1403715297.322143078,0.204496000,-0.059991000,1.113998000,0.000000000,0.000000000,0.000000000,1.000000000
1403715297.327142954,0.204551000,-0.061365000,1.113461000,0.000000000,0.000000000,0.000000000,1.000000000
1403715297.332143307,0.204614000,-0.062746000,1.112912000,0.000000000,0.000000000,0.000000000,1.000000000
1403715297.337143183,0.204686000,-0.064146000,1.112352000,0.000000000,0.000000000,0.000000000,1.000000000
1403715297.342143059,0.204770000,-0.065573000,1.111790000,0.000000000,0.000000000,0.000000000,1.000000000
1403715297.347142935,0.204869000,-0.067019000,1.111235000,0.000000000,0.000000000,0.000000000,1.000000000
1403715297.352143288,0.204951000,-0.068487000,1.110626000,0.000000000,0.000000000,0.000000000,1.000000000
1403715297.357143164,0.205072000,-0.069957000,1.110062000,0.000000000,0.000000000,0.000000000,1.000000000
1403715297.362143040,0.205207000,-0.071437000,1.109510000,0.000000000,0.000000000,0.000000000,1.000000000
1403715297.367142916,0.205354000,-0.072931000,1.108962000,0.000000000,0.000000000,0.000000000,1.000000000
1403715297.372143269,0.205511000,-0.074436000,1.108416000,0.000000000,0.000000000,0.000000000,1.000000000
1403715297.377142906,0.205676000,-0.075959000,1.107881000,0.000000000,0.000000000,0.000000000,1.000000000
1403715297.382143021,0.205855000,-0.077501000,1.107350000,0.000000000,0.000000000,0.000000000,1.000000000
1403715297.387142897,0.206049000,-0.079063000,1.106826000,0.000000000,0.000000000,0.000000000,1.000000000
1403715297.392143250,0.206255000,-0.080644000,1.106309000,0.000000000,0.000000000,0.000000000,1.000000000
1403715297.397142887,0.206479000,-0.082234000,1.105796000,0.000000000,0.000000000,0.000000000,1.000000000
1403715297.402143002,0.206708000,-0.083838000,1.105218000,0.000000000,0.000000000,0.000000000,1.000000000
1403715297.407143354,0.206985000,-0.085448000,1.104696000,0.000000000,0.000000000,0.000000000,1.000000000
1403715297.412143230,0.207282000,-0.087073000,1.104167000,0.000000000,0.000000000,0.000000000,1.000000000
1403715297.417143106,0.207593000,-0.088719000,1.103628000,0.000000000,0.000000000,0.000000000,1.000000000
1403715297.422142982,0.207920000,-0.090381000,1.103093000,0.000000000,0.000000000,0.000000000,1.000000000
1403715297.427143335,0.208266000,-0.092054000,1.102565000,0.000000000,0.000000000,0.000000000,1.000000000
1403715297.432142973,0.208631000,-0.093736000,1.102040000,0.000000000,0.000000000,0.000000000,1.000000000
1403715297.437143087,0.209006000,-0.095433000,1.101519000,0.000000000,0.000000000,0.000000000,1.000000000
1403715297.442142963,0.209393000,-0.097154000,1.101006000,0.000000000,0.000000000,0.000000000,1.000000000
1403715297.447143316,0.209794000,-0.098898000,1.100508000,0.000000000,0.000000000,0.000000000,1.000000000
1403715297.452142954,0.210191000,-0.100657000,1.099943000,0.000000000,0.000000000,0.000000000,1.000000000
1403715297.457143068,0.210611000,-0.102420000,1.099463000,0.000000000,0.000000000,0.000000000,1.000000000
1403715297.462142944,0.211052000,-0.104185000,1.099005000,0.000000000,0.000000000,0.000000000,1.000000000
1403715297.467143297,0.211524000,-0.105953000,1.098558000,0.000000000,0.000000000,0.000000000,1.000000000
1403715297.472142935,0.212025000,-0.107733000,1.098114000,0.000000000,0.000000000,0.000000000,1.000000000
1403715297.477143049,0.212545000,-0.109532000,1.097672000,0.000000000,0.000000000,0.000000000,1.000000000
1403715297.482143164,0.213082000,-0.111347000,1.097239000,0.000000000,0.000000000,0.000000000,1.000000000
1403715297.487143040,0.213636000,-0.113178000,1.096820000,0.000000000,0.000000000,0.000000000,1.000000000
1403715297.492142916,0.214208000,-0.115017000,1.096401000,0.000000000,0.000000000,0.000000000,1.000000000
1403715297.497143030,0.214793000,-0.116859000,1.095965000,0.000000000,0.000000000,0.000000000,1.000000000
1403715297.502143145,0.215393000,-0.118701000,1.095420000,0.000000000,0.000000000,0.000000000,1.000000000
1403715297.507143021,0.215999000,-0.120554000,1.094955000,0.000000000,0.000000000,0.000000000,1.000000000
1403715297.512142897,0.216615000,-0.122419000,1.094499000,0.000000000,0.000000000,0.000000000,1.000000000
1403715297.517143011,0.217243000,-0.124296000,1.094037000,0.000000000,0.000000000,0.000000000,1.000000000
1403715297.522143126,0.217879000,-0.126175000,1.093567000,0.000000000,0.000000000,0.000000000,1.000000000
1403715297.527143002,0.218524000,-0.128058000,1.093091000,0.000000000,0.000000000,0.000000000,1.000000000
1403715297.532143116,0.219182000,-0.129943000,1.092612000,0.000000000,0.000000000,0.000000000,1.000000000
1403715297.537143230,0.219852000,-0.131834000,1.092122000,0.000000000,0.000000000,0.000000000,1.000000000
1403715297.542143345,0.220540000,-0.133735000,1.091628000,0.000000000,0.000000000,0.000000000,1.000000000
1403715297.547142982,0.221249000,-0.135649000,1.091137000,0.000000000,0.000000000,0.000000000,1.000000000
1403715297.552143097,0.221998000,-0.137573000,1.090551000,0.000000000,0.000000000,0.000000000,1.000000000
1403715297.557143211,0.222747000,-0.139515000,1.090043000,0.000000000,0.000000000,0.000000000,1.000000000
1403715297.562143087,0.223512000,-0.141460000,1.089536000,0.000000000,0.000000000,0.000000000,1.000000000
1403715297.567142963,0.224298000,-0.143401000,1.089029000,0.000000000,0.000000000,0.000000000,1.000000000
1403715297.572143078,0.225094000,-0.145342000,1.088511000,0.000000000,0.000000000,0.000000000,1.000000000
1403715297.577143192,0.225888000,-0.147282000,1.087971000,0.000000000,0.000000000,0.000000000,1.000000000
1403715297.582143068,0.226682000,-0.149229000,1.087425000,0.000000000,0.000000000,0.000000000,1.000000000
1403715297.587142944,0.227481000,-0.151184000,1.086869000,0.000000000,0.000000000,0.000000000,1.000000000
1403715297.592143297,0.228297000,-0.153144000,1.086292000,0.000000000,0.000000000,0.000000000,1.000000000
1403715297.597143173,0.229133000,-0.155109000,1.085713000,0.000000000,0.000000000,0.000000000,1.000000000
1403715297.602143049,0.230020000,-0.157062000,1.085049000,0.000000000,0.000000000,0.000000000,1.000000000
1403715297.607142925,0.230898000,-0.159035000,1.084474000,0.000000000,0.000000000,0.000000000,1.000000000
1403715297.612143278,0.231799000,-0.161020000,1.083915000,0.000000000,0.000000000,0.000000000,1.000000000
1403715297.617143154,0.232715000,-0.163015000,1.083371000,0.000000000,0.000000000,0.000000000,1.000000000
1403715297.622143030,0.233647000,-0.165019000,1.082838000,0.000000000,0.000000000,0.000000000,1.000000000
1403715297.627142906,0.234604000,-0.167022000,1.082303000,0.000000000,0.000000000,0.000000000,1.000000000
1403715297.632143259,0.235586000,-0.169030000,1.081765000,0.000000000,0.000000000,0.000000000,1.000000000
1403715297.637142897,0.236581000,-0.171043000,1.081224000,0.000000000,0.000000000,0.000000000,1.000000000
1403715297.642143011,0.237585000,-0.173049000,1.080670000,0.000000000,0.000000000,0.000000000,1.000000000
1403715297.647142887,0.238598000,-0.175057000,1.080100000,0.000000000,0.000000000,0.000000000,1.000000000
1403715297.652143240,0.239677000,-0.177064000,1.079433000,0.000000000,0.000000000,0.000000000,1.000000000
1403715297.657143116,0.240727000,-0.179090000,1.078833000,0.000000000,0.000000000,0.000000000,1.000000000
1403715297.662142992,0.241786000,-0.181128000,1.078248000,0.000000000,0.000000000,0.000000000,1.000000000
1403715297.667143345,0.242854000,-0.183177000,1.077685000,0.000000000,0.000000000,0.000000000,1.000000000
1403715297.672143221,0.243932000,-0.185234000,1.077142000,0.000000000,0.000000000,0.000000000,1.000000000
1403715297.677143097,0.245026000,-0.187290000,1.076617000,0.000000000,0.000000000,0.000000000,1.000000000
1403715297.682142973,0.246136000,-0.189345000,1.076114000,0.000000000,0.000000000,0.000000000,1.000000000
1403715297.687143326,0.247258000,-0.191405000,1.075629000,0.000000000,0.000000000,0.000000000,1.000000000
1403715297.692142963,0.248392000,-0.193469000,1.075144000,0.000000000,0.000000000,0.000000000,1.000000000
1403715297.697143078,0.249538000,-0.195539000,1.074637000,0.000000000,0.000000000,0.000000000,1.000000000
1403715297.702142954,0.250766000,-0.197611000,1.074034000,0.000000000,0.000000000,0.000000000,1.000000000
1403715297.707143307,0.251963000,-0.199694000,1.073463000,0.000000000,0.000000000,0.000000000,1.000000000
1403715297.712142944,0.253191000,-0.201782000,1.072903000,0.000000000,0.000000000,0.000000000,1.000000000
1403715297.717143059,0.254445000,-0.203877000,1.072358000,0.000000000,0.000000000,0.000000000,1.000000000
1403715297.722143173,0.255720000,-0.205979000,1.071815000,0.000000000,0.000000000,0.000000000,1.000000000
1403715297.727143288,0.257014000,-0.208094000,1.071284000,0.000000000,0.000000000,0.000000000,1.000000000
1403715297.732142925,0.258326000,-0.210223000,1.070778000,0.000000000,0.000000000,0.000000000,1.000000000
1403715297.737143040,0.259661000,-0.212364000,1.070279000,0.000000000,0.000000000,0.000000000,1.000000000
1403715297.742143154,0.261017000,-0.214513000,1.069786000,0.000000000,0.000000000,0.000000000,1.000000000
1403715297.747143030,0.262388000,-0.216659000,1.069302000,0.000000000,0.000000000,0.000000000,1.000000000
1403715297.752142906,0.263863000,-0.218801000,1.068777000,0.000000000,0.000000000,0.000000000,1.000000000
1403715297.757143021,0.265285000,-0.220954000,1.068300000,0.000000000,0.000000000,0.000000000,1.000000000
1403715297.762143135,0.266725000,-0.223121000,1.067838000,0.000000000,0.000000000,0.000000000,1.000000000
1403715297.767143011,0.268184000,-0.225309000,1.067393000,0.000000000,0.000000000,0.000000000,1.000000000
1403715297.772142887,0.269663000,-0.227508000,1.066967000,0.000000000,0.000000000,0.000000000,1.000000000
1403715297.777143240,0.271167000,-0.229709000,1.066568000,0.000000000,0.000000000,0.000000000,1.000000000
1403715297.782143354,0.272693000,-0.231913000,1.066203000,0.000000000,0.000000000,0.000000000,1.000000000
1403715297.787142992,0.274241000,-0.234121000,1.065861000,0.000000000,0.000000000,0.000000000,1.000000000
1403715297.792143106,0.275809000,-0.236340000,1.065543000,0.000000000,0.000000000,0.000000000,1.000000000
1403715297.797143221,0.277394000,-0.238579000,1.065244000,0.000000000,0.000000000,0.000000000,1.000000000
1403715297.802143097,0.279096000,-0.240839000,1.064926000,0.000000000,0.000000000,0.000000000,1.000000000
1403715297.807142973,0.280736000,-0.243111000,1.064654000,0.000000000,0.000000000,0.000000000,1.000000000
1403715297.812143087,0.282398000,-0.245395000,1.064383000,0.000000000,0.000000000,0.000000000,1.000000000
1403715297.817143202,0.284073000,-0.247686000,1.064119000,0.000000000,0.000000000,0.000000000,1.000000000
1403715297.822143078,0.285760000,-0.249984000,1.063864000,0.000000000,0.000000000,0.000000000,1.000000000
1403715297.827142954,0.287460000,-0.252288000,1.063619000,0.000000000,0.000000000,0.000000000,1.000000000
1403715297.832143307,0.289169000,-0.254601000,1.063384000,0.000000000,0.000000000,0.000000000,1.000000000
1403715297.837143183,0.290887000,-0.256922000,1.063161000,0.000000000,0.000000000,0.000000000,1.000000000
1403715297.842143059,0.292622000,-0.259258000,1.062950000,0.000000000,0.000000000,0.000000000,1.000000000
1403715297.847142935,0.294375000,-0.261608000,1.062754000,0.000000000,0.000000000,0.000000000,1.000000000
1403715297.852143288,0.296250000,-0.263981000,1.062558000,0.000000000,0.000000000,0.000000000,1.000000000
1403715297.857143164,0.298050000,-0.266350000,1.062394000,0.000000000,0.000000000,0.000000000,1.000000000
1403715297.862143040,0.299863000,-0.268726000,1.062235000,0.000000000,0.000000000,0.000000000,1.000000000
1403715297.867142916,0.301691000,-0.271112000,1.062078000,0.000000000,0.000000000,0.000000000,1.000000000
1403715297.872143269,0.303536000,-0.273506000,1.061922000,0.000000000,0.000000000,0.000000000,1.000000000
1403715297.877142906,0.305400000,-0.275908000,1.061765000,0.000000000,0.000000000,0.000000000,1.000000000
1403715297.882143021,0.307284000,-0.278324000,1.061608000,0.000000000,0.000000000,0.000000000,1.000000000
1403715297.887142897,0.309181000,-0.280749000,1.061462000,0.000000000,0.000000000,0.000000000,1.000000000
1403715297.892143250,0.311085000,-0.283182000,1.061331000,0.000000000,0.000000000,0.000000000,1.000000000
1403715297.897142887,0.313001000,-0.285627000,1.061221000,0.000000000,0.000000000,0.000000000,1.000000000
1403715297.902143002,0.315042000,-0.288103000,1.061144000,0.000000000,0.000000000,0.000000000,1.000000000
1403715297.907143354,0.316997000,-0.290564000,1.061083000,0.000000000,0.000000000,0.000000000,1.000000000
1403715297.912143230,0.318961000,-0.293026000,1.061027000,0.000000000,0.000000000,0.000000000,1.000000000
1403715297.917143106,0.320933000,-0.295489000,1.060966000,0.000000000,0.000000000,0.000000000,1.000000000
1403715297.922142982,0.322908000,-0.297959000,1.060908000,0.000000000,0.000000000,0.000000000,1.000000000
1403715297.927143335,0.324890000,-0.300443000,1.060853000,0.000000000,0.000000000,0.000000000,1.000000000
1403715297.932142973,0.326874000,-0.302944000,1.060799000,0.000000000,0.000000000,0.000000000,1.000000000
1403715297.937143087,0.328860000,-0.305465000,1.060741000,0.000000000,0.000000000,0.000000000,1.000000000
1403715297.942142963,0.330860000,-0.308000000,1.060682000,0.000000000,0.000000000,0.000000000,1.000000000
1403715297.947143316,0.332877000,-0.310545000,1.060633000,0.000000000,0.000000000,0.000000000,1.000000000
1403715297.952142954,0.335028000,-0.313127000,1.060620000,0.000000000,0.000000000,0.000000000,1.000000000
1403715297.957143068,0.337082000,-0.315682000,1.060612000,0.000000000,0.000000000,0.000000000,1.000000000
1403715297.962142944,0.339130000,-0.318250000,1.060610000,0.000000000,0.000000000,0.000000000,1.000000000
1403715297.967143297,0.341172000,-0.320833000,1.060612000,0.000000000,0.000000000,0.000000000,1.000000000
1403715297.972142935,0.343205000,-0.323421000,1.060602000,0.000000000,0.000000000,0.000000000,1.000000000
1403715297.977143049,0.345223000,-0.326010000,1.060587000,0.000000000,0.000000000,0.000000000,1.000000000
1403715297.982143164,0.347225000,-0.328600000,1.060565000,0.000000000,0.000000000,0.000000000,1.000000000
1403715297.987143040,0.349212000,-0.331193000,1.060531000,0.000000000,0.000000000,0.000000000,1.000000000
1403715297.992142916,0.351187000,-0.333790000,1.060490000,0.000000000,0.000000000,0.000000000,1.000000000
1403715297.997143030,0.353150000,-0.336396000,1.060434000,0.000000000,0.000000000,0.000000000,1.000000000
1403715298.002143145,0.355211000,-0.339060000,1.060396000,0.000000000,0.000000000,0.000000000,1.000000000
1403715298.007143021,0.357164000,-0.341699000,1.060348000,0.000000000,0.000000000,0.000000000,1.000000000
1403715298.012142897,0.359104000,-0.344342000,1.060310000,0.000000000,0.000000000,0.000000000,1.000000000
1403715298.017143011,0.361036000,-0.346990000,1.060275000,0.000000000,0.000000000,0.000000000,1.000000000
1403715298.022143126,0.362958000,-0.349640000,1.060241000,0.000000000,0.000000000,0.000000000,1.000000000
1403715298.027143002,0.364873000,-0.352294000,1.060206000,0.000000000,0.000000000,0.000000000,1.000000000
1403715298.032143116,0.366782000,-0.354954000,1.060168000,0.000000000,0.000000000,0.000000000,1.000000000
1403715298.037143230,0.368677000,-0.357622000,1.060125000,0.000000000,0.000000000,0.000000000,1.000000000
1403715298.042143345,0.370557000,-0.360295000,1.060075000,0.000000000,0.000000000,0.000000000,1.000000000
1403715298.047142982,0.372423000,-0.362970000,1.060032000,0.000000000,0.000000000,0.000000000,1.000000000
1403715298.052143097,0.374393000,-0.365701000,1.060051000,0.000000000,0.000000000,0.000000000,1.000000000
1403715298.057143211,0.376280000,-0.368409000,1.060043000,0.000000000,0.000000000,0.000000000,1.000000000
1403715298.062143087,0.378164000,-0.371136000,1.060043000,0.000000000,0.000000000,0.000000000,1.000000000
1403715298.067142963,0.380038000,-0.373876000,1.060046000,0.000000000,0.000000000,0.000000000,1.000000000
1403715298.072143078,0.381897000,-0.376625000,1.060048000,0.000000000,0.000000000,0.000000000,1.000000000
1403715298.077143192,0.383737000,-0.379380000,1.060052000,0.000000000,0.000000000,0.000000000,1.000000000
1403715298.082143068,0.385557000,-0.382138000,1.060058000,0.000000000,0.000000000,0.000000000,1.000000000
1403715298.087142944,0.387363000,-0.384894000,1.060058000,0.000000000,0.000000000,0.000000000,1.000000000
1403715298.092143297,0.389156000,-0.387651000,1.060056000,0.000000000,0.000000000,0.000000000,1.000000000
1403715298.097143173,0.390936000,-0.390416000,1.060057000,0.000000000,0.000000000,0.000000000,1.000000000
1403715298.102143049,0.392786000,-0.393250000,1.060093000,0.000000000,0.000000000,0.000000000,1.000000000
1403715298.107142925,0.394558000,-0.396046000,1.060088000,0.000000000,0.000000000,0.000000000,1.000000000
1403715298.112143278,0.396327000,-0.398845000,1.060062000,0.000000000,0.000000000,0.000000000,1.000000000
1403715298.117143154,0.398093000,-0.401650000,1.060025000,0.000000000,0.000000000,0.000000000,1.000000000
1403715298.122143030,0.399844000,-0.404465000,1.059986000,0.000000000,0.000000000,0.000000000,1.000000000
1403715298.127142906,0.401579000,-0.407283000,1.059939000,0.000000000,0.000000000,0.000000000,1.000000000
1403715298.132143259,0.403301000,-0.410099000,1.059884000,0.000000000,0.000000000,0.000000000,1.000000000
1403715298.137142897,0.405005000,-0.412909000,1.059818000,0.000000000,0.000000000,0.000000000,1.000000000
1403715298.142143011,0.406689000,-0.415715000,1.059740000,0.000000000,0.000000000,0.000000000,1.000000000
1403715298.147142887,0.408349000,-0.418524000,1.059651000,0.000000000,0.000000000,0.000000000,1.000000000
1403715298.152143240,0.410053000,-0.421409000,1.059588000,0.000000000,0.000000000,0.000000000,1.000000000
1403715298.157143116,0.411695000,-0.424261000,1.059475000,0.000000000,0.000000000,0.000000000,1.000000000
1403715298.162142992,0.413320000,-0.427126000,1.059349000,0.000000000,0.000000000,0.000000000,1.000000000
1403715298.167143345,0.414925000,-0.429995000,1.059213000,0.000000000,0.000000000,0.000000000,1.000000000
1403715298.172143221,0.416512000,-0.432857000,1.059080000,0.000000000,0.000000000,0.000000000,1.000000000
1403715298.177143097,0.418080000,-0.435706000,1.058959000,0.000000000,0.000000000,0.000000000,1.000000000
1403715298.182142973,0.419633000,-0.438559000,1.058845000,0.000000000,0.000000000,0.000000000,1.000000000
1403715298.187143326,0.421170000,-0.441425000,1.058736000,0.000000000,0.000000000,0.000000000,1.000000000
1403715298.192142963,0.422685000,-0.444302000,1.058633000,0.000000000,0.000000000,0.000000000,1.000000000
1403715298.197143078,0.424180000,-0.447181000,1.058536000,0.000000000,0.000000000,0.000000000,1.000000000
1403715298.202142954,0.425689000,-0.450124000,1.058466000,0.000000000,0.000000000,0.000000000,1.000000000
1403715298.207143307,0.427158000,-0.452991000,1.058367000,0.000000000,0.000000000,0.000000000,1.000000000
1403715298.212142944,0.428610000,-0.455840000,1.058262000,0.000000000,0.000000000,0.000000000,1.000000000
1403715298.217143059,0.430046000,-0.458679000,1.058155000,0.000000000,0.000000000,0.000000000,1.000000000
1403715298.222143173,0.431462000,-0.461510000,1.058050000,0.000000000,0.000000000,0.000000000,1.000000000
1403715298.227143288,0.432853000,-0.464337000,1.057949000,0.000000000,0.000000000,0.000000000,1.000000000
1403715298.232142925,0.434220000,-0.467162000,1.057840000,0.000000000,0.000000000,0.000000000,1.000000000
1403715298.237143040,0.435570000,-0.469974000,1.057723000,0.000000000,0.000000000,0.000000000,1.000000000
1403715298.242143154,0.436904000,-0.472763000,1.057615000,0.000000000,0.000000000,0.000000000,1.000000000
1403715298.247143030,0.438222000,-0.475536000,1.057522000,0.000000000,0.000000000,0.000000000,1.000000000
1403715298.252142906,0.439533000,-0.478398000,1.057461000,0.000000000,0.000000000,0.000000000,1.000000000
1403715298.257143021,0.440825000,-0.481197000,1.057393000,0.000000000,0.000000000,0.000000000,1.000000000
1403715298.262143135,0.442102000,-0.483997000,1.057340000,0.000000000,0.000000000,0.000000000,1.000000000
1403715298.267143011,0.443363000,-0.486798000,1.057295000,0.000000000,0.000000000,0.000000000,1.000000000
1403715298.272142887,0.444601000,-0.489588000,1.057250000,0.000000000,0.000000000,0.000000000,1.000000000
1403715298.277143240,0.445814000,-0.492353000,1.057206000,0.000000000,0.000000000,0.000000000,1.000000000
1403715298.282143354,0.447003000,-0.495090000,1.057165000,0.000000000,0.000000000,0.000000000,1.000000000
1403715298.287142992,0.448170000,-0.497811000,1.057117000,0.000000000,0.000000000,0.000000000,1.000000000
1403715298.292143106,0.449319000,-0.500525000,1.057058000,0.000000000,0.000000000,0.000000000,1.000000000
1403715298.297143221,0.450449000,-0.503234000,1.056991000,0.000000000,0.000000000,0.000000000,1.000000000
1403715298.302143097,0.451539000,-0.506030000,1.056898000,0.000000000,0.000000000,0.000000000,1.000000000
1403715298.307142973,0.452631000,-0.508750000,1.056810000,0.000000000,0.000000000,0.000000000,1.000000000
1403715298.312143087,0.453698000,-0.511455000,1.056703000,0.000000000,0.000000000,0.000000000,1.000000000
1403715298.317143202,0.454740000,-0.514139000,1.056579000,0.000000000,0.000000000,0.000000000,1.000000000
1403715298.322143078,0.455771000,-0.516797000,1.056448000,0.000000000,0.000000000,0.000000000,1.000000000
1403715298.327142954,0.456788000,-0.519433000,1.056317000,0.000000000,0.000000000,0.000000000,1.000000000
1403715298.332143307,0.457787000,-0.522056000,1.056194000,0.000000000,0.000000000,0.000000000,1.000000000
1403715298.337143183,0.458767000,-0.524674000,1.056077000,0.000000000,0.000000000,0.000000000,1.000000000
1403715298.342143059,0.459729000,-0.527290000,1.055974000,0.000000000,0.000000000,0.000000000,1.000000000
1403715298.347142935,0.460676000,-0.529888000,1.055897000,0.000000000,0.000000000,0.000000000,1.000000000
1403715298.352143288,0.461554000,-0.532548000,1.055832000,0.000000000,0.000000000,0.000000000,1.000000000
1403715298.357143164,0.462454000,-0.535105000,1.055825000,0.000000000,0.000000000,0.000000000,1.000000000
1403715298.362143040,0.463342000,-0.537638000,1.055842000,0.000000000,0.000000000,0.000000000,1.000000000
1403715298.367142916,0.464214000,-0.540156000,1.055868000,0.000000000,0.000000000,0.000000000,1.000000000
1403715298.372143269,0.465064000,-0.542667000,1.055902000,0.000000000,0.000000000,0.000000000,1.000000000
1403715298.377142906,0.465891000,-0.545172000,1.055935000,0.000000000,0.000000000,0.000000000,1.000000000
1403715298.382143021,0.466698000,-0.547662000,1.055958000,0.000000000,0.000000000,0.000000000,1.000000000
1403715298.387142897,0.467489000,-0.550125000,1.055971000,0.000000000,0.000000000,0.000000000,1.000000000
1403715298.392143250,0.468259000,-0.552559000,1.055979000,0.000000000,0.000000000,0.000000000,1.000000000
1403715298.397142887,0.469000000,-0.554969000,1.055989000,0.000000000,0.000000000,0.000000000,1.000000000
1403715298.402143002,0.469640000,-0.557470000,1.055961000,0.000000000,0.000000000,0.000000000,1.000000000
1403715298.407143354,0.470316000,-0.559879000,1.055993000,0.000000000,0.000000000,0.000000000,1.000000000
1403715298.412143230,0.470980000,-0.562279000,1.056039000,0.000000000,0.000000000,0.000000000,1.000000000
1403715298.417143106,0.471631000,-0.564667000,1.056101000,0.000000000,0.000000000,0.000000000,1.000000000
1403715298.422142982,0.472269000,-0.567030000,1.056177000,0.000000000,0.000000000,0.000000000,1.000000000
1403715298.427143335,0.472894000,-0.569361000,1.056263000,0.000000000,0.000000000,0.000000000,1.000000000
1403715298.432142973,0.473503000,-0.571661000,1.056361000,0.000000000,0.000000000,0.000000000,1.000000000
1403715298.437143087,0.474098000,-0.573953000,1.056466000,0.000000000,0.000000000,0.000000000,1.000000000
1403715298.442142963,0.474691000,-0.576245000,1.056570000,0.000000000,0.000000000,0.000000000,1.000000000
1403715298.447143316,0.475291000,-0.578527000,1.056673000,0.000000000,0.000000000,0.000000000,1.000000000
1403715298.452142954,0.475795000,-0.580891000,1.056730000,0.000000000,0.000000000,0.000000000,1.000000000
1403715298.457143068,0.476361000,-0.583157000,1.056828000,0.000000000,0.000000000,0.000000000,1.000000000
1403715298.462142944,0.476911000,-0.585400000,1.056913000,0.000000000,0.000000000,0.000000000,1.000000000
1403715298.467143297,0.477445000,-0.587616000,1.056994000,0.000000000,0.000000000,0.000000000,1.000000000
1403715298.472142935,0.477969000,-0.589809000,1.057086000,0.000000000,0.000000000,0.000000000,1.000000000
1403715298.477143049,0.478488000,-0.591982000,1.057199000,0.000000000,0.000000000,0.000000000,1.000000000
1403715298.482143164,0.479002000,-0.594137000,1.057332000,0.000000000,0.000000000,0.000000000,1.000000000
1403715298.487143040,0.479507000,-0.596276000,1.057484000,0.000000000,0.000000000,0.000000000,1.000000000
1403715298.492142916,0.479997000,-0.598390000,1.057653000,0.000000000,0.000000000,0.000000000,1.000000000
1403715298.497143030,0.480472000,-0.600474000,1.057826000,0.000000000,0.000000000,0.000000000,1.000000000
1403715298.502143145,0.480824000,-0.602621000,1.057942000,0.000000000,0.000000000,0.000000000,1.000000000
1403715298.507143021,0.481275000,-0.604669000,1.058091000,0.000000000,0.000000000,0.000000000,1.000000000
1403715298.512142897,0.481721000,-0.606689000,1.058242000,0.000000000,0.000000000,0.000000000,1.000000000
1403715298.517143011,0.482163000,-0.608682000,1.058405000,0.000000000,0.000000000,0.000000000,1.000000000
1403715298.522143126,0.482597000,-0.610657000,1.058567000,0.000000000,0.000000000,0.000000000,1.000000000
1403715298.527143002,0.483024000,-0.612613000,1.058727000,0.000000000,0.000000000,0.000000000,1.000000000
1403715298.532143116,0.483449000,-0.614539000,1.058908000,0.000000000,0.000000000,0.000000000,1.000000000
1403715298.537143230,0.483869000,-0.616431000,1.059116000,0.000000000,0.000000000,0.000000000,1.000000000
1403715298.542143345,0.484289000,-0.618285000,1.059339000,0.000000000,0.000000000,0.000000000,1.000000000
1403715298.547142982,0.484710000,-0.620101000,1.059580000,0.000000000,0.000000000,0.000000000,1.000000000
1403715298.552143097,0.484983000,-0.621973000,1.059782000,0.000000000,0.000000000,0.000000000,1.000000000
1403715298.557143211,0.485352000,-0.623766000,1.060041000,0.000000000,0.000000000,0.000000000,1.000000000
1403715298.562143087,0.485713000,-0.625538000,1.060317000,0.000000000,0.000000000,0.000000000,1.000000000
1403715298.567142963,0.486068000,-0.627280000,1.060588000,0.000000000,0.000000000,0.000000000,1.000000000
1403715298.572143078,0.486417000,-0.628982000,1.060853000,0.000000000,0.000000000,0.000000000,1.000000000
1403715298.577143192,0.486758000,-0.630642000,1.061121000,0.000000000,0.000000000,0.000000000,1.000000000
1403715298.582143068,0.487082000,-0.632267000,1.061392000,0.000000000,0.000000000,0.000000000,1.000000000
1403715298.587142944,0.487391000,-0.633865000,1.061665000,0.000000000,0.000000000,0.000000000,1.000000000
1403715298.592143297,0.487694000,-0.635434000,1.061938000,0.000000000,0.000000000,0.000000000,1.000000000
1403715298.597143173,0.487993000,-0.636982000,1.062207000,0.000000000,0.000000000,0.000000000,1.000000000
1403715298.602143049,0.488148000,-0.638566000,1.062397000,0.000000000,0.000000000,0.000000000,1.000000000
1403715298.607142925,0.488403000,-0.640078000,1.062647000,0.000000000,0.000000000,0.000000000,1.000000000
1403715298.612143278,0.488641000,-0.641559000,1.062893000,0.000000000,0.000000000,0.000000000,1.000000000
1403715298.617143154,0.488864000,-0.643002000,1.063130000,0.000000000,0.000000000,0.000000000,1.000000000
1403715298.622143030,0.489073000,-0.644406000,1.063371000,0.000000000,0.000000000,0.000000000,1.000000000
1403715298.627142906,0.489270000,-0.645779000,1.063624000,0.000000000,0.000000000,0.000000000,1.000000000
1403715298.632143259,0.489464000,-0.647131000,1.063896000,0.000000000,0.000000000,0.000000000,1.000000000
1403715298.637142897,0.489655000,-0.648469000,1.064196000,0.000000000,0.000000000,0.000000000,1.000000000
1403715298.642143011,0.489833000,-0.649791000,1.064506000,0.000000000,0.000000000,0.000000000,1.000000000
1403715298.647142887,0.489994000,-0.651087000,1.064811000,0.000000000,0.000000000,0.000000000,1.000000000
1403715298.652143240,0.490002000,-0.652376000,1.065038000,0.000000000,0.000000000,0.000000000,1.000000000
1403715298.657143116,0.490107000,-0.653583000,1.065335000,0.000000000,0.000000000,0.000000000,1.000000000
1403715298.662142992,0.490203000,-0.654745000,1.065644000,0.000000000,0.000000000,0.000000000,1.000000000
1403715298.667143345,0.490292000,-0.655877000,1.065967000,0.000000000,0.000000000,0.000000000,1.000000000
1403715298.672143221,0.490371000,-0.656997000,1.066296000,0.000000000,0.000000000,0.000000000,1.000000000
1403715298.677143097,0.490443000,-0.658103000,1.066628000,0.000000000,0.000000000,0.000000000,1.000000000
1403715298.682142973,0.490498000,-0.659181000,1.066959000,0.000000000,0.000000000,0.000000000,1.000000000
1403715298.687143326,0.490534000,-0.660216000,1.067288000,0.000000000,0.000000000,0.000000000,1.000000000
1403715298.692142963,0.490562000,-0.661196000,1.067626000,0.000000000,0.000000000,0.000000000,1.000000000
1403715298.697143078,0.490582000,-0.662122000,1.067980000,0.000000000,0.000000000,0.000000000,1.000000000
1403715298.702142954,0.490467000,-0.663021000,1.068267000,0.000000000,0.000000000,0.000000000,1.000000000
1403715298.707143307,0.490431000,-0.663882000,1.068628000,0.000000000,0.000000000,0.000000000,1.000000000
1403715298.712142944,0.490376000,-0.664726000,1.068988000,0.000000000,0.000000000,0.000000000,1.000000000
1403715298.717143059,0.490308000,-0.665550000,1.069349000,0.000000000,0.000000000,0.000000000,1.000000000
1403715298.722143173,0.490231000,-0.666338000,1.069726000,0.000000000,0.000000000,0.000000000,1.000000000
1403715298.727143288,0.490141000,-0.667078000,1.070127000,0.000000000,0.000000000,0.000000000,1.000000000
1403715298.732142925,0.490033000,-0.667766000,1.070543000,0.000000000,0.000000000,0.000000000,1.000000000
1403715298.737143040,0.489913000,-0.668402000,1.070966000,0.000000000,0.000000000,0.000000000,1.000000000
1403715298.742143154,0.489778000,-0.668999000,1.071394000,0.000000000,0.000000000,0.000000000,1.000000000
1403715298.747143030,0.489626000,-0.669574000,1.071824000,0.000000000,0.000000000,0.000000000,1.000000000
1403715298.752142906,0.489356000,-0.670113000,1.072167000,0.000000000,0.000000000,0.000000000,1.000000000
1403715298.757143021,0.489160000,-0.670630000,1.072578000,0.000000000,0.000000000,0.000000000,1.000000000
1403715298.762143135,0.488955000,-0.671103000,1.073006000,0.000000000,0.000000000,0.000000000,1.000000000
1403715298.767143011,0.488729000,-0.671527000,1.073449000,0.000000000,0.000000000,0.000000000,1.000000000
1403715298.772142887,0.488487000,-0.671908000,1.073900000,0.000000000,0.000000000,0.000000000,1.000000000
1403715298.777143240,0.488242000,-0.672257000,1.074357000,0.000000000,0.000000000,0.000000000,1.000000000
1403715298.782143354,0.487985000,-0.672588000,1.074816000,0.000000000,0.000000000,0.000000000,1.000000000
1403715298.787142992,0.487701000,-0.672903000,1.075276000,0.000000000,0.000000000,0.000000000,1.000000000
1403715298.792143106,0.487390000,-0.673194000,1.075731000,0.000000000,0.000000000,0.000000000,1.000000000
1403715298.797143221,0.487052000,-0.673452000,1.076172000,0.000000000,0.000000000,0.000000000,1.000000000
1403715298.802143097,0.486594000,-0.673645000,1.076523000,0.000000000,0.000000000,0.000000000,1.000000000
1403715298.807142973,0.486182000,-0.673823000,1.076908000,0.000000000,0.000000000,0.000000000,1.000000000
1403715298.812143087,0.485749000,-0.673980000,1.077276000,0.000000000,0.000000000,0.000000000,1.000000000
1403715298.817143202,0.485297000,-0.674121000,1.077626000,0.000000000,0.000000000,0.000000000,1.000000000
1403715298.822143078,0.484833000,-0.674234000,1.077956000,0.000000000,0.000000000,0.000000000,1.000000000
1403715298.827142954,0.484361000,-0.674309000,1.078275000,0.000000000,0.000000000,0.000000000,1.000000000
1403715298.832143307,0.483880000,-0.674341000,1.078584000,0.000000000,0.000000000,0.000000000,1.000000000
1403715298.837143183,0.483389000,-0.674328000,1.078877000,0.000000000,0.000000000,0.000000000,1.000000000
1403715298.842143059,0.482880000,-0.674269000,1.079161000,0.000000000,0.000000000,0.000000000,1.000000000
1403715298.847142935,0.482356000,-0.674166000,1.079447000,0.000000000,0.000000000,0.000000000,1.000000000
1403715298.852143288,0.481756000,-0.673983000,1.079669000,0.000000000,0.000000000,0.000000000,1.000000000
1403715298.857143164,0.481217000,-0.673794000,1.079949000,0.000000000,0.000000000,0.000000000,1.000000000
1403715298.862143040,0.480679000,-0.673575000,1.080246000,0.000000000,0.000000000,0.000000000,1.000000000
1403715298.867142916,0.480141000,-0.673329000,1.080567000,0.000000000,0.000000000,0.000000000,1.000000000
1403715298.872143269,0.479597000,-0.673046000,1.080907000,0.000000000,0.000000000,0.000000000,1.000000000
1403715298.877142906,0.479036000,-0.672730000,1.081245000,0.000000000,0.000000000,0.000000000,1.000000000
1403715298.882143021,0.478451000,-0.672385000,1.081570000,0.000000000,0.000000000,0.000000000,1.000000000
1403715298.887142897,0.477849000,-0.672009000,1.081878000,0.000000000,0.000000000,0.000000000,1.000000000
1403715298.892143250,0.477236000,-0.671606000,1.082179000,0.000000000,0.000000000,0.000000000,1.000000000
1403715298.897142887,0.476620000,-0.671177000,1.082486000,0.000000000,0.000000000,0.000000000,1.000000000
1403715298.902143002,0.475940000,-0.670678000,1.082727000,0.000000000,0.000000000,0.000000000,1.000000000
1403715298.907143354,0.475323000,-0.670185000,1.082998000,0.000000000,0.000000000,0.000000000,1.000000000
1403715298.912143230,0.474706000,-0.669661000,1.083280000,0.000000000,0.000000000,0.000000000,1.000000000
1403715298.917143106,0.474083000,-0.669110000,1.083571000,0.000000000,0.000000000,0.000000000,1.000000000
1403715298.922142982,0.473448000,-0.668543000,1.083845000,0.000000000,0.000000000,0.000000000,1.000000000
1403715298.927143335,0.472808000,-0.667964000,1.084108000,0.000000000,0.000000000,0.000000000,1.000000000
1403715298.932142973,0.472168000,-0.667366000,1.084382000,0.000000000,0.000000000,0.000000000,1.000000000
1403715298.937143087,0.471530000,-0.666747000,1.084661000,0.000000000,0.000000000,0.000000000,1.000000000
1403715298.942142963,0.470892000,-0.666103000,1.084943000,0.000000000,0.000000000,0.000000000,1.000000000
1403715298.947143316,0.470257000,-0.665432000,1.085221000,0.000000000,0.000000000,0.000000000,1.000000000
1403715298.952142954,0.469563000,-0.664685000,1.085455000,0.000000000,0.000000000,0.000000000,1.000000000
1403715298.957143068,0.468922000,-0.663955000,1.085711000,0.000000000,0.000000000,0.000000000,1.000000000
1403715298.962142944,0.468287000,-0.663205000,1.085973000,0.000000000,0.000000000,0.000000000,1.000000000
1403715298.967143297,0.467658000,-0.662442000,1.086251000,0.000000000,0.000000000,0.000000000,1.000000000
1403715298.972142935,0.467031000,-0.661665000,1.086541000,0.000000000,0.000000000,0.000000000,1.000000000
1403715298.977143049,0.466407000,-0.660873000,1.086832000,0.000000000,0.000000000,0.000000000,1.000000000
1403715298.982143164,0.465798000,-0.660059000,1.087127000,0.000000000,0.000000000,0.000000000,1.000000000
1403715298.987143040,0.465202000,-0.659216000,1.087437000,0.000000000,0.000000000,0.000000000,1.000000000
1403715298.992142916,0.464611000,-0.658347000,1.087755000,0.000000000,0.000000000,0.000000000,1.000000000
1403715298.997143030,0.464020000,-0.657460000,1.088070000,0.000000000,0.000000000,0.000000000,1.000000000
1403715299.002143145,0.463385000,-0.656508000,1.088355000,0.000000000,0.000000000,0.000000000,1.000000000
1403715299.007143021,0.462789000,-0.655595000,1.088652000,0.000000000,0.000000000,0.000000000,1.000000000
1403715299.012142897,0.462203000,-0.654680000,1.088946000,0.000000000,0.000000000,0.000000000,1.000000000
1403715299.017143011,0.461627000,-0.653753000,1.089237000,0.000000000,0.000000000,0.000000000,1.000000000
1403715299.022143126,0.461061000,-0.652804000,1.089524000,0.000000000,0.000000000,0.000000000,1.000000000
1403715299.027143002,0.460500000,-0.651828000,1.089817000,0.000000000,0.000000000,0.000000000,1.000000000
1403715299.032143116,0.459944000,-0.650834000,1.090117000,0.000000000,0.000000000,0.000000000,1.000000000
1403715299.037143230,0.459397000,-0.649833000,1.090416000,0.000000000,0.000000000,0.000000000,1.000000000
1403715299.042143345,0.458862000,-0.648830000,1.090722000,0.000000000,0.000000000,0.000000000,1.000000000
1403715299.047142982,0.458340000,-0.647825000,1.091042000,0.000000000,0.000000000,0.000000000,1.000000000
1403715299.052143097,0.457797000,-0.646752000,1.091362000,0.000000000,0.000000000,0.000000000,1.000000000
1403715299.057143211,0.457296000,-0.645710000,1.091687000,0.000000000,0.000000000,0.000000000,1.000000000
1403715299.062143087,0.456804000,-0.644649000,1.092011000,0.000000000,0.000000000,0.000000000,1.000000000
1403715299.067142963,0.456320000,-0.643570000,1.092347000,0.000000000,0.000000000,0.000000000,1.000000000
1403715299.072143078,0.455848000,-0.642479000,1.092695000,0.000000000,0.000000000,0.000000000,1.000000000
1403715299.077143192,0.455394000,-0.641384000,1.093047000,0.000000000,0.000000000,0.000000000,1.000000000
1403715299.082143068,0.454961000,-0.640289000,1.093400000,0.000000000,0.000000000,0.000000000,1.000000000
1403715299.087142944,0.454545000,-0.639196000,1.093757000,0.000000000,0.000000000,0.000000000,1.000000000
1403715299.092143297,0.454146000,-0.638091000,1.094113000,0.000000000,0.000000000,0.000000000,1.000000000
1403715299.097143173,0.453764000,-0.636970000,1.094470000,0.000000000,0.000000000,0.000000000,1.000000000
1403715299.102143049,0.453361000,-0.635782000,1.094835000,0.000000000,0.000000000,0.000000000,1.000000000
1403715299.107142925,0.452990000,-0.634626000,1.095200000,0.000000000,0.000000000,0.000000000,1.000000000
1403715299.112143278,0.452638000,-0.633467000,1.095574000,0.000000000,0.000000000,0.000000000,1.000000000
1403715299.117143154,0.452309000,-0.632303000,1.095961000,0.000000000,0.000000000,0.000000000,1.000000000
1403715299.122143030,0.451995000,-0.631130000,1.096351000,0.000000000,0.000000000,0.000000000,1.000000000
1403715299.127142906,0.451691000,-0.629942000,1.096743000,0.000000000,0.000000000,0.000000000,1.000000000
1403715299.132143259,0.451398000,-0.628735000,1.097136000,0.000000000,0.000000000,0.000000000,1.000000000
1403715299.137142897,0.451117000,-0.627519000,1.097529000,0.000000000,0.000000000,0.000000000,1.000000000
1403715299.142143011,0.450851000,-0.626302000,1.097924000,0.000000000,0.000000000,0.000000000,1.000000000
1403715299.147142887,0.450608000,-0.625081000,1.098329000,0.000000000,0.000000000,0.000000000,1.000000000
1403715299.152143240,0.450367000,-0.623801000,1.098732000,0.000000000,0.000000000,0.000000000,1.000000000
1403715299.157143116,0.450150000,-0.622548000,1.099130000,0.000000000,0.000000000,0.000000000,1.000000000
1403715299.162142992,0.449942000,-0.621282000,1.099518000,0.000000000,0.000000000,0.000000000,1.000000000
1403715299.167143345,0.449740000,-0.620006000,1.099901000,0.000000000,0.000000000,0.000000000,1.000000000
1403715299.172143221,0.449551000,-0.618728000,1.100286000,0.000000000,0.000000000,0.000000000,1.000000000
1403715299.177143097,0.449384000,-0.617447000,1.100678000,0.000000000,0.000000000,0.000000000,1.000000000
1403715299.182142973,0.449234000,-0.616161000,1.101070000,0.000000000,0.000000000,0.000000000,1.000000000
1403715299.187143326,0.449097000,-0.614864000,1.101457000,0.000000000,0.000000000,0.000000000,1.000000000
1403715299.192142963,0.448974000,-0.613549000,1.101845000,0.000000000,0.000000000,0.000000000,1.000000000
1403715299.197143078,0.448866000,-0.612222000,1.102240000,0.000000000,0.000000000,0.000000000,1.000000000
1403715299.202142954,0.448765000,-0.610849000,1.102644000,0.000000000,0.000000000,0.000000000,1.000000000
1403715299.207143307,0.448702000,-0.609514000,1.103031000,0.000000000,0.000000000,0.000000000,1.000000000
1403715299.212142944,0.448657000,-0.608177000,1.103408000,0.000000000,0.000000000,0.000000000,1.000000000
1403715299.217143059,0.448625000,-0.606833000,1.103772000,0.000000000,0.000000000,0.000000000,1.000000000
1403715299.222143173,0.448598000,-0.605476000,1.104132000,0.000000000,0.000000000,0.000000000,1.000000000
1403715299.227143288,0.448573000,-0.604105000,1.104495000,0.000000000,0.000000000,0.000000000,1.000000000
1403715299.232142925,0.448561000,-0.602725000,1.104866000,0.000000000,0.000000000,0.000000000,1.000000000
1403715299.237143040,0.448571000,-0.601342000,1.105245000,0.000000000,0.000000000,0.000000000,1.000000000
1403715299.242143154,0.448602000,-0.599965000,1.105619000,0.000000000,0.000000000,0.000000000,1.000000000
1403715299.247143030,0.448655000,-0.598587000,1.105980000,0.000000000,0.000000000,0.000000000,1.000000000
1403715299.252142906,0.448712000,-0.597150000,1.106337000,0.000000000,0.000000000,0.000000000,1.000000000
1403715299.257143021,0.448782000,-0.595742000,1.106676000,0.000000000,0.000000000,0.000000000,1.000000000
1403715299.262143135,0.448861000,-0.594322000,1.107018000,0.000000000,0.000000000,0.000000000,1.000000000
1403715299.267143011,0.448957000,-0.592894000,1.107369000,0.000000000,0.000000000,0.000000000,1.000000000
1403715299.272142887,0.449071000,-0.591459000,1.107731000,0.000000000,0.000000000,0.000000000,1.000000000
1403715299.277143240,0.449203000,-0.590023000,1.108106000,0.000000000,0.000000000,0.000000000,1.000000000
1403715299.282143354,0.449354000,-0.588590000,1.108499000,0.000000000,0.000000000,0.000000000,1.000000000
1403715299.287142992,0.449525000,-0.587159000,1.108904000,0.000000000,0.000000000,0.000000000,1.000000000
1403715299.292143106,0.449715000,-0.585721000,1.109311000,0.000000000,0.000000000,0.000000000,1.000000000
1403715299.297143221,0.449914000,-0.584278000,1.109708000,0.000000000,0.000000000,0.000000000,1.000000000
1403715299.302143097,0.450138000,-0.582784000,1.110097000,0.000000000,0.000000000,0.000000000,1.000000000
1403715299.307142973,0.450370000,-0.581326000,1.110475000,0.000000000,0.000000000,0.000000000,1.000000000
1403715299.312143087,0.450615000,-0.579872000,1.110848000,0.000000000,0.000000000,0.000000000,1.000000000
1403715299.317143202,0.450872000,-0.578417000,1.111206000,0.000000000,0.000000000,0.000000000,1.000000000
1403715299.322143078,0.451144000,-0.576955000,1.111557000,0.000000000,0.000000000,0.000000000,1.000000000
1403715299.327142954,0.451437000,-0.575485000,1.111911000,0.000000000,0.000000000,0.000000000,1.000000000
1403715299.332143307,0.451747000,-0.574010000,1.112268000,0.000000000,0.000000000,0.000000000,1.000000000
1403715299.337143183,0.452076000,-0.572529000,1.112626000,0.000000000,0.000000000,0.000000000,1.000000000
1403715299.342143059,0.452428000,-0.571043000,1.112987000,0.000000000,0.000000000,0.000000000,1.000000000
1403715299.347142935,0.452794000,-0.569553000,1.113360000,0.000000000,0.000000000,0.000000000,1.000000000
1403715299.352143288,0.453191000,-0.568010000,1.113746000,0.000000000,0.000000000,0.000000000,1.000000000
1403715299.357143164,0.453598000,-0.566492000,1.114158000,0.000000000,0.000000000,0.000000000,1.000000000
1403715299.362143040,0.454032000,-0.564965000,1.114584000,0.000000000,0.000000000,0.000000000,1.000000000
1403715299.367142916,0.454495000,-0.563429000,1.115008000,0.000000000,0.000000000,0.000000000,1.000000000
1403715299.372143269,0.454980000,-0.561890000,1.115432000,0.000000000,0.000000000,0.000000000,1.000000000
1403715299.377142906,0.455477000,-0.560353000,1.115858000,0.000000000,0.000000000,0.000000000,1.000000000
1403715299.382143021,0.455990000,-0.558812000,1.116289000,0.000000000,0.000000000,0.000000000,1.000000000
1403715299.387142897,0.456519000,-0.557261000,1.116725000,0.000000000,0.000000000,0.000000000,1.000000000
1403715299.392143250,0.457056000,-0.555702000,1.117152000,0.000000000,0.000000000,0.000000000,1.000000000
1403715299.397142887,0.457606000,-0.554139000,1.117563000,0.000000000,0.000000000,0.000000000,1.000000000
1403715299.402143002,0.458201000,-0.552533000,1.117957000,0.000000000,0.000000000,0.000000000,1.000000000
1403715299.407143354,0.458798000,-0.550971000,1.118357000,0.000000000,0.000000000,0.000000000,1.000000000
1403715299.412143230,0.459410000,-0.549415000,1.118767000,0.000000000,0.000000000,0.000000000,1.000000000
1403715299.417143106,0.460040000,-0.547856000,1.119188000,0.000000000,0.000000000,0.000000000,1.000000000
1403715299.422142982,0.460695000,-0.546290000,1.119632000,0.000000000,0.000000000,0.000000000,1.000000000
1403715299.427143335,0.461379000,-0.544715000,1.120089000,0.000000000,0.000000000,0.000000000,1.000000000
1403715299.432142973,0.462086000,-0.543129000,1.120549000,0.000000000,0.000000000,0.000000000,1.000000000
1403715299.437143087,0.462814000,-0.541542000,1.121012000,0.000000000,0.000000000,0.000000000,1.000000000
1403715299.442142963,0.463563000,-0.539955000,1.121480000,0.000000000,0.000000000,0.000000000,1.000000000
1403715299.447143316,0.464330000,-0.538370000,1.121949000,0.000000000,0.000000000,0.000000000,1.000000000
1403715299.452142954,0.465153000,-0.536735000,1.122431000,0.000000000,0.000000000,0.000000000,1.000000000
1403715299.457143068,0.465967000,-0.535141000,1.122878000,0.000000000,0.000000000,0.000000000,1.000000000
1403715299.462142944,0.466797000,-0.533544000,1.123323000,0.000000000,0.000000000,0.000000000,1.000000000
1403715299.467143297,0.467637000,-0.531943000,1.123777000,0.000000000,0.000000000,0.000000000,1.000000000
1403715299.472142935,0.468492000,-0.530331000,1.124240000,0.000000000,0.000000000,0.000000000,1.000000000
1403715299.477143049,0.469365000,-0.528709000,1.124720000,0.000000000,0.000000000,0.000000000,1.000000000
1403715299.482143164,0.470259000,-0.527086000,1.125217000,0.000000000,0.000000000,0.000000000,1.000000000
1403715299.487143040,0.471178000,-0.525465000,1.125719000,0.000000000,0.000000000,0.000000000,1.000000000
1403715299.492142916,0.472117000,-0.523849000,1.126222000,0.000000000,0.000000000,0.000000000,1.000000000
1403715299.497143030,0.473071000,-0.522238000,1.126712000,0.000000000,0.000000000,0.000000000,1.000000000
1403715299.502143145,0.474093000,-0.520565000,1.127225000,0.000000000,0.000000000,0.000000000,1.000000000
1403715299.507143021,0.475091000,-0.518921000,1.127728000,0.000000000,0.000000000,0.000000000,1.000000000
1403715299.512142897,0.476097000,-0.517266000,1.128257000,0.000000000,0.000000000,0.000000000,1.000000000
1403715299.517143011,0.477097000,-0.515617000,1.128776000,0.000000000,0.000000000,0.000000000,1.000000000
1403715299.522143126,0.478105000,-0.513977000,1.129275000,0.000000000,0.000000000,0.000000000,1.000000000
1403715299.527143002,0.479133000,-0.512339000,1.129771000,0.000000000,0.000000000,0.000000000,1.000000000
1403715299.532143116,0.480172000,-0.510695000,1.130256000,0.000000000,0.000000000,0.000000000,1.000000000
1403715299.537143230,0.481216000,-0.509037000,1.130721000,0.000000000,0.000000000,0.000000000,1.000000000
1403715299.542143345,0.482259000,-0.507367000,1.131162000,0.000000000,0.000000000,0.000000000,1.000000000
1403715299.547142982,0.483307000,-0.505689000,1.131591000,0.000000000,0.000000000,0.000000000,1.000000000
1403715299.552143097,0.484436000,-0.503954000,1.132041000,0.000000000,0.000000000,0.000000000,1.000000000
1403715299.557143211,0.485534000,-0.502274000,1.132480000,0.000000000,0.000000000,0.000000000,1.000000000
1403715299.562143087,0.486656000,-0.500601000,1.132924000,0.000000000,0.000000000,0.000000000,1.000000000
1403715299.567142963,0.487794000,-0.498926000,1.133372000,0.000000000,0.000000000,0.000000000,1.000000000
1403715299.572143078,0.488936000,-0.497247000,1.133814000,0.000000000,0.000000000,0.000000000,1.000000000
1403715299.577143192,0.490078000,-0.495562000,1.134255000,0.000000000,0.000000000,0.000000000,1.000000000
1403715299.582143068,0.491222000,-0.493873000,1.134703000,0.000000000,0.000000000,0.000000000,1.000000000
1403715299.587142944,0.492378000,-0.492183000,1.135154000,0.000000000,0.000000000,0.000000000,1.000000000
1403715299.592143297,0.493557000,-0.490492000,1.135607000,0.000000000,0.000000000,0.000000000,1.000000000
1403715299.597143173,0.494760000,-0.488806000,1.136058000,0.000000000,0.000000000,0.000000000,1.000000000
1403715299.602143049,0.496051000,-0.487052000,1.136511000,0.000000000,0.000000000,0.000000000,1.000000000
1403715299.607142925,0.497281000,-0.485346000,1.136934000,0.000000000,0.000000000,0.000000000,1.000000000
1403715299.612143278,0.498515000,-0.483631000,1.137336000,0.000000000,0.000000000,0.000000000,1.000000000
1403715299.617143154,0.499744000,-0.481901000,1.137725000,0.000000000,0.000000000,0.000000000,1.000000000
1403715299.622143030,0.500965000,-0.480160000,1.138111000,0.000000000,0.000000000,0.000000000,1.000000000
1403715299.627142906,0.502189000,-0.478421000,1.138492000,0.000000000,0.000000000,0.000000000,1.000000000
1403715299.632143259,0.503424000,-0.476692000,1.138862000,0.000000000,0.000000000,0.000000000,1.000000000
1403715299.637142897,0.504668000,-0.474982000,1.139215000,0.000000000,0.000000000,0.000000000,1.000000000
1403715299.642143011,0.505914000,-0.473284000,1.139549000,0.000000000,0.000000000,0.000000000,1.000000000
1403715299.647142887,0.507156000,-0.471585000,1.139869000,0.000000000,0.000000000,0.000000000,1.000000000
1403715299.652143240,0.508488000,-0.469813000,1.140212000,0.000000000,0.000000000,0.000000000,1.000000000
1403715299.657143116,0.509767000,-0.468073000,1.140525000,0.000000000,0.000000000,0.000000000,1.000000000
1403715299.662142992,0.511057000,-0.466334000,1.140842000,0.000000000,0.000000000,0.000000000,1.000000000
1403715299.667143345,0.512360000,-0.464604000,1.141158000,0.000000000,0.000000000,0.000000000,1.000000000
1403715299.672143221,0.513680000,-0.462882000,1.141479000,0.000000000,0.000000000,0.000000000,1.000000000
1403715299.677143097,0.515013000,-0.461167000,1.141809000,0.000000000,0.000000000,0.000000000,1.000000000
1403715299.682142973,0.516346000,-0.459453000,1.142140000,0.000000000,0.000000000,0.000000000,1.000000000
1403715299.687143326,0.517681000,-0.457733000,1.142471000,0.000000000,0.000000000,0.000000000,1.000000000
1403715299.692142963,0.519023000,-0.456000000,1.142803000,0.000000000,0.000000000,0.000000000,1.000000000
1403715299.697143078,0.520371000,-0.454256000,1.143131000,0.000000000,0.000000000,0.000000000,1.000000000
1403715299.702142954,0.521805000,-0.452459000,1.143495000,0.000000000,0.000000000,0.000000000,1.000000000
1403715299.707143307,0.523188000,-0.450710000,1.143803000,0.000000000,0.000000000,0.000000000,1.000000000
1403715299.712142944,0.524586000,-0.448962000,1.144092000,0.000000000,0.000000000,0.000000000,1.000000000
1403715299.717143059,0.526002000,-0.447213000,1.144372000,0.000000000,0.000000000,0.000000000,1.000000000
1403715299.722143173,0.527426000,-0.445461000,1.144651000,0.000000000,0.000000000,0.000000000,1.000000000
1403715299.727143288,0.528858000,-0.443717000,1.144931000,0.000000000,0.000000000,0.000000000,1.000000000
1403715299.732142925,0.530297000,-0.441980000,1.145207000,0.000000000,0.000000000,0.000000000,1.000000000
1403715299.737143040,0.531742000,-0.440243000,1.145475000,0.000000000,0.000000000,0.000000000,1.000000000
1403715299.742143154,0.533194000,-0.438513000,1.145740000,0.000000000,0.000000000,0.000000000,1.000000000
1403715299.747143030,0.534654000,-0.436790000,1.146008000,0.000000000,0.000000000,0.000000000,1.000000000
1403715299.752142906,0.536204000,-0.435009000,1.146327000,0.000000000,0.000000000,0.000000000,1.000000000
1403715299.757143021,0.537693000,-0.433270000,1.146601000,0.000000000,0.000000000,0.000000000,1.000000000
1403715299.762143135,0.539183000,-0.431527000,1.146872000,0.000000000,0.000000000,0.000000000,1.000000000
1403715299.767143011,0.540679000,-0.429779000,1.147136000,0.000000000,0.000000000,0.000000000,1.000000000
1403715299.772142887,0.542186000,-0.428028000,1.147401000,0.000000000,0.000000000,0.000000000,1.000000000
1403715299.777143240,0.543698000,-0.426282000,1.147667000,0.000000000,0.000000000,0.000000000,1.000000000
1403715299.782143354,0.545210000,-0.424549000,1.147913000,0.000000000,0.000000000,0.000000000,1.000000000
1403715299.787142992,0.546727000,-0.422825000,1.148144000,0.000000000,0.000000000,0.000000000,1.000000000
1403715299.792143106,0.548254000,-0.421107000,1.148376000,0.000000000,0.000000000,0.000000000,1.000000000
1403715299.797143221,0.549791000,-0.419400000,1.148612000,0.000000000,0.000000000,0.000000000,1.000000000
1403715299.802143097,0.551419000,-0.417649000,1.148913000,0.000000000,0.000000000,0.000000000,1.000000000
1403715299.807142973,0.552993000,-0.415929000,1.149141000,0.000000000,0.000000000,0.000000000,1.000000000
1403715299.812143087,0.554571000,-0.414202000,1.149352000,0.000000000,0.000000000,0.000000000,1.000000000
1403715299.817143202,0.556152000,-0.412475000,1.149536000,0.000000000,0.000000000,0.000000000,1.000000000
1403715299.822143078,0.557744000,-0.410750000,1.149685000,0.000000000,0.000000000,0.000000000,1.000000000
1403715299.827142954,0.559341000,-0.409034000,1.149806000,0.000000000,0.000000000,0.000000000,1.000000000
1403715299.832143307,0.560931000,-0.407335000,1.149904000,0.000000000,0.000000000,0.000000000,1.000000000
1403715299.837143183,0.562514000,-0.405651000,1.149988000,0.000000000,0.000000000,0.000000000,1.000000000
1403715299.842143059,0.564099000,-0.403974000,1.150072000,0.000000000,0.000000000,0.000000000,1.000000000
1403715299.847142935,0.565690000,-0.402301000,1.150168000,0.000000000,0.000000000,0.000000000,1.000000000
1403715299.852143288,0.567371000,-0.400594000,1.150360000,0.000000000,0.000000000,0.000000000,1.000000000
1403715299.857143164,0.569004000,-0.398931000,1.150481000,0.000000000,0.000000000,0.000000000,1.000000000
1403715299.862143040,0.570644000,-0.397276000,1.150601000,0.000000000,0.000000000,0.000000000,1.000000000
1403715299.867142916,0.572287000,-0.395623000,1.150722000,0.000000000,0.000000000,0.000000000,1.000000000
1403715299.872143269,0.573930000,-0.393968000,1.150842000,0.000000000,0.000000000,0.000000000,1.000000000
1403715299.877142906,0.575578000,-0.392308000,1.150963000,0.000000000,0.000000000,0.000000000,1.000000000
1403715299.882143021,0.577235000,-0.390647000,1.151089000,0.000000000,0.000000000,0.000000000,1.000000000
1403715299.887142897,0.578905000,-0.388986000,1.151215000,0.000000000,0.000000000,0.000000000,1.000000000
1403715299.892143250,0.580585000,-0.387313000,1.151351000,0.000000000,0.000000000,0.000000000,1.000000000
1403715299.897142887,0.582266000,-0.385627000,1.151510000,0.000000000,0.000000000,0.000000000,1.000000000
1403715299.902143002,0.584029000,-0.383895000,1.151758000,0.000000000,0.000000000,0.000000000,1.000000000
1403715299.907143354,0.585735000,-0.382193000,1.151942000,0.000000000,0.000000000,0.000000000,1.000000000
1403715299.912143230,0.587447000,-0.380499000,1.152113000,0.000000000,0.000000000,0.000000000,1.000000000
1403715299.917143106,0.589167000,-0.378814000,1.152271000,0.000000000,0.000000000,0.000000000,1.000000000
1403715299.922142982,0.590889000,-0.377132000,1.152427000,0.000000000,0.000000000,0.000000000,1.000000000
1403715299.927143335,0.592609000,-0.375451000,1.152582000,0.000000000,0.000000000,0.000000000,1.000000000
1403715299.932142973,0.594328000,-0.373769000,1.152733000,0.000000000,0.000000000,0.000000000,1.000000000
1403715299.937143087,0.596051000,-0.372083000,1.152879000,0.000000000,0.000000000,0.000000000,1.000000000
1403715299.942142963,0.597780000,-0.370403000,1.153017000,0.000000000,0.000000000,0.000000000,1.000000000
1403715299.947143316,0.599512000,-0.368742000,1.153137000,0.000000000,0.000000000,0.000000000,1.000000000
1403715299.952142954,0.601321000,-0.367076000,1.153302000,0.000000000,0.000000000,0.000000000,1.000000000
1403715299.957143068,0.603077000,-0.365438000,1.153419000,0.000000000,0.000000000,0.000000000,1.000000000
1403715299.962142944,0.604838000,-0.363805000,1.153525000,0.000000000,0.000000000,0.000000000,1.000000000
1403715299.967143297,0.606607000,-0.362176000,1.153620000,0.000000000,0.000000000,0.000000000,1.000000000
1403715299.972142935,0.608378000,-0.360549000,1.153708000,0.000000000,0.000000000,0.000000000,1.000000000
1403715299.977143049,0.610153000,-0.358918000,1.153794000,0.000000000,0.000000000,0.000000000,1.000000000
1403715299.982143164,0.611937000,-0.357282000,1.153890000,0.000000000,0.000000000,0.000000000,1.000000000
1403715299.987143040,0.613730000,-0.355642000,1.153991000,0.000000000,0.000000000,0.000000000,1.000000000
1403715299.992142916,0.615533000,-0.354004000,1.154084000,0.000000000,0.000000000,0.000000000,1.000000000
1403715299.997143030,0.617333000,-0.352368000,1.154177000,0.000000000,0.000000000,0.000000000,1.000000000
1403715300.002143145,0.619199000,-0.350717000,1.154318000,0.000000000,0.000000000,0.000000000,1.000000000
1403715300.007143021,0.621021000,-0.349095000,1.154440000,0.000000000,0.000000000,0.000000000,1.000000000
1403715300.012142897,0.622861000,-0.347476000,1.154591000,0.000000000,0.000000000,0.000000000,1.000000000
1403715300.017143011,0.624710000,-0.345860000,1.154767000,0.000000000,0.000000000,0.000000000,1.000000000
1403715300.022143126,0.626555000,-0.344248000,1.154969000,0.000000000,0.000000000,0.000000000,1.000000000
1403715300.027143002,0.628405000,-0.342634000,1.155182000,0.000000000,0.000000000,0.000000000,1.000000000
1403715300.032143116,0.630274000,-0.341010000,1.155398000,0.000000000,0.000000000,0.000000000,1.000000000
1403715300.037143230,0.632154000,-0.339387000,1.155614000,0.000000000,0.000000000,0.000000000,1.000000000
1403715300.042143345,0.634041000,-0.337778000,1.155806000,0.000000000,0.000000000,0.000000000,1.000000000
1403715300.047142982,0.635924000,-0.336179000,1.155971000,0.000000000,0.000000000,0.000000000,1.000000000
1403715300.052143097,0.637851000,-0.334581000,1.156151000,0.000000000,0.000000000,0.000000000,1.000000000
1403715300.057143211,0.639735000,-0.333003000,1.156276000,0.000000000,0.000000000,0.000000000,1.000000000
1403715300.062143087,0.641620000,-0.331433000,1.156399000,0.000000000,0.000000000,0.000000000,1.000000000
1403715300.067142963,0.643508000,-0.329873000,1.156522000,0.000000000,0.000000000,0.000000000,1.000000000
1403715300.072143078,0.645404000,-0.328320000,1.156647000,0.000000000,0.000000000,0.000000000,1.000000000
1403715300.077143192,0.647306000,-0.326778000,1.156782000,0.000000000,0.000000000,0.000000000,1.000000000
1403715300.082143068,0.649211000,-0.325252000,1.156926000,0.000000000,0.000000000,0.000000000,1.000000000
1403715300.087142944,0.651118000,-0.323740000,1.157080000,0.000000000,0.000000000,0.000000000,1.000000000
1403715300.092143297,0.653025000,-0.322231000,1.157253000,0.000000000,0.000000000,0.000000000,1.000000000
1403715300.097143173,0.654928000,-0.320728000,1.157433000,0.000000000,0.000000000,0.000000000,1.000000000
1403715300.102143049,0.656877000,-0.319231000,1.157670000,0.000000000,0.000000000,0.000000000,1.000000000
1403715300.107142925,0.658795000,-0.317751000,1.157825000,0.000000000,0.000000000,0.000000000,1.000000000
1403715300.112143278,0.660720000,-0.316285000,1.157953000,0.000000000,0.000000000,0.000000000,1.000000000
1403715300.117143154,0.662655000,-0.314825000,1.158067000,0.000000000,0.000000000,0.000000000,1.000000000
1403715300.122143030,0.664594000,-0.313369000,1.158174000,0.000000000,0.000000000,0.000000000,1.000000000
1403715300.127142906,0.666527000,-0.311918000,1.158283000,0.000000000,0.000000000,0.000000000,1.000000000
1403715300.132143259,0.668448000,-0.310476000,1.158400000,0.000000000,0.000000000,0.000000000,1.000000000
1403715300.137142897,0.670364000,-0.309047000,1.158528000,0.000000000,0.000000000,0.000000000,1.000000000
1403715300.142143011,0.672283000,-0.307629000,1.158668000,0.000000000,0.000000000,0.000000000,1.000000000
1403715300.147142887,0.674211000,-0.306218000,1.158811000,0.000000000,0.000000000,0.000000000,1.000000000
1403715300.152143240,0.676192000,-0.304811000,1.159005000,0.000000000,0.000000000,0.000000000,1.000000000
1403715300.157143116,0.678138000,-0.303414000,1.159156000,0.000000000,0.000000000,0.000000000,1.000000000
1403715300.162142992,0.680076000,-0.302035000,1.159293000,0.000000000,0.000000000,0.000000000,1.000000000
1403715300.167143345,0.682017000,-0.300665000,1.159409000,0.000000000,0.000000000,0.000000000,1.000000000
1403715300.172143221,0.683958000,-0.299297000,1.159518000,0.000000000,0.000000000,0.000000000,1.000000000
1403715300.177143097,0.685896000,-0.297930000,1.159615000,0.000000000,0.000000000,0.000000000,1.000000000
1403715300.182142973,0.687834000,-0.296565000,1.159705000,0.000000000,0.000000000,0.000000000,1.000000000
1403715300.187143326,0.689774000,-0.295201000,1.159805000,0.000000000,0.000000000,0.000000000,1.000000000
1403715300.192142963,0.691711000,-0.293848000,1.159922000,0.000000000,0.000000000,0.000000000,1.000000000
1403715300.197143078,0.693644000,-0.292500000,1.160050000,0.000000000,0.000000000,0.000000000,1.000000000
1403715300.202142954,0.695615000,-0.291157000,1.160227000,0.000000000,0.000000000,0.000000000,1.000000000
1403715300.207143307,0.697549000,-0.289814000,1.160392000,0.000000000,0.000000000,0.000000000,1.000000000
1403715300.212142944,0.699476000,-0.288477000,1.160548000,0.000000000,0.000000000,0.000000000,1.000000000
1403715300.217143059,0.701399000,-0.287144000,1.160688000,0.000000000,0.000000000,0.000000000,1.000000000
1403715300.222143173,0.703314000,-0.285818000,1.160818000,0.000000000,0.000000000,0.000000000,1.000000000
1403715300.227143288,0.705218000,-0.284503000,1.160948000,0.000000000,0.000000000,0.000000000,1.000000000
1403715300.232142925,0.707114000,-0.283197000,1.161080000,0.000000000,0.000000000,0.000000000,1.000000000
1403715300.237143040,0.709002000,-0.281895000,1.161216000,0.000000000,0.000000000,0.000000000,1.000000000
1403715300.242143154,0.710879000,-0.280598000,1.161362000,0.000000000,0.000000000,0.000000000,1.000000000
1403715300.247143030,0.712741000,-0.279303000,1.161513000,0.000000000,0.000000000,0.000000000,1.000000000
1403715300.252142906,0.714629000,-0.278014000,1.161685000,0.000000000,0.000000000,0.000000000,1.000000000
1403715300.257143021,0.716477000,-0.276727000,1.161841000,0.000000000,0.000000000,0.000000000,1.000000000
1403715300.262143135,0.718319000,-0.275449000,1.161993000,0.000000000,0.000000000,0.000000000,1.000000000
1403715300.267143011,0.720152000,-0.274182000,1.162136000,0.000000000,0.000000000,0.000000000,1.000000000
1403715300.272142887,0.721966000,-0.272928000,1.162272000,0.000000000,0.000000000,0.000000000,1.000000000
1403715300.277143240,0.723758000,-0.271683000,1.162396000,0.000000000,0.000000000,0.000000000,1.000000000
1403715300.282143354,0.725535000,-0.270438000,1.162514000,0.000000000,0.000000000,0.000000000,1.000000000
1403715300.287142992,0.727302000,-0.269193000,1.162643000,0.000000000,0.000000000,0.000000000,1.000000000
1403715300.292143106,0.729063000,-0.267950000,1.162774000,0.000000000,0.000000000,0.000000000,1.000000000
1403715300.297143221,0.730823000,-0.266713000,1.162898000,0.000000000,0.000000000,0.000000000,1.000000000
1403715300.302143097,0.732619000,-0.265491000,1.163050000,0.000000000,0.000000000,0.000000000,1.000000000
1403715300.307142973,0.734369000,-0.264274000,1.163168000,0.000000000,0.000000000,0.000000000,1.000000000
1403715300.312143087,0.736102000,-0.263071000,1.163291000,0.000000000,0.000000000,0.000000000,1.000000000
1403715300.317143202,0.737822000,-0.261875000,1.163415000,0.000000000,0.000000000,0.000000000,1.000000000
1403715300.322143078,0.739529000,-0.260682000,1.163537000,0.000000000,0.000000000,0.000000000,1.000000000
1403715300.327142954,0.741222000,-0.259493000,1.163659000,0.000000000,0.000000000,0.000000000,1.000000000
1403715300.332143307,0.742904000,-0.258311000,1.163790000,0.000000000,0.000000000,0.000000000,1.000000000
1403715300.337143183,0.744584000,-0.257138000,1.163923000,0.000000000,0.000000000,0.000000000,1.000000000
1403715300.342143059,0.746264000,-0.255973000,1.164053000,0.000000000,0.000000000,0.000000000,1.000000000
1403715300.347142935,0.747940000,-0.254814000,1.164176000,0.000000000,0.000000000,0.000000000,1.000000000
1403715300.352143288,0.749652000,-0.253665000,1.164334000,0.000000000,0.000000000,0.000000000,1.000000000
1403715300.357143164,0.751308000,-0.252514000,1.164477000,0.000000000,0.000000000,0.000000000,1.000000000
1403715300.362143040,0.752946000,-0.251364000,1.164626000,0.000000000,0.000000000,0.000000000,1.000000000
1403715300.367142916,0.754571000,-0.250219000,1.164777000,0.000000000,0.000000000,0.000000000,1.000000000
1403715300.372143269,0.756193000,-0.249076000,1.164926000,0.000000000,0.000000000,0.000000000,1.000000000
1403715300.377142906,0.757806000,-0.247942000,1.165083000,0.000000000,0.000000000,0.000000000,1.000000000
1403715300.382143021,0.759408000,-0.246828000,1.165247000,0.000000000,0.000000000,0.000000000,1.000000000
1403715300.387142897,0.761003000,-0.245727000,1.165407000,0.000000000,0.000000000,0.000000000,1.000000000
1403715300.392143250,0.762588000,-0.244633000,1.165565000,0.000000000,0.000000000,0.000000000,1.000000000
1403715300.397142887,0.764158000,-0.243548000,1.165729000,0.000000000,0.000000000,0.000000000,1.000000000
1403715300.402143002,0.765765000,-0.242473000,1.165926000,0.000000000,0.000000000,0.000000000,1.000000000
1403715300.407143354,0.767330000,-0.241407000,1.166105000,0.000000000,0.000000000,0.000000000,1.000000000
1403715300.412143230,0.768893000,-0.240352000,1.166282000,0.000000000,0.000000000,0.000000000,1.000000000
1403715300.417143106,0.770446000,-0.239315000,1.166454000,0.000000000,0.000000000,0.000000000,1.000000000
1403715300.422142982,0.771989000,-0.238293000,1.166617000,0.000000000,0.000000000,0.000000000,1.000000000
1403715300.427143335,0.773523000,-0.237288000,1.166775000,0.000000000,0.000000000,0.000000000,1.000000000
1403715300.432142973,0.775041000,-0.236300000,1.166916000,0.000000000,0.000000000,0.000000000,1.000000000
1403715300.437143087,0.776535000,-0.235324000,1.167050000,0.000000000,0.000000000,0.000000000,1.000000000
1403715300.442142963,0.778017000,-0.234358000,1.167176000,0.000000000,0.000000000,0.000000000,1.000000000
1403715300.447143316,0.779490000,-0.233403000,1.167301000,0.000000000,0.000000000,0.000000000,1.000000000
1403715300.452142954,0.781000000,-0.232462000,1.167483000,0.000000000,0.000000000,0.000000000,1.000000000
1403715300.457143068,0.782466000,-0.231538000,1.167642000,0.000000000,0.000000000,0.000000000,1.000000000
1403715300.462142944,0.783922000,-0.230627000,1.167814000,0.000000000,0.000000000,0.000000000,1.000000000
1403715300.467143297,0.785370000,-0.229727000,1.167999000,0.000000000,0.000000000,0.000000000,1.000000000
1403715300.472142935,0.786806000,-0.228836000,1.168191000,0.000000000,0.000000000,0.000000000,1.000000000
1403715300.477143049,0.788231000,-0.227959000,1.168380000,0.000000000,0.000000000,0.000000000,1.000000000
1403715300.482143164,0.789643000,-0.227098000,1.168564000,0.000000000,0.000000000,0.000000000,1.000000000
1403715300.487143040,0.791049000,-0.226256000,1.168734000,0.000000000,0.000000000,0.000000000,1.000000000
1403715300.492142916,0.792450000,-0.225430000,1.168891000,0.000000000,0.000000000,0.000000000,1.000000000
1403715300.497143030,0.793835000,-0.224616000,1.169038000,0.000000000,0.000000000,0.000000000,1.000000000
1403715300.502143145,0.795257000,-0.223807000,1.169221000,0.000000000,0.000000000,0.000000000,1.000000000
1403715300.507143021,0.796617000,-0.223014000,1.169372000,0.000000000,0.000000000,0.000000000,1.000000000
1403715300.512142897,0.797971000,-0.222232000,1.169516000,0.000000000,0.000000000,0.000000000,1.000000000
1403715300.517143011,0.799323000,-0.221462000,1.169655000,0.000000000,0.000000000,0.000000000,1.000000000
1403715300.522143126,0.800676000,-0.220709000,1.169797000,0.000000000,0.000000000,0.000000000,1.000000000
1403715300.527143002,0.802021000,-0.219975000,1.169937000,0.000000000,0.000000000,0.000000000,1.000000000
1403715300.532143116,0.803351000,-0.219255000,1.170075000,0.000000000,0.000000000,0.000000000,1.000000000
1403715300.537143230,0.804661000,-0.218549000,1.170213000,0.000000000,0.000000000,0.000000000,1.000000000
1403715300.542143345,0.805951000,-0.217859000,1.170353000,0.000000000,0.000000000,0.000000000,1.000000000
1403715300.547142982,0.807233000,-0.217186000,1.170496000,0.000000000,0.000000000,0.000000000,1.000000000
1403715300.552143097,0.808586000,-0.216514000,1.170666000,0.000000000,0.000000000,0.000000000,1.000000000
1403715300.557143211,0.809886000,-0.215866000,1.170794000,0.000000000,0.000000000,0.000000000,1.000000000
1403715300.562143087,0.811183000,-0.215243000,1.170906000,0.000000000,0.000000000,0.000000000,1.000000000
1403715300.567142963,0.812469000,-0.214637000,1.171005000,0.000000000,0.000000000,0.000000000,1.000000000
1403715300.572143078,0.813742000,-0.214035000,1.171097000,0.000000000,0.000000000,0.000000000,1.000000000
1403715300.577143192,0.814995000,-0.213434000,1.171201000,0.000000000,0.000000000,0.000000000,1.000000000
1403715300.582143068,0.816229000,-0.212841000,1.171316000,0.000000000,0.000000000,0.000000000,1.000000000
1403715300.587142944,0.817455000,-0.212262000,1.171454000,0.000000000,0.000000000,0.000000000,1.000000000
1403715300.592143297,0.818681000,-0.211704000,1.171611000,0.000000000,0.000000000,0.000000000,1.000000000
1403715300.597143173,0.819906000,-0.211169000,1.171768000,0.000000000,0.000000000,0.000000000,1.000000000
1403715300.602143049,0.821192000,-0.210640000,1.171957000,0.000000000,0.000000000,0.000000000,1.000000000
1403715300.607142925,0.822416000,-0.210144000,1.172071000,0.000000000,0.000000000,0.000000000,1.000000000
1403715300.612143278,0.823630000,-0.209661000,1.172162000,0.000000000,0.000000000,0.000000000,1.000000000
1403715300.617143154,0.824836000,-0.209191000,1.172244000,0.000000000,0.000000000,0.000000000,1.000000000
1403715300.622143030,0.826033000,-0.208734000,1.172324000,0.000000000,0.000000000,0.000000000,1.000000000
1403715300.627142906,0.827227000,-0.208292000,1.172413000,0.000000000,0.000000000,0.000000000,1.000000000
1403715300.632143259,0.828421000,-0.207861000,1.172516000,0.000000000,0.000000000,0.000000000,1.000000000
1403715300.637142897,0.829612000,-0.207438000,1.172623000,0.000000000,0.000000000,0.000000000,1.000000000
1403715300.642143011,0.830795000,-0.207024000,1.172732000,0.000000000,0.000000000,0.000000000,1.000000000
1403715300.647142887,0.831965000,-0.206625000,1.172845000,0.000000000,0.000000000,0.000000000,1.000000000
1403715300.652143240,0.833209000,-0.206227000,1.173019000,0.000000000,0.000000000,0.000000000,1.000000000
1403715300.657143116,0.834377000,-0.205856000,1.173149000,0.000000000,0.000000000,0.000000000,1.000000000
1403715300.662142992,0.835538000,-0.205495000,1.173285000,0.000000000,0.000000000,0.000000000,1.000000000
1403715300.667143345,0.836699000,-0.205139000,1.173430000,0.000000000,0.000000000,0.000000000,1.000000000
1403715300.672143221,0.837861000,-0.204791000,1.173575000,0.000000000,0.000000000,0.000000000,1.000000000
1403715300.677143097,0.839022000,-0.204461000,1.173708000,0.000000000,0.000000000,0.000000000,1.000000000
1403715300.682142973,0.840175000,-0.204157000,1.173835000,0.000000000,0.000000000,0.000000000,1.000000000
1403715300.687143326,0.841310000,-0.203875000,1.173957000,0.000000000,0.000000000,0.000000000,1.000000000
1403715300.692142963,0.842421000,-0.203614000,1.174076000,0.000000000,0.000000000,0.000000000,1.000000000
1403715300.697143078,0.843516000,-0.203368000,1.174193000,0.000000000,0.000000000,0.000000000,1.000000000
1403715300.702142954,0.844699000,-0.203113000,1.174354000,0.000000000,0.000000000,0.000000000,1.000000000
1403715300.707143307,0.845808000,-0.202877000,1.174503000,0.000000000,0.000000000,0.000000000,1.000000000
1403715300.712142944,0.846918000,-0.202657000,1.174659000,0.000000000,0.000000000,0.000000000,1.000000000
1403715300.717143059,0.848024000,-0.202457000,1.174818000,0.000000000,0.000000000,0.000000000,1.000000000
1403715300.722143173,0.849127000,-0.202275000,1.174980000,0.000000000,0.000000000,0.000000000,1.000000000
1403715300.727143288,0.850221000,-0.202100000,1.175156000,0.000000000,0.000000000,0.000000000,1.000000000
1403715300.732142925,0.851299000,-0.201937000,1.175334000,0.000000000,0.000000000,0.000000000,1.000000000
1403715300.737143040,0.852363000,-0.201792000,1.175501000,0.000000000,0.000000000,0.000000000,1.000000000
1403715300.742143154,0.853420000,-0.201667000,1.175663000,0.000000000,0.000000000,0.000000000,1.000000000
1403715300.747143030,0.854471000,-0.201568000,1.175831000,0.000000000,0.000000000,0.000000000,1.000000000
1403715300.752142906,0.855604000,-0.201484000,1.176029000,0.000000000,0.000000000,0.000000000,1.000000000
1403715300.757143021,0.856670000,-0.201428000,1.176182000,0.000000000,0.000000000,0.000000000,1.000000000
1403715300.762143135,0.857734000,-0.201379000,1.176339000,0.000000000,0.000000000,0.000000000,1.000000000
1403715300.767143011,0.858786000,-0.201340000,1.176496000,0.000000000,0.000000000,0.000000000,1.000000000
1403715300.772142887,0.859822000,-0.201315000,1.176648000,0.000000000,0.000000000,0.000000000,1.000000000
1403715300.777143240,0.860846000,-0.201301000,1.176804000,0.000000000,0.000000000,0.000000000,1.000000000
1403715300.782143354,0.861867000,-0.201300000,1.176964000,0.000000000,0.000000000,0.000000000,1.000000000
1403715300.787142992,0.862892000,-0.201313000,1.177118000,0.000000000,0.000000000,0.000000000,1.000000000
1403715300.792143106,0.863916000,-0.201341000,1.177264000,0.000000000,0.000000000,0.000000000,1.000000000
1403715300.797143221,0.864933000,-0.201385000,1.177402000,0.000000000,0.000000000,0.000000000,1.000000000
1403715300.802143097,0.866038000,-0.201420000,1.177598000,0.000000000,0.000000000,0.000000000,1.000000000
1403715300.807142973,0.867072000,-0.201475000,1.177752000,0.000000000,0.000000000,0.000000000,1.000000000
1403715300.812143087,0.868103000,-0.201540000,1.177913000,0.000000000,0.000000000,0.000000000,1.000000000
1403715300.817143202,0.869127000,-0.201621000,1.178075000,0.000000000,0.000000000,0.000000000,1.000000000
1403715300.822143078,0.870144000,-0.201718000,1.178228000,0.000000000,0.000000000,0.000000000,1.000000000
1403715300.827142954,0.871154000,-0.201829000,1.178382000,0.000000000,0.000000000,0.000000000,1.000000000
1403715300.832143307,0.872150000,-0.201953000,1.178537000,0.000000000,0.000000000,0.000000000,1.000000000
1403715300.837143183,0.873135000,-0.202090000,1.178686000,0.000000000,0.000000000,0.000000000,1.000000000
1403715300.842143059,0.874116000,-0.202236000,1.178836000,0.000000000,0.000000000,0.000000000,1.000000000
1403715300.847142935,0.875101000,-0.202391000,1.178998000,0.000000000,0.000000000,0.000000000,1.000000000
1403715300.852143288,0.876174000,-0.202557000,1.179207000,0.000000000,0.000000000,0.000000000,1.000000000
1403715300.857143164,0.877165000,-0.202756000,1.179371000,0.000000000,0.000000000,0.000000000,1.000000000
1403715300.862143040,0.878145000,-0.202969000,1.179517000,0.000000000,0.000000000,0.000000000,1.000000000
1403715300.867142916,0.879112000,-0.203189000,1.179648000,0.000000000,0.000000000,0.000000000,1.000000000
1403715300.872143269,0.880065000,-0.203418000,1.179776000,0.000000000,0.000000000,0.000000000,1.000000000
1403715300.877142906,0.881005000,-0.203663000,1.179895000,0.000000000,0.000000000,0.000000000,1.000000000
1403715300.882143021,0.881937000,-0.203928000,1.180004000,0.000000000,0.000000000,0.000000000,1.000000000
1403715300.887142897,0.882864000,-0.204211000,1.180109000,0.000000000,0.000000000,0.000000000,1.000000000
1403715300.892143250,0.883787000,-0.204508000,1.180209000,0.000000000,0.000000000,0.000000000,1.000000000
1403715300.897142887,0.884703000,-0.204812000,1.180308000,0.000000000,0.000000000,0.000000000,1.000000000
1403715300.902143002,0.885695000,-0.205110000,1.180455000,0.000000000,0.000000000,0.000000000,1.000000000
1403715300.907143354,0.886596000,-0.205430000,1.180557000,0.000000000,0.000000000,0.000000000,1.000000000
1403715300.912143230,0.887484000,-0.205766000,1.180660000,0.000000000,0.000000000,0.000000000,1.000000000
1403715300.917143106,0.888369000,-0.206120000,1.180769000,0.000000000,0.000000000,0.000000000,1.000000000
1403715300.922142982,0.889251000,-0.206495000,1.180873000,0.000000000,0.000000000,0.000000000,1.000000000
1403715300.927143335,0.890127000,-0.206887000,1.180974000,0.000000000,0.000000000,0.000000000,1.000000000
1403715300.932142973,0.890985000,-0.207290000,1.181077000,0.000000000,0.000000000,0.000000000,1.000000000
1403715300.937143087,0.891825000,-0.207698000,1.181170000,0.000000000,0.000000000,0.000000000,1.000000000
1403715300.942142963,0.892656000,-0.208105000,1.181262000,0.000000000,0.000000000,0.000000000,1.000000000
1403715300.947143316,0.893483000,-0.208516000,1.181357000,0.000000000,0.000000000,0.000000000,1.000000000
1403715300.952142954,0.894405000,-0.208934000,1.181482000,0.000000000,0.000000000,0.000000000,1.000000000
1403715300.957143068,0.895246000,-0.209364000,1.181568000,0.000000000,0.000000000,0.000000000,1.000000000
1403715300.962142944,0.896070000,-0.209807000,1.181651000,0.000000000,0.000000000,0.000000000,1.000000000
1403715300.967143297,0.896880000,-0.210258000,1.181735000,0.000000000,0.000000000,0.000000000,1.000000000
1403715300.972142935,0.897679000,-0.210713000,1.181820000,0.000000000,0.000000000,0.000000000,1.000000000
1403715300.977143049,0.898463000,-0.211176000,1.181892000,0.000000000,0.000000000,0.000000000,1.000000000
1403715300.982143164,0.899239000,-0.211653000,1.181948000,0.000000000,0.000000000,0.000000000,1.000000000
1403715300.987143040,0.900007000,-0.212149000,1.182002000,0.000000000,0.000000000,0.000000000,1.000000000
1403715300.992142916,0.900763000,-0.212663000,1.182057000,0.000000000,0.000000000,0.000000000,1.000000000
1403715300.997143030,0.901507000,-0.213185000,1.182116000,0.000000000,0.000000000,0.000000000,1.000000000
1403715301.002143145,0.902319000,-0.213716000,1.182218000,0.000000000,0.000000000,0.000000000,1.000000000
1403715301.007143021,0.903051000,-0.214236000,1.182283000,0.000000000,0.000000000,0.000000000,1.000000000
1403715301.012142897,0.903769000,-0.214753000,1.182336000,0.000000000,0.000000000,0.000000000,1.000000000
1403715301.017143011,0.904474000,-0.215273000,1.182391000,0.000000000,0.000000000,0.000000000,1.000000000
1403715301.022143126,0.905163000,-0.215807000,1.182448000,0.000000000,0.000000000,0.000000000,1.000000000
1403715301.027143002,0.905843000,-0.216356000,1.182489000,0.000000000,0.000000000,0.000000000,1.000000000
1403715301.032143116,0.906514000,-0.216913000,1.182515000,0.000000000,0.000000000,0.000000000,1.000000000
1403715301.037143230,0.907172000,-0.217475000,1.182533000,0.000000000,0.000000000,0.000000000,1.000000000
1403715301.042143345,0.907816000,-0.218040000,1.182550000,0.000000000,0.000000000,0.000000000,1.000000000
1403715301.047142982,0.908450000,-0.218613000,1.182575000,0.000000000,0.000000000,0.000000000,1.000000000
1403715301.052143097,0.909153000,-0.219220000,1.182646000,0.000000000,0.000000000,0.000000000,1.000000000
1403715301.057143211,0.909787000,-0.219826000,1.182691000,0.000000000,0.000000000,0.000000000,1.000000000
1403715301.062143087,0.910413000,-0.220444000,1.182731000,0.000000000,0.000000000,0.000000000,1.000000000
1403715301.067142963,0.911025000,-0.221073000,1.182765000,0.000000000,0.000000000,0.000000000,1.000000000
1403715301.072143078,0.911623000,-0.221704000,1.182799000,0.000000000,0.000000000,0.000000000,1.000000000
1403715301.077143192,0.912205000,-0.222337000,1.182842000,0.000000000,0.000000000,0.000000000,1.000000000
1403715301.082143068,0.912774000,-0.222977000,1.182884000,0.000000000,0.000000000,0.000000000,1.000000000
1403715301.087142944,0.913331000,-0.223625000,1.182921000,0.000000000,0.000000000,0.000000000,1.000000000
1403715301.092143297,0.913872000,-0.224283000,1.182958000,0.000000000,0.000000000,0.000000000,1.000000000
1403715301.097143173,0.914392000,-0.224955000,1.183003000,0.000000000,0.000000000,0.000000000,1.000000000
1403715301.102143049,0.914956000,-0.225655000,1.183074000,0.000000000,0.000000000,0.000000000,1.000000000
1403715301.107142925,0.915460000,-0.226343000,1.183123000,0.000000000,0.000000000,0.000000000,1.000000000
1403715301.112143278,0.915957000,-0.227033000,1.183170000,0.000000000,0.000000000,0.000000000,1.000000000
1403715301.117143154,0.916442000,-0.227726000,1.183208000,0.000000000,0.000000000,0.000000000,1.000000000
1403715301.122143030,0.916912000,-0.228423000,1.183236000,0.000000000,0.000000000,0.000000000,1.000000000
1403715301.127142906,0.917373000,-0.229124000,1.183264000,0.000000000,0.000000000,0.000000000,1.000000000
1403715301.132143259,0.917825000,-0.229827000,1.183291000,0.000000000,0.000000000,0.000000000,1.000000000
1403715301.137142897,0.918264000,-0.230533000,1.183309000,0.000000000,0.000000000,0.000000000,1.000000000
1403715301.142143011,0.918682000,-0.231239000,1.183319000,0.000000000,0.000000000,0.000000000,1.000000000
1403715301.147142887,0.919074000,-0.231950000,1.183326000,0.000000000,0.000000000,0.000000000,1.000000000
1403715301.152143240,0.919498000,-0.232697000,1.183334000,0.000000000,0.000000000,0.000000000,1.000000000
1403715301.157143116,0.919859000,-0.233431000,1.183335000,0.000000000,0.000000000,0.000000000,1.000000000
1403715301.162142992,0.920207000,-0.234180000,1.183345000,0.000000000,0.000000000,0.000000000,1.000000000
1403715301.167143345,0.920546000,-0.234944000,1.183356000,0.000000000,0.000000000,0.000000000,1.000000000
1403715301.172143221,0.920875000,-0.235722000,1.183359000,0.000000000,0.000000000,0.000000000,1.000000000
1403715301.177143097,0.921184000,-0.236510000,1.183355000,0.000000000,0.000000000,0.000000000,1.000000000
1403715301.182142973,0.921466000,-0.237303000,1.183342000,0.000000000,0.000000000,0.000000000,1.000000000
1403715301.187143326,0.921726000,-0.238101000,1.183319000,0.000000000,0.000000000,0.000000000,1.000000000
1403715301.192142963,0.921971000,-0.238909000,1.183291000,0.000000000,0.000000000,0.000000000,1.000000000
1403715301.197143078,0.922208000,-0.239731000,1.183267000,0.000000000,0.000000000,0.000000000,1.000000000
1403715301.202142954,0.922476000,-0.240602000,1.183259000,0.000000000,0.000000000,0.000000000,1.000000000
1403715301.207143307,0.922692000,-0.241456000,1.183246000,0.000000000,0.000000000,0.000000000,1.000000000
1403715301.212142944,0.922883000,-0.242310000,1.183231000,0.000000000,0.000000000,0.000000000,1.000000000
1403715301.217143059,0.923045000,-0.243166000,1.183207000,0.000000000,0.000000000,0.000000000,1.000000000
1403715301.222143173,0.923182000,-0.244027000,1.183167000,0.000000000,0.000000000,0.000000000,1.000000000
1403715301.227143288,0.923298000,-0.244894000,1.183120000,0.000000000,0.000000000,0.000000000,1.000000000
1403715301.232142925,0.923398000,-0.245765000,1.183067000,0.000000000,0.000000000,0.000000000,1.000000000
1403715301.237143040,0.923486000,-0.246644000,1.183002000,0.000000000,0.000000000,0.000000000,1.000000000
1403715301.242143154,0.923556000,-0.247531000,1.182932000,0.000000000,0.000000000,0.000000000,1.000000000
1403715301.247143030,0.923603000,-0.248424000,1.182862000,0.000000000,0.000000000,0.000000000,1.000000000
1403715301.252142906,0.923658000,-0.249351000,1.182772000,0.000000000,0.000000000,0.000000000,1.000000000
1403715301.257143021,0.923674000,-0.250249000,1.182679000,0.000000000,0.000000000,0.000000000,1.000000000
1403715301.262143135,0.923666000,-0.251146000,1.182583000,0.000000000,0.000000000,0.000000000,1.000000000
1403715301.267143011,0.923632000,-0.252039000,1.182486000,0.000000000,0.000000000,0.000000000,1.000000000
1403715301.272142887,0.923573000,-0.252932000,1.182385000,0.000000000,0.000000000,0.000000000,1.000000000
1403715301.277143240,0.923492000,-0.253833000,1.182280000,0.000000000,0.000000000,0.000000000,1.000000000
1403715301.282143354,0.923389000,-0.254746000,1.182166000,0.000000000,0.000000000,0.000000000,1.000000000
1403715301.287142992,0.923264000,-0.255675000,1.182047000,0.000000000,0.000000000,0.000000000,1.000000000
1403715301.292143106,0.923116000,-0.256613000,1.181919000,0.000000000,0.000000000,0.000000000,1.000000000
1403715301.297143221,0.922941000,-0.257551000,1.181794000,0.000000000,0.000000000,0.000000000,1.000000000
1403715301.302143097,0.922744000,-0.258535000,1.181676000,0.000000000,0.000000000,0.000000000,1.000000000
1403715301.307142973,0.922506000,-0.259486000,1.181544000,0.000000000,0.000000000,0.000000000,1.000000000
1403715301.312143087,0.922246000,-0.260444000,1.181398000,0.000000000,0.000000000,0.000000000,1.000000000
1403715301.317143202,0.921964000,-0.261415000,1.181245000,0.000000000,0.000000000,0.000000000,1.000000000
1403715301.322143078,0.921660000,-0.262397000,1.181084000,0.000000000,0.000000000,0.000000000,1.000000000
1403715301.327142954,0.921333000,-0.263383000,1.180917000,0.000000000,0.000000000,0.000000000,1.000000000
1403715301.332143307,0.920979000,-0.264369000,1.180748000,0.000000000,0.000000000,0.000000000,1.000000000
1403715301.337143183,0.920599000,-0.265352000,1.180569000,0.000000000,0.000000000,0.000000000,1.000000000
1403715301.342143059,0.920195000,-0.266334000,1.180378000,0.000000000,0.000000000,0.000000000,1.000000000
1403715301.347142935,0.919770000,-0.267323000,1.180180000,0.000000000,0.000000000,0.000000000,1.000000000
1403715301.352143288,0.919336000,-0.268363000,1.179954000,0.000000000,0.000000000,0.000000000,1.000000000
1403715301.357143164,0.918871000,-0.269381000,1.179741000,0.000000000,0.000000000,0.000000000,1.000000000
1403715301.362143040,0.918378000,-0.270404000,1.179514000,0.000000000,0.000000000,0.000000000,1.000000000
1403715301.367142916,0.917857000,-0.271431000,1.179269000,0.000000000,0.000000000,0.000000000,1.000000000
1403715301.372143269,0.917308000,-0.272459000,1.179014000,0.000000000,0.000000000,0.000000000,1.000000000
1403715301.377142906,0.916735000,-0.273488000,1.178753000,0.000000000,0.000000000,0.000000000,1.000000000
1403715301.382143021,0.916145000,-0.274521000,1.178484000,0.000000000,0.000000000,0.000000000,1.000000000
1403715301.387142897,0.915537000,-0.275560000,1.178204000,0.000000000,0.000000000,0.000000000,1.000000000
1403715301.392143250,0.914917000,-0.276599000,1.177911000,0.000000000,0.000000000,0.000000000,1.000000000
1403715301.397142887,0.914279000,-0.277635000,1.177621000,0.000000000,0.000000000,0.000000000,1.000000000
1403715301.402143002,0.913600000,-0.278710000,1.177309000,0.000000000,0.000000000,0.000000000,1.000000000
1403715301.407143354,0.912902000,-0.279757000,1.177013000,0.000000000,0.000000000,0.000000000,1.000000000
1403715301.412143230,0.912177000,-0.280808000,1.176712000,0.000000000,0.000000000,0.000000000,1.000000000
1403715301.417143106,0.911428000,-0.281867000,1.176407000,0.000000000,0.000000000,0.000000000,1.000000000
1403715301.422142982,0.910658000,-0.282935000,1.176096000,0.000000000,0.000000000,0.000000000,1.000000000
1403715301.427143335,0.909874000,-0.284006000,1.175777000,0.000000000,0.000000000,0.000000000,1.000000000
1403715301.432142973,0.909074000,-0.285079000,1.175449000,0.000000000,0.000000000,0.000000000,1.000000000
1403715301.437143087,0.908254000,-0.286156000,1.175106000,0.000000000,0.000000000,0.000000000,1.000000000
1403715301.442142963,0.907410000,-0.287235000,1.174747000,0.000000000,0.000000000,0.000000000,1.000000000
1403715301.447143316,0.906542000,-0.288311000,1.174366000,0.000000000,0.000000000,0.000000000,1.000000000
1403715301.452142954,0.905628000,-0.289440000,1.173951000,0.000000000,0.000000000,0.000000000,1.000000000
1403715301.457143068,0.904708000,-0.290551000,1.173541000,0.000000000,0.000000000,0.000000000,1.000000000
1403715301.462142944,0.903774000,-0.291676000,1.173119000,0.000000000,0.000000000,0.000000000,1.000000000
1403715301.467143297,0.902823000,-0.292806000,1.172682000,0.000000000,0.000000000,0.000000000,1.000000000
1403715301.472142935,0.901852000,-0.293939000,1.172232000,0.000000000,0.000000000,0.000000000,1.000000000
1403715301.477143049,0.900865000,-0.295070000,1.171777000,0.000000000,0.000000000,0.000000000,1.000000000
1403715301.482143164,0.899866000,-0.296199000,1.171324000,0.000000000,0.000000000,0.000000000,1.000000000
1403715301.487143040,0.898849000,-0.297332000,1.170869000,0.000000000,0.000000000,0.000000000,1.000000000
1403715301.492142916,0.897816000,-0.298476000,1.170406000,0.000000000,0.000000000,0.000000000,1.000000000
1403715301.497143030,0.896769000,-0.299633000,1.169924000,0.000000000,0.000000000,0.000000000,1.000000000
1403715301.502143145,0.895671000,-0.300841000,1.169409000,0.000000000,0.000000000,0.000000000,1.000000000
1403715301.507143021,0.894583000,-0.302031000,1.168879000,0.000000000,0.000000000,0.000000000,1.000000000
1403715301.512142897,0.893476000,-0.303220000,1.168337000,0.000000000,0.000000000,0.000000000,1.000000000
1403715301.517143011,0.892353000,-0.304411000,1.167785000,0.000000000,0.000000000,0.000000000,1.000000000
1403715301.522143126,0.891217000,-0.305604000,1.167222000,0.000000000,0.000000000,0.000000000,1.000000000
1403715301.527143002,0.890069000,-0.306800000,1.166652000,0.000000000,0.000000000,0.000000000,1.000000000
1403715301.532143116,0.888908000,-0.308006000,1.166073000,0.000000000,0.000000000,0.000000000,1.000000000
1403715301.537143230,0.887741000,-0.309217000,1.165490000,0.000000000,0.000000000,0.000000000,1.000000000
1403715301.542143345,0.886564000,-0.310429000,1.164908000,0.000000000,0.000000000,0.000000000,1.000000000
1403715301.547142982,0.885374000,-0.311642000,1.164316000,0.000000000,0.000000000,0.000000000,1.000000000
1403715301.552143097,0.884126000,-0.312895000,1.163721000,0.000000000,0.000000000,0.000000000,1.000000000
1403715301.557143211,0.882896000,-0.314122000,1.163133000,0.000000000,0.000000000,0.000000000,1.000000000
1403715301.562143087,0.881660000,-0.315357000,1.162548000,0.000000000,0.000000000,0.000000000,1.000000000
1403715301.567142963,0.880421000,-0.316600000,1.161956000,0.000000000,0.000000000,0.000000000,1.000000000
1403715301.572143078,0.879173000,-0.317847000,1.161364000,0.000000000,0.000000000,0.000000000,1.000000000
1403715301.577143192,0.877910000,-0.319097000,1.160773000,0.000000000,0.000000000,0.000000000,1.000000000
1403715301.582143068,0.876633000,-0.320346000,1.160172000,0.000000000,0.000000000,0.000000000,1.000000000
1403715301.587142944,0.875344000,-0.321588000,1.159560000,0.000000000,0.000000000,0.000000000,1.000000000
1403715301.592143297,0.874045000,-0.322830000,1.158942000,0.000000000,0.000000000,0.000000000,1.000000000
1403715301.597143173,0.872738000,-0.324080000,1.158321000,0.000000000,0.000000000,0.000000000,1.000000000
1403715301.602143049,0.871375000,-0.325373000,1.157706000,0.000000000,0.000000000,0.000000000,1.000000000
1403715301.607142925,0.870049000,-0.326650000,1.157085000,0.000000000,0.000000000,0.000000000,1.000000000
1403715301.612143278,0.868723000,-0.327934000,1.156457000,0.000000000,0.000000000,0.000000000,1.000000000
1403715301.617143154,0.867393000,-0.329215000,1.155827000,0.000000000,0.000000000,0.000000000,1.000000000
1403715301.622143030,0.866052000,-0.330497000,1.155196000,0.000000000,0.000000000,0.000000000,1.000000000
1403715301.627142906,0.864707000,-0.331785000,1.154559000,0.000000000,0.000000000,0.000000000,1.000000000
1403715301.632143259,0.863364000,-0.333072000,1.153926000,0.000000000,0.000000000,0.000000000,1.000000000
1403715301.637142897,0.862019000,-0.334364000,1.153289000,0.000000000,0.000000000,0.000000000,1.000000000
1403715301.642143011,0.860671000,-0.335663000,1.152643000,0.000000000,0.000000000,0.000000000,1.000000000
1403715301.647142887,0.859319000,-0.336963000,1.151998000,0.000000000,0.000000000,0.000000000,1.000000000
1403715301.652143240,0.857907000,-0.338290000,1.151379000,0.000000000,0.000000000,0.000000000,1.000000000
1403715301.657143116,0.856545000,-0.339591000,1.150749000,0.000000000,0.000000000,0.000000000,1.000000000
1403715301.662142992,0.855181000,-0.340897000,1.150130000,0.000000000,0.000000000,0.000000000,1.000000000
1403715301.667143345,0.853816000,-0.342219000,1.149504000,0.000000000,0.000000000,0.000000000,1.000000000
1403715301.672143221,0.852458000,-0.343549000,1.148864000,0.000000000,0.000000000,0.000000000,1.000000000
1403715301.677143097,0.851099000,-0.344884000,1.148216000,0.000000000,0.000000000,0.000000000,1.000000000
1403715301.682142973,0.849736000,-0.346226000,1.147569000,0.000000000,0.000000000,0.000000000,1.000000000
1403715301.687143326,0.848369000,-0.347574000,1.146926000,0.000000000,0.000000000,0.000000000,1.000000000
1403715301.692142963,0.846998000,-0.348929000,1.146278000,0.000000000,0.000000000,0.000000000,1.000000000
1403715301.697143078,0.845624000,-0.350286000,1.145613000,0.000000000,0.000000000,0.000000000,1.000000000
1403715301.702142954,0.844182000,-0.351673000,1.144973000,0.000000000,0.000000000,0.000000000,1.000000000
1403715301.707143307,0.842799000,-0.353050000,1.144299000,0.000000000,0.000000000,0.000000000,1.000000000
1403715301.712142944,0.841421000,-0.354436000,1.143609000,0.000000000,0.000000000,0.000000000,1.000000000
1403715301.717143059,0.840052000,-0.355820000,1.142907000,0.000000000,0.000000000,0.000000000,1.000000000
1403715301.722143173,0.838673000,-0.357207000,1.142199000,0.000000000,0.000000000,0.000000000,1.000000000
1403715301.727143288,0.837280000,-0.358602000,1.141491000,0.000000000,0.000000000,0.000000000,1.000000000
1403715301.732142925,0.835889000,-0.359999000,1.140800000,0.000000000,0.000000000,0.000000000,1.000000000
1403715301.737143040,0.834512000,-0.361397000,1.140124000,0.000000000,0.000000000,0.000000000,1.000000000
1403715301.742143154,0.833151000,-0.362802000,1.139448000,0.000000000,0.000000000,0.000000000,1.000000000
1403715301.747143030,0.831793000,-0.364219000,1.138761000,0.000000000,0.000000000,0.000000000,1.000000000
1403715301.752142906,0.830360000,-0.365670000,1.138093000,0.000000000,0.000000000,0.000000000,1.000000000
1403715301.757143021,0.828975000,-0.367111000,1.137405000,0.000000000,0.000000000,0.000000000,1.000000000
1403715301.762143135,0.827591000,-0.368543000,1.136726000,0.000000000,0.000000000,0.000000000,1.000000000
1403715301.767143011,0.826211000,-0.369971000,1.136058000,0.000000000,0.000000000,0.000000000,1.000000000
1403715301.772142887,0.824832000,-0.371398000,1.135390000,0.000000000,0.000000000,0.000000000,1.000000000
1403715301.777143240,0.823459000,-0.372831000,1.134723000,0.000000000,0.000000000,0.000000000,1.000000000
1403715301.782143354,0.822093000,-0.374271000,1.134068000,0.000000000,0.000000000,0.000000000,1.000000000
1403715301.787142992,0.820731000,-0.375710000,1.133418000,0.000000000,0.000000000,0.000000000,1.000000000
1403715301.792143106,0.819370000,-0.377148000,1.132776000,0.000000000,0.000000000,0.000000000,1.000000000
1403715301.797143221,0.818009000,-0.378588000,1.132140000,0.000000000,0.000000000,0.000000000,1.000000000
1403715301.802143097,0.816577000,-0.380037000,1.131533000,0.000000000,0.000000000,0.000000000,1.000000000
1403715301.807142973,0.815202000,-0.381474000,1.130891000,0.000000000,0.000000000,0.000000000,1.000000000
1403715301.812143087,0.813824000,-0.382916000,1.130240000,0.000000000,0.000000000,0.000000000,1.000000000
1403715301.817143202,0.812441000,-0.384360000,1.129590000,0.000000000,0.000000000,0.000000000,1.000000000
1403715301.822143078,0.811058000,-0.385791000,1.128947000,0.000000000,0.000000000,0.000000000,1.000000000
1403715301.827142954,0.809672000,-0.387205000,1.128306000,0.000000000,0.000000000,0.000000000,1.000000000
1403715301.832143307,0.808277000,-0.388617000,1.127646000,0.000000000,0.000000000,0.000000000,1.000000000
1403715301.837143183,0.806880000,-0.390032000,1.126982000,0.000000000,0.000000000,0.000000000,1.000000000
1403715301.842143059,0.805482000,-0.391445000,1.126331000,0.000000000,0.000000000,0.000000000,1.000000000
1403715301.847142935,0.804084000,-0.392858000,1.125681000,0.000000000,0.000000000,0.000000000,1.000000000
1403715301.852143288,0.802602000,-0.394286000,1.125064000,0.000000000,0.000000000,0.000000000,1.000000000
1403715301.857143164,0.801183000,-0.395692000,1.124435000,0.000000000,0.000000000,0.000000000,1.000000000
1403715301.862143040,0.799757000,-0.397096000,1.123811000,0.000000000,0.000000000,0.000000000,1.000000000
1403715301.867142916,0.798325000,-0.398503000,1.123177000,0.000000000,0.000000000,0.000000000,1.000000000
1403715301.872143269,0.796888000,-0.399913000,1.122533000,0.000000000,0.000000000,0.000000000,1.000000000
1403715301.877142906,0.795446000,-0.401321000,1.121881000,0.000000000,0.000000000,0.000000000,1.000000000
1403715301.882143021,0.794003000,-0.402725000,1.121227000,0.000000000,0.000000000,0.000000000,1.000000000
1403715301.887142897,0.792557000,-0.404127000,1.120583000,0.000000000,0.000000000,0.000000000,1.000000000
1403715301.892143250,0.791105000,-0.405527000,1.119948000,0.000000000,0.000000000,0.000000000,1.000000000
1403715301.897142887,0.789650000,-0.406929000,1.119317000,0.000000000,0.000000000,0.000000000,1.000000000
1403715301.902143002,0.788194000,-0.408334000,1.118692000,0.000000000,0.000000000,0.000000000,1.000000000
1403715301.907143354,0.786625000,-0.409771000,1.118110000,0.000000000,0.000000000,0.000000000,1.000000000
1403715301.912143230,0.785139000,-0.411179000,1.117505000,0.000000000,0.000000000,0.000000000,1.000000000
1403715301.917143106,0.783650000,-0.412579000,1.116901000,0.000000000,0.000000000,0.000000000,1.000000000
1403715301.922142982,0.782153000,-0.413976000,1.116291000,0.000000000,0.000000000,0.000000000,1.000000000
1403715301.927143335,0.780645000,-0.415376000,1.115675000,0.000000000,0.000000000,0.000000000,1.000000000
1403715301.932142973,0.779133000,-0.416780000,1.115063000,0.000000000,0.000000000,0.000000000,1.000000000
1403715301.937143087,0.777619000,-0.418184000,1.114464000,0.000000000,0.000000000,0.000000000,1.000000000
1403715301.942142963,0.776104000,-0.419585000,1.113864000,0.000000000,0.000000000,0.000000000,1.000000000
1403715301.947143316,0.774591000,-0.420984000,1.113268000,0.000000000,0.000000000,0.000000000,1.000000000
1403715301.952142954,0.773000000,-0.422401000,1.112699000,0.000000000,0.000000000,0.000000000,1.000000000
1403715301.957143068,0.771461000,-0.423807000,1.112135000,0.000000000,0.000000000,0.000000000,1.000000000
1403715301.962142944,0.769923000,-0.425207000,1.111590000,0.000000000,0.000000000,0.000000000,1.000000000
1403715301.967143297,0.768385000,-0.426599000,1.111063000,0.000000000,0.000000000,0.000000000,1.000000000
1403715301.972142935,0.766842000,-0.427989000,1.110545000,0.000000000,0.000000000,0.000000000,1.000000000
1403715301.977143049,0.765297000,-0.429378000,1.110037000,0.000000000,0.000000000,0.000000000,1.000000000
1403715301.982143164,0.763749000,-0.430763000,1.109544000,0.000000000,0.000000000,0.000000000,1.000000000
1403715301.987143040,0.762197000,-0.432146000,1.109059000,0.000000000,0.000000000,0.000000000,1.000000000
1403715301.992142916,0.760636000,-0.433526000,1.108582000,0.000000000,0.000000000,0.000000000,1.000000000
1403715301.997143030,0.759064000,-0.434898000,1.108119000,0.000000000,0.000000000,0.000000000,1.000000000
1403715302.002143145,0.757398000,-0.436275000,1.107686000,0.000000000,0.000000000,0.000000000,1.000000000
1403715302.007143021,0.755792000,-0.437628000,1.107249000,0.000000000,0.000000000,0.000000000,1.000000000
1403715302.012142897,0.754183000,-0.438977000,1.106822000,0.000000000,0.000000000,0.000000000,1.000000000
1403715302.017143011,0.752572000,-0.440329000,1.106402000,0.000000000,0.000000000,0.000000000,1.000000000
1403715302.022143126,0.750956000,-0.441687000,1.105981000,0.000000000,0.000000000,0.000000000,1.000000000
1403715302.027143002,0.749337000,-0.443045000,1.105552000,0.000000000,0.000000000,0.000000000,1.000000000
1403715302.032143116,0.747710000,-0.444400000,1.105113000,0.000000000,0.000000000,0.000000000,1.000000000
1403715302.037143230,0.746073000,-0.445759000,1.104674000,0.000000000,0.000000000,0.000000000,1.000000000
1403715302.042143345,0.744426000,-0.447115000,1.104232000,0.000000000,0.000000000,0.000000000,1.000000000
1403715302.047142982,0.742772000,-0.448466000,1.103786000,0.000000000,0.000000000,0.000000000,1.000000000
1403715302.052143097,0.741031000,-0.449851000,1.103329000,0.000000000,0.000000000,0.000000000,1.000000000
1403715302.057143211,0.739341000,-0.451208000,1.102894000,0.000000000,0.000000000,0.000000000,1.000000000
1403715302.062143087,0.737647000,-0.452559000,1.102472000,0.000000000,0.000000000,0.000000000,1.000000000
1403715302.067142963,0.735957000,-0.453902000,1.102051000,0.000000000,0.000000000,0.000000000,1.000000000
1403715302.072143078,0.734263000,-0.455240000,1.101628000,0.000000000,0.000000000,0.000000000,1.000000000
1403715302.077143192,0.732563000,-0.456572000,1.101204000,0.000000000,0.000000000,0.000000000,1.000000000
1403715302.082143068,0.730854000,-0.457900000,1.100778000,0.000000000,0.000000000,0.000000000,1.000000000
1403715302.087142944,0.729136000,-0.459225000,1.100352000,0.000000000,0.000000000,0.000000000,1.000000000
1403715302.092143297,0.727412000,-0.460548000,1.099937000,0.000000000,0.000000000,0.000000000,1.000000000
1403715302.097143173,0.725688000,-0.461866000,1.099533000,0.000000000,0.000000000,0.000000000,1.000000000
1403715302.102143049,0.723874000,-0.463217000,1.099123000,0.000000000,0.000000000,0.000000000,1.000000000
1403715302.107142925,0.722118000,-0.464535000,1.098712000,0.000000000,0.000000000,0.000000000,1.000000000
1403715302.112143278,0.720349000,-0.465850000,1.098300000,0.000000000,0.000000000,0.000000000,1.000000000
1403715302.117143154,0.718571000,-0.467155000,1.097894000,0.000000000,0.000000000,0.000000000,1.000000000
1403715302.122143030,0.716783000,-0.468450000,1.097496000,0.000000000,0.000000000,0.000000000,1.000000000
1403715302.127142906,0.714986000,-0.469743000,1.097099000,0.000000000,0.000000000,0.000000000,1.000000000
1403715302.132143259,0.713182000,-0.471039000,1.096699000,0.000000000,0.000000000,0.000000000,1.000000000
1403715302.137142897,0.711373000,-0.472337000,1.096303000,0.000000000,0.000000000,0.000000000,1.000000000
1403715302.142143011,0.709557000,-0.473633000,1.095912000,0.000000000,0.000000000,0.000000000,1.000000000
1403715302.147142887,0.707731000,-0.474924000,1.095532000,0.000000000,0.000000000,0.000000000,1.000000000
1403715302.152143240,0.705806000,-0.476259000,1.095147000,0.000000000,0.000000000,0.000000000,1.000000000
1403715302.157143116,0.703937000,-0.477559000,1.094785000,0.000000000,0.000000000,0.000000000,1.000000000
1403715302.162142992,0.702066000,-0.478856000,1.094433000,0.000000000,0.000000000,0.000000000,1.000000000
1403715302.167143345,0.700196000,-0.480146000,1.094089000,0.000000000,0.000000000,0.000000000,1.000000000
1403715302.172143221,0.698320000,-0.481431000,1.093746000,0.000000000,0.000000000,0.000000000,1.000000000
1403715302.177143097,0.696433000,-0.482709000,1.093409000,0.000000000,0.000000000,0.000000000,1.000000000
1403715302.182142973,0.694539000,-0.483975000,1.093087000,0.000000000,0.000000000,0.000000000,1.000000000
1403715302.187143326,0.692648000,-0.485234000,1.092772000,0.000000000,0.000000000,0.000000000,1.000000000
1403715302.192142963,0.690763000,-0.486488000,1.092456000,0.000000000,0.000000000,0.000000000,1.000000000
1403715302.197143078,0.688877000,-0.487738000,1.092130000,0.000000000,0.000000000,0.000000000,1.000000000
1403715302.202142954,0.686885000,-0.489036000,1.091785000,0.000000000,0.000000000,0.000000000,1.000000000
1403715302.207143307,0.684949000,-0.490279000,1.091445000,0.000000000,0.000000000,0.000000000,1.000000000
1403715302.212142944,0.683003000,-0.491512000,1.091093000,0.000000000,0.000000000,0.000000000,1.000000000
1403715302.217143059,0.681050000,-0.492735000,1.090737000,0.000000000,0.000000000,0.000000000,1.000000000
1403715302.222143173,0.679092000,-0.493953000,1.090384000,0.000000000,0.000000000,0.000000000,1.000000000
1403715302.227143288,0.677132000,-0.495166000,1.090039000,0.000000000,0.000000000,0.000000000,1.000000000
1403715302.232142925,0.675174000,-0.496363000,1.089705000,0.000000000,0.000000000,0.000000000,1.000000000
1403715302.237143040,0.673215000,-0.497540000,1.089382000,0.000000000,0.000000000,0.000000000,1.000000000
1403715302.242143154,0.671250000,-0.498701000,1.089066000,0.000000000,0.000000000,0.000000000,1.000000000
1403715302.247143030,0.669278000,-0.499848000,1.088766000,0.000000000,0.000000000,0.000000000,1.000000000
1403715302.252142906,0.667212000,-0.501042000,1.088478000,0.000000000,0.000000000,0.000000000,1.000000000
1403715302.257143021,0.665234000,-0.502161000,1.088224000,0.000000000,0.000000000,0.000000000,1.000000000
1403715302.262143135,0.663261000,-0.503263000,1.087984000,0.000000000,0.000000000,0.000000000,1.000000000
1403715302.267143011,0.661289000,-0.504355000,1.087751000,0.000000000,0.000000000,0.000000000,1.000000000
1403715302.272142887,0.659315000,-0.505436000,1.087524000,0.000000000,0.000000000,0.000000000,1.000000000
1403715302.277143240,0.657338000,-0.506506000,1.087301000,0.000000000,0.000000000,0.000000000,1.000000000
1403715302.282143354,0.655356000,-0.507569000,1.087077000,0.000000000,0.000000000,0.000000000,1.000000000
1403715302.287142992,0.653371000,-0.508623000,1.086858000,0.000000000,0.000000000,0.000000000,1.000000000
1403715302.292143106,0.651384000,-0.509665000,1.086652000,0.000000000,0.000000000,0.000000000,1.000000000
1403715302.297143221,0.649396000,-0.510693000,1.086456000,0.000000000,0.000000000,0.000000000,1.000000000
1403715302.302143097,0.647296000,-0.511784000,1.086212000,0.000000000,0.000000000,0.000000000,1.000000000
1403715302.307142973,0.645275000,-0.512799000,1.086012000,0.000000000,0.000000000,0.000000000,1.000000000
1403715302.312143087,0.643251000,-0.513800000,1.085825000,0.000000000,0.000000000,0.000000000,1.000000000
1403715302.317143202,0.641223000,-0.514788000,1.085655000,0.000000000,0.000000000,0.000000000,1.000000000
1403715302.322143078,0.639194000,-0.515762000,1.085496000,0.000000000,0.000000000,0.000000000,1.000000000
1403715302.327142954,0.637164000,-0.516715000,1.085344000,0.000000000,0.000000000,0.000000000,1.000000000
1403715302.332143307,0.635126000,-0.517648000,1.085196000,0.000000000,0.000000000,0.000000000,1.000000000
1403715302.337143183,0.633080000,-0.518563000,1.085057000,0.000000000,0.000000000,0.000000000,1.000000000
1403715302.342143059,0.631030000,-0.519459000,1.084942000,0.000000000,0.000000000,0.000000000,1.000000000
1403715302.347142935,0.628979000,-0.520346000,1.084844000,0.000000000,0.000000000,0.000000000,1.000000000
1403715302.352143288,0.626817000,-0.521307000,1.084730000,0.000000000,0.000000000,0.000000000,1.000000000
1403715302.357143164,0.624747000,-0.522196000,1.084626000,0.000000000,0.000000000,0.000000000,1.000000000
1403715302.362143040,0.622678000,-0.523074000,1.084533000,0.000000000,0.000000000,0.000000000,1.000000000
1403715302.367142916,0.620603000,-0.523932000,1.084455000,0.000000000,0.000000000,0.000000000,1.000000000
1403715302.372143269,0.618521000,-0.524765000,1.084383000,0.000000000,0.000000000,0.000000000,1.000000000
1403715302.377142906,0.616433000,-0.525582000,1.084313000,0.000000000,0.000000000,0.000000000,1.000000000
1403715302.382143021,0.614332000,-0.526391000,1.084238000,0.000000000,0.000000000,0.000000000,1.000000000
1403715302.387142897,0.612223000,-0.527192000,1.084166000,0.000000000,0.000000000,0.000000000,1.000000000
1403715302.392143250,0.610114000,-0.527981000,1.084107000,0.000000000,0.000000000,0.000000000,1.000000000
1403715302.397142887,0.608008000,-0.528757000,1.084057000,0.000000000,0.000000000,0.000000000,1.000000000
1403715302.402143002,0.605796000,-0.529594000,1.083970000,0.000000000,0.000000000,0.000000000,1.000000000
1403715302.407143354,0.603656000,-0.530361000,1.083915000,0.000000000,0.000000000,0.000000000,1.000000000
1403715302.412143230,0.601506000,-0.531108000,1.083868000,0.000000000,0.000000000,0.000000000,1.000000000
1403715302.417143106,0.599357000,-0.531832000,1.083829000,0.000000000,0.000000000,0.000000000,1.000000000
1403715302.422142982,0.597211000,-0.532539000,1.083794000,0.000000000,0.000000000,0.000000000,1.000000000
1403715302.427143335,0.595067000,-0.533240000,1.083763000,0.000000000,0.000000000,0.000000000,1.000000000
1403715302.432142973,0.592925000,-0.533938000,1.083737000,0.000000000,0.000000000,0.000000000,1.000000000
1403715302.437143087,0.590779000,-0.534629000,1.083716000,0.000000000,0.000000000,0.000000000,1.000000000
1403715302.442142963,0.588625000,-0.535309000,1.083700000,0.000000000,0.000000000,0.000000000,1.000000000
1403715302.447143316,0.586459000,-0.535974000,1.083693000,0.000000000,0.000000000,0.000000000,1.000000000
1403715302.452142954,0.584173000,-0.536704000,1.083680000,0.000000000,0.000000000,0.000000000,1.000000000
1403715302.457143068,0.581967000,-0.537351000,1.083682000,0.000000000,0.000000000,0.000000000,1.000000000
1403715302.462142944,0.579755000,-0.537986000,1.083683000,0.000000000,0.000000000,0.000000000,1.000000000
1403715302.467143297,0.577538000,-0.538612000,1.083684000,0.000000000,0.000000000,0.000000000,1.000000000
1403715302.472142935,0.575317000,-0.539223000,1.083698000,0.000000000,0.000000000,0.000000000,1.000000000
1403715302.477143049,0.573092000,-0.539821000,1.083725000,0.000000000,0.000000000,0.000000000,1.000000000
1403715302.482143164,0.570863000,-0.540409000,1.083753000,0.000000000,0.000000000,0.000000000,1.000000000
1403715302.487143040,0.568623000,-0.540984000,1.083786000,0.000000000,0.000000000,0.000000000,1.000000000
1403715302.492142916,0.566370000,-0.541545000,1.083827000,0.000000000,0.000000000,0.000000000,1.000000000
1403715302.497143030,0.564114000,-0.542087000,1.083877000,0.000000000,0.000000000,0.000000000,1.000000000
1403715302.502143145,0.561749000,-0.542682000,1.083917000,0.000000000,0.000000000,0.000000000,1.000000000
1403715302.507143021,0.559474000,-0.543206000,1.083957000,0.000000000,0.000000000,0.000000000,1.000000000
1403715302.512142897,0.557199000,-0.543729000,1.083987000,0.000000000,0.000000000,0.000000000,1.000000000
1403715302.517143011,0.554928000,-0.544250000,1.084015000,0.000000000,0.000000000,0.000000000,1.000000000
1403715302.522143126,0.552665000,-0.544760000,1.084054000,0.000000000,0.000000000,0.000000000,1.000000000
1403715302.527143002,0.550406000,-0.545256000,1.084104000,0.000000000,0.000000000,0.000000000,1.000000000
1403715302.532143116,0.548143000,-0.545740000,1.084156000,0.000000000,0.000000000,0.000000000,1.000000000
1403715302.537143230,0.545874000,-0.546208000,1.084212000,0.000000000,0.000000000,0.000000000,1.000000000
1403715302.542143345,0.543606000,-0.546664000,1.084271000,0.000000000,0.000000000,0.000000000,1.000000000
1403715302.547142982,0.541347000,-0.547116000,1.084335000,0.000000000,0.000000000,0.000000000,1.000000000
1403715302.552143097,0.538985000,-0.547641000,1.084406000,0.000000000,0.000000000,0.000000000,1.000000000
1403715302.557143211,0.536712000,-0.548090000,1.084475000,0.000000000,0.000000000,0.000000000,1.000000000
1403715302.562143087,0.534438000,-0.548526000,1.084538000,0.000000000,0.000000000,0.000000000,1.000000000
1403715302.567142963,0.532162000,-0.548953000,1.084599000,0.000000000,0.000000000,0.000000000,1.000000000
1403715302.572143078,0.529888000,-0.549373000,1.084660000,0.000000000,0.000000000,0.000000000,1.000000000
1403715302.577143192,0.527616000,-0.549784000,1.084728000,0.000000000,0.000000000,0.000000000,1.000000000
1403715302.582143068,0.525337000,-0.550191000,1.084795000,0.000000000,0.000000000,0.000000000,1.000000000
1403715302.587142944,0.523054000,-0.550601000,1.084853000,0.000000000,0.000000000,0.000000000,1.000000000
1403715302.592143297,0.520771000,-0.551009000,1.084903000,0.000000000,0.000000000,0.000000000,1.000000000
1403715302.597143173,0.518482000,-0.551405000,1.084939000,0.000000000,0.000000000,0.000000000,1.000000000
1403715302.602143049,0.516058000,-0.551869000,1.084986000,0.000000000,0.000000000,0.000000000,1.000000000
1403715302.607142925,0.513722000,-0.552269000,1.085014000,0.000000000,0.000000000,0.000000000,1.000000000
1403715302.612143278,0.511390000,-0.552668000,1.085035000,0.000000000,0.000000000,0.000000000,1.000000000
1403715302.617143154,0.509070000,-0.553070000,1.085056000,0.000000000,0.000000000,0.000000000,1.000000000
1403715302.622143030,0.506756000,-0.553475000,1.085086000,0.000000000,0.000000000,0.000000000,1.000000000
1403715302.627142906,0.504445000,-0.553877000,1.085119000,0.000000000,0.000000000,0.000000000,1.000000000
1403715302.632143259,0.502135000,-0.554264000,1.085156000,0.000000000,0.000000000,0.000000000,1.000000000
1403715302.637142897,0.499825000,-0.554633000,1.085197000,0.000000000,0.000000000,0.000000000,1.000000000
1403715302.642143011,0.497520000,-0.554988000,1.085239000,0.000000000,0.000000000,0.000000000,1.000000000
1403715302.647142887,0.495226000,-0.555335000,1.085275000,0.000000000,0.000000000,0.000000000,1.000000000
1403715302.652143240,0.492827000,-0.555752000,1.085341000,0.000000000,0.000000000,0.000000000,1.000000000
1403715302.657143116,0.490535000,-0.556113000,1.085377000,0.000000000,0.000000000,0.000000000,1.000000000
1403715302.662142992,0.488248000,-0.556470000,1.085412000,0.000000000,0.000000000,0.000000000,1.000000000
1403715302.667143345,0.485968000,-0.556812000,1.085441000,0.000000000,0.000000000,0.000000000,1.000000000
1403715302.672143221,0.483691000,-0.557132000,1.085464000,0.000000000,0.000000000,0.000000000,1.000000000
1403715302.677143097,0.481413000,-0.557433000,1.085482000,0.000000000,0.000000000,0.000000000,1.000000000
1403715302.682142973,0.479138000,-0.557725000,1.085491000,0.000000000,0.000000000,0.000000000,1.000000000
1403715302.687143326,0.476872000,-0.558020000,1.085496000,0.000000000,0.000000000,0.000000000,1.000000000
1403715302.692142963,0.474617000,-0.558319000,1.085492000,0.000000000,0.000000000,0.000000000,1.000000000
1403715302.697143078,0.472373000,-0.558618000,1.085477000,0.000000000,0.000000000,0.000000000,1.000000000
1403715302.702142954,0.470004000,-0.558977000,1.085498000,0.000000000,0.000000000,0.000000000,1.000000000
1403715302.707143307,0.467741000,-0.559280000,1.085491000,0.000000000,0.000000000,0.000000000,1.000000000
1403715302.712142944,0.465479000,-0.559580000,1.085478000,0.000000000,0.000000000,0.000000000,1.000000000
1403715302.717143059,0.463224000,-0.559868000,1.085459000,0.000000000,0.000000000,0.000000000,1.000000000
1403715302.722143173,0.460979000,-0.560142000,1.085427000,0.000000000,0.000000000,0.000000000,1.000000000
1403715302.727143288,0.458745000,-0.560409000,1.085378000,0.000000000,0.000000000,0.000000000,1.000000000
1403715302.732142925,0.456523000,-0.560675000,1.085314000,0.000000000,0.000000000,0.000000000,1.000000000
1403715302.737143040,0.454308000,-0.560935000,1.085232000,0.000000000,0.000000000,0.000000000,1.000000000
1403715302.742143154,0.452100000,-0.561187000,1.085135000,0.000000000,0.000000000,0.000000000,1.000000000
1403715302.747143030,0.449891000,-0.561433000,1.085030000,0.000000000,0.000000000,0.000000000,1.000000000
1403715302.752142906,0.447557000,-0.561738000,1.084938000,0.000000000,0.000000000,0.000000000,1.000000000
1403715302.757143021,0.445342000,-0.561976000,1.084811000,0.000000000,0.000000000,0.000000000,1.000000000
1403715302.762143135,0.443145000,-0.562210000,1.084674000,0.000000000,0.000000000,0.000000000,1.000000000
1403715302.767143011,0.440961000,-0.562439000,1.084524000,0.000000000,0.000000000,0.000000000,1.000000000
1403715302.772142887,0.438786000,-0.562656000,1.084359000,0.000000000,0.000000000,0.000000000,1.000000000
1403715302.777143240,0.436620000,-0.562861000,1.084169000,0.000000000,0.000000000,0.000000000,1.000000000
1403715302.782143354,0.434459000,-0.563063000,1.083951000,0.000000000,0.000000000,0.000000000,1.000000000
1403715302.787142992,0.432300000,-0.563265000,1.083715000,0.000000000,0.000000000,0.000000000,1.000000000
1403715302.792143106,0.430152000,-0.563459000,1.083469000,0.000000000,0.000000000,0.000000000,1.000000000
1403715302.797143221,0.428021000,-0.563641000,1.083219000,0.000000000,0.000000000,0.000000000,1.000000000
1403715302.802143097,0.425768000,-0.563878000,1.082985000,0.000000000,0.000000000,0.000000000,1.000000000
1403715302.807142973,0.423631000,-0.564061000,1.082726000,0.000000000,0.000000000,0.000000000,1.000000000
1403715302.812143087,0.421513000,-0.564240000,1.082461000,0.000000000,0.000000000,0.000000000,1.000000000
1403715302.817143202,0.419418000,-0.564411000,1.082199000,0.000000000,0.000000000,0.000000000,1.000000000
1403715302.822143078,0.417345000,-0.564575000,1.081936000,0.000000000,0.000000000,0.000000000,1.000000000
1403715302.827142954,0.415290000,-0.564728000,1.081671000,0.000000000,0.000000000,0.000000000,1.000000000
1403715302.832143307,0.413249000,-0.564866000,1.081407000,0.000000000,0.000000000,0.000000000,1.000000000
1403715302.837143183,0.411216000,-0.564990000,1.081135000,0.000000000,0.000000000,0.000000000,1.000000000
1403715302.842143059,0.409199000,-0.565092000,1.080846000,0.000000000,0.000000000,0.000000000,1.000000000
1403715302.847142935,0.407204000,-0.565174000,1.080538000,0.000000000,0.000000000,0.000000000,1.000000000
1403715302.852143288,0.405096000,-0.565300000,1.080224000,0.000000000,0.000000000,0.000000000,1.000000000
1403715302.857143164,0.403106000,-0.565382000,1.079862000,0.000000000,0.000000000,0.000000000,1.000000000
1403715302.862143040,0.401127000,-0.565464000,1.079483000,0.000000000,0.000000000,0.000000000,1.000000000
1403715302.867142916,0.399157000,-0.565536000,1.079093000,0.000000000,0.000000000,0.000000000,1.000000000
1403715302.872143269,0.397191000,-0.565589000,1.078704000,0.000000000,0.000000000,0.000000000,1.000000000
1403715302.877142906,0.395230000,-0.565618000,1.078334000,0.000000000,0.000000000,0.000000000,1.000000000
1403715302.882143021,0.393283000,-0.565622000,1.077982000,0.000000000,0.000000000,0.000000000,1.000000000
1403715302.887142897,0.391354000,-0.565609000,1.077637000,0.000000000,0.000000000,0.000000000,1.000000000
1403715302.892143250,0.389445000,-0.565589000,1.077298000,0.000000000,0.000000000,0.000000000,1.000000000
1403715302.897142887,0.387557000,-0.565561000,1.076963000,0.000000000,0.000000000,0.000000000,1.000000000
1403715302.902143002,0.385552000,-0.565571000,1.076666000,0.000000000,0.000000000,0.000000000,1.000000000
1403715302.907143354,0.383673000,-0.565523000,1.076341000,0.000000000,0.000000000,0.000000000,1.000000000
1403715302.912143230,0.381803000,-0.565459000,1.076025000,0.000000000,0.000000000,0.000000000,1.000000000
1403715302.917143106,0.379940000,-0.565381000,1.075710000,0.000000000,0.000000000,0.000000000,1.000000000
1403715302.922142982,0.378083000,-0.565297000,1.075397000,0.000000000,0.000000000,0.000000000,1.000000000
1403715302.927143335,0.376235000,-0.565209000,1.075085000,0.000000000,0.000000000,0.000000000,1.000000000
1403715302.932142973,0.374399000,-0.565112000,1.074774000,0.000000000,0.000000000,0.000000000,1.000000000
1403715302.937143087,0.372579000,-0.565003000,1.074454000,0.000000000,0.000000000,0.000000000,1.000000000
1403715302.942142963,0.370775000,-0.564884000,1.074130000,0.000000000,0.000000000,0.000000000,1.000000000
1403715302.947143316,0.368988000,-0.564757000,1.073808000,0.000000000,0.000000000,0.000000000,1.000000000
1403715302.952142954,0.367080000,-0.564675000,1.073501000,0.000000000,0.000000000,0.000000000,1.000000000
1403715302.957143068,0.365301000,-0.564553000,1.073182000,0.000000000,0.000000000,0.000000000,1.000000000
1403715302.962142944,0.363546000,-0.564418000,1.072871000,0.000000000,0.000000000,0.000000000,1.000000000
1403715302.967143297,0.361808000,-0.564268000,1.072567000,0.000000000,0.000000000,0.000000000,1.000000000
1403715302.972142935,0.360083000,-0.564102000,1.072261000,0.000000000,0.000000000,0.000000000,1.000000000
1403715302.977143049,0.358372000,-0.563922000,1.071950000,0.000000000,0.000000000,0.000000000,1.000000000
1403715302.982143164,0.356672000,-0.563730000,1.071629000,0.000000000,0.000000000,0.000000000,1.000000000
1403715302.987143040,0.354985000,-0.563524000,1.071298000,0.000000000,0.000000000,0.000000000,1.000000000
1403715302.992142916,0.353317000,-0.563302000,1.070963000,0.000000000,0.000000000,0.000000000,1.000000000
1403715302.997143030,0.351664000,-0.563063000,1.070629000,0.000000000,0.000000000,0.000000000,1.000000000
1403715303.002143145,0.349900000,-0.562834000,1.070308000,0.000000000,0.000000000,0.000000000,1.000000000
1403715303.007143021,0.348259000,-0.562574000,1.069973000,0.000000000,0.000000000,0.000000000,1.000000000
1403715303.012142897,0.346638000,-0.562296000,1.069637000,0.000000000,0.000000000,0.000000000,1.000000000
1403715303.017143011,0.345031000,-0.562001000,1.069299000,0.000000000,0.000000000,0.000000000,1.000000000
1403715303.022143126,0.343434000,-0.561694000,1.068960000,0.000000000,0.000000000,0.000000000,1.000000000
1403715303.027143002,0.341851000,-0.561377000,1.068621000,0.000000000,0.000000000,0.000000000,1.000000000
1403715303.032143116,0.340287000,-0.561047000,1.068291000,0.000000000,0.000000000,0.000000000,1.000000000
1403715303.037143230,0.338743000,-0.560701000,1.067967000,0.000000000,0.000000000,0.000000000,1.000000000
1403715303.042143345,0.337220000,-0.560349000,1.067639000,0.000000000,0.000000000,0.000000000,1.000000000
1403715303.047142982,0.335717000,-0.560000000,1.067314000,0.000000000,0.000000000,0.000000000,1.000000000
1403715303.052143097,0.334101000,-0.559666000,1.066978000,0.000000000,0.000000000,0.000000000,1.000000000
1403715303.057143211,0.332602000,-0.559308000,1.066625000,0.000000000,0.000000000,0.000000000,1.000000000
1403715303.062143087,0.331121000,-0.558937000,1.066267000,0.000000000,0.000000000,0.000000000,1.000000000
1403715303.067142963,0.329651000,-0.558546000,1.065910000,0.000000000,0.000000000,0.000000000,1.000000000
1403715303.072143078,0.328191000,-0.558132000,1.065549000,0.000000000,0.000000000,0.000000000,1.000000000
1403715303.077143192,0.326744000,-0.557703000,1.065186000,0.000000000,0.000000000,0.000000000,1.000000000
1403715303.082143068,0.325318000,-0.557266000,1.064819000,0.000000000,0.000000000,0.000000000,1.000000000
1403715303.087142944,0.323921000,-0.556823000,1.064448000,0.000000000,0.000000000,0.000000000,1.000000000
1403715303.092143297,0.322550000,-0.556366000,1.064076000,0.000000000,0.000000000,0.000000000,1.000000000
1403715303.097143173,0.321204000,-0.555885000,1.063700000,0.000000000,0.000000000,0.000000000,1.000000000
1403715303.102143049,0.319758000,-0.555377000,1.063333000,0.000000000,0.000000000,0.000000000,1.000000000
1403715303.107142925,0.318405000,-0.554839000,1.062980000,0.000000000,0.000000000,0.000000000,1.000000000
1403715303.112143278,0.317052000,-0.554283000,1.062623000,0.000000000,0.000000000,0.000000000,1.000000000
1403715303.117143154,0.315712000,-0.553711000,1.062261000,0.000000000,0.000000000,0.000000000,1.000000000
1403715303.122143030,0.314392000,-0.553144000,1.061887000,0.000000000,0.000000000,0.000000000,1.000000000
1403715303.127142906,0.313096000,-0.552587000,1.061500000,0.000000000,0.000000000,0.000000000,1.000000000
1403715303.132143259,0.311823000,-0.552013000,1.061125000,0.000000000,0.000000000,0.000000000,1.000000000
1403715303.137142897,0.310559000,-0.551403000,1.060777000,0.000000000,0.000000000,0.000000000,1.000000000
1403715303.142143011,0.309303000,-0.550751000,1.060438000,0.000000000,0.000000000,0.000000000,1.000000000
1403715303.147142887,0.308064000,-0.550070000,1.060099000,0.000000000,0.000000000,0.000000000,1.000000000
1403715303.152143240,0.306739000,-0.549381000,1.059734000,0.000000000,0.000000000,0.000000000,1.000000000
1403715303.157143116,0.305520000,-0.548694000,1.059384000,0.000000000,0.000000000,0.000000000,1.000000000
1403715303.162142992,0.304319000,-0.547999000,1.059028000,0.000000000,0.000000000,0.000000000,1.000000000
1403715303.167143345,0.303127000,-0.547278000,1.058665000,0.000000000,0.000000000,0.000000000,1.000000000
1403715303.172143221,0.301940000,-0.546529000,1.058296000,0.000000000,0.000000000,0.000000000,1.000000000
1403715303.177143097,0.300769000,-0.545760000,1.057945000,0.000000000,0.000000000,0.000000000,1.000000000
1403715303.182142973,0.299614000,-0.544978000,1.057638000,0.000000000,0.000000000,0.000000000,1.000000000
1403715303.187143326,0.298475000,-0.544193000,1.057356000,0.000000000,0.000000000,0.000000000,1.000000000
1403715303.192142963,0.297354000,-0.543403000,1.057078000,0.000000000,0.000000000,0.000000000,1.000000000
1403715303.197143078,0.296241000,-0.542606000,1.056803000,0.000000000,0.000000000,0.000000000,1.000000000
1403715303.202142954,0.295026000,-0.541779000,1.056492000,0.000000000,0.000000000,0.000000000,1.000000000
1403715303.207143307,0.293916000,-0.540949000,1.056225000,0.000000000,0.000000000,0.000000000,1.000000000
1403715303.212142944,0.292816000,-0.540105000,1.055972000,0.000000000,0.000000000,0.000000000,1.000000000
1403715303.217143059,0.291729000,-0.539250000,1.055737000,0.000000000,0.000000000,0.000000000,1.000000000
1403715303.222143173,0.290654000,-0.538377000,1.055521000,0.000000000,0.000000000,0.000000000,1.000000000
1403715303.227143288,0.289595000,-0.537482000,1.055310000,0.000000000,0.000000000,0.000000000,1.000000000
1403715303.232142925,0.288557000,-0.536571000,1.055106000,0.000000000,0.000000000,0.000000000,1.000000000
1403715303.237143040,0.287536000,-0.535646000,1.054910000,0.000000000,0.000000000,0.000000000,1.000000000
1403715303.242143154,0.286525000,-0.534706000,1.054735000,0.000000000,0.000000000,0.000000000,1.000000000
1403715303.247143030,0.285525000,-0.533752000,1.054586000,0.000000000,0.000000000,0.000000000,1.000000000
1403715303.252142906,0.284434000,-0.532755000,1.054383000,0.000000000,0.000000000,0.000000000,1.000000000
1403715303.257143021,0.283438000,-0.531758000,1.054232000,0.000000000,0.000000000,0.000000000,1.000000000
1403715303.262143135,0.282453000,-0.530749000,1.054086000,0.000000000,0.000000000,0.000000000,1.000000000
1403715303.267143011,0.281479000,-0.529728000,1.053945000,0.000000000,0.000000000,0.000000000,1.000000000
1403715303.272142887,0.280512000,-0.528692000,1.053802000,0.000000000,0.000000000,0.000000000,1.000000000
1403715303.277143240,0.279552000,-0.527647000,1.053661000,0.000000000,0.000000000,0.000000000,1.000000000
1403715303.282143354,0.278604000,-0.526605000,1.053514000,0.000000000,0.000000000,0.000000000,1.000000000
1403715303.287142992,0.277667000,-0.525563000,1.053366000,0.000000000,0.000000000,0.000000000,1.000000000
1403715303.292143106,0.276742000,-0.524515000,1.053228000,0.000000000,0.000000000,0.000000000,1.000000000
1403715303.297143221,0.275826000,-0.523454000,1.053089000,0.000000000,0.000000000,0.000000000,1.000000000
1403715303.302143097,0.274815000,-0.522339000,1.052896000,0.000000000,0.000000000,0.000000000,1.000000000
1403715303.307142973,0.273893000,-0.521244000,1.052756000,0.000000000,0.000000000,0.000000000,1.000000000
1403715303.312143087,0.272980000,-0.520138000,1.052619000,0.000000000,0.000000000,0.000000000,1.000000000
1403715303.317143202,0.272075000,-0.519015000,1.052483000,0.000000000,0.000000000,0.000000000,1.000000000
1403715303.322143078,0.271175000,-0.517875000,1.052345000,0.000000000,0.000000000,0.000000000,1.000000000
1403715303.327142954,0.270274000,-0.516725000,1.052208000,0.000000000,0.000000000,0.000000000,1.000000000
1403715303.332143307,0.269383000,-0.515580000,1.052076000,0.000000000,0.000000000,0.000000000,1.000000000
1403715303.337143183,0.268520000,-0.514434000,1.051960000,0.000000000,0.000000000,0.000000000,1.000000000
1403715303.342143059,0.267671000,-0.513275000,1.051853000,0.000000000,0.000000000,0.000000000,1.000000000
1403715303.347142935,0.266819000,-0.512112000,1.051742000,0.000000000,0.000000000,0.000000000,1.000000000
1403715303.352143288,0.265859000,-0.510894000,1.051555000,0.000000000,0.000000000,0.000000000,1.000000000
1403715303.357143164,0.264963000,-0.509722000,1.051413000,0.000000000,0.000000000,0.000000000,1.000000000
1403715303.362143040,0.264061000,-0.508538000,1.051273000,0.000000000,0.000000000,0.000000000,1.000000000
1403715303.367142916,0.263168000,-0.507343000,1.051147000,0.000000000,0.000000000,0.000000000,1.000000000
1403715303.372143269,0.262294000,-0.506146000,1.051044000,0.000000000,0.000000000,0.000000000,1.000000000
1403715303.377142906,0.261442000,-0.504956000,1.050953000,0.000000000,0.000000000,0.000000000,1.000000000
1403715303.382143021,0.260604000,-0.503763000,1.050868000,0.000000000,0.000000000,0.000000000,1.000000000
1403715303.387142897,0.259775000,-0.502554000,1.050779000,0.000000000,0.000000000,0.000000000,1.000000000
1403715303.392143250,0.258950000,-0.501331000,1.050680000,0.000000000,0.000000000,0.000000000,1.000000000
1403715303.397142887,0.258127000,-0.500099000,1.050579000,0.000000000,0.000000000,0.000000000,1.000000000
1403715303.402143002,0.257237000,-0.498796000,1.050410000,0.000000000,0.000000000,0.000000000,1.000000000
1403715303.407143354,0.256414000,-0.497548000,1.050300000,0.000000000,0.000000000,0.000000000,1.000000000
1403715303.412143230,0.255596000,-0.496297000,1.050180000,0.000000000,0.000000000,0.000000000,1.000000000
1403715303.417143106,0.254771000,-0.495035000,1.050052000,0.000000000,0.000000000,0.000000000,1.000000000
1403715303.422142982,0.253931000,-0.493763000,1.049913000,0.000000000,0.000000000,0.000000000,1.000000000
1403715303.427143335,0.253079000,-0.492488000,1.049770000,0.000000000,0.000000000,0.000000000,1.000000000
1403715303.432142973,0.252224000,-0.491210000,1.049630000,0.000000000,0.000000000,0.000000000,1.000000000
1403715303.437143087,0.251371000,-0.489929000,1.049492000,0.000000000,0.000000000,0.000000000,1.000000000
1403715303.442142963,0.250519000,-0.488637000,1.049371000,0.000000000,0.000000000,0.000000000,1.000000000
1403715303.447143316,0.249666000,-0.487334000,1.049270000,0.000000000,0.000000000,0.000000000,1.000000000
1403715303.452142954,0.248732000,-0.485941000,1.049093000,0.000000000,0.000000000,0.000000000,1.000000000
1403715303.457143068,0.247855000,-0.484594000,1.049001000,0.000000000,0.000000000,0.000000000,1.000000000
1403715303.462142944,0.246975000,-0.483234000,1.048915000,0.000000000,0.000000000,0.000000000,1.000000000
1403715303.467143297,0.246083000,-0.481873000,1.048825000,0.000000000,0.000000000,0.000000000,1.000000000
1403715303.472142935,0.245187000,-0.480522000,1.048717000,0.000000000,0.000000000,0.000000000,1.000000000
1403715303.477143049,0.244288000,-0.479178000,1.048591000,0.000000000,0.000000000,0.000000000,1.000000000
1403715303.482143164,0.243381000,-0.477838000,1.048446000,0.000000000,0.000000000,0.000000000,1.000000000
1403715303.487143040,0.242466000,-0.476499000,1.048285000,0.000000000,0.000000000,0.000000000,1.000000000
1403715303.492142916,0.241540000,-0.475157000,1.048110000,0.000000000,0.000000000,0.000000000,1.000000000
1403715303.497143030,0.240604000,-0.473807000,1.047936000,0.000000000,0.000000000,0.000000000,1.000000000
1403715303.502143145,0.239596000,-0.472372000,1.047695000,0.000000000,0.000000000,0.000000000,1.000000000
1403715303.507143021,0.238650000,-0.470992000,1.047535000,0.000000000,0.000000000,0.000000000,1.000000000
1403715303.512142897,0.237718000,-0.469608000,1.047398000,0.000000000,0.000000000,0.000000000,1.000000000
1403715303.517143011,0.236797000,-0.468221000,1.047284000,0.000000000,0.000000000,0.000000000,1.000000000
1403715303.522143126,0.235871000,-0.466832000,1.047179000,0.000000000,0.000000000,0.000000000,1.000000000
1403715303.527143002,0.234936000,-0.465442000,1.047076000,0.000000000,0.000000000,0.000000000,1.000000000
1403715303.532143116,0.233994000,-0.464045000,1.046978000,0.000000000,0.000000000,0.000000000,1.000000000
1403715303.537143230,0.233043000,-0.462641000,1.046891000,0.000000000,0.000000000,0.000000000,1.000000000
1403715303.542143345,0.232091000,-0.461231000,1.046802000,0.000000000,0.000000000,0.000000000,1.000000000
1403715303.547142982,0.231134000,-0.459818000,1.046706000,0.000000000,0.000000000,0.000000000,1.000000000
1403715303.552143097,0.230092000,-0.458328000,1.046534000,0.000000000,0.000000000,0.000000000,1.000000000
1403715303.557143211,0.229101000,-0.456905000,1.046393000,0.000000000,0.000000000,0.000000000,1.000000000
1403715303.562143087,0.228099000,-0.455483000,1.046251000,0.000000000,0.000000000,0.000000000,1.000000000
1403715303.567142963,0.227082000,-0.454060000,1.046110000,0.000000000,0.000000000,0.000000000,1.000000000
1403715303.572143078,0.226059000,-0.452632000,1.045969000,0.000000000,0.000000000,0.000000000,1.000000000
1403715303.577143192,0.225036000,-0.451198000,1.045831000,0.000000000,0.000000000,0.000000000,1.000000000
1403715303.582143068,0.224015000,-0.449760000,1.045697000,0.000000000,0.000000000,0.000000000,1.000000000
1403715303.587142944,0.222996000,-0.448322000,1.045569000,0.000000000,0.000000000,0.000000000,1.000000000
1403715303.592143297,0.221974000,-0.446888000,1.045451000,0.000000000,0.000000000,0.000000000,1.000000000
1403715303.597143173,0.220944000,-0.445454000,1.045344000,0.000000000,0.000000000,0.000000000,1.000000000
1403715303.602143049,0.219829000,-0.443923000,1.045200000,0.000000000,0.000000000,0.000000000,1.000000000
1403715303.607142925,0.218760000,-0.442433000,1.045075000,0.000000000,0.000000000,0.000000000,1.000000000
1403715303.612143278,0.217690000,-0.440941000,1.044947000,0.000000000,0.000000000,0.000000000,1.000000000
1403715303.617143154,0.216619000,-0.439456000,1.044822000,0.000000000,0.000000000,0.000000000,1.000000000
1403715303.622143030,0.215550000,-0.437973000,1.044708000,0.000000000,0.000000000,0.000000000,1.000000000
1403715303.627142906,0.214485000,-0.436487000,1.044613000,0.000000000,0.000000000,0.000000000,1.000000000
1403715303.632143259,0.213415000,-0.434995000,1.044527000,0.000000000,0.000000000,0.000000000,1.000000000
1403715303.637142897,0.212338000,-0.433500000,1.044446000,0.000000000,0.000000000,0.000000000,1.000000000
1403715303.642143011,0.211257000,-0.432003000,1.044367000,0.000000000,0.000000000,0.000000000,1.000000000
1403715303.647142887,0.210173000,-0.430506000,1.044284000,0.000000000,0.000000000,0.000000000,1.000000000
1403715303.652143240,0.209024000,-0.428949000,1.044181000,0.000000000,0.000000000,0.000000000,1.000000000
1403715303.657143116,0.207923000,-0.427442000,1.044089000,0.000000000,0.000000000,0.000000000,1.000000000
1403715303.662142992,0.206825000,-0.425927000,1.043996000,0.000000000,0.000000000,0.000000000,1.000000000
1403715303.667143345,0.205727000,-0.424409000,1.043897000,0.000000000,0.000000000,0.000000000,1.000000000
1403715303.672143221,0.204622000,-0.422893000,1.043788000,0.000000000,0.000000000,0.000000000,1.000000000
1403715303.677143097,0.203505000,-0.421379000,1.043677000,0.000000000,0.000000000,0.000000000,1.000000000
1403715303.682142973,0.202378000,-0.419870000,1.043569000,0.000000000,0.000000000,0.000000000,1.000000000
1403715303.687143326,0.201242000,-0.418370000,1.043456000,0.000000000,0.000000000,0.000000000,1.000000000
1403715303.692142963,0.200103000,-0.416875000,1.043340000,0.000000000,0.000000000,0.000000000,1.000000000
1403715303.697143078,0.198961000,-0.415385000,1.043228000,0.000000000,0.000000000,0.000000000,1.000000000
1403715303.702142954,0.197762000,-0.413828000,1.043110000,0.000000000,0.000000000,0.000000000,1.000000000
1403715303.707143307,0.196597000,-0.412323000,1.042992000,0.000000000,0.000000000,0.000000000,1.000000000
1403715303.712142944,0.195427000,-0.410816000,1.042876000,0.000000000,0.000000000,0.000000000,1.000000000
1403715303.717143059,0.194255000,-0.409312000,1.042756000,0.000000000,0.000000000,0.000000000,1.000000000
1403715303.722143173,0.193081000,-0.407813000,1.042630000,0.000000000,0.000000000,0.000000000,1.000000000
1403715303.727143288,0.191904000,-0.406324000,1.042504000,0.000000000,0.000000000,0.000000000,1.000000000
1403715303.732142925,0.190727000,-0.404845000,1.042386000,0.000000000,0.000000000,0.000000000,1.000000000
1403715303.737143040,0.189548000,-0.403372000,1.042280000,0.000000000,0.000000000,0.000000000,1.000000000
1403715303.742143154,0.188369000,-0.401902000,1.042185000,0.000000000,0.000000000,0.000000000,1.000000000
1403715303.747143030,0.187189000,-0.400439000,1.042094000,0.000000000,0.000000000,0.000000000,1.000000000
1403715303.752142906,0.185963000,-0.398915000,1.042009000,0.000000000,0.000000000,0.000000000,1.000000000
1403715303.757143021,0.184769000,-0.397442000,1.041921000,0.000000000,0.000000000,0.000000000,1.000000000
1403715303.762143135,0.183569000,-0.395970000,1.041835000,0.000000000,0.000000000,0.000000000,1.000000000
1403715303.767143011,0.182361000,-0.394502000,1.041741000,0.000000000,0.000000000,0.000000000,1.000000000
1403715303.772142887,0.181147000,-0.393040000,1.041635000,0.000000000,0.000000000,0.000000000,1.000000000
1403715303.777143240,0.179931000,-0.391587000,1.041524000,0.000000000,0.000000000,0.000000000,1.000000000
1403715303.782143354,0.178719000,-0.390144000,1.041414000,0.000000000,0.000000000,0.000000000,1.000000000
1403715303.787142992,0.177513000,-0.388706000,1.041306000,0.000000000,0.000000000,0.000000000,1.000000000
1403715303.792143106,0.176310000,-0.387270000,1.041198000,0.000000000,0.000000000,0.000000000,1.000000000
1403715303.797143221,0.175102000,-0.385835000,1.041080000,0.000000000,0.000000000,0.000000000,1.000000000
1403715303.802143097,0.173850000,-0.384337000,1.040956000,0.000000000,0.000000000,0.000000000,1.000000000
1403715303.807142973,0.172617000,-0.382898000,1.040831000,0.000000000,0.000000000,0.000000000,1.000000000
1403715303.812143087,0.171381000,-0.381467000,1.040716000,0.000000000,0.000000000,0.000000000,1.000000000
1403715303.817143202,0.170148000,-0.380044000,1.040620000,0.000000000,0.000000000,0.000000000,1.000000000
1403715303.822143078,0.168918000,-0.378624000,1.040535000,0.000000000,0.000000000,0.000000000,1.000000000
1403715303.827142954,0.167686000,-0.377211000,1.040446000,0.000000000,0.000000000,0.000000000,1.000000000
1403715303.832143307,0.166455000,-0.375808000,1.040346000,0.000000000,0.000000000,0.000000000,1.000000000
1403715303.837143183,0.165226000,-0.374413000,1.040253000,0.000000000,0.000000000,0.000000000,1.000000000
1403715303.842143059,0.163999000,-0.373032000,1.040167000,0.000000000,0.000000000,0.000000000,1.000000000
1403715303.847142935,0.162772000,-0.371661000,1.040078000,0.000000000,0.000000000,0.000000000,1.000000000
1403715303.852143288,0.161518000,-0.370239000,1.039995000,0.000000000,0.000000000,0.000000000,1.000000000
1403715303.857143164,0.160281000,-0.368871000,1.039891000,0.000000000,0.000000000,0.000000000,1.000000000
1403715303.862143040,0.159043000,-0.367516000,1.039778000,0.000000000,0.000000000,0.000000000,1.000000000
1403715303.867142916,0.157809000,-0.366171000,1.039663000,0.000000000,0.000000000,0.000000000,1.000000000
1403715303.872143269,0.156576000,-0.364835000,1.039557000,0.000000000,0.000000000,0.000000000,1.000000000
1403715303.877142906,0.155342000,-0.363507000,1.039452000,0.000000000,0.000000000,0.000000000,1.000000000
1403715303.882143021,0.154116000,-0.362192000,1.039344000,0.000000000,0.000000000,0.000000000,1.000000000
1403715303.887142897,0.152892000,-0.360887000,1.039234000,0.000000000,0.000000000,0.000000000,1.000000000
1403715303.892143250,0.151663000,-0.359591000,1.039126000,0.000000000,0.000000000,0.000000000,1.000000000
1403715303.897142887,0.150422000,-0.358311000,1.039023000,0.000000000,0.000000000,0.000000000,1.000000000
1403715303.902143002,0.149140000,-0.356994000,1.038965000,0.000000000,0.000000000,0.000000000,1.000000000
1403715303.907143354,0.147881000,-0.355714000,1.038874000,0.000000000,0.000000000,0.000000000,1.000000000
1403715303.912143230,0.146631000,-0.354431000,1.038787000,0.000000000,0.000000000,0.000000000,1.000000000
1403715303.917143106,0.145396000,-0.353153000,1.038697000,0.000000000,0.000000000,0.000000000,1.000000000
1403715303.922142982,0.144181000,-0.351881000,1.038592000,0.000000000,0.000000000,0.000000000,1.000000000
1403715303.927143335,0.142977000,-0.350617000,1.038484000,0.000000000,0.000000000,0.000000000,1.000000000
1403715303.932142973,0.141770000,-0.349365000,1.038382000,0.000000000,0.000000000,0.000000000,1.000000000
1403715303.937143087,0.140561000,-0.348129000,1.038280000,0.000000000,0.000000000,0.000000000,1.000000000
1403715303.942142963,0.139356000,-0.346904000,1.038182000,0.000000000,0.000000000,0.000000000,1.000000000
1403715303.947143316,0.138159000,-0.345687000,1.038084000,0.000000000,0.000000000,0.000000000,1.000000000
1403715303.952142954,0.136957000,-0.344430000,1.038022000,0.000000000,0.000000000,0.000000000,1.000000000
1403715303.957143068,0.135764000,-0.343217000,1.037918000,0.000000000,0.000000000,0.000000000,1.000000000
1403715303.962142944,0.134572000,-0.342018000,1.037800000,0.000000000,0.000000000,0.000000000,1.000000000
1403715303.967143297,0.133378000,-0.340835000,1.037671000,0.000000000,0.000000000,0.000000000,1.000000000
1403715303.972142935,0.132183000,-0.339671000,1.037529000,0.000000000,0.000000000,0.000000000,1.000000000
1403715303.977143049,0.130994000,-0.338522000,1.037373000,0.000000000,0.000000000,0.000000000,1.000000000
1403715303.982143164,0.129817000,-0.337384000,1.037217000,0.000000000,0.000000000,0.000000000,1.000000000
1403715303.987143040,0.128643000,-0.336256000,1.037065000,0.000000000,0.000000000,0.000000000,1.000000000
1403715303.992142916,0.127471000,-0.335137000,1.036915000,0.000000000,0.000000000,0.000000000,1.000000000
1403715303.997143030,0.126301000,-0.334026000,1.036769000,0.000000000,0.000000000,0.000000000,1.000000000
1403715304.002143145,0.125126000,-0.332877000,1.036675000,0.000000000,0.000000000,0.000000000,1.000000000
1403715304.007143021,0.123962000,-0.331773000,1.036541000,0.000000000,0.000000000,0.000000000,1.000000000
1403715304.012142897,0.122803000,-0.330674000,1.036407000,0.000000000,0.000000000,0.000000000,1.000000000
1403715304.017143011,0.121651000,-0.329582000,1.036269000,0.000000000,0.000000000,0.000000000,1.000000000
1403715304.022143126,0.120505000,-0.328500000,1.036119000,0.000000000,0.000000000,0.000000000,1.000000000
1403715304.027143002,0.119360000,-0.327436000,1.035961000,0.000000000,0.000000000,0.000000000,1.000000000
1403715304.032143116,0.118214000,-0.326387000,1.035794000,0.000000000,0.000000000,0.000000000,1.000000000
1403715304.037143230,0.117067000,-0.325349000,1.035620000,0.000000000,0.000000000,0.000000000,1.000000000
1403715304.042143345,0.115920000,-0.324323000,1.035433000,0.000000000,0.000000000,0.000000000,1.000000000
1403715304.047142982,0.114773000,-0.323313000,1.035238000,0.000000000,0.000000000,0.000000000,1.000000000
1403715304.052143097,0.113631000,-0.322271000,1.035087000,0.000000000,0.000000000,0.000000000,1.000000000
1403715304.057143211,0.112499000,-0.321282000,1.034896000,0.000000000,0.000000000,0.000000000,1.000000000
1403715304.062143087,0.111376000,-0.320303000,1.034713000,0.000000000,0.000000000,0.000000000,1.000000000
1403715304.067142963,0.110259000,-0.319333000,1.034537000,0.000000000,0.000000000,0.000000000,1.000000000
1403715304.072143078,0.109143000,-0.318376000,1.034364000,0.000000000,0.000000000,0.000000000,1.000000000
1403715304.077143192,0.108027000,-0.317432000,1.034183000,0.000000000,0.000000000,0.000000000,1.000000000
1403715304.082143068,0.106911000,-0.316508000,1.033990000,0.000000000,0.000000000,0.000000000,1.000000000
1403715304.087142944,0.105803000,-0.315607000,1.033782000,0.000000000,0.000000000,0.000000000,1.000000000
1403715304.092143297,0.104707000,-0.314719000,1.033568000,0.000000000,0.000000000,0.000000000,1.000000000
1403715304.097143173,0.103624000,-0.313842000,1.033358000,0.000000000,0.000000000,0.000000000,1.000000000
1403715304.102143049,0.102554000,-0.312926000,1.033199000,0.000000000,0.000000000,0.000000000,1.000000000
1403715304.107142925,0.101474000,-0.312056000,1.032999000,0.000000000,0.000000000,0.000000000,1.000000000
1403715304.112143278,0.100393000,-0.311200000,1.032798000,0.000000000,0.000000000,0.000000000,1.000000000
1403715304.117143154,0.099316000,-0.310357000,1.032605000,0.000000000,0.000000000,0.000000000,1.000000000
1403715304.122143030,0.098250000,-0.309523000,1.032415000,0.000000000,0.000000000,0.000000000,1.000000000
1403715304.127142906,0.097200000,-0.308701000,1.032224000,0.000000000,0.000000000,0.000000000,1.000000000
1403715304.132143259,0.096161000,-0.307896000,1.032030000,0.000000000,0.000000000,0.000000000,1.000000000
1403715304.137142897,0.095126000,-0.307108000,1.031837000,0.000000000,0.000000000,0.000000000,1.000000000
1403715304.142143011,0.094096000,-0.306334000,1.031653000,0.000000000,0.000000000,0.000000000,1.000000000
1403715304.147142887,0.093070000,-0.305573000,1.031476000,0.000000000,0.000000000,0.000000000,1.000000000
1403715304.152143240,0.092066000,-0.304774000,1.031334000,0.000000000,0.000000000,0.000000000,1.000000000
1403715304.157143116,0.091050000,-0.304042000,1.031160000,0.000000000,0.000000000,0.000000000,1.000000000
1403715304.162142992,0.090048000,-0.303328000,1.030981000,0.000000000,0.000000000,0.000000000,1.000000000
1403715304.167143345,0.089060000,-0.302625000,1.030798000,0.000000000,0.000000000,0.000000000,1.000000000
1403715304.172143221,0.088086000,-0.301938000,1.030605000,0.000000000,0.000000000,0.000000000,1.000000000
1403715304.177143097,0.087115000,-0.301265000,1.030403000,0.000000000,0.000000000,0.000000000,1.000000000
1403715304.182142973,0.086143000,-0.300607000,1.030185000,0.000000000,0.000000000,0.000000000,1.000000000
1403715304.187143326,0.085167000,-0.299961000,1.029949000,0.000000000,0.000000000,0.000000000,1.000000000
1403715304.192142963,0.084181000,-0.299325000,1.029702000,0.000000000,0.000000000,0.000000000,1.000000000
1403715304.197143078,0.083192000,-0.298713000,1.029423000,0.000000000,0.000000000,0.000000000,1.000000000
1403715304.202142954,0.082233000,-0.298066000,1.029149000,0.000000000,0.000000000,0.000000000,1.000000000
1403715304.207143307,0.081274000,-0.297478000,1.028833000,0.000000000,0.000000000,0.000000000,1.000000000
1403715304.212142944,0.080328000,-0.296896000,1.028494000,0.000000000,0.000000000,0.000000000,1.000000000
1403715304.217143059,0.079389000,-0.296318000,1.028144000,0.000000000,0.000000000,0.000000000,1.000000000
1403715304.222143173,0.078450000,-0.295750000,1.027807000,0.000000000,0.000000000,0.000000000,1.000000000
1403715304.227143288,0.077505000,-0.295198000,1.027491000,0.000000000,0.000000000,0.000000000,1.000000000
1403715304.232142925,0.076561000,-0.294663000,1.027184000,0.000000000,0.000000000,0.000000000,1.000000000
1403715304.237143040,0.075629000,-0.294142000,1.026879000,0.000000000,0.000000000,0.000000000,1.000000000
1403715304.242143154,0.074713000,-0.293634000,1.026580000,0.000000000,0.000000000,0.000000000,1.000000000
1403715304.247143030,0.073812000,-0.293132000,1.026287000,0.000000000,0.000000000,0.000000000,1.000000000
1403715304.252142906,0.072942000,-0.292561000,1.026017000,0.000000000,0.000000000,0.000000000,1.000000000
1403715304.257143021,0.072055000,-0.292052000,1.025729000,0.000000000,0.000000000,0.000000000,1.000000000
1403715304.262143135,0.071168000,-0.291555000,1.025429000,0.000000000,0.000000000,0.000000000,1.000000000
1403715304.267143011,0.070280000,-0.291068000,1.025124000,0.000000000,0.000000000,0.000000000,1.000000000
1403715304.272142887,0.069401000,-0.290590000,1.024817000,0.000000000,0.000000000,0.000000000,1.000000000
1403715304.277143240,0.068537000,-0.290123000,1.024503000,0.000000000,0.000000000,0.000000000,1.000000000
1403715304.282143354,0.067682000,-0.289668000,1.024181000,0.000000000,0.000000000,0.000000000,1.000000000
1403715304.287142992,0.066822000,-0.289222000,1.023857000,0.000000000,0.000000000,0.000000000,1.000000000
1403715304.292143106,0.065953000,-0.288784000,1.023525000,0.000000000,0.000000000,0.000000000,1.000000000
1403715304.297143221,0.065083000,-0.288361000,1.023182000,0.000000000,0.000000000,0.000000000,1.000000000
1403715304.302143097,0.064241000,-0.287879000,1.022847000,0.000000000,0.000000000,0.000000000,1.000000000
1403715304.307142973,0.063393000,-0.287468000,1.022484000,0.000000000,0.000000000,0.000000000,1.000000000
1403715304.312143087,0.062559000,-0.287072000,1.022106000,0.000000000,0.000000000,0.000000000,1.000000000
1403715304.317143202,0.061734000,-0.286688000,1.021717000,0.000000000,0.000000000,0.000000000,1.000000000
1403715304.322143078,0.060912000,-0.286311000,1.021326000,0.000000000,0.000000000,0.000000000,1.000000000
1403715304.327142954,0.060090000,-0.285934000,1.020939000,0.000000000,0.000000000,0.000000000,1.000000000
1403715304.332143307,0.059270000,-0.285556000,1.020555000,0.000000000,0.000000000,0.000000000,1.000000000
1403715304.337143183,0.058458000,-0.285180000,1.020170000,0.000000000,0.000000000,0.000000000,1.000000000
1403715304.342143059,0.057658000,-0.284813000,1.019791000,0.000000000,0.000000000,0.000000000,1.000000000
1403715304.347142935,0.056874000,-0.284459000,1.019411000,0.000000000,0.000000000,0.000000000,1.000000000
1403715304.352143288,0.056125000,-0.284037000,1.019033000,0.000000000,0.000000000,0.000000000,1.000000000
1403715304.357143164,0.055354000,-0.283699000,1.018647000,0.000000000,0.000000000,0.000000000,1.000000000
1403715304.362143040,0.054581000,-0.283373000,1.018254000,0.000000000,0.000000000,0.000000000,1.000000000
1403715304.367142916,0.053806000,-0.283063000,1.017850000,0.000000000,0.000000000,0.000000000,1.000000000
1403715304.372143269,0.053036000,-0.282765000,1.017428000,0.000000000,0.000000000,0.000000000,1.000000000
1403715304.377142906,0.052278000,-0.282483000,1.016986000,0.000000000,0.000000000,0.000000000,1.000000000
1403715304.382143021,0.051531000,-0.282221000,1.016536000,0.000000000,0.000000000,0.000000000,1.000000000
1403715304.387142897,0.050796000,-0.281976000,1.016081000,0.000000000,0.000000000,0.000000000,1.000000000
1403715304.392143250,0.050069000,-0.281736000,1.015624000,0.000000000,0.000000000,0.000000000,1.000000000
1403715304.397142887,0.049346000,-0.281501000,1.015169000,0.000000000,0.000000000,0.000000000,1.000000000
1403715304.402143002,0.048659000,-0.281179000,1.014716000,0.000000000,0.000000000,0.000000000,1.000000000
1403715304.407143354,0.047953000,-0.280939000,1.014273000,0.000000000,0.000000000,0.000000000,1.000000000
1403715304.412143230,0.047254000,-0.280705000,1.013843000,0.000000000,0.000000000,0.000000000,1.000000000
1403715304.417143106,0.046561000,-0.280479000,1.013413000,0.000000000,0.000000000,0.000000000,1.000000000
1403715304.422142982,0.045877000,-0.280260000,1.012978000,0.000000000,0.000000000,0.000000000,1.000000000
1403715304.427143335,0.045200000,-0.280049000,1.012544000,0.000000000,0.000000000,0.000000000,1.000000000
1403715304.432142973,0.044531000,-0.279849000,1.012107000,0.000000000,0.000000000,0.000000000,1.000000000
1403715304.437143087,0.043867000,-0.279666000,1.011656000,0.000000000,0.000000000,0.000000000,1.000000000
1403715304.442142963,0.043207000,-0.279496000,1.011185000,0.000000000,0.000000000,0.000000000,1.000000000
1403715304.447143316,0.042559000,-0.279333000,1.010692000,0.000000000,0.000000000,0.000000000,1.000000000
1403715304.452142954,0.041953000,-0.279079000,1.010181000,0.000000000,0.000000000,0.000000000,1.000000000
1403715304.457143068,0.041331000,-0.278913000,1.009674000,0.000000000,0.000000000,0.000000000,1.000000000
1403715304.462142944,0.040720000,-0.278765000,1.009166000,0.000000000,0.000000000,0.000000000,1.000000000
1403715304.467143297,0.040123000,-0.278627000,1.008670000,0.000000000,0.000000000,0.000000000,1.000000000
1403715304.472142935,0.039535000,-0.278497000,1.008188000,0.000000000,0.000000000,0.000000000,1.000000000
1403715304.477143049,0.038954000,-0.278371000,1.007702000,0.000000000,0.000000000,0.000000000,1.000000000
1403715304.482143164,0.038373000,-0.278250000,1.007197000,0.000000000,0.000000000,0.000000000,1.000000000
1403715304.487143040,0.037788000,-0.278133000,1.006674000,0.000000000,0.000000000,0.000000000,1.000000000
1403715304.492142916,0.037201000,-0.278015000,1.006127000,0.000000000,0.000000000,0.000000000,1.000000000
1403715304.497143030,0.036615000,-0.277902000,1.005546000,0.000000000,0.000000000,0.000000000,1.000000000
1403715304.502143145,0.036063000,-0.277696000,1.004909000,0.000000000,0.000000000,0.000000000,1.000000000
1403715304.507143021,0.035492000,-0.277580000,1.004247000,0.000000000,0.000000000,0.000000000,1.000000000
1403715304.512142897,0.034924000,-0.277467000,1.003560000,0.000000000,0.000000000,0.000000000,1.000000000
1403715304.517143011,0.034363000,-0.277356000,1.002850000,0.000000000,0.000000000,0.000000000,1.000000000
1403715304.522143126,0.033810000,-0.277258000,1.002109000,0.000000000,0.000000000,0.000000000,1.000000000
1403715304.527143002,0.033253000,-0.277172000,1.001325000,0.000000000,0.000000000,0.000000000,1.000000000
1403715304.532143116,0.032693000,-0.277093000,1.000497000,0.000000000,0.000000000,0.000000000,1.000000000
1403715304.537143230,0.032136000,-0.277018000,0.999629000,0.000000000,0.000000000,0.000000000,1.000000000
1403715304.542143345,0.031585000,-0.276948000,0.998725000,0.000000000,0.000000000,0.000000000,1.000000000
1403715304.547142982,0.031042000,-0.276884000,0.997792000,0.000000000,0.000000000,0.000000000,1.000000000
1403715304.552143097,0.030520000,-0.276715000,0.996825000,0.000000000,0.000000000,0.000000000,1.000000000
1403715304.557143211,0.029987000,-0.276639000,0.995844000,0.000000000,0.000000000,0.000000000,1.000000000
1403715304.562143087,0.029455000,-0.276566000,0.994843000,0.000000000,0.000000000,0.000000000,1.000000000
1403715304.567142963,0.028925000,-0.276488000,0.993821000,0.000000000,0.000000000,0.000000000,1.000000000
1403715304.572143078,0.028401000,-0.276413000,0.992776000,0.000000000,0.000000000,0.000000000,1.000000000
1403715304.577143192,0.027879000,-0.276346000,0.991701000,0.000000000,0.000000000,0.000000000,1.000000000
1403715304.582143068,0.027355000,-0.276286000,0.990602000,0.000000000,0.000000000,0.000000000,1.000000000
1403715304.587142944,0.026828000,-0.276237000,0.989483000,0.000000000,0.000000000,0.000000000,1.000000000
1403715304.592143297,0.026298000,-0.276196000,0.988339000,0.000000000,0.000000000,0.000000000,1.000000000
1403715304.597143173,0.025768000,-0.276159000,0.987168000,0.000000000,0.000000000,0.000000000,1.000000000
1403715304.602143049,0.025249000,-0.276021000,0.985970000,0.000000000,0.000000000,0.000000000,1.000000000
1403715304.607142925,0.024729000,-0.275982000,0.984761000,0.000000000,0.000000000,0.000000000,1.000000000
1403715304.612143278,0.024213000,-0.275953000,0.983546000,0.000000000,0.000000000,0.000000000,1.000000000
1403715304.617143154,0.023700000,-0.275931000,0.982328000,0.000000000,0.000000000,0.000000000,1.000000000
1403715304.622143030,0.023178000,-0.275916000,0.981107000,0.000000000,0.000000000,0.000000000,1.000000000
1403715304.627142906,0.022647000,-0.275907000,0.979869000,0.000000000,0.000000000,0.000000000,1.000000000
1403715304.632143259,0.022111000,-0.275900000,0.978613000,0.000000000,0.000000000,0.000000000,1.000000000
1403715304.637142897,0.021575000,-0.275899000,0.977349000,0.000000000,0.000000000,0.000000000,1.000000000
1403715304.642143011,0.021044000,-0.275912000,0.976071000,0.000000000,0.000000000,0.000000000,1.000000000
1403715304.647142887,0.020517000,-0.275944000,0.974777000,0.000000000,0.000000000,0.000000000,1.000000000
1403715304.652143240,0.019994000,-0.275876000,0.973457000,0.000000000,0.000000000,0.000000000,1.000000000
1403715304.657143116,0.019466000,-0.275912000,0.972139000,0.000000000,0.000000000,0.000000000,1.000000000
1403715304.662142992,0.018935000,-0.275954000,0.970813000,0.000000000,0.000000000,0.000000000,1.000000000
1403715304.667143345,0.018404000,-0.276004000,0.969476000,0.000000000,0.000000000,0.000000000,1.000000000
1403715304.672143221,0.017874000,-0.276061000,0.968129000,0.000000000,0.000000000,0.000000000,1.000000000
1403715304.677143097,0.017349000,-0.276125000,0.966778000,0.000000000,0.000000000,0.000000000,1.000000000
1403715304.682142973,0.016824000,-0.276198000,0.965428000,0.000000000,0.000000000,0.000000000,1.000000000
1403715304.687143326,0.016293000,-0.276277000,0.964087000,0.000000000,0.000000000,0.000000000,1.000000000
1403715304.692142963,0.015754000,-0.276362000,0.962756000,0.000000000,0.000000000,0.000000000,1.000000000
1403715304.697143078,0.015212000,-0.276447000,0.961420000,0.000000000,0.000000000,0.000000000,1.000000000
1403715304.702142954,0.014658000,-0.276416000,0.960064000,0.000000000,0.000000000,0.000000000,1.000000000
1403715304.707143307,0.014119000,-0.276487000,0.958705000,0.000000000,0.000000000,0.000000000,1.000000000
1403715304.712142944,0.013585000,-0.276574000,0.957335000,0.000000000,0.000000000,0.000000000,1.000000000
1403715304.717143059,0.013054000,-0.276673000,0.955945000,0.000000000,0.000000000,0.000000000,1.000000000
1403715304.722143173,0.012525000,-0.276774000,0.954535000,0.000000000,0.000000000,0.000000000,1.000000000
1403715304.727143288,0.011996000,-0.276873000,0.953115000,0.000000000,0.000000000,0.000000000,1.000000000
1403715304.732142925,0.011465000,-0.276979000,0.951697000,0.000000000,0.000000000,0.000000000,1.000000000
1403715304.737143040,0.010932000,-0.277099000,0.950293000,0.000000000,0.000000000,0.000000000,1.000000000
1403715304.742143154,0.010399000,-0.277223000,0.948917000,0.000000000,0.000000000,0.000000000,1.000000000
1403715304.747143030,0.009872000,-0.277343000,0.947576000,0.000000000,0.000000000,0.000000000,1.000000000
1403715304.752142906,0.009328000,-0.277361000,0.946292000,0.000000000,0.000000000,0.000000000,1.000000000
1403715304.757143021,0.008807000,-0.277480000,0.945025000,0.000000000,0.000000000,0.000000000,1.000000000
1403715304.762143135,0.008289000,-0.277615000,0.943780000,0.000000000,0.000000000,0.000000000,1.000000000
1403715304.767143011,0.007769000,-0.277766000,0.942533000,0.000000000,0.000000000,0.000000000,1.000000000
1403715304.772142887,0.007239000,-0.277932000,0.941269000,0.000000000,0.000000000,0.000000000,1.000000000
1403715304.777143240,0.006695000,-0.278109000,0.940002000,0.000000000,0.000000000,0.000000000,1.000000000
1403715304.782143354,0.006145000,-0.278294000,0.938753000,0.000000000,0.000000000,0.000000000,1.000000000
1403715304.787142992,0.005597000,-0.278486000,0.937542000,0.000000000,0.000000000,0.000000000,1.000000000
1403715304.792143106,0.005052000,-0.278692000,0.936367000,0.000000000,0.000000000,0.000000000,1.000000000
1403715304.797143221,0.004509000,-0.278915000,0.935217000,0.000000000,0.000000000,0.000000000,1.000000000
1403715304.802143097,0.003928000,-0.279035000,0.934085000,0.000000000,0.000000000,0.000000000,1.000000000
1403715304.807142973,0.003369000,-0.279254000,0.932975000,0.000000000,0.000000000,0.000000000,1.000000000
1403715304.812143087,0.002811000,-0.279483000,0.931881000,0.000000000,0.000000000,0.000000000,1.000000000
1403715304.817143202,0.002258000,-0.279717000,0.930802000,0.000000000,0.000000000,0.000000000,1.000000000
1403715304.822143078,0.001709000,-0.279955000,0.929758000,0.000000000,0.000000000,0.000000000,1.000000000
1403715304.827142954,0.001163000,-0.280194000,0.928749000,0.000000000,0.000000000,0.000000000,1.000000000
1403715304.832143307,0.000620000,-0.280430000,0.927773000,0.000000000,0.000000000,0.000000000,1.000000000
1403715304.837143183,0.000075000,-0.280668000,0.926841000,0.000000000,0.000000000,0.000000000,1.000000000
1403715304.842143059,-0.000473000,-0.280906000,0.925954000,0.000000000,0.000000000,0.000000000,1.000000000
1403715304.847142935,-0.001023000,-0.281145000,0.925112000,0.000000000,0.000000000,0.000000000,1.000000000
1403715304.852143288,-0.001622000,-0.281282000,0.924340000,0.000000000,0.000000000,0.000000000,1.000000000
1403715304.857143164,-0.002182000,-0.281511000,0.923579000,0.000000000,0.000000000,0.000000000,1.000000000
1403715304.862143040,-0.002736000,-0.281745000,0.922849000,0.000000000,0.000000000,0.000000000,1.000000000
1403715304.867142916,-0.003288000,-0.281978000,0.922143000,0.000000000,0.000000000,0.000000000,1.000000000
1403715304.872143269,-0.003839000,-0.282207000,0.921458000,0.000000000,0.000000000,0.000000000,1.000000000
1403715304.877142906,-0.004393000,-0.282431000,0.920798000,0.000000000,0.000000000,0.000000000,1.000000000
1403715304.882143021,-0.004953000,-0.282653000,0.920164000,0.000000000,0.000000000,0.000000000,1.000000000
1403715304.887142897,-0.005511000,-0.282878000,0.919555000,0.000000000,0.000000000,0.000000000,1.000000000
1403715304.892143250,-0.006059000,-0.283105000,0.918978000,0.000000000,0.000000000,0.000000000,1.000000000
1403715304.897142887,-0.006591000,-0.283336000,0.918437000,0.000000000,0.000000000,0.000000000,1.000000000
1403715304.902143002,-0.007170000,-0.283474000,0.917978000,0.000000000,0.000000000,0.000000000,1.000000000
1403715304.907143354,-0.007706000,-0.283690000,0.917515000,0.000000000,0.000000000,0.000000000,1.000000000
1403715304.912143230,-0.008245000,-0.283905000,0.917086000,0.000000000,0.000000000,0.000000000,1.000000000
1403715304.917143106,-0.008788000,-0.284122000,0.916695000,0.000000000,0.000000000,0.000000000,1.000000000
1403715304.922142982,-0.009334000,-0.284345000,0.916346000,0.000000000,0.000000000,0.000000000,1.000000000
1403715304.927143335,-0.009881000,-0.284576000,0.916032000,0.000000000,0.000000000,0.000000000,1.000000000
1403715304.932142973,-0.010426000,-0.284814000,0.915753000,0.000000000,0.000000000,0.000000000,1.000000000
1403715304.937143087,-0.010972000,-0.285056000,0.915515000,0.000000000,0.000000000,0.000000000,1.000000000
1403715304.942142963,-0.011519000,-0.285302000,0.915317000,0.000000000,0.000000000,0.000000000,1.000000000
1403715304.947143316,-0.012067000,-0.285553000,0.915136000,0.000000000,0.000000000,0.000000000,1.000000000
1403715304.952142954,-0.012672000,-0.285718000,0.915023000,0.000000000,0.000000000,0.000000000,1.000000000
1403715304.957143068,-0.013235000,-0.285963000,0.914891000,0.000000000,0.000000000,0.000000000,1.000000000
1403715304.962142944,-0.013803000,-0.286213000,0.914787000,0.000000000,0.000000000,0.000000000,1.000000000
1403715304.967143297,-0.014373000,-0.286467000,0.914714000,0.000000000,0.000000000,0.000000000,1.000000000
1403715304.972142935,-0.014938000,-0.286721000,0.914675000,0.000000000,0.000000000,0.000000000,1.000000000
1403715304.977143049,-0.015502000,-0.286976000,0.914672000,0.000000000,0.000000000,0.000000000,1.000000000
1403715304.982143164,-0.016063000,-0.287233000,0.914706000,0.000000000,0.000000000,0.000000000,1.000000000
1403715304.987143040,-0.016625000,-0.287492000,0.914773000,0.000000000,0.000000000,0.000000000,1.000000000
1403715304.992142916,-0.017193000,-0.287759000,0.914870000,0.000000000,0.000000000,0.000000000,1.000000000
1403715304.997143030,-0.017769000,-0.288038000,0.914988000,0.000000000,0.000000000,0.000000000,1.000000000
1403715305.002143145,-0.018409000,-0.288231000,0.915191000,0.000000000,0.000000000,0.000000000,1.000000000
1403715305.007143021,-0.019009000,-0.288501000,0.915356000,0.000000000,0.000000000,0.000000000,1.000000000
1403715305.012142897,-0.019613000,-0.288775000,0.915534000,0.000000000,0.000000000,0.000000000,1.000000000
1403715305.017143011,-0.020221000,-0.289053000,0.915725000,0.000000000,0.000000000,0.000000000,1.000000000
1403715305.022143126,-0.020829000,-0.289337000,0.915924000,0.000000000,0.000000000,0.000000000,1.000000000
1403715305.027143002,-0.021439000,-0.289627000,0.916143000,0.000000000,0.000000000,0.000000000,1.000000000
1403715305.032143116,-0.022047000,-0.289920000,0.916379000,0.000000000,0.000000000,0.000000000,1.000000000
1403715305.037143230,-0.022649000,-0.290212000,0.916632000,0.000000000,0.000000000,0.000000000,1.000000000
1403715305.042143345,-0.023252000,-0.290499000,0.916907000,0.000000000,0.000000000,0.000000000,1.000000000
1403715305.047142982,-0.023863000,-0.290787000,0.917216000,0.000000000,0.000000000,0.000000000,1.000000000
1403715305.052143097,-0.024532000,-0.290983000,0.917635000,0.000000000,0.000000000,0.000000000,1.000000000
1403715305.057143211,-0.025156000,-0.291253000,0.918013000,0.000000000,0.000000000,0.000000000,1.000000000
1403715305.062143087,-0.025772000,-0.291526000,0.918421000,0.000000000,0.000000000,0.000000000,1.000000000
1403715305.067142963,-0.026392000,-0.291799000,0.918851000,0.000000000,0.000000000,0.000000000,1.000000000
1403715305.072143078,-0.027017000,-0.292071000,0.919299000,0.000000000,0.000000000,0.000000000,1.000000000
1403715305.077143192,-0.027645000,-0.292348000,0.919759000,0.000000000,0.000000000,0.000000000,1.000000000
1403715305.082143068,-0.028274000,-0.292636000,0.920233000,0.000000000,0.000000000,0.000000000,1.000000000
1403715305.087142944,-0.028901000,-0.292934000,0.920723000,0.000000000,0.000000000,0.000000000,1.000000000
1403715305.092143297,-0.029525000,-0.293237000,0.921215000,0.000000000,0.000000000,0.000000000,1.000000000
1403715305.097143173,-0.030152000,-0.293537000,0.921713000,0.000000000,0.000000000,0.000000000,1.000000000
1403715305.102143049,-0.030836000,-0.293739000,0.922296000,0.000000000,0.000000000,0.000000000,1.000000000
1403715305.107142925,-0.031497000,-0.294021000,0.922833000,0.000000000,0.000000000,0.000000000,1.000000000
1403715305.112143278,-0.032166000,-0.294311000,0.923375000,0.000000000,0.000000000,0.000000000,1.000000000
1403715305.117143154,-0.032833000,-0.294597000,0.923912000,0.000000000,0.000000000,0.000000000,1.000000000
1403715305.122143030,-0.033500000,-0.294875000,0.924461000,0.000000000,0.000000000,0.000000000,1.000000000
1403715305.127142906,-0.034168000,-0.295153000,0.925023000,0.000000000,0.000000000,0.000000000,1.000000000
1403715305.132143259,-0.034842000,-0.295435000,0.925586000,0.000000000,0.000000000,0.000000000,1.000000000
1403715305.137142897,-0.035514000,-0.295722000,0.926140000,0.000000000,0.000000000,0.000000000,1.000000000
1403715305.142143011,-0.036178000,-0.296010000,0.926683000,0.000000000,0.000000000,0.000000000,1.000000000
1403715305.147142887,-0.036832000,-0.296301000,0.927220000,0.000000000,0.000000000,0.000000000,1.000000000
1403715305.152143240,-0.037509000,-0.296494000,0.927797000,0.000000000,0.000000000,0.000000000,1.000000000
1403715305.157143116,-0.038161000,-0.296761000,0.928332000,0.000000000,0.000000000,0.000000000,1.000000000
1403715305.162142992,-0.038814000,-0.297027000,0.928856000,0.000000000,0.000000000,0.000000000,1.000000000
1403715305.167143345,-0.039466000,-0.297289000,0.929367000,0.000000000,0.000000000,0.000000000,1.000000000
1403715305.172143221,-0.040112000,-0.297549000,0.929873000,0.000000000,0.000000000,0.000000000,1.000000000
1403715305.177143097,-0.040756000,-0.297813000,0.930375000,0.000000000,0.000000000,0.000000000,1.000000000
1403715305.182142973,-0.041402000,-0.298085000,0.930862000,0.000000000,0.000000000,0.000000000,1.000000000
1403715305.187143326,-0.042052000,-0.298363000,0.931334000,0.000000000,0.000000000,0.000000000,1.000000000
1403715305.192142963,-0.042706000,-0.298644000,0.931802000,0.000000000,0.000000000,0.000000000,1.000000000
1403715305.197143078,-0.043358000,-0.298927000,0.932268000,0.000000000,0.000000000,0.000000000,1.000000000
1403715305.202142954,-0.044037000,-0.299107000,0.932776000,0.000000000,0.000000000,0.000000000,1.000000000
1403715305.207143307,-0.044689000,-0.299366000,0.933223000,0.000000000,0.000000000,0.000000000,1.000000000
1403715305.212142944,-0.045335000,-0.299625000,0.933651000,0.000000000,0.000000000,0.000000000,1.000000000
1403715305.217143059,-0.045973000,-0.299872000,0.934080000,0.000000000,0.000000000,0.000000000,1.000000000
1403715305.222143173,-0.046607000,-0.300107000,0.934514000,0.000000000,0.000000000,0.000000000,1.000000000
1403715305.227143288,-0.047238000,-0.300339000,0.934942000,0.000000000,0.000000000,0.000000000,1.000000000
1403715305.232142925,-0.047867000,-0.300573000,0.935371000,0.000000000,0.000000000,0.000000000,1.000000000
1403715305.237143040,-0.048492000,-0.300808000,0.935804000,0.000000000,0.000000000,0.000000000,1.000000000
1403715305.242143154,-0.049117000,-0.301048000,0.936232000,0.000000000,0.000000000,0.000000000,1.000000000
1403715305.247143030,-0.049744000,-0.301287000,0.936656000,0.000000000,0.000000000,0.000000000,1.000000000
1403715305.252142906,-0.050385000,-0.301413000,0.937122000,0.000000000,0.000000000,0.000000000,1.000000000
1403715305.257143021,-0.051005000,-0.301635000,0.937549000,0.000000000,0.000000000,0.000000000,1.000000000
1403715305.262143135,-0.051617000,-0.301871000,0.937961000,0.000000000,0.000000000,0.000000000,1.000000000
1403715305.267143011,-0.052226000,-0.302116000,0.938355000,0.000000000,0.000000000,0.000000000,1.000000000
1403715305.272142887,-0.052837000,-0.302358000,0.938744000,0.000000000,0.000000000,0.000000000,1.000000000
1403715305.277143240,-0.053452000,-0.302598000,0.939132000,0.000000000,0.000000000,0.000000000,1.000000000
1403715305.282143354,-0.054071000,-0.302843000,0.939513000,0.000000000,0.000000000,0.000000000,1.000000000
1403715305.287142992,-0.054689000,-0.303094000,0.939891000,0.000000000,0.000000000,0.000000000,1.000000000
1403715305.292143106,-0.055295000,-0.303347000,0.940273000,0.000000000,0.000000000,0.000000000,1.000000000
1403715305.297143221,-0.055888000,-0.303602000,0.940660000,0.000000000,0.000000000,0.000000000,1.000000000
1403715305.302143097,-0.056489000,-0.303732000,0.941078000,0.000000000,0.000000000,0.000000000,1.000000000
1403715305.307142973,-0.057081000,-0.303956000,0.941465000,0.000000000,0.000000000,0.000000000,1.000000000
1403715305.312143087,-0.057681000,-0.304182000,0.941837000,0.000000000,0.000000000,0.000000000,1.000000000
1403715305.317143202,-0.058291000,-0.304416000,0.942195000,0.000000000,0.000000000,0.000000000,1.000000000
1403715305.322143078,-0.058907000,-0.304655000,0.942536000,0.000000000,0.000000000,0.000000000,1.000000000
1403715305.327142954,-0.059522000,-0.304897000,0.942858000,0.000000000,0.000000000,0.000000000,1.000000000
1403715305.332143307,-0.060132000,-0.305136000,0.943165000,0.000000000,0.000000000,0.000000000,1.000000000
1403715305.337143183,-0.060738000,-0.305370000,0.943468000,0.000000000,0.000000000,0.000000000,1.000000000
1403715305.342143059,-0.061346000,-0.305606000,0.943781000,0.000000000,0.000000000,0.000000000,1.000000000
1403715305.347142935,-0.061959000,-0.305842000,0.944104000,0.000000000,0.000000000,0.000000000,1.000000000
1403715305.352143288,-0.062582000,-0.305938000,0.944459000,0.000000000,0.000000000,0.000000000,1.000000000
1403715305.357143164,-0.063197000,-0.306127000,0.944819000,0.000000000,0.000000000,0.000000000,1.000000000
1403715305.362143040,-0.063807000,-0.306313000,0.945192000,0.000000000,0.000000000,0.000000000,1.000000000
1403715305.367142916,-0.064409000,-0.306506000,0.945565000,0.000000000,0.000000000,0.000000000,1.000000000
1403715305.372143269,-0.065008000,-0.306711000,0.945931000,0.000000000,0.000000000,0.000000000,1.000000000
1403715305.377142906,-0.065610000,-0.306921000,0.946289000,0.000000000,0.000000000,0.000000000,1.000000000
1403715305.382143021,-0.066216000,-0.307126000,0.946640000,0.000000000,0.000000000,0.000000000,1.000000000
1403715305.387142897,-0.066825000,-0.307331000,0.946989000,0.000000000,0.000000000,0.000000000,1.000000000
1403715305.392143250,-0.067432000,-0.307540000,0.947339000,0.000000000,0.000000000,0.000000000,1.000000000
1403715305.397142887,-0.068032000,-0.307756000,0.947696000,0.000000000,0.000000000,0.000000000,1.000000000
1403715305.402143002,-0.068634000,-0.307837000,0.948089000,0.000000000,0.000000000,0.000000000,1.000000000
1403715305.407143354,-0.069217000,-0.308020000,0.948470000,0.000000000,0.000000000,0.000000000,1.000000000
1403715305.412143230,-0.069799000,-0.308199000,0.948873000,0.000000000,0.000000000,0.000000000,1.000000000
1403715305.417143106,-0.070389000,-0.308376000,0.949300000,0.000000000,0.000000000,0.000000000,1.000000000
1403715305.422142982,-0.070986000,-0.308550000,0.949747000,0.000000000,0.000000000,0.000000000,1.000000000
1403715305.427143335,-0.071591000,-0.308723000,0.950209000,0.000000000,0.000000000,0.000000000,1.000000000
1403715305.432142973,-0.072197000,-0.308906000,0.950680000,0.000000000,0.000000000,0.000000000,1.000000000
1403715305.437143087,-0.072793000,-0.309098000,0.951150000,0.000000000,0.000000000,0.000000000,1.000000000
1403715305.442142963,-0.073376000,-0.309286000,0.951631000,0.000000000,0.000000000,0.000000000,1.000000000
1403715305.447143316,-0.073957000,-0.309473000,0.952136000,0.000000000,0.000000000,0.000000000,1.000000000
1403715305.452142954,-0.074556000,-0.309517000,0.952703000,0.000000000,0.000000000,0.000000000,1.000000000
1403715305.457143068,-0.075151000,-0.309677000,0.953277000,0.000000000,0.000000000,0.000000000,1.000000000
1403715305.462142944,-0.075748000,-0.309842000,0.953888000,0.000000000,0.000000000,0.000000000,1.000000000
1403715305.467143297,-0.076339000,-0.310020000,0.954529000,0.000000000,0.000000000,0.000000000,1.000000000
1403715305.472142935,-0.076917000,-0.310208000,0.955192000,0.000000000,0.000000000,0.000000000,1.000000000
1403715305.477143049,-0.077484000,-0.310396000,0.955884000,0.000000000,0.000000000,0.000000000,1.000000000
1403715305.482143164,-0.078047000,-0.310582000,0.956609000,0.000000000,0.000000000,0.000000000,1.000000000
1403715305.487143040,-0.078616000,-0.310772000,0.957371000,0.000000000,0.000000000,0.000000000,1.000000000
1403715305.492142916,-0.079187000,-0.310972000,0.958166000,0.000000000,0.000000000,0.000000000,1.000000000
1403715305.497143030,-0.079757000,-0.311180000,0.958993000,0.000000000,0.000000000,0.000000000,1.000000000
1403715305.502143145,-0.080330000,-0.311241000,0.959896000,0.000000000,0.000000000,0.000000000,1.000000000
1403715305.507143021,-0.080885000,-0.311438000,0.960794000,0.000000000,0.000000000,0.000000000,1.000000000
1403715305.512142897,-0.081435000,-0.311640000,0.961714000,0.000000000,0.000000000,0.000000000,1.000000000
1403715305.517143011,-0.081982000,-0.311838000,0.962662000,0.000000000,0.000000000,0.000000000,1.000000000
1403715305.522143126,-0.082532000,-0.312031000,0.963654000,0.000000000,0.000000000,0.000000000,1.000000000
1403715305.527143002,-0.083088000,-0.312219000,0.964692000,0.000000000,0.000000000,0.000000000,1.000000000
1403715305.532143116,-0.083637000,-0.312399000,0.965769000,0.000000000,0.000000000,0.000000000,1.000000000
1403715305.537143230,-0.084177000,-0.312574000,0.966883000,0.000000000,0.000000000,0.000000000,1.000000000
1403715305.542143345,-0.084714000,-0.312754000,0.968026000,0.000000000,0.000000000,0.000000000,1.000000000
1403715305.547142982,-0.085246000,-0.312944000,0.969188000,0.000000000,0.000000000,0.000000000,1.000000000
1403715305.552143097,-0.085802000,-0.312985000,0.970425000,0.000000000,0.000000000,0.000000000,1.000000000
1403715305.557143211,-0.086347000,-0.313169000,0.971617000,0.000000000,0.000000000,0.000000000,1.000000000
1403715305.562143087,-0.086896000,-0.313354000,0.972813000,0.000000000,0.000000000,0.000000000,1.000000000
1403715305.567142963,-0.087439000,-0.313539000,0.974021000,0.000000000,0.000000000,0.000000000,1.000000000
1403715305.572143078,-0.087974000,-0.313730000,0.975256000,0.000000000,0.000000000,0.000000000,1.000000000
1403715305.577143192,-0.088497000,-0.313925000,0.976528000,0.000000000,0.000000000,0.000000000,1.000000000
1403715305.582143068,-0.089012000,-0.314124000,0.977854000,0.000000000,0.000000000,0.000000000,1.000000000
1403715305.587142944,-0.089522000,-0.314327000,0.979240000,0.000000000,0.000000000,0.000000000,1.000000000
1403715305.592143297,-0.090030000,-0.314531000,0.980678000,0.000000000,0.000000000,0.000000000,1.000000000
1403715305.597143173,-0.090538000,-0.314731000,0.982160000,0.000000000,0.000000000,0.000000000,1.000000000
1403715305.602143049,-0.091059000,-0.314769000,0.983760000,0.000000000,0.000000000,0.000000000,1.000000000
1403715305.607142925,-0.091577000,-0.314948000,0.985333000,0.000000000,0.000000000,0.000000000,1.000000000
1403715305.612143278,-0.092089000,-0.315131000,0.986935000,0.000000000,0.000000000,0.000000000,1.000000000
1403715305.617143154,-0.092599000,-0.315308000,0.988563000,0.000000000,0.000000000,0.000000000,1.000000000
1403715305.622143030,-0.093114000,-0.315476000,0.990218000,0.000000000,0.000000000,0.000000000,1.000000000
1403715305.627142906,-0.093631000,-0.315638000,0.991907000,0.000000000,0.000000000,0.000000000,1.000000000
1403715305.632143259,-0.094145000,-0.315802000,0.993640000,0.000000000,0.000000000,0.000000000,1.000000000
1403715305.637142897,-0.094651000,-0.315967000,0.995419000,0.000000000,0.000000000,0.000000000,1.000000000
1403715305.642143011,-0.095152000,-0.316131000,0.997244000,0.000000000,0.000000000,0.000000000,1.000000000
1403715305.647142887,-0.095658000,-0.316301000,0.999092000,0.000000000,0.000000000,0.000000000,1.000000000
1403715305.652143240,-0.096178000,-0.316320000,1.001029000,0.000000000,0.000000000,0.000000000,1.000000000
1403715305.657143116,-0.096688000,-0.316469000,1.002920000,0.000000000,0.000000000,0.000000000,1.000000000
1403715305.662142992,-0.097191000,-0.316619000,1.004817000,0.000000000,0.000000000,0.000000000,1.000000000
1403715305.667143345,-0.097691000,-0.316766000,1.006722000,0.000000000,0.000000000,0.000000000,1.000000000
1403715305.672143221,-0.098188000,-0.316918000,1.008630000,0.000000000,0.000000000,0.000000000,1.000000000
1403715305.677143097,-0.098684000,-0.317074000,1.010544000,0.000000000,0.000000000,0.000000000,1.000000000
1403715305.682142973,-0.099181000,-0.317228000,1.012480000,0.000000000,0.000000000,0.000000000,1.000000000
1403715305.687143326,-0.099684000,-0.317380000,1.014441000,0.000000000,0.000000000,0.000000000,1.000000000
1403715305.692142963,-0.100189000,-0.317531000,1.016428000,0.000000000,0.000000000,0.000000000,1.000000000
1403715305.697143078,-0.100689000,-0.317686000,1.018445000,0.000000000,0.000000000,0.000000000,1.000000000
1403715305.702142954,-0.101194000,-0.317689000,1.020592000,0.000000000,0.000000000,0.000000000,1.000000000
1403715305.707143307,-0.101686000,-0.317814000,1.022711000,0.000000000,0.000000000,0.000000000,1.000000000
1403715305.712142944,-0.102175000,-0.317940000,1.024851000,0.000000000,0.000000000,0.000000000,1.000000000
1403715305.717143059,-0.102663000,-0.318075000,1.027002000,0.000000000,0.000000000,0.000000000,1.000000000
1403715305.722143173,-0.103145000,-0.318225000,1.029152000,0.000000000,0.000000000,0.000000000,1.000000000
1403715305.727143288,-0.103616000,-0.318387000,1.031304000,0.000000000,0.000000000,0.000000000,1.000000000
1403715305.732142925,-0.104071000,-0.318558000,1.033456000,0.000000000,0.000000000,0.000000000,1.000000000
1403715305.737143040,-0.104517000,-0.318729000,1.035601000,0.000000000,0.000000000,0.000000000,1.000000000
1403715305.742143154,-0.104960000,-0.318898000,1.037746000,0.000000000,0.000000000,0.000000000,1.000000000
1403715305.747143030,-0.105400000,-0.319064000,1.039893000,0.000000000,0.000000000,0.000000000,1.000000000
1403715305.752142906,-0.105843000,-0.319084000,1.042122000,0.000000000,0.000000000,0.000000000,1.000000000
1403715305.757143021,-0.106275000,-0.319232000,1.044283000,0.000000000,0.000000000,0.000000000,1.000000000
1403715305.762143135,-0.106702000,-0.319388000,1.046432000,0.000000000,0.000000000,0.000000000,1.000000000
1403715305.767143011,-0.107126000,-0.319548000,1.048580000,0.000000000,0.000000000,0.000000000,1.000000000
1403715305.772142887,-0.107551000,-0.319709000,1.050718000,0.000000000,0.000000000,0.000000000,1.000000000
1403715305.777143240,-0.107973000,-0.319868000,1.052841000,0.000000000,0.000000000,0.000000000,1.000000000
1403715305.782143354,-0.108388000,-0.320028000,1.054959000,0.000000000,0.000000000,0.000000000,1.000000000
1403715305.787142992,-0.108794000,-0.320195000,1.057079000,0.000000000,0.000000000,0.000000000,1.000000000
1403715305.792143106,-0.109191000,-0.320374000,1.059197000,0.000000000,0.000000000,0.000000000,1.000000000
1403715305.797143221,-0.109582000,-0.320561000,1.061310000,0.000000000,0.000000000,0.000000000,1.000000000
1403715305.802143097,-0.109968000,-0.320595000,1.063514000,0.000000000,0.000000000,0.000000000,1.000000000
1403715305.807142973,-0.110337000,-0.320743000,1.065641000,0.000000000,0.000000000,0.000000000,1.000000000
1403715305.812143087,-0.110698000,-0.320894000,1.067759000,0.000000000,0.000000000,0.000000000,1.000000000
1403715305.817143202,-0.111049000,-0.321050000,1.069854000,0.000000000,0.000000000,0.000000000,1.000000000
1403715305.822143078,-0.111394000,-0.321205000,1.071930000,0.000000000,0.000000000,0.000000000,1.000000000
1403715305.827142954,-0.111736000,-0.321363000,1.074001000,0.000000000,0.000000000,0.000000000,1.000000000
1403715305.832143307,-0.112077000,-0.321526000,1.076061000,0.000000000,0.000000000,0.000000000,1.000000000
1403715305.837143183,-0.112418000,-0.321688000,1.078109000,0.000000000,0.000000000,0.000000000,1.000000000
1403715305.842143059,-0.112757000,-0.321844000,1.080160000,0.000000000,0.000000000,0.000000000,1.000000000
1403715305.847142935,-0.113090000,-0.322004000,1.082212000,0.000000000,0.000000000,0.000000000,1.000000000
1403715305.852143288,-0.113421000,-0.322027000,1.084342000,0.000000000,0.000000000,0.000000000,1.000000000
1403715305.857143164,-0.113743000,-0.322164000,1.086403000,0.000000000,0.000000000,0.000000000,1.000000000
1403715305.862143040,-0.114063000,-0.322310000,1.088457000,0.000000000,0.000000000,0.000000000,1.000000000
1403715305.867142916,-0.114379000,-0.322469000,1.090498000,0.000000000,0.000000000,0.000000000,1.000000000
1403715305.872143269,-0.114695000,-0.322639000,1.092519000,0.000000000,0.000000000,0.000000000,1.000000000
1403715305.877142906,-0.115012000,-0.322814000,1.094526000,0.000000000,0.000000000,0.000000000,1.000000000
1403715305.882143021,-0.115326000,-0.322986000,1.096518000,0.000000000,0.000000000,0.000000000,1.000000000
1403715305.887142897,-0.115633000,-0.323162000,1.098492000,0.000000000,0.000000000,0.000000000,1.000000000
1403715305.892143250,-0.115933000,-0.323337000,1.100448000,0.000000000,0.000000000,0.000000000,1.000000000
1403715305.897142887,-0.116225000,-0.323509000,1.102399000,0.000000000,0.000000000,0.000000000,1.000000000
1403715305.902143002,-0.116510000,-0.323537000,1.104421000,0.000000000,0.000000000,0.000000000,1.000000000
1403715305.907143354,-0.116794000,-0.323672000,1.106386000,0.000000000,0.000000000,0.000000000,1.000000000
1403715305.912143230,-0.117069000,-0.323803000,1.108349000,0.000000000,0.000000000,0.000000000,1.000000000
1403715305.917143106,-0.117339000,-0.323926000,1.110307000,0.000000000,0.000000000,0.000000000,1.000000000
1403715305.922142982,-0.117607000,-0.324043000,1.112263000,0.000000000,0.000000000,0.000000000,1.000000000
1403715305.927143335,-0.117867000,-0.324160000,1.114223000,0.000000000,0.000000000,0.000000000,1.000000000
1403715305.932142973,-0.118117000,-0.324277000,1.116174000,0.000000000,0.000000000,0.000000000,1.000000000
1403715305.937143087,-0.118355000,-0.324392000,1.118118000,0.000000000,0.000000000,0.000000000,1.000000000
1403715305.942142963,-0.118588000,-0.324504000,1.120052000,0.000000000,0.000000000,0.000000000,1.000000000
1403715305.947143316,-0.118820000,-0.324614000,1.121975000,0.000000000,0.000000000,0.000000000,1.000000000
1403715305.952142954,-0.119045000,-0.324582000,1.123953000,0.000000000,0.000000000,0.000000000,1.000000000
1403715305.957143068,-0.119282000,-0.324658000,1.125868000,0.000000000,0.000000000,0.000000000,1.000000000
1403715305.962142944,-0.119523000,-0.324740000,1.127781000,0.000000000,0.000000000,0.000000000,1.000000000
1403715305.967143297,-0.119761000,-0.324827000,1.129681000,0.000000000,0.000000000,0.000000000,1.000000000
1403715305.972142935,-0.119997000,-0.324911000,1.131558000,0.000000000,0.000000000,0.000000000,1.000000000
1403715305.977143049,-0.120228000,-0.324989000,1.133415000,0.000000000,0.000000000,0.000000000,1.000000000
1403715305.982143164,-0.120452000,-0.325065000,1.135260000,0.000000000,0.000000000,0.000000000,1.000000000
1403715305.987143040,-0.120673000,-0.325143000,1.137087000,0.000000000,0.000000000,0.000000000,1.000000000
1403715305.992142916,-0.120891000,-0.325229000,1.138899000,0.000000000,0.000000000,0.000000000,1.000000000
1403715305.997143030,-0.121103000,-0.325322000,1.140701000,0.000000000,0.000000000,0.000000000,1.000000000
1403715306.002143145,-0.121294000,-0.325277000,1.142536000,0.000000000,0.000000000,0.000000000,1.000000000
1403715306.007143021,-0.121497000,-0.325346000,1.144318000,0.000000000,0.000000000,0.000000000,1.000000000
1403715306.012142897,-0.121692000,-0.325417000,1.146087000,0.000000000,0.000000000,0.000000000,1.000000000
1403715306.017143011,-0.121882000,-0.325489000,1.147840000,0.000000000,0.000000000,0.000000000,1.000000000
1403715306.022143126,-0.122068000,-0.325565000,1.149575000,0.000000000,0.000000000,0.000000000,1.000000000
1403715306.027143002,-0.122251000,-0.325644000,1.151297000,0.000000000,0.000000000,0.000000000,1.000000000
1403715306.032143116,-0.122429000,-0.325725000,1.153012000,0.000000000,0.000000000,0.000000000,1.000000000
1403715306.037143230,-0.122606000,-0.325809000,1.154726000,0.000000000,0.000000000,0.000000000,1.000000000
1403715306.042143345,-0.122780000,-0.325894000,1.156438000,0.000000000,0.000000000,0.000000000,1.000000000
1403715306.047142982,-0.122948000,-0.325982000,1.158134000,0.000000000,0.000000000,0.000000000,1.000000000
1403715306.052143097,-0.123096000,-0.325926000,1.159844000,0.000000000,0.000000000,0.000000000,1.000000000
1403715306.057143211,-0.123255000,-0.325996000,1.161508000,0.000000000,0.000000000,0.000000000,1.000000000
1403715306.062143087,-0.123408000,-0.326073000,1.163153000,0.000000000,0.000000000,0.000000000,1.000000000
1403715306.067142963,-0.123553000,-0.326148000,1.164788000,0.000000000,0.000000000,0.000000000,1.000000000
1403715306.072143078,-0.123698000,-0.326214000,1.166416000,0.000000000,0.000000000,0.000000000,1.000000000
1403715306.077143192,-0.123850000,-0.326275000,1.168034000,0.000000000,0.000000000,0.000000000,1.000000000
1403715306.082143068,-0.124005000,-0.326339000,1.169641000,0.000000000,0.000000000,0.000000000,1.000000000
1403715306.087142944,-0.124159000,-0.326405000,1.171239000,0.000000000,0.000000000,0.000000000,1.000000000
1403715306.092143297,-0.124303000,-0.326470000,1.172823000,0.000000000,0.000000000,0.000000000,1.000000000
1403715306.097143173,-0.124436000,-0.326538000,1.174392000,0.000000000,0.000000000,0.000000000,1.000000000
1403715306.102143049,-0.124546000,-0.326452000,1.175977000,0.000000000,0.000000000,0.000000000,1.000000000
1403715306.107142925,-0.124675000,-0.326495000,1.177523000,0.000000000,0.000000000,0.000000000,1.000000000
1403715306.112143278,-0.124815000,-0.326543000,1.179055000,0.000000000,0.000000000,0.000000000,1.000000000
1403715306.117143154,-0.124960000,-0.326595000,1.180572000,0.000000000,0.000000000,0.000000000,1.000000000
1403715306.122143030,-0.125106000,-0.326645000,1.182081000,0.000000000,0.000000000,0.000000000,1.000000000
1403715306.127142906,-0.125247000,-0.326689000,1.183581000,0.000000000,0.000000000,0.000000000,1.000000000
1403715306.132143259,-0.125378000,-0.326721000,1.185076000,0.000000000,0.000000000,0.000000000,1.000000000
1403715306.137142897,-0.125500000,-0.326746000,1.186578000,0.000000000,0.000000000,0.000000000,1.000000000
1403715306.142143011,-0.125614000,-0.326771000,1.188090000,0.000000000,0.000000000,0.000000000,1.000000000
1403715306.147142887,-0.125720000,-0.326794000,1.189614000,0.000000000,0.000000000,0.000000000,1.000000000
1403715306.152143240,-0.125792000,-0.326650000,1.191173000,0.000000000,0.000000000,0.000000000,1.000000000
1403715306.157143116,-0.125869000,-0.326631000,1.192711000,0.000000000,0.000000000,0.000000000,1.000000000
1403715306.162142992,-0.125938000,-0.326616000,1.194241000,0.000000000,0.000000000,0.000000000,1.000000000
1403715306.167143345,-0.126003000,-0.326608000,1.195757000,0.000000000,0.000000000,0.000000000,1.000000000
1403715306.172143221,-0.126064000,-0.326605000,1.197258000,0.000000000,0.000000000,0.000000000,1.000000000
1403715306.177143097,-0.126121000,-0.326596000,1.198745000,0.000000000,0.000000000,0.000000000,1.000000000
1403715306.182142973,-0.126173000,-0.326577000,1.200221000,0.000000000,0.000000000,0.000000000,1.000000000
1403715306.187143326,-0.126219000,-0.326555000,1.201691000,0.000000000,0.000000000,0.000000000,1.000000000
1403715306.192142963,-0.126258000,-0.326538000,1.203168000,0.000000000,0.000000000,0.000000000,1.000000000
1403715306.197143078,-0.126289000,-0.326528000,1.204650000,0.000000000,0.000000000,0.000000000,1.000000000
1403715306.202142954,-0.126287000,-0.326355000,1.206145000,0.000000000,0.000000000,0.000000000,1.000000000
1403715306.207143307,-0.126298000,-0.326306000,1.207640000,0.000000000,0.000000000,0.000000000,1.000000000
1403715306.212142944,-0.126299000,-0.326260000,1.209135000,0.000000000,0.000000000,0.000000000,1.000000000
1403715306.217143059,-0.126282000,-0.326217000,1.210620000,0.000000000,0.000000000,0.000000000,1.000000000
1403715306.222143173,-0.126248000,-0.326181000,1.212092000,0.000000000,0.000000000,0.000000000,1.000000000
1403715306.227143288,-0.126204000,-0.326158000,1.213554000,0.000000000,0.000000000,0.000000000,1.000000000
1403715306.232142925,-0.126146000,-0.326145000,1.214998000,0.000000000,0.000000000,0.000000000,1.000000000
1403715306.237143040,-0.126072000,-0.326133000,1.216423000,0.000000000,0.000000000,0.000000000,1.000000000
1403715306.242143154,-0.125988000,-0.326118000,1.217842000,0.000000000,0.000000000,0.000000000,1.000000000
1403715306.247143030,-0.125899000,-0.326108000,1.219258000,0.000000000,0.000000000,0.000000000,1.000000000
1403715306.252142906,-0.125766000,-0.325946000,1.220677000,0.000000000,0.000000000,0.000000000,1.000000000
1403715306.257143021,-0.125645000,-0.325919000,1.222083000,0.000000000,0.000000000,0.000000000,1.000000000
1403715306.262143135,-0.125510000,-0.325895000,1.223496000,0.000000000,0.000000000,0.000000000,1.000000000
1403715306.267143011,-0.125358000,-0.325873000,1.224915000,0.000000000,0.000000000,0.000000000,1.000000000
1403715306.272142887,-0.125182000,-0.325855000,1.226319000,0.000000000,0.000000000,0.000000000,1.000000000
1403715306.277143240,-0.124992000,-0.325842000,1.227702000,0.000000000,0.000000000,0.000000000,1.000000000
1403715306.282143354,-0.124805000,-0.325836000,1.229068000,0.000000000,0.000000000,0.000000000,1.000000000
1403715306.287142992,-0.124626000,-0.325835000,1.230417000,0.000000000,0.000000000,0.000000000,1.000000000
1403715306.292143106,-0.124439000,-0.325844000,1.231760000,0.000000000,0.000000000,0.000000000,1.000000000
1403715306.297143221,-0.124235000,-0.325867000,1.233097000,0.000000000,0.000000000,0.000000000,1.000000000
1403715306.302143097,-0.123982000,-0.325736000,1.234444000,0.000000000,0.000000000,0.000000000,1.000000000
1403715306.307142973,-0.123735000,-0.325753000,1.235781000,0.000000000,0.000000000,0.000000000,1.000000000
1403715306.312143087,-0.123474000,-0.325782000,1.237125000,0.000000000,0.000000000,0.000000000,1.000000000
1403715306.317143202,-0.123197000,-0.325819000,1.238468000,0.000000000,0.000000000,0.000000000,1.000000000
1403715306.322143078,-0.122909000,-0.325854000,1.239808000,0.000000000,0.000000000,0.000000000,1.000000000
1403715306.327142954,-0.122614000,-0.325888000,1.241153000,0.000000000,0.000000000,0.000000000,1.000000000
1403715306.332143307,-0.122306000,-0.325922000,1.242503000,0.000000000,0.000000000,0.000000000,1.000000000
1403715306.337143183,-0.121981000,-0.325955000,1.243854000,0.000000000,0.000000000,0.000000000,1.000000000
1403715306.342143059,-0.121634000,-0.325993000,1.245210000,0.000000000,0.000000000,0.000000000,1.000000000
1403715306.347142935,-0.121269000,-0.326038000,1.246574000,0.000000000,0.000000000,0.000000000,1.000000000
1403715306.352143288,-0.120852000,-0.325919000,1.247972000,0.000000000,0.000000000,0.000000000,1.000000000
1403715306.357143164,-0.120442000,-0.325937000,1.249361000,0.000000000,0.000000000,0.000000000,1.000000000
1403715306.362143040,-0.120020000,-0.325960000,1.250757000,0.000000000,0.000000000,0.000000000,1.000000000
1403715306.367142916,-0.119578000,-0.325996000,1.252146000,0.000000000,0.000000000,0.000000000,1.000000000
1403715306.372143269,-0.119113000,-0.326049000,1.253526000,0.000000000,0.000000000,0.000000000,1.000000000
1403715306.377142906,-0.118623000,-0.326123000,1.254898000,0.000000000,0.000000000,0.000000000,1.000000000
1403715306.382143021,-0.118109000,-0.326211000,1.256259000,0.000000000,0.000000000,0.000000000,1.000000000
1403715306.387142897,-0.117577000,-0.326309000,1.257615000,0.000000000,0.000000000,0.000000000,1.000000000
1403715306.392143250,-0.117029000,-0.326420000,1.258979000,0.000000000,0.000000000,0.000000000,1.000000000
1403715306.397142887,-0.116473000,-0.326547000,1.260353000,0.000000000,0.000000000,0.000000000,1.000000000
1403715306.402143002,-0.115874000,-0.326535000,1.261765000,0.000000000,0.000000000,0.000000000,1.000000000
1403715306.407143354,-0.115287000,-0.326657000,1.263156000,0.000000000,0.000000000,0.000000000,1.000000000
1403715306.412143230,-0.114673000,-0.326786000,1.264555000,0.000000000,0.000000000,0.000000000,1.000000000
1403715306.417143106,-0.114028000,-0.326915000,1.265961000,0.000000000,0.000000000,0.000000000,1.000000000
1403715306.422142982,-0.113359000,-0.327043000,1.267359000,0.000000000,0.000000000,0.000000000,1.000000000
1403715306.427143335,-0.112668000,-0.327180000,1.268732000,0.000000000,0.000000000,0.000000000,1.000000000
1403715306.432142973,-0.111960000,-0.327332000,1.270084000,0.000000000,0.000000000,0.000000000,1.000000000
1403715306.437143087,-0.111235000,-0.327501000,1.271428000,0.000000000,0.000000000,0.000000000,1.000000000
1403715306.442142963,-0.110494000,-0.327694000,1.272766000,0.000000000,0.000000000,0.000000000,1.000000000
1403715306.447143316,-0.109737000,-0.327907000,1.274119000,0.000000000,0.000000000,0.000000000,1.000000000
1403715306.452142954,-0.108917000,-0.327995000,1.275521000,0.000000000,0.000000000,0.000000000,1.000000000
1403715306.457143068,-0.108101000,-0.328214000,1.276897000,0.000000000,0.000000000,0.000000000,1.000000000
1403715306.462142944,-0.107260000,-0.328452000,1.278260000,0.000000000,0.000000000,0.000000000,1.000000000
1403715306.467143297,-0.106398000,-0.328713000,1.279606000,0.000000000,0.000000000,0.000000000,1.000000000
1403715306.472142935,-0.105524000,-0.328995000,1.280939000,0.000000000,0.000000000,0.000000000,1.000000000
1403715306.477143049,-0.104635000,-0.329294000,1.282258000,0.000000000,0.000000000,0.000000000,1.000000000
1403715306.482143164,-0.103733000,-0.329599000,1.283567000,0.000000000,0.000000000,0.000000000,1.000000000
1403715306.487143040,-0.102813000,-0.329911000,1.284879000,0.000000000,0.000000000,0.000000000,1.000000000
1403715306.492142916,-0.101867000,-0.330240000,1.286198000,0.000000000,0.000000000,0.000000000,1.000000000
1403715306.497143030,-0.100897000,-0.330587000,1.287506000,0.000000000,0.000000000,0.000000000,1.000000000
1403715306.502143145,-0.099868000,-0.330819000,1.288831000,0.000000000,0.000000000,0.000000000,1.000000000
1403715306.507143021,-0.098850000,-0.331180000,1.290127000,0.000000000,0.000000000,0.000000000,1.000000000
1403715306.512142897,-0.097815000,-0.331559000,1.291417000,0.000000000,0.000000000,0.000000000,1.000000000
1403715306.517143011,-0.096761000,-0.331956000,1.292708000,0.000000000,0.000000000,0.000000000,1.000000000
1403715306.522143126,-0.095689000,-0.332367000,1.294010000,0.000000000,0.000000000,0.000000000,1.000000000
1403715306.527143002,-0.094595000,-0.332787000,1.295306000,0.000000000,0.000000000,0.000000000,1.000000000
1403715306.532143116,-0.093480000,-0.333220000,1.296590000,0.000000000,0.000000000,0.000000000,1.000000000
1403715306.537143230,-0.092344000,-0.333675000,1.297867000,0.000000000,0.000000000,0.000000000,1.000000000
1403715306.542143345,-0.091184000,-0.334165000,1.299140000,0.000000000,0.000000000,0.000000000,1.000000000
1403715306.547142982,-0.090007000,-0.334689000,1.300425000,0.000000000,0.000000000,0.000000000,1.000000000
1403715306.552143097,-0.088780000,-0.335108000,1.301763000,0.000000000,0.000000000,0.000000000,1.000000000
1403715306.557143211,-0.087570000,-0.335637000,1.303082000,0.000000000,0.000000000,0.000000000,1.000000000
1403715306.562143087,-0.086336000,-0.336178000,1.304406000,0.000000000,0.000000000,0.000000000,1.000000000
1403715306.567142963,-0.085076000,-0.336737000,1.305728000,0.000000000,0.000000000,0.000000000,1.000000000
1403715306.572143078,-0.083791000,-0.337309000,1.307052000,0.000000000,0.000000000,0.000000000,1.000000000
1403715306.577143192,-0.082481000,-0.337895000,1.308384000,0.000000000,0.000000000,0.000000000,1.000000000
1403715306.582143068,-0.081154000,-0.338494000,1.309714000,0.000000000,0.000000000,0.000000000,1.000000000
1403715306.587142944,-0.079818000,-0.339107000,1.311038000,0.000000000,0.000000000,0.000000000,1.000000000
1403715306.592143297,-0.078469000,-0.339742000,1.312357000,0.000000000,0.000000000,0.000000000,1.000000000
1403715306.597143173,-0.077101000,-0.340400000,1.313679000,0.000000000,0.000000000,0.000000000,1.000000000
1403715306.602143049,-0.075677000,-0.340977000,1.315042000,0.000000000,0.000000000,0.000000000,1.000000000
1403715306.607142925,-0.074264000,-0.341655000,1.316377000,0.000000000,0.000000000,0.000000000,1.000000000
1403715306.612143278,-0.072824000,-0.342352000,1.317721000,0.000000000,0.000000000,0.000000000,1.000000000
1403715306.617143154,-0.071366000,-0.343071000,1.319065000,0.000000000,0.000000000,0.000000000,1.000000000
1403715306.622143030,-0.069900000,-0.343809000,1.320403000,0.000000000,0.000000000,0.000000000,1.000000000
1403715306.627142906,-0.068424000,-0.344565000,1.321745000,0.000000000,0.000000000,0.000000000,1.000000000
1403715306.632143259,-0.066932000,-0.345343000,1.323092000,0.000000000,0.000000000,0.000000000,1.000000000
1403715306.637142897,-0.065422000,-0.346142000,1.324440000,0.000000000,0.000000000,0.000000000,1.000000000
1403715306.642143011,-0.063892000,-0.346958000,1.325789000,0.000000000,0.000000000,0.000000000,1.000000000
1403715306.647142887,-0.062347000,-0.347795000,1.327141000,0.000000000,0.000000000,0.000000000,1.000000000
1403715306.652143240,-0.060755000,-0.348566000,1.328538000,0.000000000,0.000000000,0.000000000,1.000000000
1403715306.657143116,-0.059182000,-0.349442000,1.329918000,0.000000000,0.000000000,0.000000000,1.000000000
1403715306.662142992,-0.057593000,-0.350347000,1.331296000,0.000000000,0.000000000,0.000000000,1.000000000
1403715306.667143345,-0.055986000,-0.351278000,1.332664000,0.000000000,0.000000000,0.000000000,1.000000000
1403715306.672143221,-0.054366000,-0.352230000,1.334021000,0.000000000,0.000000000,0.000000000,1.000000000
1403715306.677143097,-0.052738000,-0.353206000,1.335371000,0.000000000,0.000000000,0.000000000,1.000000000
1403715306.682142973,-0.051100000,-0.354209000,1.336717000,0.000000000,0.000000000,0.000000000,1.000000000
1403715306.687143326,-0.049454000,-0.355235000,1.338065000,0.000000000,0.000000000,0.000000000,1.000000000
1403715306.692142963,-0.047805000,-0.356281000,1.339407000,0.000000000,0.000000000,0.000000000,1.000000000
1403715306.697143078,-0.046148000,-0.357349000,1.340735000,0.000000000,0.000000000,0.000000000,1.000000000
1403715306.702142954,-0.044438000,-0.358368000,1.342069000,0.000000000,0.000000000,0.000000000,1.000000000
1403715306.707143307,-0.042745000,-0.359475000,1.343387000,0.000000000,0.000000000,0.000000000,1.000000000
1403715306.712142944,-0.041037000,-0.360611000,1.344692000,0.000000000,0.000000000,0.000000000,1.000000000
1403715306.717143059,-0.039315000,-0.361780000,1.345986000,0.000000000,0.000000000,0.000000000,1.000000000
1403715306.722143173,-0.037584000,-0.362976000,1.347274000,0.000000000,0.000000000,0.000000000,1.000000000
1403715306.727143288,-0.035851000,-0.364197000,1.348551000,0.000000000,0.000000000,0.000000000,1.000000000
1403715306.732142925,-0.034117000,-0.365446000,1.349815000,0.000000000,0.000000000,0.000000000,1.000000000
1403715306.737143040,-0.032383000,-0.366724000,1.351083000,0.000000000,0.000000000,0.000000000,1.000000000
1403715306.742143154,-0.030643000,-0.368031000,1.352362000,0.000000000,0.000000000,0.000000000,1.000000000
1403715306.747143030,-0.028892000,-0.369360000,1.353644000,0.000000000,0.000000000,0.000000000,1.000000000
1403715306.752142906,-0.027091000,-0.370654000,1.354952000,0.000000000,0.000000000,0.000000000,1.000000000
1403715306.757143021,-0.025318000,-0.372024000,1.356245000,0.000000000,0.000000000,0.000000000,1.000000000
1403715306.762143135,-0.023547000,-0.373425000,1.357546000,0.000000000,0.000000000,0.000000000,1.000000000
1403715306.767143011,-0.021780000,-0.374858000,1.358862000,0.000000000,0.000000000,0.000000000,1.000000000
1403715306.772142887,-0.020011000,-0.376318000,1.360188000,0.000000000,0.000000000,0.000000000,1.000000000
1403715306.777143240,-0.018227000,-0.377804000,1.361521000,0.000000000,0.000000000,0.000000000,1.000000000
1403715306.782143354,-0.016429000,-0.379318000,1.362853000,0.000000000,0.000000000,0.000000000,1.000000000
1403715306.787142992,-0.014624000,-0.380855000,1.364178000,0.000000000,0.000000000,0.000000000,1.000000000
1403715306.792143106,-0.012817000,-0.382411000,1.365500000,0.000000000,0.000000000,0.000000000,1.000000000
1403715306.797143221,-0.011013000,-0.383982000,1.366818000,0.000000000,0.000000000,0.000000000,1.000000000
1403715306.802143097,-0.009172000,-0.385526000,1.368140000,0.000000000,0.000000000,0.000000000,1.000000000
1403715306.807142973,-0.007373000,-0.387127000,1.369449000,0.000000000,0.000000000,0.000000000,1.000000000
1403715306.812143087,-0.005573000,-0.388758000,1.370774000,0.000000000,0.000000000,0.000000000,1.000000000
1403715306.817143202,-0.003771000,-0.390424000,1.372113000,0.000000000,0.000000000,0.000000000,1.000000000
1403715306.822143078,-0.001964000,-0.392117000,1.373449000,0.000000000,0.000000000,0.000000000,1.000000000
1403715306.827142954,-0.000147000,-0.393829000,1.374778000,0.000000000,0.000000000,0.000000000,1.000000000
1403715306.832143307,0.001678000,-0.395566000,1.376098000,0.000000000,0.000000000,0.000000000,1.000000000
1403715306.837143183,0.003492000,-0.397326000,1.377408000,0.000000000,0.000000000,0.000000000,1.000000000
1403715306.842143059,0.005286000,-0.399109000,1.378709000,0.000000000,0.000000000,0.000000000,1.000000000
1403715306.847142935,0.007067000,-0.400910000,1.379993000,0.000000000,0.000000000,0.000000000,1.000000000
1403715306.852143288,0.008890000,-0.402711000,1.381274000,0.000000000,0.000000000,0.000000000,1.000000000
1403715306.857143164,0.010678000,-0.404556000,1.382528000,0.000000000,0.000000000,0.000000000,1.000000000
1403715306.862143040,0.012457000,-0.406429000,1.383753000,0.000000000,0.000000000,0.000000000,1.000000000
1403715306.867142916,0.014233000,-0.408328000,1.384953000,0.000000000,0.000000000,0.000000000,1.000000000
1403715306.872143269,0.016011000,-0.410249000,1.386147000,0.000000000,0.000000000,0.000000000,1.000000000
1403715306.877142906,0.017788000,-0.412195000,1.387344000,0.000000000,0.000000000,0.000000000,1.000000000
1403715306.882143021,0.019558000,-0.414165000,1.388538000,0.000000000,0.000000000,0.000000000,1.000000000
1403715306.887142897,0.021323000,-0.416157000,1.389727000,0.000000000,0.000000000,0.000000000,1.000000000
1403715306.892143250,0.023081000,-0.418175000,1.390905000,0.000000000,0.000000000,0.000000000,1.000000000
1403715306.897142887,0.024830000,-0.420215000,1.392075000,0.000000000,0.000000000,0.000000000,1.000000000
1403715306.902143002,0.026619000,-0.422270000,1.393250000,0.000000000,0.000000000,0.000000000,1.000000000
1403715306.907143354,0.028378000,-0.424348000,1.394410000,0.000000000,0.000000000,0.000000000,1.000000000
1403715306.912143230,0.030132000,-0.426445000,1.395562000,0.000000000,0.000000000,0.000000000,1.000000000
1403715306.917143106,0.031878000,-0.428559000,1.396703000,0.000000000,0.000000000,0.000000000,1.000000000
1403715306.922142982,0.033606000,-0.430688000,1.397835000,0.000000000,0.000000000,0.000000000,1.000000000
1403715306.927143335,0.035314000,-0.432836000,1.398968000,0.000000000,0.000000000,0.000000000,1.000000000
1403715306.932142973,0.037011000,-0.435003000,1.400094000,0.000000000,0.000000000,0.000000000,1.000000000
1403715306.937143087,0.038702000,-0.437190000,1.401223000,0.000000000,0.000000000,0.000000000,1.000000000
1403715306.942142963,0.040384000,-0.439393000,1.402356000,0.000000000,0.000000000,0.000000000,1.000000000
1403715306.947143316,0.042051000,-0.441612000,1.403485000,0.000000000,0.000000000,0.000000000,1.000000000
1403715306.952142954,0.043732000,-0.443861000,1.404612000,0.000000000,0.000000000,0.000000000,1.000000000
1403715306.957143068,0.045379000,-0.446114000,1.405721000,0.000000000,0.000000000,0.000000000,1.000000000
1403715306.962142944,0.047015000,-0.448385000,1.406812000,0.000000000,0.000000000,0.000000000,1.000000000
1403715306.967143297,0.048640000,-0.450673000,1.407885000,0.000000000,0.000000000,0.000000000,1.000000000
1403715306.972142935,0.050255000,-0.452975000,1.408939000,0.000000000,0.000000000,0.000000000,1.000000000
1403715306.977143049,0.051862000,-0.455298000,1.409978000,0.000000000,0.000000000,0.000000000,1.000000000
1403715306.982143164,0.053456000,-0.457633000,1.411016000,0.000000000,0.000000000,0.000000000,1.000000000
1403715306.987143040,0.055032000,-0.459976000,1.412044000,0.000000000,0.000000000,0.000000000,1.000000000
1403715306.992142916,0.056588000,-0.462340000,1.413051000,0.000000000,0.000000000,0.000000000,1.000000000
1403715306.997143030,0.058128000,-0.464738000,1.414030000,0.000000000,0.000000000,0.000000000,1.000000000
1403715307.002143145,0.059687000,-0.467207000,1.414952000,0.000000000,0.000000000,0.000000000,1.000000000
1403715307.007143021,0.061207000,-0.469683000,1.415842000,0.000000000,0.000000000,0.000000000,1.000000000
1403715307.012142897,0.062709000,-0.472178000,1.416701000,0.000000000,0.000000000,0.000000000,1.000000000
1403715307.017143011,0.064182000,-0.474684000,1.417537000,0.000000000,0.000000000,0.000000000,1.000000000
1403715307.022143126,0.065625000,-0.477203000,1.418355000,0.000000000,0.000000000,0.000000000,1.000000000
1403715307.027143002,0.067047000,-0.479744000,1.419131000,0.000000000,0.000000000,0.000000000,1.000000000
1403715307.032143116,0.068454000,-0.482308000,1.419872000,0.000000000,0.000000000,0.000000000,1.000000000
1403715307.037143230,0.069846000,-0.484892000,1.420584000,0.000000000,0.000000000,0.000000000,1.000000000
1403715307.042143345,0.071214000,-0.487489000,1.421259000,0.000000000,0.000000000,0.000000000,1.000000000
1403715307.047142982,0.072551000,-0.490097000,1.421893000,0.000000000,0.000000000,0.000000000,1.000000000
1403715307.052143097,0.073884000,-0.492750000,1.422462000,0.000000000,0.000000000,0.000000000,1.000000000
1403715307.057143211,0.075172000,-0.495392000,1.423013000,0.000000000,0.000000000,0.000000000,1.000000000
1403715307.062143087,0.076435000,-0.498059000,1.423538000,0.000000000,0.000000000,0.000000000,1.000000000
1403715307.067142963,0.077677000,-0.500752000,1.424016000,0.000000000,0.000000000,0.000000000,1.000000000
1403715307.072143078,0.078898000,-0.503460000,1.424449000,0.000000000,0.000000000,0.000000000,1.000000000
1403715307.077143192,0.080097000,-0.506182000,1.424845000,0.000000000,0.000000000,0.000000000,1.000000000
1403715307.082143068,0.081275000,-0.508916000,1.425185000,0.000000000,0.000000000,0.000000000,1.000000000
1403715307.087142944,0.082432000,-0.511659000,1.425471000,0.000000000,0.000000000,0.000000000,1.000000000
1403715307.092143297,0.083571000,-0.514409000,1.425714000,0.000000000,0.000000000,0.000000000,1.000000000
1403715307.097143173,0.084685000,-0.517166000,1.425918000,0.000000000,0.000000000,0.000000000,1.000000000
1403715307.102143049,0.085783000,-0.519972000,1.426057000,0.000000000,0.000000000,0.000000000,1.000000000
1403715307.107142925,0.086843000,-0.522742000,1.426160000,0.000000000,0.000000000,0.000000000,1.000000000
1403715307.112143278,0.087879000,-0.525508000,1.426221000,0.000000000,0.000000000,0.000000000,1.000000000
1403715307.117143154,0.088896000,-0.528280000,1.426251000,0.000000000,0.000000000,0.000000000,1.000000000
1403715307.122143030,0.089894000,-0.531061000,1.426239000,0.000000000,0.000000000,0.000000000,1.000000000
1403715307.127142906,0.090872000,-0.533857000,1.426180000,0.000000000,0.000000000,0.000000000,1.000000000
1403715307.132143259,0.091827000,-0.536674000,1.426073000,0.000000000,0.000000000,0.000000000,1.000000000
1403715307.137142897,0.092755000,-0.539505000,1.425923000,0.000000000,0.000000000,0.000000000,1.000000000
1403715307.142143011,0.093652000,-0.542343000,1.425741000,0.000000000,0.000000000,0.000000000,1.000000000
1403715307.147142887,0.094519000,-0.545187000,1.425521000,0.000000000,0.000000000,0.000000000,1.000000000
1403715307.152143240,0.095355000,-0.548089000,1.425254000,0.000000000,0.000000000,0.000000000,1.000000000
1403715307.157143116,0.096167000,-0.550955000,1.424969000,0.000000000,0.000000000,0.000000000,1.000000000
1403715307.162142992,0.096958000,-0.553823000,1.424651000,0.000000000,0.000000000,0.000000000,1.000000000
1403715307.167143345,0.097726000,-0.556690000,1.424312000,0.000000000,0.000000000,0.000000000,1.000000000
1403715307.172143221,0.098471000,-0.559562000,1.423949000,0.000000000,0.000000000,0.000000000,1.000000000
1403715307.177143097,0.099196000,-0.562434000,1.423559000,0.000000000,0.000000000,0.000000000,1.000000000
1403715307.182142973,0.099899000,-0.565302000,1.423153000,0.000000000,0.000000000,0.000000000,1.000000000
1403715307.187143326,0.100576000,-0.568167000,1.422721000,0.000000000,0.000000000,0.000000000,1.000000000
1403715307.192142963,0.101223000,-0.571026000,1.422248000,0.000000000,0.000000000,0.000000000,1.000000000
1403715307.197143078,0.101838000,-0.573891000,1.421749000,0.000000000,0.000000000,0.000000000,1.000000000
1403715307.202142954,0.102419000,-0.576820000,1.421194000,0.000000000,0.000000000,0.000000000,1.000000000
1403715307.207143307,0.102980000,-0.579709000,1.420655000,0.000000000,0.000000000,0.000000000,1.000000000
1403715307.212142944,0.103517000,-0.582590000,1.420095000,0.000000000,0.000000000,0.000000000,1.000000000
1403715307.217143059,0.104027000,-0.585464000,1.419503000,0.000000000,0.000000000,0.000000000,1.000000000
1403715307.222143173,0.104504000,-0.588338000,1.418882000,0.000000000,0.000000000,0.000000000,1.000000000
1403715307.227143288,0.104952000,-0.591213000,1.418223000,0.000000000,0.000000000,0.000000000,1.000000000
1403715307.232142925,0.105383000,-0.594088000,1.417525000,0.000000000,0.000000000,0.000000000,1.000000000
1403715307.237143040,0.105800000,-0.596967000,1.416799000,0.000000000,0.000000000,0.000000000,1.000000000
1403715307.242143154,0.106199000,-0.599845000,1.416045000,0.000000000,0.000000000,0.000000000,1.000000000
1403715307.247143030,0.106577000,-0.602715000,1.415260000,0.000000000,0.000000000,0.000000000,1.000000000
1403715307.252142906,0.106896000,-0.605633000,1.414407000,0.000000000,0.000000000,0.000000000,1.000000000
1403715307.257143021,0.107207000,-0.608484000,1.413548000,0.000000000,0.000000000,0.000000000,1.000000000
1403715307.262143135,0.107491000,-0.611326000,1.412661000,0.000000000,0.000000000,0.000000000,1.000000000
1403715307.267143011,0.107756000,-0.614171000,1.411756000,0.000000000,0.000000000,0.000000000,1.000000000
1403715307.272142887,0.108001000,-0.617020000,1.410827000,0.000000000,0.000000000,0.000000000,1.000000000
1403715307.277143240,0.108223000,-0.619864000,1.409875000,0.000000000,0.000000000,0.000000000,1.000000000
1403715307.282143354,0.108414000,-0.622699000,1.408900000,0.000000000,0.000000000,0.000000000,1.000000000
1403715307.287142992,0.108572000,-0.625522000,1.407907000,0.000000000,0.000000000,0.000000000,1.000000000
1403715307.292143106,0.108705000,-0.628331000,1.406893000,0.000000000,0.000000000,0.000000000,1.000000000
1403715307.297143221,0.108820000,-0.631135000,1.405862000,0.000000000,0.000000000,0.000000000,1.000000000
1403715307.302143097,0.108868000,-0.633998000,1.404781000,0.000000000,0.000000000,0.000000000,1.000000000
1403715307.307142973,0.108928000,-0.636815000,1.403701000,0.000000000,0.000000000,0.000000000,1.000000000
1403715307.312143087,0.108959000,-0.639639000,1.402593000,0.000000000,0.000000000,0.000000000,1.000000000
1403715307.317143202,0.108960000,-0.642453000,1.401460000,0.000000000,0.000000000,0.000000000,1.000000000
1403715307.322143078,0.108937000,-0.645243000,1.400318000,0.000000000,0.000000000,0.000000000,1.000000000
1403715307.327142954,0.108895000,-0.648012000,1.399165000,0.000000000,0.000000000,0.000000000,1.000000000
1403715307.332143307,0.108834000,-0.650766000,1.397999000,0.000000000,0.000000000,0.000000000,1.000000000
1403715307.337143183,0.108755000,-0.653508000,1.396817000,0.000000000,0.000000000,0.000000000,1.000000000
1403715307.342143059,0.108659000,-0.656236000,1.395611000,0.000000000,0.000000000,0.000000000,1.000000000
1403715307.347142935,0.108540000,-0.658945000,1.394386000,0.000000000,0.000000000,0.000000000,1.000000000
1403715307.352143288,0.108320000,-0.661692000,1.393105000,0.000000000,0.000000000,0.000000000,1.000000000
1403715307.357143164,0.108129000,-0.664376000,1.391830000,0.000000000,0.000000000,0.000000000,1.000000000
1403715307.362143040,0.107923000,-0.667046000,1.390546000,0.000000000,0.000000000,0.000000000,1.000000000
1403715307.367142916,0.107704000,-0.669704000,1.389275000,0.000000000,0.000000000,0.000000000,1.000000000
1403715307.372143269,0.107467000,-0.672346000,1.388007000,0.000000000,0.000000000,0.000000000,1.000000000
1403715307.377142906,0.107208000,-0.674969000,1.386742000,0.000000000,0.000000000,0.000000000,1.000000000
1403715307.382143021,0.106917000,-0.677574000,1.385486000,0.000000000,0.000000000,0.000000000,1.000000000
1403715307.387142897,0.106593000,-0.680167000,1.384221000,0.000000000,0.000000000,0.000000000,1.000000000
1403715307.392143250,0.106243000,-0.682752000,1.382932000,0.000000000,0.000000000,0.000000000,1.000000000
1403715307.397142887,0.105879000,-0.685320000,1.381629000,0.000000000,0.000000000,0.000000000,1.000000000
1403715307.402143002,0.105415000,-0.687937000,1.380296000,0.000000000,0.000000000,0.000000000,1.000000000
1403715307.407143354,0.105008000,-0.690504000,1.378962000,0.000000000,0.000000000,0.000000000,1.000000000
1403715307.412143230,0.104586000,-0.693061000,1.377615000,0.000000000,0.000000000,0.000000000,1.000000000
1403715307.417143106,0.104147000,-0.695596000,1.376267000,0.000000000,0.000000000,0.000000000,1.000000000
1403715307.422142982,0.103687000,-0.698111000,1.374925000,0.000000000,0.000000000,0.000000000,1.000000000
1403715307.427143335,0.103203000,-0.700617000,1.373600000,0.000000000,0.000000000,0.000000000,1.000000000
1403715307.432142973,0.102703000,-0.703112000,1.372298000,0.000000000,0.000000000,0.000000000,1.000000000
1403715307.437143087,0.102196000,-0.705594000,1.371018000,0.000000000,0.000000000,0.000000000,1.000000000
1403715307.442142963,0.101690000,-0.708066000,1.369747000,0.000000000,0.000000000,0.000000000,1.000000000
1403715307.447143316,0.101178000,-0.710526000,1.368480000,0.000000000,0.000000000,0.000000000,1.000000000
1403715307.452142954,0.100530000,-0.713016000,1.367198000,0.000000000,0.000000000,0.000000000,1.000000000
1403715307.457143068,0.099956000,-0.715458000,1.365922000,0.000000000,0.000000000,0.000000000,1.000000000
1403715307.462142944,0.099360000,-0.717882000,1.364645000,0.000000000,0.000000000,0.000000000,1.000000000
1403715307.467143297,0.098746000,-0.720294000,1.363359000,0.000000000,0.000000000,0.000000000,1.000000000
1403715307.472142935,0.098126000,-0.722708000,1.362061000,0.000000000,0.000000000,0.000000000,1.000000000
1403715307.477143049,0.097507000,-0.725122000,1.360765000,0.000000000,0.000000000,0.000000000,1.000000000
1403715307.482143164,0.096891000,-0.727523000,1.359479000,0.000000000,0.000000000,0.000000000,1.000000000
1403715307.487143040,0.096275000,-0.729906000,1.358202000,0.000000000,0.000000000,0.000000000,1.000000000
1403715307.492142916,0.095649000,-0.732272000,1.356930000,0.000000000,0.000000000,0.000000000,1.000000000
1403715307.497143030,0.095010000,-0.734623000,1.355654000,0.000000000,0.000000000,0.000000000,1.000000000
1403715307.502143145,0.094235000,-0.737014000,1.354363000,0.000000000,0.000000000,0.000000000,1.000000000
1403715307.507143021,0.093551000,-0.739361000,1.353095000,0.000000000,0.000000000,0.000000000,1.000000000
1403715307.512142897,0.092857000,-0.741702000,1.351834000,0.000000000,0.000000000,0.000000000,1.000000000
1403715307.517143011,0.092158000,-0.744029000,1.350578000,0.000000000,0.000000000,0.000000000,1.000000000
1403715307.522143126,0.091455000,-0.746343000,1.349310000,0.000000000,0.000000000,0.000000000,1.000000000
1403715307.527143002,0.090748000,-0.748639000,1.348030000,0.000000000,0.000000000,0.000000000,1.000000000
1403715307.532143116,0.090044000,-0.750910000,1.346761000,0.000000000,0.000000000,0.000000000,1.000000000
1403715307.537143230,0.089342000,-0.753163000,1.345508000,0.000000000,0.000000000,0.000000000,1.000000000
1403715307.542143345,0.088642000,-0.755409000,1.344255000,0.000000000,0.000000000,0.000000000,1.000000000
1403715307.547142982,0.087938000,-0.757645000,1.343003000,0.000000000,0.000000000,0.000000000,1.000000000
1403715307.552143097,0.087089000,-0.759898000,1.341732000,0.000000000,0.000000000,0.000000000,1.000000000
1403715307.557143211,0.086350000,-0.762104000,1.340472000,0.000000000,0.000000000,0.000000000,1.000000000
1403715307.562143087,0.085611000,-0.764288000,1.339216000,0.000000000,0.000000000,0.000000000,1.000000000
1403715307.567142963,0.084876000,-0.766453000,1.337961000,0.000000000,0.000000000,0.000000000,1.000000000
1403715307.572143078,0.084139000,-0.768609000,1.336707000,0.000000000,0.000000000,0.000000000,1.000000000
1403715307.577143192,0.083402000,-0.770761000,1.335447000,0.000000000,0.000000000,0.000000000,1.000000000
1403715307.582143068,0.082675000,-0.772903000,1.334185000,0.000000000,0.000000000,0.000000000,1.000000000
1403715307.587142944,0.081956000,-0.775032000,1.332938000,0.000000000,0.000000000,0.000000000,1.000000000
1403715307.592143297,0.081238000,-0.777156000,1.331701000,0.000000000,0.000000000,0.000000000,1.000000000
1403715307.597143173,0.080523000,-0.779270000,1.330472000,0.000000000,0.000000000,0.000000000,1.000000000
1403715307.602143049,0.079648000,-0.781398000,1.329248000,0.000000000,0.000000000,0.000000000,1.000000000
1403715307.607142925,0.078901000,-0.783487000,1.328018000,0.000000000,0.000000000,0.000000000,1.000000000
1403715307.612143278,0.078155000,-0.785564000,1.326788000,0.000000000,0.000000000,0.000000000,1.000000000
1403715307.617143154,0.077415000,-0.787627000,1.325556000,0.000000000,0.000000000,0.000000000,1.000000000
1403715307.622143030,0.076692000,-0.789682000,1.324316000,0.000000000,0.000000000,0.000000000,1.000000000
1403715307.627142906,0.075976000,-0.791738000,1.323082000,0.000000000,0.000000000,0.000000000,1.000000000
1403715307.632143259,0.075258000,-0.793800000,1.321851000,0.000000000,0.000000000,0.000000000,1.000000000
1403715307.637142897,0.074545000,-0.795859000,1.320621000,0.000000000,0.000000000,0.000000000,1.000000000
1403715307.642143011,0.073835000,-0.797909000,1.319406000,0.000000000,0.000000000,0.000000000,1.000000000
1403715307.647142887,0.073133000,-0.799945000,1.318196000,0.000000000,0.000000000,0.000000000,1.000000000
1403715307.652143240,0.072275000,-0.801996000,1.316998000,0.000000000,0.000000000,0.000000000,1.000000000
1403715307.657143116,0.071557000,-0.804025000,1.315801000,0.000000000,0.000000000,0.000000000,1.000000000
1403715307.662142992,0.070842000,-0.806052000,1.314590000,0.000000000,0.000000000,0.000000000,1.000000000
1403715307.667143345,0.070133000,-0.808071000,1.313350000,0.000000000,0.000000000,0.000000000,1.000000000
1403715307.672143221,0.069428000,-0.810076000,1.312090000,0.000000000,0.000000000,0.000000000,1.000000000
1403715307.677143097,0.068730000,-0.812071000,1.310819000,0.000000000,0.000000000,0.000000000,1.000000000
1403715307.682142973,0.068042000,-0.814052000,1.309545000,0.000000000,0.000000000,0.000000000,1.000000000
1403715307.687143326,0.067364000,-0.816029000,1.308273000,0.000000000,0.000000000,0.000000000,1.000000000
1403715307.692142963,0.066689000,-0.818011000,1.306991000,0.000000000,0.000000000,0.000000000,1.000000000
1403715307.697143078,0.066012000,-0.819994000,1.305698000,0.000000000,0.000000000,0.000000000,1.000000000
1403715307.702142954,0.065154000,-0.821987000,1.304411000,0.000000000,0.000000000,0.000000000,1.000000000
1403715307.707143307,0.064446000,-0.823955000,1.303125000,0.000000000,0.000000000,0.000000000,1.000000000
1403715307.712142944,0.063746000,-0.825912000,1.301845000,0.000000000,0.000000000,0.000000000,1.000000000
1403715307.717143059,0.063052000,-0.827866000,1.300569000,0.000000000,0.000000000,0.000000000,1.000000000
1403715307.722143173,0.062363000,-0.829821000,1.299286000,0.000000000,0.000000000,0.000000000,1.000000000
1403715307.727143288,0.061684000,-0.831779000,1.297987000,0.000000000,0.000000000,0.000000000,1.000000000
1403715307.732142925,0.061015000,-0.833737000,1.296682000,0.000000000,0.000000000,0.000000000,1.000000000
1403715307.737143040,0.060352000,-0.835690000,1.295374000,0.000000000,0.000000000,0.000000000,1.000000000
1403715307.742143154,0.059697000,-0.837641000,1.294063000,0.000000000,0.000000000,0.000000000,1.000000000
1403715307.747143030,0.059053000,-0.839591000,1.292750000,0.000000000,0.000000000,0.000000000,1.000000000
1403715307.752142906,0.058232000,-0.841557000,1.291458000,0.000000000,0.000000000,0.000000000,1.000000000
1403715307.757143021,0.057576000,-0.843495000,1.290148000,0.000000000,0.000000000,0.000000000,1.000000000
1403715307.762143135,0.056937000,-0.845423000,1.288836000,0.000000000,0.000000000,0.000000000,1.000000000
1403715307.767143011,0.056306000,-0.847343000,1.287520000,0.000000000,0.000000000,0.000000000,1.000000000
1403715307.772142887,0.055679000,-0.849251000,1.286196000,0.000000000,0.000000000,0.000000000,1.000000000
1403715307.777143240,0.055059000,-0.851140000,1.284869000,0.000000000,0.000000000,0.000000000,1.000000000
1403715307.782143354,0.054450000,-0.853013000,1.283543000,0.000000000,0.000000000,0.000000000,1.000000000
1403715307.787142992,0.053854000,-0.854879000,1.282216000,0.000000000,0.000000000,0.000000000,1.000000000
1403715307.792143106,0.053273000,-0.856749000,1.280880000,0.000000000,0.000000000,0.000000000,1.000000000
1403715307.797143221,0.052707000,-0.858616000,1.279537000,0.000000000,0.000000000,0.000000000,1.000000000
1403715307.802143097,0.051959000,-0.860484000,1.278204000,0.000000000,0.000000000,0.000000000,1.000000000
1403715307.807142973,0.051365000,-0.862324000,1.276854000,0.000000000,0.000000000,0.000000000,1.000000000
1403715307.812143087,0.050770000,-0.864152000,1.275503000,0.000000000,0.000000000,0.000000000,1.000000000
1403715307.817143202,0.050178000,-0.865970000,1.274146000,0.000000000,0.000000000,0.000000000,1.000000000
1403715307.822143078,0.049600000,-0.867785000,1.272794000,0.000000000,0.000000000,0.000000000,1.000000000
1403715307.827142954,0.049036000,-0.869599000,1.271454000,0.000000000,0.000000000,0.000000000,1.000000000
1403715307.832143307,0.048479000,-0.871413000,1.270119000,0.000000000,0.000000000,0.000000000,1.000000000
1403715307.837143183,0.047926000,-0.873220000,1.268780000,0.000000000,0.000000000,0.000000000,1.000000000
1403715307.842143059,0.047378000,-0.875007000,1.267434000,0.000000000,0.000000000,0.000000000,1.000000000
1403715307.847142935,0.046832000,-0.876773000,1.266089000,0.000000000,0.000000000,0.000000000,1.000000000
1403715307.852143288,0.046087000,-0.878545000,1.264774000,0.000000000,0.000000000,0.000000000,1.000000000
1403715307.857143164,0.045510000,-0.880303000,1.263438000,0.000000000,0.000000000,0.000000000,1.000000000
1403715307.862143040,0.044946000,-0.882063000,1.262094000,0.000000000,0.000000000,0.000000000,1.000000000
1403715307.867142916,0.044397000,-0.883819000,1.260744000,0.000000000,0.000000000,0.000000000,1.000000000
1403715307.872143269,0.043860000,-0.885561000,1.259388000,0.000000000,0.000000000,0.000000000,1.000000000
1403715307.877142906,0.043325000,-0.887282000,1.258025000,0.000000000,0.000000000,0.000000000,1.000000000
1403715307.882143021,0.042789000,-0.888983000,1.256655000,0.000000000,0.000000000,0.000000000,1.000000000
1403715307.887142897,0.042262000,-0.890659000,1.255295000,0.000000000,0.000000000,0.000000000,1.000000000
1403715307.892143250,0.041750000,-0.892317000,1.253958000,0.000000000,0.000000000,0.000000000,1.000000000
1403715307.897142887,0.041256000,-0.893972000,1.252629000,0.000000000,0.000000000,0.000000000,1.000000000
1403715307.902143002,0.040578000,-0.895644000,1.251308000,0.000000000,0.000000000,0.000000000,1.000000000
1403715307.907143354,0.040066000,-0.897305000,1.249988000,0.000000000,0.000000000,0.000000000,1.000000000
1403715307.912143230,0.039554000,-0.898959000,1.248663000,0.000000000,0.000000000,0.000000000,1.000000000
1403715307.917143106,0.039045000,-0.900601000,1.247330000,0.000000000,0.000000000,0.000000000,1.000000000
1403715307.922142982,0.038546000,-0.902228000,1.245997000,0.000000000,0.000000000,0.000000000,1.000000000
1403715307.927143335,0.038064000,-0.903844000,1.244664000,0.000000000,0.000000000,0.000000000,1.000000000
1403715307.932142973,0.037597000,-0.905454000,1.243322000,0.000000000,0.000000000,0.000000000,1.000000000
1403715307.937143087,0.037143000,-0.907051000,1.241977000,0.000000000,0.000000000,0.000000000,1.000000000
1403715307.942142963,0.036697000,-0.908630000,1.240637000,0.000000000,0.000000000,0.000000000,1.000000000
1403715307.947143316,0.036249000,-0.910192000,1.239300000,0.000000000,0.000000000,0.000000000,1.000000000
1403715307.952142954,0.035599000,-0.911746000,1.237967000,0.000000000,0.000000000,0.000000000,1.000000000
1403715307.957143068,0.035130000,-0.913275000,1.236632000,0.000000000,0.000000000,0.000000000,1.000000000
1403715307.962142944,0.034676000,-0.914798000,1.235304000,0.000000000,0.000000000,0.000000000,1.000000000
1403715307.967143297,0.034234000,-0.916321000,1.233971000,0.000000000,0.000000000,0.000000000,1.000000000
1403715307.972142935,0.033802000,-0.917843000,1.232631000,0.000000000,0.000000000,0.000000000,1.000000000
1403715307.977143049,0.033377000,-0.919357000,1.231283000,0.000000000,0.000000000,0.000000000,1.000000000
1403715307.982143164,0.032958000,-0.920855000,1.229940000,0.000000000,0.000000000,0.000000000,1.000000000
1403715307.987143040,0.032546000,-0.922336000,1.228606000,0.000000000,0.000000000,0.000000000,1.000000000
1403715307.992142916,0.032150000,-0.923798000,1.227273000,0.000000000,0.000000000,0.000000000,1.000000000
1403715307.997143030,0.031773000,-0.925243000,1.225934000,0.000000000,0.000000000,0.000000000,1.000000000
1403715308.002143145,0.031192000,-0.926705000,1.224600000,0.000000000,0.000000000,0.000000000,1.000000000
1403715308.007143021,0.030790000,-0.928141000,1.223267000,0.000000000,0.000000000,0.000000000,1.000000000
1403715308.012142897,0.030400000,-0.929570000,1.221934000,0.000000000,0.000000000,0.000000000,1.000000000
1403715308.017143011,0.030018000,-0.930987000,1.220608000,0.000000000,0.000000000,0.000000000,1.000000000
1403715308.022143126,0.029649000,-0.932388000,1.219291000,0.000000000,0.000000000,0.000000000,1.000000000
1403715308.027143002,0.029294000,-0.933770000,1.217984000,0.000000000,0.000000000,0.000000000,1.000000000
1403715308.032143116,0.028947000,-0.935136000,1.216670000,0.000000000,0.000000000,0.000000000,1.000000000
1403715308.037143230,0.028604000,-0.936491000,1.215350000,0.000000000,0.000000000,0.000000000,1.000000000
1403715308.042143345,0.028267000,-0.937832000,1.214034000,0.000000000,0.000000000,0.000000000,1.000000000
1403715308.047142982,0.027937000,-0.939164000,1.212725000,0.000000000,0.000000000,0.000000000,1.000000000
1403715308.052143097,0.027409000,-0.940509000,1.211405000,0.000000000,0.000000000,0.000000000,1.000000000
1403715308.057143211,0.027056000,-0.941820000,1.210088000,0.000000000,0.000000000,0.000000000,1.000000000
1403715308.062143087,0.026714000,-0.943115000,1.208789000,0.000000000,0.000000000,0.000000000,1.000000000
1403715308.067142963,0.026382000,-0.944392000,1.207499000,0.000000000,0.000000000,0.000000000,1.000000000
1403715308.072143078,0.026065000,-0.945653000,1.206212000,0.000000000,0.000000000,0.000000000,1.000000000
1403715308.077143192,0.025753000,-0.946901000,1.204922000,0.000000000,0.000000000,0.000000000,1.000000000
1403715308.082143068,0.025452000,-0.948137000,1.203632000,0.000000000,0.000000000,0.000000000,1.000000000
1403715308.087142944,0.025167000,-0.949361000,1.202350000,0.000000000,0.000000000,0.000000000,1.000000000
1403715308.092143297,0.024892000,-0.950576000,1.201072000,0.000000000,0.000000000,0.000000000,1.000000000
1403715308.097143173,0.024627000,-0.951784000,1.199787000,0.000000000,0.000000000,0.000000000,1.000000000
1403715308.102143049,0.024157000,-0.953015000,1.198489000,0.000000000,0.000000000,0.000000000,1.000000000
1403715308.107142925,0.023862000,-0.954205000,1.197185000,0.000000000,0.000000000,0.000000000,1.000000000
1403715308.112143278,0.023574000,-0.955379000,1.195877000,0.000000000,0.000000000,0.000000000,1.000000000
1403715308.117143154,0.023294000,-0.956539000,1.194572000,0.000000000,0.000000000,0.000000000,1.000000000
1403715308.122143030,0.023029000,-0.957685000,1.193277000,0.000000000,0.000000000,0.000000000,1.000000000
1403715308.127142906,0.022783000,-0.958813000,1.192002000,0.000000000,0.000000000,0.000000000,1.000000000
1403715308.132143259,0.022546000,-0.959923000,1.190740000,0.000000000,0.000000000,0.000000000,1.000000000
1403715308.137142897,0.022318000,-0.961015000,1.189484000,0.000000000,0.000000000,0.000000000,1.000000000
1403715308.142143011,0.022101000,-0.962090000,1.188227000,0.000000000,0.000000000,0.000000000,1.000000000
1403715308.147142887,0.021891000,-0.963153000,1.186975000,0.000000000,0.000000000,0.000000000,1.000000000
1403715308.152143240,0.021486000,-0.964238000,1.185720000,0.000000000,0.000000000,0.000000000,1.000000000
1403715308.157143116,0.021253000,-0.965283000,1.184474000,0.000000000,0.000000000,0.000000000,1.000000000
1403715308.162142992,0.021037000,-0.966307000,1.183238000,0.000000000,0.000000000,0.000000000,1.000000000
1403715308.167143345,0.020830000,-0.967317000,1.182002000,0.000000000,0.000000000,0.000000000,1.000000000
1403715308.172143221,0.020627000,-0.968317000,1.180764000,0.000000000,0.000000000,0.000000000,1.000000000
1403715308.177143097,0.020433000,-0.969301000,1.179526000,0.000000000,0.000000000,0.000000000,1.000000000
1403715308.182142973,0.020250000,-0.970267000,1.178288000,0.000000000,0.000000000,0.000000000,1.000000000
1403715308.187143326,0.020073000,-0.971218000,1.177046000,0.000000000,0.000000000,0.000000000,1.000000000
1403715308.192142963,0.019906000,-0.972156000,1.175800000,0.000000000,0.000000000,0.000000000,1.000000000
1403715308.197143078,0.019753000,-0.973081000,1.174552000,0.000000000,0.000000000,0.000000000,1.000000000
1403715308.202142954,0.019411000,-0.974029000,1.173298000,0.000000000,0.000000000,0.000000000,1.000000000
1403715308.207143307,0.019233000,-0.974946000,1.172047000,0.000000000,0.000000000,0.000000000,1.000000000
1403715308.212142944,0.019064000,-0.975852000,1.170795000,0.000000000,0.000000000,0.000000000,1.000000000
1403715308.217143059,0.018908000,-0.976743000,1.169547000,0.000000000,0.000000000,0.000000000,1.000000000
1403715308.222143173,0.018758000,-0.977623000,1.168297000,0.000000000,0.000000000,0.000000000,1.000000000
1403715308.227143288,0.018610000,-0.978492000,1.167038000,0.000000000,0.000000000,0.000000000,1.000000000
1403715308.232142925,0.018474000,-0.979339000,1.165780000,0.000000000,0.000000000,0.000000000,1.000000000
1403715308.237143040,0.018343000,-0.980164000,1.164520000,0.000000000,0.000000000,0.000000000,1.000000000
1403715308.242143154,0.018211000,-0.980974000,1.163243000,0.000000000,0.000000000,0.000000000,1.000000000
1403715308.247143030,0.018082000,-0.981766000,1.161955000,0.000000000,0.000000000,0.000000000,1.000000000
1403715308.252142906,0.017772000,-0.982572000,1.160657000,0.000000000,0.000000000,0.000000000,1.000000000
1403715308.257143021,0.017617000,-0.983342000,1.159378000,0.000000000,0.000000000,0.000000000,1.000000000
1403715308.262143135,0.017470000,-0.984104000,1.158099000,0.000000000,0.000000000,0.000000000,1.000000000
1403715308.267143011,0.017337000,-0.984857000,1.156828000,0.000000000,0.000000000,0.000000000,1.000000000
1403715308.272142887,0.017221000,-0.985597000,1.155575000,0.000000000,0.000000000,0.000000000,1.000000000
1403715308.277143240,0.017112000,-0.986325000,1.154325000,0.000000000,0.000000000,0.000000000,1.000000000
1403715308.282143354,0.017004000,-0.987042000,1.153063000,0.000000000,0.000000000,0.000000000,1.000000000
1403715308.287142992,0.016904000,-0.987742000,1.151800000,0.000000000,0.000000000,0.000000000,1.000000000
1403715308.292143106,0.016812000,-0.988425000,1.150535000,0.000000000,0.000000000,0.000000000,1.000000000
1403715308.297143221,0.016723000,-0.989096000,1.149257000,0.000000000,0.000000000,0.000000000,1.000000000
1403715308.302143097,0.016456000,-0.989782000,1.147967000,0.000000000,0.000000000,0.000000000,1.000000000
1403715308.307142973,0.016342000,-0.990425000,1.146696000,0.000000000,0.000000000,0.000000000,1.000000000
1403715308.312143087,0.016234000,-0.991055000,1.145435000,0.000000000,0.000000000,0.000000000,1.000000000
1403715308.317143202,0.016131000,-0.991672000,1.144184000,0.000000000,0.000000000,0.000000000,1.000000000
1403715308.322143078,0.016043000,-0.992268000,1.142944000,0.000000000,0.000000000,0.000000000,1.000000000
1403715308.327142954,0.015971000,-0.992846000,1.141718000,0.000000000,0.000000000,0.000000000,1.000000000
1403715308.332143307,0.015905000,-0.993410000,1.140495000,0.000000000,0.000000000,0.000000000,1.000000000
1403715308.337143183,0.015845000,-0.993957000,1.139264000,0.000000000,0.000000000,0.000000000,1.000000000
1403715308.342143059,0.015797000,-0.994483000,1.138029000,0.000000000,0.000000000,0.000000000,1.000000000
1403715308.347142935,0.015758000,-0.994988000,1.136794000,0.000000000,0.000000000,0.000000000,1.000000000
1403715308.352143288,0.015549000,-0.995508000,1.135542000,0.000000000,0.000000000,0.000000000,1.000000000
1403715308.357143164,0.015487000,-0.995984000,1.134293000,0.000000000,0.000000000,0.000000000,1.000000000
1403715308.362143040,0.015435000,-0.996443000,1.133044000,0.000000000,0.000000000,0.000000000,1.000000000
1403715308.367142916,0.015383000,-0.996888000,1.131794000,0.000000000,0.000000000,0.000000000,1.000000000
1403715308.372143269,0.015333000,-0.997320000,1.130539000,0.000000000,0.000000000,0.000000000,1.000000000
1403715308.377142906,0.015294000,-0.997737000,1.129282000,0.000000000,0.000000000,0.000000000,1.000000000
1403715308.382143021,0.015256000,-0.998141000,1.128026000,0.000000000,0.000000000,0.000000000,1.000000000
1403715308.387142897,0.015212000,-0.998537000,1.126763000,0.000000000,0.000000000,0.000000000,1.000000000
1403715308.392143250,0.015173000,-0.998921000,1.125494000,0.000000000,0.000000000,0.000000000,1.000000000
1403715308.397142887,0.015149000,-0.999289000,1.124237000,0.000000000,0.000000000,0.000000000,1.000000000
1403715308.402143002,0.014955000,-0.999667000,1.123006000,0.000000000,0.000000000,0.000000000,1.000000000
1403715308.407143354,0.014916000,-1.000008000,1.121757000,0.000000000,0.000000000,0.000000000,1.000000000
1403715308.412143230,0.014893000,-1.000330000,1.120509000,0.000000000,0.000000000,0.000000000,1.000000000
1403715308.417143106,0.014882000,-1.000636000,1.119269000,0.000000000,0.000000000,0.000000000,1.000000000
1403715308.422142982,0.014879000,-1.000931000,1.118027000,0.000000000,0.000000000,0.000000000,1.000000000
1403715308.427143335,0.014889000,-1.001211000,1.116780000,0.000000000,0.000000000,0.000000000,1.000000000
1403715308.432142973,0.014913000,-1.001470000,1.115534000,0.000000000,0.000000000,0.000000000,1.000000000
1403715308.437143087,0.014937000,-1.001710000,1.114289000,0.000000000,0.000000000,0.000000000,1.000000000
1403715308.442142963,0.014955000,-1.001938000,1.113030000,0.000000000,0.000000000,0.000000000,1.000000000
1403715308.447143316,0.014979000,-1.002150000,1.111765000,0.000000000,0.000000000,0.000000000,1.000000000
1403715308.452142954,0.014840000,-1.002358000,1.110533000,0.000000000,0.000000000,0.000000000,1.000000000
1403715308.457143068,0.014834000,-1.002540000,1.109295000,0.000000000,0.000000000,0.000000000,1.000000000
1403715308.462142944,0.014835000,-1.002709000,1.108060000,0.000000000,0.000000000,0.000000000,1.000000000
1403715308.467143297,0.014853000,-1.002861000,1.106843000,0.000000000,0.000000000,0.000000000,1.000000000
1403715308.472142935,0.014888000,-1.002999000,1.105646000,0.000000000,0.000000000,0.000000000,1.000000000
1403715308.477143049,0.014933000,-1.003130000,1.104452000,0.000000000,0.000000000,0.000000000,1.000000000
1403715308.482143164,0.014989000,-1.003252000,1.103258000,0.000000000,0.000000000,0.000000000,1.000000000
1403715308.487143040,0.015069000,-1.003357000,1.102076000,0.000000000,0.000000000,0.000000000,1.000000000
1403715308.492142916,0.015171000,-1.003433000,1.100919000,0.000000000,0.000000000,0.000000000,1.000000000
1403715308.497143030,0.015275000,-1.003490000,1.099779000,0.000000000,0.000000000,0.000000000,1.000000000
1403715308.502143145,0.015208000,-1.003540000,1.098679000,0.000000000,0.000000000,0.000000000,1.000000000
1403715308.507143021,0.015289000,-1.003571000,1.097547000,0.000000000,0.000000000,0.000000000,1.000000000
1403715308.512142897,0.015393000,-1.003586000,1.096436000,0.000000000,0.000000000,0.000000000,1.000000000
1403715308.517143011,0.015516000,-1.003583000,1.095363000,0.000000000,0.000000000,0.000000000,1.000000000
1403715308.522143126,0.015650000,-1.003562000,1.094329000,0.000000000,0.000000000,0.000000000,1.000000000
1403715308.527143002,0.015787000,-1.003525000,1.093332000,0.000000000,0.000000000,0.000000000,1.000000000
1403715308.532143116,0.015929000,-1.003479000,1.092358000,0.000000000,0.000000000,0.000000000,1.000000000
1403715308.537143230,0.016083000,-1.003424000,1.091398000,0.000000000,0.000000000,0.000000000,1.000000000
1403715308.542143345,0.016249000,-1.003365000,1.090453000,0.000000000,0.000000000,0.000000000,1.000000000
1403715308.547142982,0.016422000,-1.003306000,1.089527000,0.000000000,0.000000000,0.000000000,1.000000000
1403715308.552143097,0.016424000,-1.003241000,1.088676000,0.000000000,0.000000000,0.000000000,1.000000000
1403715308.557143211,0.016568000,-1.003166000,1.087795000,0.000000000,0.000000000,0.000000000,1.000000000
1403715308.562143087,0.016716000,-1.003074000,1.086943000,0.000000000,0.000000000,0.000000000,1.000000000
1403715308.567142963,0.016876000,-1.002974000,1.086118000,0.000000000,0.000000000,0.000000000,1.000000000
1403715308.572143078,0.017051000,-1.002867000,1.085315000,0.000000000,0.000000000,0.000000000,1.000000000
1403715308.577143192,0.017243000,-1.002758000,1.084543000,0.000000000,0.000000000,0.000000000,1.000000000
1403715308.582143068,0.017456000,-1.002648000,1.083795000,0.000000000,0.000000000,0.000000000,1.000000000
1403715308.587142944,0.017693000,-1.002534000,1.083074000,0.000000000,0.000000000,0.000000000,1.000000000
1403715308.592143297,0.017953000,-1.002410000,1.082391000,0.000000000,0.000000000,0.000000000,1.000000000
1403715308.597143173,0.018231000,-1.002276000,1.081747000,0.000000000,0.000000000,0.000000000,1.000000000
1403715308.602143049,0.018346000,-1.002125000,1.081212000,0.000000000,0.000000000,0.000000000,1.000000000
1403715308.607142925,0.018621000,-1.001981000,1.080648000,0.000000000,0.000000000,0.000000000,1.000000000
1403715308.612143278,0.018911000,-1.001832000,1.080106000,0.000000000,0.000000000,0.000000000,1.000000000
1403715308.617143154,0.019207000,-1.001684000,1.079579000,0.000000000,0.000000000,0.000000000,1.000000000
1403715308.622143030,0.019513000,-1.001543000,1.079070000,0.000000000,0.000000000,0.000000000,1.000000000
1403715308.627142906,0.019832000,-1.001406000,1.078591000,0.000000000,0.000000000,0.000000000,1.000000000
1403715308.632143259,0.020160000,-1.001268000,1.078142000,0.000000000,0.000000000,0.000000000,1.000000000
1403715308.637142897,0.020501000,-1.001123000,1.077723000,0.000000000,0.000000000,0.000000000,1.000000000
1403715308.642143011,0.020853000,-1.000963000,1.077334000,0.000000000,0.000000000,0.000000000,1.000000000
1403715308.647142887,0.021216000,-1.000787000,1.076967000,0.000000000,0.000000000,0.000000000,1.000000000
1403715308.652143240,0.021414000,-1.000586000,1.076690000,0.000000000,0.000000000,0.000000000,1.000000000
1403715308.657143116,0.021775000,-1.000408000,1.076373000,0.000000000,0.000000000,0.000000000,1.000000000
1403715308.662142992,0.022159000,-1.000226000,1.076081000,0.000000000,0.000000000,0.000000000,1.000000000
1403715308.667143345,0.022559000,-1.000041000,1.075820000,0.000000000,0.000000000,0.000000000,1.000000000
1403715308.672143221,0.022973000,-0.999850000,1.075583000,0.000000000,0.000000000,0.000000000,1.000000000
1403715308.677143097,0.023400000,-0.999653000,1.075369000,0.000000000,0.000000000,0.000000000,1.000000000
1403715308.682142973,0.023836000,-0.999454000,1.075176000,0.000000000,0.000000000,0.000000000,1.000000000
1403715308.687143326,0.024279000,-0.999253000,1.075000000,0.000000000,0.000000000,0.000000000,1.000000000
1403715308.692142963,0.024733000,-0.999056000,1.074842000,0.000000000,0.000000000,0.000000000,1.000000000
1403715308.697143078,0.025198000,-0.998865000,1.074699000,0.000000000,0.000000000,0.000000000,1.000000000
1403715308.702142954,0.025499000,-0.998643000,1.074662000,0.000000000,0.000000000,0.000000000,1.000000000
1403715308.707143307,0.025962000,-0.998437000,1.074581000,0.000000000,0.000000000,0.000000000,1.000000000
1403715308.712142944,0.026448000,-0.998220000,1.074533000,0.000000000,0.000000000,0.000000000,1.000000000
1403715308.717143059,0.026958000,-0.997996000,1.074516000,0.000000000,0.000000000,0.000000000,1.000000000
1403715308.722143173,0.027489000,-0.997769000,1.074532000,0.000000000,0.000000000,0.000000000,1.000000000
1403715308.727143288,0.028036000,-0.997540000,1.074584000,0.000000000,0.000000000,0.000000000,1.000000000
1403715308.732142925,0.028594000,-0.997312000,1.074674000,0.000000000,0.000000000,0.000000000,1.000000000
1403715308.737143040,0.029162000,-0.997089000,1.074800000,0.000000000,0.000000000,0.000000000,1.000000000
1403715308.742143154,0.029737000,-0.996872000,1.074957000,0.000000000,0.000000000,0.000000000,1.000000000
1403715308.747143030,0.030322000,-0.996656000,1.075138000,0.000000000,0.000000000,0.000000000,1.000000000
1403715308.752142906,0.030742000,-0.996413000,1.075424000,0.000000000,0.000000000,0.000000000,1.000000000
1403715308.757143021,0.031313000,-0.996188000,1.075661000,0.000000000,0.000000000,0.000000000,1.000000000
1403715308.762143135,0.031897000,-0.995961000,1.075912000,0.000000000,0.000000000,0.000000000,1.000000000
1403715308.767143011,0.032494000,-0.995733000,1.076178000,0.000000000,0.000000000,0.000000000,1.000000000
1403715308.772142887,0.033106000,-0.995507000,1.076458000,0.000000000,0.000000000,0.000000000,1.000000000
1403715308.777143240,0.033737000,-0.995278000,1.076755000,0.000000000,0.000000000,0.000000000,1.000000000
1403715308.782143354,0.034390000,-0.995042000,1.077072000,0.000000000,0.000000000,0.000000000,1.000000000
1403715308.787142992,0.035068000,-0.994798000,1.077413000,0.000000000,0.000000000,0.000000000,1.000000000
1403715308.792143106,0.035767000,-0.994547000,1.077780000,0.000000000,0.000000000,0.000000000,1.000000000
1403715308.797143221,0.036478000,-0.994294000,1.078172000,0.000000000,0.000000000,0.000000000,1.000000000
1403715308.802143097,0.037032000,-0.994011000,1.078666000,0.000000000,0.000000000,0.000000000,1.000000000
1403715308.807142973,0.037727000,-0.993758000,1.079104000,0.000000000,0.000000000,0.000000000,1.000000000
1403715308.812143087,0.038430000,-0.993514000,1.079548000,0.000000000,0.000000000,0.000000000,1.000000000
1403715308.817143202,0.039145000,-0.993275000,1.080002000,0.000000000,0.000000000,0.000000000,1.000000000
1403715308.822143078,0.039877000,-0.993031000,1.080476000,0.000000000,0.000000000,0.000000000,1.000000000
1403715308.827142954,0.040623000,-0.992784000,1.080966000,0.000000000,0.000000000,0.000000000,1.000000000
1403715308.832143307,0.041384000,-0.992532000,1.081456000,0.000000000,0.000000000,0.000000000,1.000000000
1403715308.837143183,0.042166000,-0.992273000,1.081948000,0.000000000,0.000000000,0.000000000,1.000000000
1403715308.842143059,0.042967000,-0.992013000,1.082449000,0.000000000,0.000000000,0.000000000,1.000000000
1403715308.847142935,0.043784000,-0.991757000,1.082952000,0.000000000,0.000000000,0.000000000,1.000000000
1403715308.852143288,0.044452000,-0.991480000,1.083541000,0.000000000,0.000000000,0.000000000,1.000000000
1403715308.857143164,0.045257000,-0.991230000,1.084055000,0.000000000,0.000000000,0.000000000,1.000000000
1403715308.862143040,0.046068000,-0.990981000,1.084563000,0.000000000,0.000000000,0.000000000,1.000000000
1403715308.867142916,0.046886000,-0.990731000,1.085068000,0.000000000,0.000000000,0.000000000,1.000000000
1403715308.872143269,0.047713000,-0.990480000,1.085569000,0.000000000,0.000000000,0.000000000,1.000000000
1403715308.877142906,0.048552000,-0.990228000,1.086065000,0.000000000,0.000000000,0.000000000,1.000000000
1403715308.882143021,0.049402000,-0.989978000,1.086558000,0.000000000,0.000000000,0.000000000,1.000000000
1403715308.887142897,0.050267000,-0.989732000,1.087046000,0.000000000,0.000000000,0.000000000,1.000000000
1403715308.892143250,0.051153000,-0.989485000,1.087537000,0.000000000,0.000000000,0.000000000,1.000000000
1403715308.897142887,0.052056000,-0.989240000,1.088026000,0.000000000,0.000000000,0.000000000,1.000000000
1403715308.902143002,0.052826000,-0.988962000,1.088576000,0.000000000,0.000000000,0.000000000,1.000000000
1403715308.907143354,0.053731000,-0.988697000,1.089068000,0.000000000,0.000000000,0.000000000,1.000000000
1403715308.912143230,0.054647000,-0.988428000,1.089566000,0.000000000,0.000000000,0.000000000,1.000000000
1403715308.917143106,0.055582000,-0.988156000,1.090069000,0.000000000,0.000000000,0.000000000,1.000000000
1403715308.922142982,0.056543000,-0.987887000,1.090578000,0.000000000,0.000000000,0.000000000,1.000000000
1403715308.927143335,0.057520000,-0.987622000,1.091082000,0.000000000,0.000000000,0.000000000,1.000000000
1403715308.932142973,0.058513000,-0.987359000,1.091577000,0.000000000,0.000000000,0.000000000,1.000000000
1403715308.937143087,0.059525000,-0.987094000,1.092075000,0.000000000,0.000000000,0.000000000,1.000000000
1403715308.942142963,0.060553000,-0.986830000,1.092583000,0.000000000,0.000000000,0.000000000,1.000000000
1403715308.947143316,0.061600000,-0.986566000,1.093087000,0.000000000,0.000000000,0.000000000,1.000000000
1403715308.952142954,0.062517000,-0.986282000,1.093649000,0.000000000,0.000000000,0.000000000,1.000000000
1403715308.957143068,0.063566000,-0.986015000,1.094160000,0.000000000,0.000000000,0.000000000,1.000000000
1403715308.962142944,0.064629000,-0.985742000,1.094670000,0.000000000,0.000000000,0.000000000,1.000000000
1403715308.967143297,0.065703000,-0.985463000,1.095185000,0.000000000,0.000000000,0.000000000,1.000000000
1403715308.972142935,0.066792000,-0.985176000,1.095701000,0.000000000,0.000000000,0.000000000,1.000000000
1403715308.977143049,0.067901000,-0.984886000,1.096218000,0.000000000,0.000000000,0.000000000,1.000000000
1403715308.982143164,0.069031000,-0.984599000,1.096737000,0.000000000,0.000000000,0.000000000,1.000000000
1403715308.987143040,0.070174000,-0.984318000,1.097249000,0.000000000,0.000000000,0.000000000,1.000000000
1403715308.992142916,0.071336000,-0.984042000,1.097750000,0.000000000,0.000000000,0.000000000,1.000000000
1403715308.997143030,0.072516000,-0.983772000,1.098244000,0.000000000,0.000000000,0.000000000,1.000000000
1403715309.002143145,0.073571000,-0.983482000,1.098764000,0.000000000,0.000000000,0.000000000,1.000000000
1403715309.007143021,0.074737000,-0.983210000,1.099238000,0.000000000,0.000000000,0.000000000,1.000000000
1403715309.012142897,0.075919000,-0.982933000,1.099695000,0.000000000,0.000000000,0.000000000,1.000000000
1403715309.017143011,0.077113000,-0.982656000,1.100146000,0.000000000,0.000000000,0.000000000,1.000000000
1403715309.022143126,0.078323000,-0.982387000,1.100600000,0.000000000,0.000000000,0.000000000,1.000000000
1403715309.027143002,0.079555000,-0.982124000,1.101066000,0.000000000,0.000000000,0.000000000,1.000000000
1403715309.032143116,0.080807000,-0.981861000,1.101542000,0.000000000,0.000000000,0.000000000,1.000000000
1403715309.037143230,0.082078000,-0.981591000,1.102031000,0.000000000,0.000000000,0.000000000,1.000000000
1403715309.042143345,0.083365000,-0.981316000,1.102538000,0.000000000,0.000000000,0.000000000,1.000000000
1403715309.047142982,0.084665000,-0.981034000,1.103052000,0.000000000,0.000000000,0.000000000,1.000000000
1403715309.052143097,0.085853000,-0.980739000,1.103601000,0.000000000,0.000000000,0.000000000,1.000000000
1403715309.057143211,0.087148000,-0.980473000,1.104111000,0.000000000,0.000000000,0.000000000,1.000000000
1403715309.062143087,0.088450000,-0.980222000,1.104604000,0.000000000,0.000000000,0.000000000,1.000000000
1403715309.067142963,0.089763000,-0.979978000,1.105080000,0.000000000,0.000000000,0.000000000,1.000000000
1403715309.072143078,0.091088000,-0.979733000,1.105534000,0.000000000,0.000000000,0.000000000,1.000000000
1403715309.077143192,0.092420000,-0.979486000,1.105967000,0.000000000,0.000000000,0.000000000,1.000000000
1403715309.082143068,0.093754000,-0.979239000,1.106388000,0.000000000,0.000000000,0.000000000,1.000000000
1403715309.087142944,0.095089000,-0.978995000,1.106799000,0.000000000,0.000000000,0.000000000,1.000000000
1403715309.092143297,0.096435000,-0.978763000,1.107212000,0.000000000,0.000000000,0.000000000,1.000000000
1403715309.097143173,0.097794000,-0.978549000,1.107633000,0.000000000,0.000000000,0.000000000,1.000000000
1403715309.102143049,0.099053000,-0.978328000,1.108078000,0.000000000,0.000000000,0.000000000,1.000000000
1403715309.107142925,0.100412000,-0.978129000,1.108525000,0.000000000,0.000000000,0.000000000,1.000000000
1403715309.112143278,0.101787000,-0.977935000,1.108973000,0.000000000,0.000000000,0.000000000,1.000000000
1403715309.117143154,0.103181000,-0.977744000,1.109418000,0.000000000,0.000000000,0.000000000,1.000000000
1403715309.122143030,0.104587000,-0.977557000,1.109857000,0.000000000,0.000000000,0.000000000,1.000000000
1403715309.127142906,0.105998000,-0.977374000,1.110287000,0.000000000,0.000000000,0.000000000,1.000000000
1403715309.132143259,0.107418000,-0.977193000,1.110703000,0.000000000,0.000000000,0.000000000,1.000000000
1403715309.137142897,0.108853000,-0.977019000,1.111108000,0.000000000,0.000000000,0.000000000,1.000000000
1403715309.142143011,0.110302000,-0.976851000,1.111507000,0.000000000,0.000000000,0.000000000,1.000000000
1403715309.147142887,0.111758000,-0.976688000,1.111900000,0.000000000,0.000000000,0.000000000,1.000000000
1403715309.152143240,0.113110000,-0.976518000,1.112278000,0.000000000,0.000000000,0.000000000,1.000000000
1403715309.157143116,0.114544000,-0.976352000,1.112661000,0.000000000,0.000000000,0.000000000,1.000000000
1403715309.162142992,0.115982000,-0.976186000,1.113046000,0.000000000,0.000000000,0.000000000,1.000000000
1403715309.167143345,0.117431000,-0.976028000,1.113438000,0.000000000,0.000000000,0.000000000,1.000000000
1403715309.172143221,0.118894000,-0.975884000,1.113834000,0.000000000,0.000000000,0.000000000,1.000000000
1403715309.177143097,0.120372000,-0.975757000,1.114232000,0.000000000,0.000000000,0.000000000,1.000000000
1403715309.182142973,0.121863000,-0.975641000,1.114641000,0.000000000,0.000000000,0.000000000,1.000000000
1403715309.187143326,0.123371000,-0.975528000,1.115069000,0.000000000,0.000000000,0.000000000,1.000000000
1403715309.192142963,0.124889000,-0.975410000,1.115519000,0.000000000,0.000000000,0.000000000,1.000000000
1403715309.197143078,0.126412000,-0.975294000,1.115975000,0.000000000,0.000000000,0.000000000,1.000000000
1403715309.202142954,0.127840000,-0.975189000,1.116428000,0.000000000,0.000000000,0.000000000,1.000000000
1403715309.207143307,0.129363000,-0.975102000,1.116886000,0.000000000,0.000000000,0.000000000,1.000000000
1403715309.212142944,0.130897000,-0.975028000,1.117350000,0.000000000,0.000000000,0.000000000,1.000000000
1403715309.217143059,0.132442000,-0.974963000,1.117812000,0.000000000,0.000000000,0.000000000,1.000000000
1403715309.222143173,0.134000000,-0.974903000,1.118277000,0.000000000,0.000000000,0.000000000,1.000000000
1403715309.227143288,0.135563000,-0.974847000,1.118752000,0.000000000,0.000000000,0.000000000,1.000000000
1403715309.232142925,0.137131000,-0.974796000,1.119231000,0.000000000,0.000000000,0.000000000,1.000000000
1403715309.237143040,0.138709000,-0.974756000,1.119710000,0.000000000,0.000000000,0.000000000,1.000000000
1403715309.242143154,0.140301000,-0.974732000,1.120188000,0.000000000,0.000000000,0.000000000,1.000000000
1403715309.247143030,0.141904000,-0.974727000,1.120670000,0.000000000,0.000000000,0.000000000,1.000000000
1403715309.252142906,0.143410000,-0.974731000,1.121152000,0.000000000,0.000000000,0.000000000,1.000000000
1403715309.257143021,0.144995000,-0.974755000,1.121648000,0.000000000,0.000000000,0.000000000,1.000000000
1403715309.262143135,0.146577000,-0.974792000,1.122148000,0.000000000,0.000000000,0.000000000,1.000000000
1403715309.267143011,0.148161000,-0.974841000,1.122650000,0.000000000,0.000000000,0.000000000,1.000000000
1403715309.272142887,0.149751000,-0.974903000,1.123152000,0.000000000,0.000000000,0.000000000,1.000000000
1403715309.277143240,0.151344000,-0.974983000,1.123640000,0.000000000,0.000000000,0.000000000,1.000000000
1403715309.282143354,0.152941000,-0.975082000,1.124114000,0.000000000,0.000000000,0.000000000,1.000000000
1403715309.287142992,0.154543000,-0.975200000,1.124572000,0.000000000,0.000000000,0.000000000,1.000000000
1403715309.292143106,0.156151000,-0.975332000,1.125013000,0.000000000,0.000000000,0.000000000,1.000000000
1403715309.297143221,0.157766000,-0.975476000,1.125436000,0.000000000,0.000000000,0.000000000,1.000000000
1403715309.302143097,0.159293000,-0.975621000,1.125830000,0.000000000,0.000000000,0.000000000,1.000000000
1403715309.307142973,0.160894000,-0.975777000,1.126248000,0.000000000,0.000000000,0.000000000,1.000000000
1403715309.312143087,0.162498000,-0.975946000,1.126666000,0.000000000,0.000000000,0.000000000,1.000000000
1403715309.317143202,0.164107000,-0.976129000,1.127081000,0.000000000,0.000000000,0.000000000,1.000000000
1403715309.322143078,0.165717000,-0.976330000,1.127491000,0.000000000,0.000000000,0.000000000,1.000000000
1403715309.327142954,0.167327000,-0.976549000,1.127894000,0.000000000,0.000000000,0.000000000,1.000000000
1403715309.332143307,0.168938000,-0.976783000,1.128286000,0.000000000,0.000000000,0.000000000,1.000000000
1403715309.337143183,0.170547000,-0.977035000,1.128654000,0.000000000,0.000000000,0.000000000,1.000000000
1403715309.342143059,0.172155000,-0.977309000,1.129004000,0.000000000,0.000000000,0.000000000,1.000000000
1403715309.347142935,0.173759000,-0.977604000,1.129341000,0.000000000,0.000000000,0.000000000,1.000000000
1403715309.352143288,0.175272000,-0.977909000,1.129639000,0.000000000,0.000000000,0.000000000,1.000000000
1403715309.357143164,0.176852000,-0.978228000,1.129953000,0.000000000,0.000000000,0.000000000,1.000000000
1403715309.362143040,0.178437000,-0.978549000,1.130267000,0.000000000,0.000000000,0.000000000,1.000000000
1403715309.367142916,0.180025000,-0.978879000,1.130589000,0.000000000,0.000000000,0.000000000,1.000000000
1403715309.372143269,0.181615000,-0.979224000,1.130912000,0.000000000,0.000000000,0.000000000,1.000000000
1403715309.377142906,0.183206000,-0.979588000,1.131235000,0.000000000,0.000000000,0.000000000,1.000000000
1403715309.382143021,0.184794000,-0.979971000,1.131548000,0.000000000,0.000000000,0.000000000,1.000000000
1403715309.387142897,0.186383000,-0.980370000,1.131853000,0.000000000,0.000000000,0.000000000,1.000000000
1403715309.392143250,0.187975000,-0.980778000,1.132159000,0.000000000,0.000000000,0.000000000,1.000000000
1403715309.397142887,0.189568000,-0.981193000,1.132461000,0.000000000,0.000000000,0.000000000,1.000000000
1403715309.402143002,0.191075000,-0.981610000,1.132738000,0.000000000,0.000000000,0.000000000,1.000000000
1403715309.407143354,0.192637000,-0.982047000,1.133038000,0.000000000,0.000000000,0.000000000,1.000000000
1403715309.412143230,0.194202000,-0.982500000,1.133344000,0.000000000,0.000000000,0.000000000,1.000000000
1403715309.417143106,0.195771000,-0.982971000,1.133650000,0.000000000,0.000000000,0.000000000,1.000000000
1403715309.422142982,0.197338000,-0.983458000,1.133955000,0.000000000,0.000000000,0.000000000,1.000000000
1403715309.427143335,0.198900000,-0.983954000,1.134266000,0.000000000,0.000000000,0.000000000,1.000000000
1403715309.432142973,0.200453000,-0.984454000,1.134582000,0.000000000,0.000000000,0.000000000,1.000000000
1403715309.437143087,0.201997000,-0.984959000,1.134901000,0.000000000,0.000000000,0.000000000,1.000000000
1403715309.442142963,0.203542000,-0.985470000,1.135220000,0.000000000,0.000000000,0.000000000,1.000000000
1403715309.447143316,0.205088000,-0.985993000,1.135538000,0.000000000,0.000000000,0.000000000,1.000000000
1403715309.452142954,0.206569000,-0.986519000,1.135821000,0.000000000,0.000000000,0.000000000,1.000000000
1403715309.457143068,0.208106000,-0.987073000,1.136138000,0.000000000,0.000000000,0.000000000,1.000000000
1403715309.462142944,0.209642000,-0.987641000,1.136468000,0.000000000,0.000000000,0.000000000,1.000000000
1403715309.467143297,0.211175000,-0.988214000,1.136805000,0.000000000,0.000000000,0.000000000,1.000000000
1403715309.472142935,0.212704000,-0.988793000,1.137151000,0.000000000,0.000000000,0.000000000,1.000000000
1403715309.477143049,0.214230000,-0.989383000,1.137510000,0.000000000,0.000000000,0.000000000,1.000000000
1403715309.482143164,0.215756000,-0.989989000,1.137881000,0.000000000,0.000000000,0.000000000,1.000000000
1403715309.487143040,0.217281000,-0.990611000,1.138262000,0.000000000,0.000000000,0.000000000,1.000000000
1403715309.492142916,0.218805000,-0.991241000,1.138644000,0.000000000,0.000000000,0.000000000,1.000000000
1403715309.497143030,0.220324000,-0.991875000,1.139009000,0.000000000,0.000000000,0.000000000,1.000000000
1403715309.502143145,0.221776000,-0.992499000,1.139309000,0.000000000,0.000000000,0.000000000,1.000000000
1403715309.507143021,0.223265000,-0.993142000,1.139644000,0.000000000,0.000000000,0.000000000,1.000000000
1403715309.512142897,0.224745000,-0.993793000,1.139968000,0.000000000,0.000000000,0.000000000,1.000000000
1403715309.517143011,0.226218000,-0.994447000,1.140278000,0.000000000,0.000000000,0.000000000,1.000000000
1403715309.522143126,0.227694000,-0.995105000,1.140579000,0.000000000,0.000000000,0.000000000,1.000000000
1403715309.527143002,0.229173000,-0.995764000,1.140887000,0.000000000,0.000000000,0.000000000,1.000000000
1403715309.532143116,0.230655000,-0.996423000,1.141210000,0.000000000,0.000000000,0.000000000,1.000000000
1403715309.537143230,0.232147000,-0.997077000,1.141552000,0.000000000,0.000000000,0.000000000,1.000000000
1403715309.542143345,0.233650000,-0.997726000,1.141913000,0.000000000,0.000000000,0.000000000,1.000000000
1403715309.547142982,0.235152000,-0.998369000,1.142293000,0.000000000,0.000000000,0.000000000,1.000000000
1403715309.552143097,0.236598000,-0.998988000,1.142646000,0.000000000,0.000000000,0.000000000,1.000000000
1403715309.557143211,0.238073000,-0.999634000,1.143046000,0.000000000,0.000000000,0.000000000,1.000000000
1403715309.562143087,0.239545000,-1.000295000,1.143450000,0.000000000,0.000000000,0.000000000,1.000000000
1403715309.567142963,0.241018000,-1.000965000,1.143854000,0.000000000,0.000000000,0.000000000,1.000000000
1403715309.572143078,0.242488000,-1.001630000,1.144265000,0.000000000,0.000000000,0.000000000,1.000000000
1403715309.577143192,0.243948000,-1.002288000,1.144682000,0.000000000,0.000000000,0.000000000,1.000000000
1403715309.582143068,0.245398000,-1.002937000,1.145093000,0.000000000,0.000000000,0.000000000,1.000000000
1403715309.587142944,0.246842000,-1.003580000,1.145503000,0.000000000,0.000000000,0.000000000,1.000000000
1403715309.592143297,0.248284000,-1.004229000,1.145921000,0.000000000,0.000000000,0.000000000,1.000000000
1403715309.597143173,0.249725000,-1.004893000,1.146342000,0.000000000,0.000000000,0.000000000,1.000000000
1403715309.602143049,0.251122000,-1.005548000,1.146718000,0.000000000,0.000000000,0.000000000,1.000000000
1403715309.607142925,0.252538000,-1.006233000,1.147118000,0.000000000,0.000000000,0.000000000,1.000000000
1403715309.612143278,0.253946000,-1.006918000,1.147517000,0.000000000,0.000000000,0.000000000,1.000000000
1403715309.617143154,0.255352000,-1.007598000,1.147921000,0.000000000,0.000000000,0.000000000,1.000000000
1403715309.622143030,0.256752000,-1.008280000,1.148338000,0.000000000,0.000000000,0.000000000,1.000000000
1403715309.627142906,0.258145000,-1.008980000,1.148745000,0.000000000,0.000000000,0.000000000,1.000000000
1403715309.632143259,0.259537000,-1.009694000,1.149128000,0.000000000,0.000000000,0.000000000,1.000000000
1403715309.637142897,0.260930000,-1.010410000,1.149498000,0.000000000,0.000000000,0.000000000,1.000000000
1403715309.642143011,0.262313000,-1.011124000,1.149863000,0.000000000,0.000000000,0.000000000,1.000000000
1403715309.647142887,0.263680000,-1.011836000,1.150225000,0.000000000,0.000000000,0.000000000,1.000000000
1403715309.652143240,0.265012000,-1.012518000,1.150544000,0.000000000,0.000000000,0.000000000,1.000000000
1403715309.657143116,0.266360000,-1.013223000,1.150878000,0.000000000,0.000000000,0.000000000,1.000000000
1403715309.662142992,0.267710000,-1.013927000,1.151199000,0.000000000,0.000000000,0.000000000,1.000000000
1403715309.667143345,0.269057000,-1.014633000,1.151514000,0.000000000,0.000000000,0.000000000,1.000000000
1403715309.672143221,0.270396000,-1.015341000,1.151823000,0.000000000,0.000000000,0.000000000,1.000000000
1403715309.677143097,0.271731000,-1.016052000,1.152132000,0.000000000,0.000000000,0.000000000,1.000000000
1403715309.682142973,0.273060000,-1.016765000,1.152452000,0.000000000,0.000000000,0.000000000,1.000000000
1403715309.687143326,0.274383000,-1.017472000,1.152781000,0.000000000,0.000000000,0.000000000,1.000000000
1403715309.692142963,0.275699000,-1.018172000,1.153115000,0.000000000,0.000000000,0.000000000,1.000000000
1403715309.697143078,0.277010000,-1.018870000,1.153456000,0.000000000,0.000000000,0.000000000,1.000000000
1403715309.702142954,0.278303000,-1.019538000,1.153768000,0.000000000,0.000000000,0.000000000,1.000000000
1403715309.707143307,0.279603000,-1.020250000,1.154105000,0.000000000,0.000000000,0.000000000,1.000000000
1403715309.712142944,0.280892000,-1.020974000,1.154441000,0.000000000,0.000000000,0.000000000,1.000000000
1403715309.717143059,0.282166000,-1.021701000,1.154773000,0.000000000,0.000000000,0.000000000,1.000000000
1403715309.722143173,0.283425000,-1.022419000,1.155108000,0.000000000,0.000000000,0.000000000,1.000000000
1403715309.727143288,0.284673000,-1.023122000,1.155452000,0.000000000,0.000000000,0.000000000,1.000000000
1403715309.732142925,0.285914000,-1.023823000,1.155798000,0.000000000,0.000000000,0.000000000,1.000000000
1403715309.737143040,0.287148000,-1.024541000,1.156144000,0.000000000,0.000000000,0.000000000,1.000000000
1403715309.742143154,0.288380000,-1.025282000,1.156488000,0.000000000,0.000000000,0.000000000,1.000000000
1403715309.747143030,0.289607000,-1.026037000,1.156840000,0.000000000,0.000000000,0.000000000,1.000000000
1403715309.752142906,0.290811000,-1.026746000,1.157186000,0.000000000,0.000000000,0.000000000,1.000000000
1403715309.757143021,0.292012000,-1.027484000,1.157552000,0.000000000,0.000000000,0.000000000,1.000000000
1403715309.762143135,0.293198000,-1.028209000,1.157932000,0.000000000,0.000000000,0.000000000,1.000000000
1403715309.767143011,0.294368000,-1.028927000,1.158321000,0.000000000,0.000000000,0.000000000,1.000000000
1403715309.772142887,0.295527000,-1.029655000,1.158712000,0.000000000,0.000000000,0.000000000,1.000000000
1403715309.777143240,0.296679000,-1.030405000,1.159097000,0.000000000,0.000000000,0.000000000,1.000000000
1403715309.782143354,0.297835000,-1.031174000,1.159478000,0.000000000,0.000000000,0.000000000,1.000000000
1403715309.787142992,0.299004000,-1.031956000,1.159854000,0.000000000,0.000000000,0.000000000,1.000000000
1403715309.792143106,0.300179000,-1.032735000,1.160225000,0.000000000,0.000000000,0.000000000,1.000000000
1403715309.797143221,0.301353000,-1.033495000,1.160595000,0.000000000,0.000000000,0.000000000,1.000000000
1403715309.802143097,0.302510000,-1.034203000,1.160943000,0.000000000,0.000000000,0.000000000,1.000000000
1403715309.807142973,0.303668000,-1.034935000,1.161286000,0.000000000,0.000000000,0.000000000,1.000000000
1403715309.812143087,0.304823000,-1.035688000,1.161624000,0.000000000,0.000000000,0.000000000,1.000000000
1403715309.817143202,0.305979000,-1.036469000,1.161958000,0.000000000,0.000000000,0.000000000,1.000000000
1403715309.822143078,0.307132000,-1.037265000,1.162288000,0.000000000,0.000000000,0.000000000,1.000000000
1403715309.827142954,0.308275000,-1.038056000,1.162614000,0.000000000,0.000000000,0.000000000,1.000000000
1403715309.832143307,0.309405000,-1.038826000,1.162935000,0.000000000,0.000000000,0.000000000,1.000000000
1403715309.837143183,0.310522000,-1.039577000,1.163252000,0.000000000,0.000000000,0.000000000,1.000000000
1403715309.842143059,0.311639000,-1.040332000,1.163581000,0.000000000,0.000000000,0.000000000,1.000000000
1403715309.847142935,0.312760000,-1.041112000,1.163920000,0.000000000,0.000000000,0.000000000,1.000000000
1403715309.852143288,0.313874000,-1.041877000,1.164267000,0.000000000,0.000000000,0.000000000,1.000000000
1403715309.857143164,0.315011000,-1.042673000,1.164585000,0.000000000,0.000000000,0.000000000,1.000000000
1403715309.862143040,0.316153000,-1.043463000,1.164898000,0.000000000,0.000000000,0.000000000,1.000000000
1403715309.867142916,0.317295000,-1.044240000,1.165211000,0.000000000,0.000000000,0.000000000,1.000000000
1403715309.872143269,0.318438000,-1.045011000,1.165518000,0.000000000,0.000000000,0.000000000,1.000000000
1403715309.877142906,0.319581000,-1.045787000,1.165821000,0.000000000,0.000000000,0.000000000,1.000000000
1403715309.882143021,0.320725000,-1.046575000,1.166118000,0.000000000,0.000000000,0.000000000,1.000000000
1403715309.887142897,0.321872000,-1.047375000,1.166397000,0.000000000,0.000000000,0.000000000,1.000000000
1403715309.892143250,0.323018000,-1.048175000,1.166668000,0.000000000,0.000000000,0.000000000,1.000000000
1403715309.897142887,0.324161000,-1.048971000,1.166941000,0.000000000,0.000000000,0.000000000,1.000000000
1403715309.902143002,0.325269000,-1.049740000,1.167238000,0.000000000,0.000000000,0.000000000,1.000000000
1403715309.907143354,0.326407000,-1.050548000,1.167513000,0.000000000,0.000000000,0.000000000,1.000000000
1403715309.912143230,0.327548000,-1.051371000,1.167783000,0.000000000,0.000000000,0.000000000,1.000000000
1403715309.917143106,0.328696000,-1.052208000,1.168045000,0.000000000,0.000000000,0.000000000,1.000000000
1403715309.922142982,0.329848000,-1.053058000,1.168300000,0.000000000,0.000000000,0.000000000,1.000000000
1403715309.927143335,0.330995000,-1.053924000,1.168544000,0.000000000,0.000000000,0.000000000,1.000000000
1403715309.932142973,0.332138000,-1.054807000,1.168770000,0.000000000,0.000000000,0.000000000,1.000000000
1403715309.937143087,0.333281000,-1.055707000,1.168983000,0.000000000,0.000000000,0.000000000,1.000000000
1403715309.942142963,0.334418000,-1.056629000,1.169187000,0.000000000,0.000000000,0.000000000,1.000000000
1403715309.947143316,0.335546000,-1.057569000,1.169385000,0.000000000,0.000000000,0.000000000,1.000000000
1403715309.952142954,0.336631000,-1.058488000,1.169621000,0.000000000,0.000000000,0.000000000,1.000000000
1403715309.957143068,0.337751000,-1.059442000,1.169815000,0.000000000,0.000000000,0.000000000,1.000000000
1403715309.962142944,0.338877000,-1.060400000,1.169994000,0.000000000,0.000000000,0.000000000,1.000000000
1403715309.967143297,0.340007000,-1.061364000,1.170171000,0.000000000,0.000000000,0.000000000,1.000000000
1403715309.972142935,0.341147000,-1.062339000,1.170344000,0.000000000,0.000000000,0.000000000,1.000000000
1403715309.977143049,0.342300000,-1.063318000,1.170513000,0.000000000,0.000000000,0.000000000,1.000000000
1403715309.982143164,0.343464000,-1.064302000,1.170678000,0.000000000,0.000000000,0.000000000,1.000000000
1403715309.987143040,0.344640000,-1.065297000,1.170837000,0.000000000,0.000000000,0.000000000,1.000000000
1403715309.992142916,0.345826000,-1.066299000,1.170979000,0.000000000,0.000000000,0.000000000,1.000000000
1403715309.997143030,0.347022000,-1.067306000,1.171115000,0.000000000,0.000000000,0.000000000,1.000000000
1403715310.002143145,0.348173000,-1.068284000,1.171318000,0.000000000,0.000000000,0.000000000,1.000000000
1403715310.007143021,0.349366000,-1.069281000,1.171480000,0.000000000,0.000000000,0.000000000,1.000000000
1403715310.012142897,0.350565000,-1.070282000,1.171639000,0.000000000,0.000000000,0.000000000,1.000000000
1403715310.017143011,0.351780000,-1.071297000,1.171801000,0.000000000,0.000000000,0.000000000,1.000000000
1403715310.022143126,0.353012000,-1.072329000,1.171975000,0.000000000,0.000000000,0.000000000,1.000000000
1403715310.027143002,0.354251000,-1.073380000,1.172152000,0.000000000,0.000000000,0.000000000,1.000000000
1403715310.032143116,0.355500000,-1.074441000,1.172314000,0.000000000,0.000000000,0.000000000,1.000000000
1403715310.037143230,0.356758000,-1.075506000,1.172463000,0.000000000,0.000000000,0.000000000,1.000000000
1403715310.042143345,0.358020000,-1.076571000,1.172601000,0.000000000,0.000000000,0.000000000,1.000000000
1403715310.047142982,0.359283000,-1.077645000,1.172733000,0.000000000,0.000000000,0.000000000,1.000000000
1403715310.052143097,0.360488000,-1.078738000,1.172912000,0.000000000,0.000000000,0.000000000,1.000000000
1403715310.057143211,0.361758000,-1.079872000,1.173038000,0.000000000,0.000000000,0.000000000,1.000000000
1403715310.062143087,0.363041000,-1.081025000,1.173173000,0.000000000,0.000000000,0.000000000,1.000000000
1403715310.067142963,0.364332000,-1.082194000,1.173316000,0.000000000,0.000000000,0.000000000,1.000000000
1403715310.072143078,0.365628000,-1.083384000,1.173455000,0.000000000,0.000000000,0.000000000,1.000000000
1403715310.077143192,0.366925000,-1.084588000,1.173582000,0.000000000,0.000000000,0.000000000,1.000000000
1403715310.082143068,0.368218000,-1.085805000,1.173702000,0.000000000,0.000000000,0.000000000,1.000000000
1403715310.087142944,0.369508000,-1.087046000,1.173822000,0.000000000,0.000000000,0.000000000,1.000000000
1403715310.092143297,0.370794000,-1.088312000,1.173943000,0.000000000,0.000000000,0.000000000,1.000000000
1403715310.097143173,0.372077000,-1.089604000,1.174058000,0.000000000,0.000000000,0.000000000,1.000000000
1403715310.102143049,0.373283000,-1.090894000,1.174210000,0.000000000,0.000000000,0.000000000,1.000000000
1403715310.107142925,0.374552000,-1.092216000,1.174319000,0.000000000,0.000000000,0.000000000,1.000000000
1403715310.112143278,0.375821000,-1.093550000,1.174434000,0.000000000,0.000000000,0.000000000,1.000000000
1403715310.117143154,0.377092000,-1.094890000,1.174545000,0.000000000,0.000000000,0.000000000,1.000000000
1403715310.122143030,0.378362000,-1.096241000,1.174657000,0.000000000,0.000000000,0.000000000,1.000000000
1403715310.127142906,0.379622000,-1.097616000,1.174770000,0.000000000,0.000000000,0.000000000,1.000000000
1403715310.132143259,0.380871000,-1.099028000,1.174887000,0.000000000,0.000000000,0.000000000,1.000000000
1403715310.137142897,0.382123000,-1.100473000,1.175009000,0.000000000,0.000000000,0.000000000,1.000000000
1403715310.142143011,0.383380000,-1.101939000,1.175124000,0.000000000,0.000000000,0.000000000,1.000000000
1403715310.147142887,0.384639000,-1.103423000,1.175232000,0.000000000,0.000000000,0.000000000,1.000000000
1403715310.152143240,0.385815000,-1.104898000,1.175376000,0.000000000,0.000000000,0.000000000,1.000000000
1403715310.157143116,0.387050000,-1.106402000,1.175487000,0.000000000,0.000000000,0.000000000,1.000000000
1403715310.162142992,0.388281000,-1.107927000,1.175599000,0.000000000,0.000000000,0.000000000,1.000000000
1403715310.167143345,0.389511000,-1.109470000,1.175714000,0.000000000,0.000000000,0.000000000,1.000000000
1403715310.172143221,0.390748000,-1.111033000,1.175841000,0.000000000,0.000000000,0.000000000,1.000000000
1403715310.177143097,0.391988000,-1.112618000,1.175986000,0.000000000,0.000000000,0.000000000,1.000000000
1403715310.182142973,0.393225000,-1.114227000,1.176140000,0.000000000,0.000000000,0.000000000,1.000000000
1403715310.187143326,0.394460000,-1.115858000,1.176294000,0.000000000,0.000000000,0.000000000,1.000000000
1403715310.192142963,0.395695000,-1.117507000,1.176446000,0.000000000,0.000000000,0.000000000,1.000000000
1403715310.197143078,0.396927000,-1.119176000,1.176601000,0.000000000,0.000000000,0.000000000,1.000000000
1403715310.202142954,0.398075000,-1.120841000,1.176788000,0.000000000,0.000000000,0.000000000,1.000000000
1403715310.207143307,0.399282000,-1.122543000,1.176944000,0.000000000,0.000000000,0.000000000,1.000000000
1403715310.212142944,0.400484000,-1.124273000,1.177094000,0.000000000,0.000000000,0.000000000,1.000000000
1403715310.217143059,0.401682000,-1.126026000,1.177253000,0.000000000,0.000000000,0.000000000,1.000000000
1403715310.222143173,0.402872000,-1.127794000,1.177424000,0.000000000,0.000000000,0.000000000,1.000000000
1403715310.227143288,0.404054000,-1.129577000,1.177594000,0.000000000,0.000000000,0.000000000,1.000000000
1403715310.232142925,0.405229000,-1.131379000,1.177769000,0.000000000,0.000000000,0.000000000,1.000000000
1403715310.237143040,0.406399000,-1.133203000,1.177950000,0.000000000,0.000000000,0.000000000,1.000000000
1403715310.242143154,0.407559000,-1.135046000,1.178138000,0.000000000,0.000000000,0.000000000,1.000000000
1403715310.247143030,0.408711000,-1.136913000,1.178322000,0.000000000,0.000000000,0.000000000,1.000000000
1403715310.252142906,0.409777000,-1.138779000,1.178512000,0.000000000,0.000000000,0.000000000,1.000000000
1403715310.257143021,0.410900000,-1.140675000,1.178684000,0.000000000,0.000000000,0.000000000,1.000000000
1403715310.262143135,0.412011000,-1.142596000,1.178861000,0.000000000,0.000000000,0.000000000,1.000000000
1403715310.267143011,0.413105000,-1.144530000,1.179033000,0.000000000,0.000000000,0.000000000,1.000000000
1403715310.272142887,0.414185000,-1.146475000,1.179207000,0.000000000,0.000000000,0.000000000,1.000000000
1403715310.277143240,0.415251000,-1.148439000,1.179395000,0.000000000,0.000000000,0.000000000,1.000000000
1403715310.282143354,0.416303000,-1.150429000,1.179596000,0.000000000,0.000000000,0.000000000,1.000000000
1403715310.287142992,0.417344000,-1.152440000,1.179803000,0.000000000,0.000000000,0.000000000,1.000000000
1403715310.292143106,0.418375000,-1.154461000,1.180015000,0.000000000,0.000000000,0.000000000,1.000000000
1403715310.297143221,0.419395000,-1.156493000,1.180235000,0.000000000,0.000000000,0.000000000,1.000000000
1403715310.302143097,0.420320000,-1.158520000,1.180469000,0.000000000,0.000000000,0.000000000,1.000000000
1403715310.307142973,0.421296000,-1.160569000,1.180696000,0.000000000,0.000000000,0.000000000,1.000000000
1403715310.312143087,0.422259000,-1.162632000,1.180926000,0.000000000,0.000000000,0.000000000,1.000000000
1403715310.317143202,0.423212000,-1.164699000,1.181167000,0.000000000,0.000000000,0.000000000,1.000000000
1403715310.322143078,0.424145000,-1.166770000,1.181414000,0.000000000,0.000000000,0.000000000,1.000000000
1403715310.327142954,0.425053000,-1.168852000,1.181647000,0.000000000,0.000000000,0.000000000,1.000000000
1403715310.332143307,0.425943000,-1.170953000,1.181867000,0.000000000,0.000000000,0.000000000,1.000000000
1403715310.337143183,0.426819000,-1.173069000,1.182095000,0.000000000,0.000000000,0.000000000,1.000000000
1403715310.342143059,0.427680000,-1.175190000,1.182339000,0.000000000,0.000000000,0.000000000,1.000000000
1403715310.347142935,0.428525000,-1.177317000,1.182596000,0.000000000,0.000000000,0.000000000,1.000000000
1403715310.352143288,0.429277000,-1.179434000,1.182866000,0.000000000,0.000000000,0.000000000,1.000000000
1403715310.357143164,0.430075000,-1.181571000,1.183163000,0.000000000,0.000000000,0.000000000,1.000000000
1403715310.362143040,0.430857000,-1.183723000,1.183472000,0.000000000,0.000000000,0.000000000,1.000000000
1403715310.367142916,0.431625000,-1.185887000,1.183769000,0.000000000,0.000000000,0.000000000,1.000000000
1403715310.372143269,0.432379000,-1.188063000,1.184051000,0.000000000,0.000000000,0.000000000,1.000000000
1403715310.377142906,0.433114000,-1.190246000,1.184330000,0.000000000,0.000000000,0.000000000,1.000000000
1403715310.382143021,0.433834000,-1.192421000,1.184613000,0.000000000,0.000000000,0.000000000,1.000000000
1403715310.387142897,0.434537000,-1.194592000,1.184889000,0.000000000,0.000000000,0.000000000,1.000000000
1403715310.392143250,0.435219000,-1.196766000,1.185145000,0.000000000,0.000000000,0.000000000,1.000000000
1403715310.397142887,0.435879000,-1.198946000,1.185395000,0.000000000,0.000000000,0.000000000,1.000000000
1403715310.402143002,0.436435000,-1.201131000,1.185615000,0.000000000,0.000000000,0.000000000,1.000000000
1403715310.407143354,0.437035000,-1.203338000,1.185868000,0.000000000,0.000000000,0.000000000,1.000000000
1403715310.412143230,0.437622000,-1.205555000,1.186130000,0.000000000,0.000000000,0.000000000,1.000000000
1403715310.417143106,0.438194000,-1.207776000,1.186398000,0.000000000,0.000000000,0.000000000,1.000000000
1403715310.422142982,0.438748000,-1.209993000,1.186675000,0.000000000,0.000000000,0.000000000,1.000000000
1403715310.427143335,0.439291000,-1.212207000,1.186954000,0.000000000,0.000000000,0.000000000,1.000000000
1403715310.432142973,0.439828000,-1.214424000,1.187231000,0.000000000,0.000000000,0.000000000,1.000000000
1403715310.437143087,0.440355000,-1.216653000,1.187510000,0.000000000,0.000000000,0.000000000,1.000000000
1403715310.442142963,0.440878000,-1.218885000,1.187790000,0.000000000,0.000000000,0.000000000,1.000000000
1403715310.447143316,0.441404000,-1.221120000,1.188065000,0.000000000,0.000000000,0.000000000,1.000000000
1403715310.452142954,0.441844000,-1.223338000,1.188296000,0.000000000,0.000000000,0.000000000,1.000000000
1403715310.457143068,0.442329000,-1.225569000,1.188523000,0.000000000,0.000000000,0.000000000,1.000000000
1403715310.462142944,0.442793000,-1.227795000,1.188728000,0.000000000,0.000000000,0.000000000,1.000000000
1403715310.467143297,0.443241000,-1.230026000,1.188926000,0.000000000,0.000000000,0.000000000,1.000000000
1403715310.472142935,0.443673000,-1.232276000,1.189115000,0.000000000,0.000000000,0.000000000,1.000000000
1403715310.477143049,0.444089000,-1.234540000,1.189304000,0.000000000,0.000000000,0.000000000,1.000000000
1403715310.482143164,0.444491000,-1.236797000,1.189510000,0.000000000,0.000000000,0.000000000,1.000000000
1403715310.487143040,0.444880000,-1.239040000,1.189745000,0.000000000,0.000000000,0.000000000,1.000000000
1403715310.492142916,0.445253000,-1.241269000,1.190000000,0.000000000,0.000000000,0.000000000,1.000000000
1403715310.497143030,0.445613000,-1.243489000,1.190264000,0.000000000,0.000000000,0.000000000,1.000000000
1403715310.502143145,0.445878000,-1.245683000,1.190498000,0.000000000,0.000000000,0.000000000,1.000000000
1403715310.507143021,0.446198000,-1.247905000,1.190734000,0.000000000,0.000000000,0.000000000,1.000000000
1403715310.512142897,0.446505000,-1.250133000,1.190960000,0.000000000,0.000000000,0.000000000,1.000000000
1403715310.517143011,0.446799000,-1.252358000,1.191183000,0.000000000,0.000000000,0.000000000,1.000000000
1403715310.522143126,0.447087000,-1.254578000,1.191404000,0.000000000,0.000000000,0.000000000,1.000000000
1403715310.527143002,0.447366000,-1.256793000,1.191628000,0.000000000,0.000000000,0.000000000,1.000000000
1403715310.532143116,0.447639000,-1.259002000,1.191856000,0.000000000,0.000000000,0.000000000,1.000000000
1403715310.537143230,0.447907000,-1.261216000,1.192076000,0.000000000,0.000000000,0.000000000,1.000000000
1403715310.542143345,0.448169000,-1.263431000,1.192288000,0.000000000,0.000000000,0.000000000,1.000000000
1403715310.547142982,0.448425000,-1.265642000,1.192506000,0.000000000,0.000000000,0.000000000,1.000000000
1403715310.552143097,0.448590000,-1.267815000,1.192686000,0.000000000,0.000000000,0.000000000,1.000000000
1403715310.557143211,0.448810000,-1.270014000,1.192902000,0.000000000,0.000000000,0.000000000,1.000000000
1403715310.562143087,0.449009000,-1.272213000,1.193116000,0.000000000,0.000000000,0.000000000,1.000000000
1403715310.567142963,0.449190000,-1.274412000,1.193330000,0.000000000,0.000000000,0.000000000,1.000000000
1403715310.572143078,0.449358000,-1.276611000,1.193555000,0.000000000,0.000000000,0.000000000,1.000000000
1403715310.577143192,0.449514000,-1.278807000,1.193791000,0.000000000,0.000000000,0.000000000,1.000000000
1403715310.582143068,0.449661000,-1.280999000,1.194031000,0.000000000,0.000000000,0.000000000,1.000000000
1403715310.587142944,0.449797000,-1.283196000,1.194272000,0.000000000,0.000000000,0.000000000,1.000000000
1403715310.592143297,0.449923000,-1.285397000,1.194533000,0.000000000,0.000000000,0.000000000,1.000000000
1403715310.597143173,0.450044000,-1.287604000,1.194822000,0.000000000,0.000000000,0.000000000,1.000000000
1403715310.602143049,0.450075000,-1.289769000,1.195058000,0.000000000,0.000000000,0.000000000,1.000000000
1403715310.607142925,0.450181000,-1.291954000,1.195340000,0.000000000,0.000000000,0.000000000,1.000000000
1403715310.612143278,0.450286000,-1.294127000,1.195630000,0.000000000,0.000000000,0.000000000,1.000000000
1403715310.617143154,0.450386000,-1.296293000,1.195926000,0.000000000,0.000000000,0.000000000,1.000000000
1403715310.622143030,0.450483000,-1.298452000,1.196210000,0.000000000,0.000000000,0.000000000,1.000000000
1403715310.627142906,0.450577000,-1.300608000,1.196482000,0.000000000,0.000000000,0.000000000,1.000000000
1403715310.632143259,0.450670000,-1.302763000,1.196760000,0.000000000,0.000000000,0.000000000,1.000000000
1403715310.637142897,0.450760000,-1.304915000,1.197041000,0.000000000,0.000000000,0.000000000,1.000000000
1403715310.642143011,0.450842000,-1.307061000,1.197317000,0.000000000,0.000000000,0.000000000,1.000000000
1403715310.647142887,0.450915000,-1.309203000,1.197587000,0.000000000,0.000000000,0.000000000,1.000000000
1403715310.652143240,0.450884000,-1.311289000,1.197777000,0.000000000,0.000000000,0.000000000,1.000000000
1403715310.657143116,0.450916000,-1.313405000,1.198018000,0.000000000,0.000000000,0.000000000,1.000000000
1403715310.662142992,0.450946000,-1.315518000,1.198250000,0.000000000,0.000000000,0.000000000,1.000000000
1403715310.667143345,0.450973000,-1.317628000,1.198469000,0.000000000,0.000000000,0.000000000,1.000000000
1403715310.672143221,0.450993000,-1.319733000,1.198685000,0.000000000,0.000000000,0.000000000,1.000000000
1403715310.677143097,0.451008000,-1.321834000,1.198909000,0.000000000,0.000000000,0.000000000,1.000000000
1403715310.682142973,0.451024000,-1.323928000,1.199140000,0.000000000,0.000000000,0.000000000,1.000000000
1403715310.687143326,0.451042000,-1.326012000,1.199377000,0.000000000,0.000000000,0.000000000,1.000000000
1403715310.692142963,0.451059000,-1.328089000,1.199627000,0.000000000,0.000000000,0.000000000,1.000000000
1403715310.697143078,0.451077000,-1.330166000,1.199883000,0.000000000,0.000000000,0.000000000,1.000000000
1403715310.702142954,0.451018000,-1.332191000,1.200058000,0.000000000,0.000000000,0.000000000,1.000000000
1403715310.707143307,0.451022000,-1.334260000,1.200303000,0.000000000,0.000000000,0.000000000,1.000000000
1403715310.712142944,0.451021000,-1.336325000,1.200541000,0.000000000,0.000000000,0.000000000,1.000000000
1403715310.717143059,0.451020000,-1.338380000,1.200779000,0.000000000,0.000000000,0.000000000,1.000000000
1403715310.722143173,0.451014000,-1.340420000,1.201015000,0.000000000,0.000000000,0.000000000,1.000000000
1403715310.727143288,0.451002000,-1.342445000,1.201251000,0.000000000,0.000000000,0.000000000,1.000000000
1403715310.732142925,0.450986000,-1.344466000,1.201492000,0.000000000,0.000000000,0.000000000,1.000000000
1403715310.737143040,0.450972000,-1.346496000,1.201734000,0.000000000,0.000000000,0.000000000,1.000000000
1403715310.742143154,0.450961000,-1.348531000,1.201983000,0.000000000,0.000000000,0.000000000,1.000000000
1403715310.747143030,0.450959000,-1.350554000,1.202237000,0.000000000,0.000000000,0.000000000,1.000000000
1403715310.752142906,0.450885000,-1.352485000,1.202400000,0.000000000,0.000000000,0.000000000,1.000000000
1403715310.757143021,0.450877000,-1.354460000,1.202645000,0.000000000,0.000000000,0.000000000,1.000000000
1403715310.762143135,0.450878000,-1.356421000,1.202890000,0.000000000,0.000000000,0.000000000,1.000000000
1403715310.767143011,0.450888000,-1.358376000,1.203135000,0.000000000,0.000000000,0.000000000,1.000000000
1403715310.772142887,0.450907000,-1.360332000,1.203373000,0.000000000,0.000000000,0.000000000,1.000000000
1403715310.777143240,0.450930000,-1.362289000,1.203600000,0.000000000,0.000000000,0.000000000,1.000000000
1403715310.782143354,0.450953000,-1.364245000,1.203824000,0.000000000,0.000000000,0.000000000,1.000000000
1403715310.787142992,0.450978000,-1.366195000,1.204053000,0.000000000,0.000000000,0.000000000,1.000000000
1403715310.792143106,0.451006000,-1.368135000,1.204280000,0.000000000,0.000000000,0.000000000,1.000000000
1403715310.797143221,0.451036000,-1.370062000,1.204509000,0.000000000,0.000000000,0.000000000,1.000000000
1403715310.802143097,0.450988000,-1.371904000,1.204664000,0.000000000,0.000000000,0.000000000,1.000000000
1403715310.807142973,0.450993000,-1.373811000,1.204906000,0.000000000,0.000000000,0.000000000,1.000000000
1403715310.812143087,0.450993000,-1.375721000,1.205156000,0.000000000,0.000000000,0.000000000,1.000000000
1403715310.817143202,0.450998000,-1.377635000,1.205405000,0.000000000,0.000000000,0.000000000,1.000000000
1403715310.822143078,0.451008000,-1.379547000,1.205645000,0.000000000,0.000000000,0.000000000,1.000000000
1403715310.827142954,0.451021000,-1.381445000,1.205880000,0.000000000,0.000000000,0.000000000,1.000000000
1403715310.832143307,0.451036000,-1.383327000,1.206104000,0.000000000,0.000000000,0.000000000,1.000000000
1403715310.837143183,0.451050000,-1.385200000,1.206323000,0.000000000,0.000000000,0.000000000,1.000000000
1403715310.842143059,0.451064000,-1.387068000,1.206539000,0.000000000,0.000000000,0.000000000,1.000000000
1403715310.847142935,0.451080000,-1.388936000,1.206750000,0.000000000,0.000000000,0.000000000,1.000000000
1403715310.852143288,0.451030000,-1.390711000,1.206879000,0.000000000,0.000000000,0.000000000,1.000000000
1403715310.857143164,0.451047000,-1.392558000,1.207083000,0.000000000,0.000000000,0.000000000,1.000000000
1403715310.862143040,0.451066000,-1.394397000,1.207298000,0.000000000,0.000000000,0.000000000,1.000000000
1403715310.867142916,0.451092000,-1.396222000,1.207519000,0.000000000,0.000000000,0.000000000,1.000000000
1403715310.872143269,0.451129000,-1.398039000,1.207743000,0.000000000,0.000000000,0.000000000,1.000000000
1403715310.877142906,0.451175000,-1.399857000,1.207970000,0.000000000,0.000000000,0.000000000,1.000000000
1403715310.882143021,0.451225000,-1.401679000,1.208203000,0.000000000,0.000000000,0.000000000,1.000000000
1403715310.887142897,0.451277000,-1.403507000,1.208439000,0.000000000,0.000000000,0.000000000,1.000000000
1403715310.892143250,0.451335000,-1.405333000,1.208679000,0.000000000,0.000000000,0.000000000,1.000000000
1403715310.897142887,0.451404000,-1.407150000,1.208919000,0.000000000,0.000000000,0.000000000,1.000000000
1403715310.902143002,0.451406000,-1.408851000,1.209064000,0.000000000,0.000000000,0.000000000,1.000000000
1403715310.907143354,0.451461000,-1.410623000,1.209277000,0.000000000,0.000000000,0.000000000,1.000000000
1403715310.912143230,0.451510000,-1.412395000,1.209491000,0.000000000,0.000000000,0.000000000,1.000000000
1403715310.917143106,0.451562000,-1.414174000,1.209710000,0.000000000,0.000000000,0.000000000,1.000000000
1403715310.922142982,0.451616000,-1.415961000,1.209937000,0.000000000,0.000000000,0.000000000,1.000000000
1403715310.927143335,0.451675000,-1.417742000,1.210165000,0.000000000,0.000000000,0.000000000,1.000000000
1403715310.932142973,0.451741000,-1.419509000,1.210403000,0.000000000,0.000000000,0.000000000,1.000000000
1403715310.937143087,0.451818000,-1.421263000,1.210656000,0.000000000,0.000000000,0.000000000,1.000000000
1403715310.942142963,0.451901000,-1.423011000,1.210931000,0.000000000,0.000000000,0.000000000,1.000000000
1403715310.947143316,0.451984000,-1.424764000,1.211224000,0.000000000,0.000000000,0.000000000,1.000000000
1403715310.952142954,0.451995000,-1.426420000,1.211440000,0.000000000,0.000000000,0.000000000,1.000000000
1403715310.957143068,0.452052000,-1.428163000,1.211709000,0.000000000,0.000000000,0.000000000,1.000000000
1403715310.962142944,0.452110000,-1.429899000,1.211967000,0.000000000,0.000000000,0.000000000,1.000000000
1403715310.967143297,0.452162000,-1.431629000,1.212218000,0.000000000,0.000000000,0.000000000,1.000000000
1403715310.972142935,0.452204000,-1.433358000,1.212451000,0.000000000,0.000000000,0.000000000,1.000000000
1403715310.977143049,0.452247000,-1.435085000,1.212667000,0.000000000,0.000000000,0.000000000,1.000000000
1403715310.982143164,0.452299000,-1.436820000,1.212870000,0.000000000,0.000000000,0.000000000,1.000000000
1403715310.987143040,0.452359000,-1.438559000,1.213055000,0.000000000,0.000000000,0.000000000,1.000000000
1403715310.992142916,0.452424000,-1.440291000,1.213218000,0.000000000,0.000000000,0.000000000,1.000000000
1403715310.997143030,0.452489000,-1.442013000,1.213366000,0.000000000,0.000000000,0.000000000,1.000000000
1403715311.002143145,0.452546000,-1.443726000,1.213509000,0.000000000,0.000000000,0.000000000,1.000000000
1403715311.007143021,0.452605000,-1.445439000,1.213647000,0.000000000,0.000000000,0.000000000,1.000000000
1403715311.012142897,0.452584000,-1.446993000,1.213667000,0.000000000,0.000000000,0.000000000,1.000000000
1403715311.017143011,0.452650000,-1.448684000,1.213770000,0.000000000,0.000000000,0.000000000,1.000000000
1403715311.022143126,0.452726000,-1.450360000,1.213864000,0.000000000,0.000000000,0.000000000,1.000000000
1403715311.027143002,0.452806000,-1.452021000,1.213956000,0.000000000,0.000000000,0.000000000,1.000000000
1403715311.032143116,0.452895000,-1.453675000,1.214050000,0.000000000,0.000000000,0.000000000,1.000000000
1403715311.037143230,0.452991000,-1.455329000,1.214149000,0.000000000,0.000000000,0.000000000,1.000000000
1403715311.042143345,0.453087000,-1.456990000,1.214254000,0.000000000,0.000000000,0.000000000,1.000000000
1403715311.047142982,0.453189000,-1.458659000,1.214369000,0.000000000,0.000000000,0.000000000,1.000000000
1403715311.052143097,0.453255000,-1.460256000,1.214448000,0.000000000,0.000000000,0.000000000,1.000000000
1403715311.057143211,0.453359000,-1.461910000,1.214573000,0.000000000,0.000000000,0.000000000,1.000000000
1403715311.062143087,0.453471000,-1.463560000,1.214702000,0.000000000,0.000000000,0.000000000,1.000000000
1403715311.067142963,0.453596000,-1.465202000,1.214822000,0.000000000,0.000000000,0.000000000,1.000000000
1403715311.072143078,0.453728000,-1.466837000,1.214937000,0.000000000,0.000000000,0.000000000,1.000000000
1403715311.077143192,0.453863000,-1.468472000,1.215051000,0.000000000,0.000000000,0.000000000,1.000000000
1403715311.082143068,0.454003000,-1.470109000,1.215160000,0.000000000,0.000000000,0.000000000,1.000000000
1403715311.087142944,0.454154000,-1.471750000,1.215255000,0.000000000,0.000000000,0.000000000,1.000000000
1403715311.092143297,0.454321000,-1.473400000,1.215336000,0.000000000,0.000000000,0.000000000,1.000000000
1403715311.097143173,0.454501000,-1.475054000,1.215408000,0.000000000,0.000000000,0.000000000,1.000000000
1403715311.102143049,0.454639000,-1.476601000,1.215409000,0.000000000,0.000000000,0.000000000,1.000000000
1403715311.107142925,0.454828000,-1.478229000,1.215465000,0.000000000,0.000000000,0.000000000,1.000000000
1403715311.112143278,0.455033000,-1.479851000,1.215522000,0.000000000,0.000000000,0.000000000,1.000000000
1403715311.117143154,0.455254000,-1.481471000,1.215581000,0.000000000,0.000000000,0.000000000,1.000000000
1403715311.122143030,0.455492000,-1.483099000,1.215653000,0.000000000,0.000000000,0.000000000,1.000000000
1403715311.127142906,0.455740000,-1.484728000,1.215743000,0.000000000,0.000000000,0.000000000,1.000000000
1403715311.132143259,0.455988000,-1.486361000,1.215832000,0.000000000,0.000000000,0.000000000,1.000000000
1403715311.137142897,0.456236000,-1.488002000,1.215901000,0.000000000,0.000000000,0.000000000,1.000000000
1403715311.142143011,0.456490000,-1.489641000,1.215957000,0.000000000,0.000000000,0.000000000,1.000000000
1403715311.147142887,0.456751000,-1.491273000,1.216009000,0.000000000,0.000000000,0.000000000,1.000000000
1403715311.152143240,0.456967000,-1.492786000,1.215992000,0.000000000,0.000000000,0.000000000,1.000000000
1403715311.157143116,0.457225000,-1.494390000,1.216024000,0.000000000,0.000000000,0.000000000,1.000000000
1403715311.162142992,0.457495000,-1.495999000,1.216066000,0.000000000,0.000000000,0.000000000,1.000000000
1403715311.167143345,0.457776000,-1.497615000,1.216120000,0.000000000,0.000000000,0.000000000,1.000000000
1403715311.172143221,0.458069000,-1.499242000,1.216184000,0.000000000,0.000000000,0.000000000,1.000000000
1403715311.177143097,0.458375000,-1.500877000,1.216261000,0.000000000,0.000000000,0.000000000,1.000000000
1403715311.182142973,0.458693000,-1.502519000,1.216336000,0.000000000,0.000000000,0.000000000,1.000000000
1403715311.187143326,0.459023000,-1.504162000,1.216413000,0.000000000,0.000000000,0.000000000,1.000000000
1403715311.192142963,0.459363000,-1.505807000,1.216491000,0.000000000,0.000000000,0.000000000,1.000000000
1403715311.197143078,0.459712000,-1.507454000,1.216559000,0.000000000,0.000000000,0.000000000,1.000000000
1403715311.202142954,0.460023000,-1.508981000,1.216568000,0.000000000,0.000000000,0.000000000,1.000000000
1403715311.207143307,0.460375000,-1.510612000,1.216594000,0.000000000,0.000000000,0.000000000,1.000000000
1403715311.212142944,0.460745000,-1.512247000,1.216607000,0.000000000,0.000000000,0.000000000,1.000000000
1403715311.217143059,0.461134000,-1.513888000,1.216621000,0.000000000,0.000000000,0.000000000,1.000000000
1403715311.222143173,0.461530000,-1.515535000,1.216634000,0.000000000,0.000000000,0.000000000,1.000000000
1403715311.227143288,0.461926000,-1.517185000,1.216643000,0.000000000,0.000000000,0.000000000,1.000000000
1403715311.232142925,0.462325000,-1.518834000,1.216653000,0.000000000,0.000000000,0.000000000,1.000000000
1403715311.237143040,0.462728000,-1.520481000,1.216664000,0.000000000,0.000000000,0.000000000,1.000000000
1403715311.242143154,0.463135000,-1.522128000,1.216677000,0.000000000,0.000000000,0.000000000,1.000000000
1403715311.247143030,0.463550000,-1.523785000,1.216687000,0.000000000,0.000000000,0.000000000,1.000000000
1403715311.252142906,0.463935000,-1.525326000,1.216661000,0.000000000,0.000000000,0.000000000,1.000000000
1403715311.257143021,0.464380000,-1.526982000,1.216676000,0.000000000,0.000000000,0.000000000,1.000000000
1403715311.262143135,0.464844000,-1.528644000,1.216705000,0.000000000,0.000000000,0.000000000,1.000000000
1403715311.267143011,0.465324000,-1.530309000,1.216747000,0.000000000,0.000000000,0.000000000,1.000000000
1403715311.272142887,0.465817000,-1.531971000,1.216796000,0.000000000,0.000000000,0.000000000,1.000000000
1403715311.277143240,0.466316000,-1.533630000,1.216836000,0.000000000,0.000000000,0.000000000,1.000000000
1403715311.282143354,0.466821000,-1.535294000,1.216871000,0.000000000,0.000000000,0.000000000,1.000000000
1403715311.287142992,0.467338000,-1.536970000,1.216903000,0.000000000,0.000000000,0.000000000,1.000000000
1403715311.292143106,0.467865000,-1.538664000,1.216943000,0.000000000,0.000000000,0.000000000,1.000000000
1403715311.297143221,0.468391000,-1.540375000,1.216993000,0.000000000,0.000000000,0.000000000,1.000000000
1403715311.302143097,0.468861000,-1.541962000,1.216978000,0.000000000,0.000000000,0.000000000,1.000000000
1403715311.307142973,0.469382000,-1.543654000,1.217003000,0.000000000,0.000000000,0.000000000,1.000000000
1403715311.312143087,0.469920000,-1.545350000,1.217035000,0.000000000,0.000000000,0.000000000,1.000000000
1403715311.317143202,0.470473000,-1.547054000,1.217067000,0.000000000,0.000000000,0.000000000,1.000000000
1403715311.322143078,0.471041000,-1.548769000,1.217103000,0.000000000,0.000000000,0.000000000,1.000000000
1403715311.327142954,0.471627000,-1.550493000,1.217143000,0.000000000,0.000000000,0.000000000,1.000000000
1403715311.332143307,0.472229000,-1.552224000,1.217180000,0.000000000,0.000000000,0.000000000,1.000000000
1403715311.337143183,0.472843000,-1.553961000,1.217224000,0.000000000,0.000000000,0.000000000,1.000000000
1403715311.342143059,0.473472000,-1.555703000,1.217285000,0.000000000,0.000000000,0.000000000,1.000000000
1403715311.347142935,0.474117000,-1.557447000,1.217358000,0.000000000,0.000000000,0.000000000,1.000000000
1403715311.352143288,0.474730000,-1.559060000,1.217405000,0.000000000,0.000000000,0.000000000,1.000000000
1403715311.357143164,0.475390000,-1.560795000,1.217511000,0.000000000,0.000000000,0.000000000,1.000000000
1403715311.362143040,0.476070000,-1.562541000,1.217631000,0.000000000,0.000000000,0.000000000,1.000000000
1403715311.367142916,0.476772000,-1.564293000,1.217764000,0.000000000,0.000000000,0.000000000,1.000000000
1403715311.372143269,0.477489000,-1.566051000,1.217905000,0.000000000,0.000000000,0.000000000,1.000000000
1403715311.377142906,0.478212000,-1.567816000,1.218059000,0.000000000,0.000000000,0.000000000,1.000000000
1403715311.382143021,0.478948000,-1.569590000,1.218221000,0.000000000,0.000000000,0.000000000,1.000000000
1403715311.387142897,0.479703000,-1.571376000,1.218381000,0.000000000,0.000000000,0.000000000,1.000000000
1403715311.392143250,0.480481000,-1.573174000,1.218547000,0.000000000,0.000000000,0.000000000,1.000000000
1403715311.397142887,0.481278000,-1.574980000,1.218727000,0.000000000,0.000000000,0.000000000,1.000000000
1403715311.402143002,0.482050000,-1.576645000,1.218874000,0.000000000,0.000000000,0.000000000,1.000000000
1403715311.407143354,0.482868000,-1.578436000,1.219078000,0.000000000,0.000000000,0.000000000,1.000000000
1403715311.412143230,0.483702000,-1.580227000,1.219282000,0.000000000,0.000000000,0.000000000,1.000000000
1403715311.417143106,0.484545000,-1.582018000,1.219489000,0.000000000,0.000000000,0.000000000,1.000000000
1403715311.422142982,0.485396000,-1.583816000,1.219706000,0.000000000,0.000000000,0.000000000,1.000000000
1403715311.427143335,0.486261000,-1.585635000,1.219928000,0.000000000,0.000000000,0.000000000,1.000000000
1403715311.432142973,0.487140000,-1.587473000,1.220158000,0.000000000,0.000000000,0.000000000,1.000000000
1403715311.437143087,0.488024000,-1.589326000,1.220397000,0.000000000,0.000000000,0.000000000,1.000000000
1403715311.442142963,0.488911000,-1.591188000,1.220627000,0.000000000,0.000000000,0.000000000,1.000000000
1403715311.447143316,0.489805000,-1.593052000,1.220849000,0.000000000,0.000000000,0.000000000,1.000000000
1403715311.452142954,0.490668000,-1.594765000,1.221030000,0.000000000,0.000000000,0.000000000,1.000000000
1403715311.457143068,0.491580000,-1.596607000,1.221262000,0.000000000,0.000000000,0.000000000,1.000000000
1403715311.462142944,0.492503000,-1.598465000,1.221501000,0.000000000,0.000000000,0.000000000,1.000000000
1403715311.467143297,0.493436000,-1.600350000,1.221732000,0.000000000,0.000000000,0.000000000,1.000000000
1403715311.472142935,0.494382000,-1.602257000,1.221958000,0.000000000,0.000000000,0.000000000,1.000000000
1403715311.477143049,0.495339000,-1.604171000,1.222177000,0.000000000,0.000000000,0.000000000,1.000000000
1403715311.482143164,0.496310000,-1.606081000,1.222399000,0.000000000,0.000000000,0.000000000,1.000000000
1403715311.487143040,0.497294000,-1.607987000,1.222635000,0.000000000,0.000000000,0.000000000,1.000000000
1403715311.492142916,0.498290000,-1.609894000,1.222882000,0.000000000,0.000000000,0.000000000,1.000000000
1403715311.497143030,0.499301000,-1.611811000,1.223129000,0.000000000,0.000000000,0.000000000,1.000000000
1403715311.502143145,0.500288000,-1.613591000,1.223332000,0.000000000,0.000000000,0.000000000,1.000000000
1403715311.507143021,0.501318000,-1.615505000,1.223592000,0.000000000,0.000000000,0.000000000,1.000000000
1403715311.512142897,0.502362000,-1.617426000,1.223854000,0.000000000,0.000000000,0.000000000,1.000000000
1403715311.517143011,0.503413000,-1.619345000,1.224118000,0.000000000,0.000000000,0.000000000,1.000000000
1403715311.522143126,0.504461000,-1.621261000,1.224388000,0.000000000,0.000000000,0.000000000,1.000000000
1403715311.527143002,0.505512000,-1.623168000,1.224664000,0.000000000,0.000000000,0.000000000,1.000000000
1403715311.532143116,0.506575000,-1.625070000,1.224935000,0.000000000,0.000000000,0.000000000,1.000000000
1403715311.537143230,0.507650000,-1.626980000,1.225200000,0.000000000,0.000000000,0.000000000,1.000000000
1403715311.542143345,0.508735000,-1.628905000,1.225467000,0.000000000,0.000000000,0.000000000,1.000000000
1403715311.547142982,0.509828000,-1.630840000,1.225729000,0.000000000,0.000000000,0.000000000,1.000000000
1403715311.552143097,0.510898000,-1.632624000,1.225928000,0.000000000,0.000000000,0.000000000,1.000000000
1403715311.557143211,0.512014000,-1.634531000,1.226171000,0.000000000,0.000000000,0.000000000,1.000000000
1403715311.562143087,0.513141000,-1.636438000,1.226424000,0.000000000,0.000000000,0.000000000,1.000000000
1403715311.567142963,0.514279000,-1.638345000,1.226684000,0.000000000,0.000000000,0.000000000,1.000000000
1403715311.572143078,0.515433000,-1.640260000,1.226951000,0.000000000,0.000000000,0.000000000,1.000000000
1403715311.577143192,0.516606000,-1.642184000,1.227230000,0.000000000,0.000000000,0.000000000,1.000000000
1403715311.582143068,0.517792000,-1.644112000,1.227520000,0.000000000,0.000000000,0.000000000,1.000000000
1403715311.587142944,0.518985000,-1.646035000,1.227826000,0.000000000,0.000000000,0.000000000,1.000000000
1403715311.592143297,0.520179000,-1.647951000,1.228144000,0.000000000,0.000000000,0.000000000,1.000000000
1403715311.597143173,0.521378000,-1.649861000,1.228472000,0.000000000,0.000000000,0.000000000,1.000000000
1403715311.602143049,0.522551000,-1.651616000,1.228762000,0.000000000,0.000000000,0.000000000,1.000000000
1403715311.607142925,0.523763000,-1.653498000,1.229087000,0.000000000,0.000000000,0.000000000,1.000000000
1403715311.612143278,0.524987000,-1.655383000,1.229406000,0.000000000,0.000000000,0.000000000,1.000000000
1403715311.617143154,0.526218000,-1.657275000,1.229710000,0.000000000,0.000000000,0.000000000,1.000000000
1403715311.622143030,0.527457000,-1.659173000,1.230011000,0.000000000,0.000000000,0.000000000,1.000000000
1403715311.627142906,0.528706000,-1.661065000,1.230320000,0.000000000,0.000000000,0.000000000,1.000000000
1403715311.632143259,0.529967000,-1.662939000,1.230630000,0.000000000,0.000000000,0.000000000,1.000000000
1403715311.637142897,0.531235000,-1.664800000,1.230940000,0.000000000,0.000000000,0.000000000,1.000000000
1403715311.642143011,0.532513000,-1.666660000,1.231250000,0.000000000,0.000000000,0.000000000,1.000000000
1403715311.647142887,0.533801000,-1.668533000,1.231547000,0.000000000,0.000000000,0.000000000,1.000000000
1403715311.652143240,0.535059000,-1.670270000,1.231785000,0.000000000,0.000000000,0.000000000,1.000000000
1403715311.657143116,0.536353000,-1.672140000,1.232048000,0.000000000,0.000000000,0.000000000,1.000000000
1403715311.662142992,0.537648000,-1.674013000,1.232309000,0.000000000,0.000000000,0.000000000,1.000000000
1403715311.667143345,0.538949000,-1.675877000,1.232581000,0.000000000,0.000000000,0.000000000,1.000000000
1403715311.672143221,0.540263000,-1.677727000,1.232858000,0.000000000,0.000000000,0.000000000,1.000000000
1403715311.677143097,0.541592000,-1.679566000,1.233140000,0.000000000,0.000000000,0.000000000,1.000000000
1403715311.682142973,0.542932000,-1.681404000,1.233422000,0.000000000,0.000000000,0.000000000,1.000000000
1403715311.687143326,0.544275000,-1.683250000,1.233687000,0.000000000,0.000000000,0.000000000,1.000000000
1403715311.692142963,0.545620000,-1.685105000,1.233939000,0.000000000,0.000000000,0.000000000,1.000000000
1403715311.697143078,0.546965000,-1.686964000,1.234182000,0.000000000,0.000000000,0.000000000,1.000000000
1403715311.702142954,0.548271000,-1.688671000,1.234377000,0.000000000,0.000000000,0.000000000,1.000000000
1403715311.707143307,0.549627000,-1.690484000,1.234615000,0.000000000,0.000000000,0.000000000,1.000000000
1403715311.712142944,0.551001000,-1.692280000,1.234868000,0.000000000,0.000000000,0.000000000,1.000000000
1403715311.717143059,0.552390000,-1.694069000,1.235136000,0.000000000,0.000000000,0.000000000,1.000000000
1403715311.722143173,0.553791000,-1.695863000,1.235416000,0.000000000,0.000000000,0.000000000,1.000000000
1403715311.727143288,0.555202000,-1.697669000,1.235699000,0.000000000,0.000000000,0.000000000,1.000000000
1403715311.732142925,0.556615000,-1.699483000,1.235978000,0.000000000,0.000000000,0.000000000,1.000000000
1403715311.737143040,0.558026000,-1.701294000,1.236244000,0.000000000,0.000000000,0.000000000,1.000000000
1403715311.742143154,0.559437000,-1.703100000,1.236493000,0.000000000,0.000000000,0.000000000,1.000000000
1403715311.747143030,0.560852000,-1.704907000,1.236734000,0.000000000,0.000000000,0.000000000,1.000000000
1403715311.752142906,0.562217000,-1.706578000,1.236929000,0.000000000,0.000000000,0.000000000,1.000000000
1403715311.757143021,0.563635000,-1.708374000,1.237142000,0.000000000,0.000000000,0.000000000,1.000000000
1403715311.762143135,0.565069000,-1.710175000,1.237360000,0.000000000,0.000000000,0.000000000,1.000000000
1403715311.767143011,0.566527000,-1.711977000,1.237581000,0.000000000,0.000000000,0.000000000,1.000000000
1403715311.772142887,0.568008000,-1.713776000,1.237810000,0.000000000,0.000000000,0.000000000,1.000000000
1403715311.777143240,0.569505000,-1.715575000,1.238057000,0.000000000,0.000000000,0.000000000,1.000000000
1403715311.782143354,0.571009000,-1.717372000,1.238322000,0.000000000,0.000000000,0.000000000,1.000000000
1403715311.787142992,0.572515000,-1.719164000,1.238588000,0.000000000,0.000000000,0.000000000,1.000000000
1403715311.792143106,0.574031000,-1.720953000,1.238849000,0.000000000,0.000000000,0.000000000,1.000000000
1403715311.797143221,0.575561000,-1.722742000,1.239105000,0.000000000,0.000000000,0.000000000,1.000000000
1403715311.802143097,0.577042000,-1.724394000,1.239324000,0.000000000,0.000000000,0.000000000,1.000000000
1403715311.807142973,0.578580000,-1.726175000,1.239548000,0.000000000,0.000000000,0.000000000,1.000000000
1403715311.812143087,0.580127000,-1.727964000,1.239770000,0.000000000,0.000000000,0.000000000,1.000000000
1403715311.817143202,0.581679000,-1.729758000,1.239991000,0.000000000,0.000000000,0.000000000,1.000000000
1403715311.822143078,0.583244000,-1.731547000,1.240217000,0.000000000,0.000000000,0.000000000,1.000000000
1403715311.827142954,0.584822000,-1.733328000,1.240463000,0.000000000,0.000000000,0.000000000,1.000000000
1403715311.832143307,0.586410000,-1.735112000,1.240722000,0.000000000,0.000000000,0.000000000,1.000000000
1403715311.837143183,0.588003000,-1.736913000,1.240980000,0.000000000,0.000000000,0.000000000,1.000000000
1403715311.842143059,0.589597000,-1.738730000,1.241229000,0.000000000,0.000000000,0.000000000,1.000000000
1403715311.847142935,0.591197000,-1.740555000,1.241472000,0.000000000,0.000000000,0.000000000,1.000000000
1403715311.852143288,0.592737000,-1.742241000,1.241697000,0.000000000,0.000000000,0.000000000,1.000000000
1403715311.857143164,0.594339000,-1.744027000,1.241933000,0.000000000,0.000000000,0.000000000,1.000000000
1403715311.862143040,0.595951000,-1.745802000,1.242182000,0.000000000,0.000000000,0.000000000,1.000000000
1403715311.867142916,0.597577000,-1.747569000,1.242446000,0.000000000,0.000000000,0.000000000,1.000000000
1403715311.872143269,0.599218000,-1.749333000,1.242722000,0.000000000,0.000000000,0.000000000,1.000000000
1403715311.877142906,0.600874000,-1.751096000,1.243001000,0.000000000,0.000000000,0.000000000,1.000000000
1403715311.882143021,0.602537000,-1.752867000,1.243280000,0.000000000,0.000000000,0.000000000,1.000000000
1403715311.887142897,0.604203000,-1.754645000,1.243565000,0.000000000,0.000000000,0.000000000,1.000000000
1403715311.892143250,0.605868000,-1.756422000,1.243853000,0.000000000,0.000000000,0.000000000,1.000000000
1403715311.897142887,0.607532000,-1.758197000,1.244145000,0.000000000,0.000000000,0.000000000,1.000000000
1403715311.902143002,0.609128000,-1.759837000,1.244444000,0.000000000,0.000000000,0.000000000,1.000000000
1403715311.907143354,0.610789000,-1.761580000,1.244738000,0.000000000,0.000000000,0.000000000,1.000000000
1403715311.912143230,0.612457000,-1.763327000,1.245032000,0.000000000,0.000000000,0.000000000,1.000000000
1403715311.917143106,0.614130000,-1.765084000,1.245327000,0.000000000,0.000000000,0.000000000,1.000000000
1403715311.922142982,0.615810000,-1.766852000,1.245620000,0.000000000,0.000000000,0.000000000,1.000000000
1403715311.927143335,0.617502000,-1.768631000,1.245902000,0.000000000,0.000000000,0.000000000,1.000000000
1403715311.932142973,0.619203000,-1.770414000,1.246179000,0.000000000,0.000000000,0.000000000,1.000000000
1403715311.937143087,0.620913000,-1.772187000,1.246449000,0.000000000,0.000000000,0.000000000,1.000000000
1403715311.942142963,0.622630000,-1.773951000,1.246710000,0.000000000,0.000000000,0.000000000,1.000000000
1403715311.947143316,0.624360000,-1.775721000,1.246969000,0.000000000,0.000000000,0.000000000,1.000000000
1403715311.952142954,0.626036000,-1.777370000,1.247230000,0.000000000,0.000000000,0.000000000,1.000000000
1403715311.957143068,0.627785000,-1.779125000,1.247503000,0.000000000,0.000000000,0.000000000,1.000000000
1403715311.962142944,0.629547000,-1.780882000,1.247777000,0.000000000,0.000000000,0.000000000,1.000000000
1403715311.967143297,0.631323000,-1.782637000,1.248057000,0.000000000,0.000000000,0.000000000,1.000000000
1403715311.972142935,0.633112000,-1.784386000,1.248348000,0.000000000,0.000000000,0.000000000,1.000000000
1403715311.977143049,0.634912000,-1.786134000,1.248646000,0.000000000,0.000000000,0.000000000,1.000000000
1403715311.982143164,0.636725000,-1.787884000,1.248932000,0.000000000,0.000000000,0.000000000,1.000000000
1403715311.987143040,0.638552000,-1.789641000,1.249203000,0.000000000,0.000000000,0.000000000,1.000000000
1403715311.992142916,0.640388000,-1.791404000,1.249458000,0.000000000,0.000000000,0.000000000,1.000000000
1403715311.997143030,0.642232000,-1.793171000,1.249697000,0.000000000,0.000000000,0.000000000,1.000000000
1403715312.002143145,0.644010000,-1.794806000,1.249930000,0.000000000,0.000000000,0.000000000,1.000000000
1403715312.007143021,0.645853000,-1.796547000,1.250169000,0.000000000,0.000000000,0.000000000,1.000000000
1403715312.012142897,0.647704000,-1.798287000,1.250418000,0.000000000,0.000000000,0.000000000,1.000000000
1403715312.017143011,0.649564000,-1.800029000,1.250679000,0.000000000,0.000000000,0.000000000,1.000000000
1403715312.022143126,0.651440000,-1.801774000,1.250950000,0.000000000,0.000000000,0.000000000,1.000000000
1403715312.027143002,0.653326000,-1.803522000,1.251224000,0.000000000,0.000000000,0.000000000,1.000000000
1403715312.032143116,0.655217000,-1.805271000,1.251490000,0.000000000,0.000000000,0.000000000,1.000000000
1403715312.037143230,0.657110000,-1.807019000,1.251742000,0.000000000,0.000000000,0.000000000,1.000000000
1403715312.042143345,0.659009000,-1.808763000,1.251984000,0.000000000,0.000000000,0.000000000,1.000000000
1403715312.047142982,0.660917000,-1.810503000,1.252221000,0.000000000,0.000000000,0.000000000,1.000000000
1403715312.052143097,0.662756000,-1.812111000,1.252471000,0.000000000,0.000000000,0.000000000,1.000000000
1403715312.057143211,0.664667000,-1.813827000,1.252711000,0.000000000,0.000000000,0.000000000,1.000000000
1403715312.062143087,0.666595000,-1.815549000,1.252955000,0.000000000,0.000000000,0.000000000,1.000000000
1403715312.067142963,0.668534000,-1.817277000,1.253206000,0.000000000,0.000000000,0.000000000,1.000000000
1403715312.072143078,0.670479000,-1.819006000,1.253464000,0.000000000,0.000000000,0.000000000,1.000000000
1403715312.077143192,0.672427000,-1.820728000,1.253732000,0.000000000,0.000000000,0.000000000,1.000000000
1403715312.082143068,0.674376000,-1.822442000,1.254001000,0.000000000,0.000000000,0.000000000,1.000000000
1403715312.087142944,0.676331000,-1.824155000,1.254276000,0.000000000,0.000000000,0.000000000,1.000000000
1403715312.092143297,0.678293000,-1.825875000,1.254559000,0.000000000,0.000000000,0.000000000,1.000000000
1403715312.097143173,0.680259000,-1.827606000,1.254828000,0.000000000,0.000000000,0.000000000,1.000000000
1403715312.102143049,0.682164000,-1.829209000,1.255085000,0.000000000,0.000000000,0.000000000,1.000000000
1403715312.107142925,0.684117000,-1.830919000,1.255328000,0.000000000,0.000000000,0.000000000,1.000000000
1403715312.112143278,0.686064000,-1.832629000,1.255566000,0.000000000,0.000000000,0.000000000,1.000000000
1403715312.117143154,0.688009000,-1.834333000,1.255810000,0.000000000,0.000000000,0.000000000,1.000000000
1403715312.122143030,0.689959000,-1.836029000,1.256075000,0.000000000,0.000000000,0.000000000,1.000000000
1403715312.127142906,0.691914000,-1.837718000,1.256350000,0.000000000,0.000000000,0.000000000,1.000000000
1403715312.132143259,0.693873000,-1.839403000,1.256633000,0.000000000,0.000000000,0.000000000,1.000000000
1403715312.137142897,0.695838000,-1.841087000,1.256921000,0.000000000,0.000000000,0.000000000,1.000000000
1403715312.142143011,0.697812000,-1.842773000,1.257212000,0.000000000,0.000000000,0.000000000,1.000000000
1403715312.147142887,0.699795000,-1.844458000,1.257501000,0.000000000,0.000000000,0.000000000,1.000000000
1403715312.152143240,0.701723000,-1.845997000,1.257796000,0.000000000,0.000000000,0.000000000,1.000000000
1403715312.157143116,0.703699000,-1.847641000,1.258063000,0.000000000,0.000000000,0.000000000,1.000000000
1403715312.162142992,0.705672000,-1.849279000,1.258325000,0.000000000,0.000000000,0.000000000,1.000000000
1403715312.167143345,0.707645000,-1.850908000,1.258584000,0.000000000,0.000000000,0.000000000,1.000000000
1403715312.172143221,0.709625000,-1.852532000,1.258848000,0.000000000,0.000000000,0.000000000,1.000000000
1403715312.177143097,0.711620000,-1.854156000,1.259124000,0.000000000,0.000000000,0.000000000,1.000000000
1403715312.182142973,0.713626000,-1.855782000,1.259412000,0.000000000,0.000000000,0.000000000,1.000000000
1403715312.187143326,0.715639000,-1.857409000,1.259706000,0.000000000,0.000000000,0.000000000,1.000000000
1403715312.192142963,0.717659000,-1.859032000,1.260004000,0.000000000,0.000000000,0.000000000,1.000000000
1403715312.197143078,0.719688000,-1.860647000,1.260305000,0.000000000,0.000000000,0.000000000,1.000000000
1403715312.202142954,0.721666000,-1.862113000,1.260623000,0.000000000,0.000000000,0.000000000,1.000000000
1403715312.207143307,0.723688000,-1.863694000,1.260923000,0.000000000,0.000000000,0.000000000,1.000000000
1403715312.212142944,0.725716000,-1.865275000,1.261216000,0.000000000,0.000000000,0.000000000,1.000000000
1403715312.217143059,0.727743000,-1.866856000,1.261504000,0.000000000,0.000000000,0.000000000,1.000000000
1403715312.222143173,0.729767000,-1.868437000,1.261795000,0.000000000,0.000000000,0.000000000,1.000000000
1403715312.227143288,0.731795000,-1.870014000,1.262096000,0.000000000,0.000000000,0.000000000,1.000000000
1403715312.232142925,0.733828000,-1.871584000,1.262399000,0.000000000,0.000000000,0.000000000,1.000000000
1403715312.237143040,0.735869000,-1.873146000,1.262698000,0.000000000,0.000000000,0.000000000,1.000000000
1403715312.242143154,0.737912000,-1.874706000,1.262986000,0.000000000,0.000000000,0.000000000,1.000000000
1403715312.247143030,0.739958000,-1.876271000,1.263271000,0.000000000,0.000000000,0.000000000,1.000000000
1403715312.252142906,0.741956000,-1.877688000,1.263581000,0.000000000,0.000000000,0.000000000,1.000000000
1403715312.257143021,0.744000000,-1.879239000,1.263878000,0.000000000,0.000000000,0.000000000,1.000000000
1403715312.262143135,0.746049000,-1.880791000,1.264181000,0.000000000,0.000000000,0.000000000,1.000000000
1403715312.267143011,0.748100000,-1.882327000,1.264483000,0.000000000,0.000000000,0.000000000,1.000000000
1403715312.272142887,0.750149000,-1.883848000,1.264785000,0.000000000,0.000000000,0.000000000,1.000000000
1403715312.277143240,0.752202000,-1.885366000,1.265086000,0.000000000,0.000000000,0.000000000,1.000000000
1403715312.282143354,0.754257000,-1.886885000,1.265388000,0.000000000,0.000000000,0.000000000,1.000000000
1403715312.287142992,0.756310000,-1.888413000,1.265685000,0.000000000,0.000000000,0.000000000,1.000000000
1403715312.292143106,0.758364000,-1.889944000,1.265975000,0.000000000,0.000000000,0.000000000,1.000000000
1403715312.297143221,0.760422000,-1.891470000,1.266263000,0.000000000,0.000000000,0.000000000,1.000000000
1403715312.302143097,0.762429000,-1.892827000,1.266554000,0.000000000,0.000000000,0.000000000,1.000000000
1403715312.307142973,0.764471000,-1.894306000,1.266825000,0.000000000,0.000000000,0.000000000,1.000000000
1403715312.312143087,0.766516000,-1.895781000,1.267095000,0.000000000,0.000000000,0.000000000,1.000000000
1403715312.317143202,0.768568000,-1.897255000,1.267363000,0.000000000,0.000000000,0.000000000,1.000000000
1403715312.322143078,0.770623000,-1.898730000,1.267622000,0.000000000,0.000000000,0.000000000,1.000000000
1403715312.327142954,0.772674000,-1.900204000,1.267865000,0.000000000,0.000000000,0.000000000,1.000000000
1403715312.332143307,0.774732000,-1.901678000,1.268096000,0.000000000,0.000000000,0.000000000,1.000000000
1403715312.337143183,0.776803000,-1.903147000,1.268329000,0.000000000,0.000000000,0.000000000,1.000000000
1403715312.342143059,0.778882000,-1.904615000,1.268558000,0.000000000,0.000000000,0.000000000,1.000000000
1403715312.347142935,0.780965000,-1.906084000,1.268777000,0.000000000,0.000000000,0.000000000,1.000000000
1403715312.352143288,0.783017000,-1.907403000,1.269013000,0.000000000,0.000000000,0.000000000,1.000000000
1403715312.357143164,0.785100000,-1.908850000,1.269239000,0.000000000,0.000000000,0.000000000,1.000000000
1403715312.362143040,0.787176000,-1.910308000,1.269461000,0.000000000,0.000000000,0.000000000,1.000000000
1403715312.367142916,0.789259000,-1.911771000,1.269690000,0.000000000,0.000000000,0.000000000,1.000000000
1403715312.372143269,0.791348000,-1.913234000,1.269932000,0.000000000,0.000000000,0.000000000,1.000000000
1403715312.377142906,0.793441000,-1.914695000,1.270171000,0.000000000,0.000000000,0.000000000,1.000000000
1403715312.382143021,0.795537000,-1.916153000,1.270401000,0.000000000,0.000000000,0.000000000,1.000000000
1403715312.387142897,0.797640000,-1.917603000,1.270617000,0.000000000,0.000000000,0.000000000,1.000000000
1403715312.392143250,0.799754000,-1.919048000,1.270831000,0.000000000,0.000000000,0.000000000,1.000000000
1403715312.397142887,0.801873000,-1.920499000,1.271046000,0.000000000,0.000000000,0.000000000,1.000000000
1403715312.402143002,0.803958000,-1.921810000,1.271262000,0.000000000,0.000000000,0.000000000,1.000000000
1403715312.407143354,0.806091000,-1.923244000,1.271475000,0.000000000,0.000000000,0.000000000,1.000000000
1403715312.412143230,0.808230000,-1.924685000,1.271689000,0.000000000,0.000000000,0.000000000,1.000000000
1403715312.417143106,0.810370000,-1.926131000,1.271900000,0.000000000,0.000000000,0.000000000,1.000000000
1403715312.422142982,0.812514000,-1.927569000,1.272115000,0.000000000,0.000000000,0.000000000,1.000000000
1403715312.427143335,0.814663000,-1.928996000,1.272329000,0.000000000,0.000000000,0.000000000,1.000000000
1403715312.432142973,0.816818000,-1.930417000,1.272536000,0.000000000,0.000000000,0.000000000,1.000000000
1403715312.437143087,0.818977000,-1.931843000,1.272732000,0.000000000,0.000000000,0.000000000,1.000000000
1403715312.442142963,0.821140000,-1.933284000,1.272916000,0.000000000,0.000000000,0.000000000,1.000000000
1403715312.447143316,0.823311000,-1.934739000,1.273094000,0.000000000,0.000000000,0.000000000,1.000000000
1403715312.452142954,0.825439000,-1.936057000,1.273287000,0.000000000,0.000000000,0.000000000,1.000000000
1403715312.457143068,0.827605000,-1.937489000,1.273460000,0.000000000,0.000000000,0.000000000,1.000000000
1403715312.462142944,0.829770000,-1.938915000,1.273633000,0.000000000,0.000000000,0.000000000,1.000000000
1403715312.467143297,0.831934000,-1.940329000,1.273807000,0.000000000,0.000000000,0.000000000,1.000000000
1403715312.472142935,0.834096000,-1.941737000,1.273978000,0.000000000,0.000000000,0.000000000,1.000000000
1403715312.477143049,0.836259000,-1.943148000,1.274145000,0.000000000,0.000000000,0.000000000,1.000000000
1403715312.482143164,0.838426000,-1.944572000,1.274313000,0.000000000,0.000000000,0.000000000,1.000000000
1403715312.487143040,0.840598000,-1.946011000,1.274478000,0.000000000,0.000000000,0.000000000,1.000000000
1403715312.492142916,0.842772000,-1.947455000,1.274638000,0.000000000,0.000000000,0.000000000,1.000000000
1403715312.497143030,0.844952000,-1.948899000,1.274791000,0.000000000,0.000000000,0.000000000,1.000000000
1403715312.502143145,0.847107000,-1.950194000,1.274943000,0.000000000,0.000000000,0.000000000,1.000000000
1403715312.507143021,0.849289000,-1.951594000,1.275065000,0.000000000,0.000000000,0.000000000,1.000000000
1403715312.512142897,0.851475000,-1.952994000,1.275169000,0.000000000,0.000000000,0.000000000,1.000000000
1403715312.517143011,0.853667000,-1.954403000,1.275265000,0.000000000,0.000000000,0.000000000,1.000000000
1403715312.522143126,0.855861000,-1.955830000,1.275354000,0.000000000,0.000000000,0.000000000,1.000000000
1403715312.527143002,0.858059000,-1.957269000,1.275430000,0.000000000,0.000000000,0.000000000,1.000000000
1403715312.532143116,0.860263000,-1.958707000,1.275500000,0.000000000,0.000000000,0.000000000,1.000000000
1403715312.537143230,0.862475000,-1.960137000,1.275569000,0.000000000,0.000000000,0.000000000,1.000000000
1403715312.542143345,0.864693000,-1.961560000,1.275640000,0.000000000,0.000000000,0.000000000,1.000000000
1403715312.547142982,0.866916000,-1.962985000,1.275710000,0.000000000,0.000000000,0.000000000,1.000000000
1403715312.552143097,0.869118000,-1.964288000,1.275797000,0.000000000,0.000000000,0.000000000,1.000000000
1403715312.557143211,0.871350000,-1.965706000,1.275852000,0.000000000,0.000000000,0.000000000,1.000000000
1403715312.562143087,0.873583000,-1.967138000,1.275898000,0.000000000,0.000000000,0.000000000,1.000000000
1403715312.567142963,0.875809000,-1.968576000,1.275935000,0.000000000,0.000000000,0.000000000,1.000000000
1403715312.572143078,0.878027000,-1.970009000,1.275964000,0.000000000,0.000000000,0.000000000,1.000000000
1403715312.577143192,0.880240000,-1.971438000,1.275994000,0.000000000,0.000000000,0.000000000,1.000000000
1403715312.582143068,0.882455000,-1.972869000,1.276021000,0.000000000,0.000000000,0.000000000,1.000000000
1403715312.587142944,0.884673000,-1.974309000,1.276038000,0.000000000,0.000000000,0.000000000,1.000000000
1403715312.592143297,0.886894000,-1.975760000,1.276050000,0.000000000,0.000000000,0.000000000,1.000000000
1403715312.597143173,0.889118000,-1.977220000,1.276070000,0.000000000,0.000000000,0.000000000,1.000000000
1403715312.602143049,0.891314000,-1.978558000,1.276102000,0.000000000,0.000000000,0.000000000,1.000000000
1403715312.607142925,0.893541000,-1.979992000,1.276125000,0.000000000,0.000000000,0.000000000,1.000000000
1403715312.612143278,0.895776000,-1.981425000,1.276145000,0.000000000,0.000000000,0.000000000,1.000000000
1403715312.617143154,0.898017000,-1.982861000,1.276160000,0.000000000,0.000000000,0.000000000,1.000000000
1403715312.622143030,0.900258000,-1.984303000,1.276172000,0.000000000,0.000000000,0.000000000,1.000000000
1403715312.627142906,0.902501000,-1.985752000,1.276174000,0.000000000,0.000000000,0.000000000,1.000000000
1403715312.632143259,0.904743000,-1.987208000,1.276160000,0.000000000,0.000000000,0.000000000,1.000000000
1403715312.637142897,0.906978000,-1.988663000,1.276132000,0.000000000,0.000000000,0.000000000,1.000000000
1403715312.642143011,0.909208000,-1.990114000,1.276096000,0.000000000,0.000000000,0.000000000,1.000000000
1403715312.647142887,0.911435000,-1.991558000,1.276055000,0.000000000,0.000000000,0.000000000,1.000000000
1403715312.652143240,0.913626000,-1.992871000,1.276018000,0.000000000,0.000000000,0.000000000,1.000000000
1403715312.657143116,0.915843000,-1.994283000,1.275956000,0.000000000,0.000000000,0.000000000,1.000000000
1403715312.662142992,0.918059000,-1.995701000,1.275888000,0.000000000,0.000000000,0.000000000,1.000000000
1403715312.667143345,0.920275000,-1.997125000,1.275816000,0.000000000,0.000000000,0.000000000,1.000000000
1403715312.672143221,0.922498000,-1.998553000,1.275740000,0.000000000,0.000000000,0.000000000,1.000000000
1403715312.677143097,0.924721000,-1.999979000,1.275671000,0.000000000,0.000000000,0.000000000,1.000000000
1403715312.682142973,0.926939000,-2.001395000,1.275600000,0.000000000,0.000000000,0.000000000,1.000000000
1403715312.687143326,0.929154000,-2.002808000,1.275520000,0.000000000,0.000000000,0.000000000,1.000000000
1403715312.692142963,0.931366000,-2.004223000,1.275431000,0.000000000,0.000000000,0.000000000,1.000000000
1403715312.697143078,0.933572000,-2.005642000,1.275327000,0.000000000,0.000000000,0.000000000,1.000000000
1403715312.702142954,0.935746000,-2.006941000,1.275212000,0.000000000,0.000000000,0.000000000,1.000000000
1403715312.707143307,0.937928000,-2.008339000,1.275072000,0.000000000,0.000000000,0.000000000,1.000000000
1403715312.712142944,0.940103000,-2.009735000,1.274913000,0.000000000,0.000000000,0.000000000,1.000000000
1403715312.717143059,0.942270000,-2.011126000,1.274746000,0.000000000,0.000000000,0.000000000,1.000000000
1403715312.722143173,0.944428000,-2.012515000,1.274574000,0.000000000,0.000000000,0.000000000,1.000000000
1403715312.727143288,0.946580000,-2.013907000,1.274391000,0.000000000,0.000000000,0.000000000,1.000000000
1403715312.732142925,0.948730000,-2.015301000,1.274202000,0.000000000,0.000000000,0.000000000,1.000000000
1403715312.737143040,0.950885000,-2.016701000,1.274016000,0.000000000,0.000000000,0.000000000,1.000000000
1403715312.742143154,0.953050000,-2.018101000,1.273841000,0.000000000,0.000000000,0.000000000,1.000000000
1403715312.747143030,0.955220000,-2.019496000,1.273658000,0.000000000,0.000000000,0.000000000,1.000000000
1403715312.752142906,0.957368000,-2.020761000,1.273462000,0.000000000,0.000000000,0.000000000,1.000000000
1403715312.757143021,0.959527000,-2.022127000,1.273252000,0.000000000,0.000000000,0.000000000,1.000000000
1403715312.762143135,0.961680000,-2.023489000,1.273027000,0.000000000,0.000000000,0.000000000,1.000000000
1403715312.767143011,0.963829000,-2.024846000,1.272788000,0.000000000,0.000000000,0.000000000,1.000000000
1403715312.772142887,0.965977000,-2.026198000,1.272547000,0.000000000,0.000000000,0.000000000,1.000000000
1403715312.777143240,0.968118000,-2.027548000,1.272309000,0.000000000,0.000000000,0.000000000,1.000000000
1403715312.782143354,0.970247000,-2.028897000,1.272067000,0.000000000,0.000000000,0.000000000,1.000000000
1403715312.787142992,0.972365000,-2.030241000,1.271824000,0.000000000,0.000000000,0.000000000,1.000000000
1403715312.792143106,0.974476000,-2.031582000,1.271577000,0.000000000,0.000000000,0.000000000,1.000000000
1403715312.797143221,0.976582000,-2.032923000,1.271337000,0.000000000,0.000000000,0.000000000,1.000000000
1403715312.802143097,0.978662000,-2.034129000,1.271110000,0.000000000,0.000000000,0.000000000,1.000000000
1403715312.807142973,0.980750000,-2.035432000,1.270891000,0.000000000,0.000000000,0.000000000,1.000000000
1403715312.812143087,0.982827000,-2.036725000,1.270679000,0.000000000,0.000000000,0.000000000,1.000000000
1403715312.817143202,0.984896000,-2.038008000,1.270469000,0.000000000,0.000000000,0.000000000,1.000000000
1403715312.822143078,0.986960000,-2.039282000,1.270264000,0.000000000,0.000000000,0.000000000,1.000000000
1403715312.827142954,0.989020000,-2.040548000,1.270059000,0.000000000,0.000000000,0.000000000,1.000000000
1403715312.832143307,0.991074000,-2.041805000,1.269855000,0.000000000,0.000000000,0.000000000,1.000000000
1403715312.837143183,0.993117000,-2.043053000,1.269665000,0.000000000,0.000000000,0.000000000,1.000000000
1403715312.842143059,0.995144000,-2.044300000,1.269497000,0.000000000,0.000000000,0.000000000,1.000000000
1403715312.847142935,0.997155000,-2.045554000,1.269334000,0.000000000,0.000000000,0.000000000,1.000000000
1403715312.852143288,0.999134000,-2.046678000,1.269167000,0.000000000,0.000000000,0.000000000,1.000000000
1403715312.857143164,1.001118000,-2.047903000,1.269025000,0.000000000,0.000000000,0.000000000,1.000000000
1403715312.862143040,1.003086000,-2.049126000,1.268893000,0.000000000,0.000000000,0.000000000,1.000000000
1403715312.867142916,1.005041000,-2.050345000,1.268765000,0.000000000,0.000000000,0.000000000,1.000000000
1403715312.872143269,1.006986000,-2.051561000,1.268648000,0.000000000,0.000000000,0.000000000,1.000000000
1403715312.877142906,1.008917000,-2.052774000,1.268551000,0.000000000,0.000000000,0.000000000,1.000000000
1403715312.882143021,1.010838000,-2.053984000,1.268471000,0.000000000,0.000000000,0.000000000,1.000000000
1403715312.887142897,1.012750000,-2.055185000,1.268407000,0.000000000,0.000000000,0.000000000,1.000000000
1403715312.892143250,1.014654000,-2.056370000,1.268356000,0.000000000,0.000000000,0.000000000,1.000000000
1403715312.897142887,1.016554000,-2.057541000,1.268312000,0.000000000,0.000000000,0.000000000,1.000000000
1403715312.902143002,1.018430000,-2.058567000,1.268276000,0.000000000,0.000000000,0.000000000,1.000000000
1403715312.907143354,1.020304000,-2.059704000,1.268297000,0.000000000,0.000000000,0.000000000,1.000000000
1403715312.912143230,1.022162000,-2.060840000,1.268341000,0.000000000,0.000000000,0.000000000,1.000000000
1403715312.917143106,1.024004000,-2.061970000,1.268408000,0.000000000,0.000000000,0.000000000,1.000000000
1403715312.922142982,1.025832000,-2.063088000,1.268501000,0.000000000,0.000000000,0.000000000,1.000000000
1403715312.927143335,1.027642000,-2.064194000,1.268625000,0.000000000,0.000000000,0.000000000,1.000000000
1403715312.932142973,1.029429000,-2.065293000,1.268780000,0.000000000,0.000000000,0.000000000,1.000000000
1403715312.937143087,1.031200000,-2.066393000,1.268963000,0.000000000,0.000000000,0.000000000,1.000000000
1403715312.942142963,1.032956000,-2.067502000,1.269181000,0.000000000,0.000000000,0.000000000,1.000000000
1403715312.947143316,1.034696000,-2.068617000,1.269438000,0.000000000,0.000000000,0.000000000,1.000000000
1403715312.952142954,1.036400000,-2.069595000,1.269721000,0.000000000,0.000000000,0.000000000,1.000000000
1403715312.957143068,1.038090000,-2.070690000,1.270038000,0.000000000,0.000000000,0.000000000,1.000000000
1403715312.962142944,1.039757000,-2.071766000,1.270377000,0.000000000,0.000000000,0.000000000,1.000000000
1403715312.967143297,1.041399000,-2.072828000,1.270746000,0.000000000,0.000000000,0.000000000,1.000000000
1403715312.972142935,1.043017000,-2.073888000,1.271146000,0.000000000,0.000000000,0.000000000,1.000000000
1403715312.977143049,1.044615000,-2.074949000,1.271573000,0.000000000,0.000000000,0.000000000,1.000000000
1403715312.982143164,1.046192000,-2.076016000,1.272031000,0.000000000,0.000000000,0.000000000,1.000000000
1403715312.987143040,1.047744000,-2.077082000,1.272516000,0.000000000,0.000000000,0.000000000,1.000000000
1403715312.992142916,1.049268000,-2.078146000,1.273010000,0.000000000,0.000000000,0.000000000,1.000000000
1403715312.997143030,1.050768000,-2.079201000,1.273503000,0.000000000,0.000000000,0.000000000,1.000000000
1403715313.002143145,1.052236000,-2.080101000,1.274002000,0.000000000,0.000000000,0.000000000,1.000000000
1403715313.007143021,1.053695000,-2.081108000,1.274515000,0.000000000,0.000000000,0.000000000,1.000000000
1403715313.012142897,1.055148000,-2.082102000,1.275038000,0.000000000,0.000000000,0.000000000,1.000000000
1403715313.017143011,1.056590000,-2.083088000,1.275578000,0.000000000,0.000000000,0.000000000,1.000000000
1403715313.022143126,1.058014000,-2.084075000,1.276148000,0.000000000,0.000000000,0.000000000,1.000000000
1403715313.027143002,1.059421000,-2.085058000,1.276756000,0.000000000,0.000000000,0.000000000,1.000000000
1403715313.032143116,1.060818000,-2.086034000,1.277408000,0.000000000,0.000000000,0.000000000,1.000000000
1403715313.037143230,1.062207000,-2.086998000,1.278112000,0.000000000,0.000000000,0.000000000,1.000000000
1403715313.042143345,1.063580000,-2.087950000,1.278859000,0.000000000,0.000000000,0.000000000,1.000000000
1403715313.047142982,1.064936000,-2.088897000,1.279631000,0.000000000,0.000000000,0.000000000,1.000000000
1403715313.052143097,1.066260000,-2.089695000,1.280432000,0.000000000,0.000000000,0.000000000,1.000000000
1403715313.057143211,1.067568000,-2.090600000,1.281228000,0.000000000,0.000000000,0.000000000,1.000000000
1403715313.062143087,1.068847000,-2.091503000,1.282025000,0.000000000,0.000000000,0.000000000,1.000000000
1403715313.067142963,1.070102000,-2.092408000,1.282831000,0.000000000,0.000000000,0.000000000,1.000000000
1403715313.072143078,1.071327000,-2.093311000,1.283665000,0.000000000,0.000000000,0.000000000,1.000000000
1403715313.077143192,1.072525000,-2.094205000,1.284524000,0.000000000,0.000000000,0.000000000,1.000000000
1403715313.082143068,1.073698000,-2.095093000,1.285402000,0.000000000,0.000000000,0.000000000,1.000000000
1403715313.087142944,1.074848000,-2.095978000,1.286302000,0.000000000,0.000000000,0.000000000,1.000000000
1403715313.092143297,1.075979000,-2.096858000,1.287226000,0.000000000,0.000000000,0.000000000,1.000000000
1403715313.097143173,1.077094000,-2.097730000,1.288172000,0.000000000,0.000000000,0.000000000,1.000000000
1403715313.102143049,1.078177000,-2.098452000,1.289165000,0.000000000,0.000000000,0.000000000,1.000000000
1403715313.107142925,1.079249000,-2.099267000,1.290174000,0.000000000,0.000000000,0.000000000,1.000000000
1403715313.112143278,1.080306000,-2.100078000,1.291225000,0.000000000,0.000000000,0.000000000,1.000000000
1403715313.117143154,1.081355000,-2.100892000,1.292315000,0.000000000,0.000000000,0.000000000,1.000000000
1403715313.122143030,1.082393000,-2.101701000,1.293424000,0.000000000,0.000000000,0.000000000,1.000000000
1403715313.127142906,1.083419000,-2.102496000,1.294538000,0.000000000,0.000000000,0.000000000,1.000000000
1403715313.132143259,1.084434000,-2.103285000,1.295659000,0.000000000,0.000000000,0.000000000,1.000000000
1403715313.137142897,1.085433000,-2.104065000,1.296785000,0.000000000,0.000000000,0.000000000,1.000000000
1403715313.142143011,1.086415000,-2.104839000,1.297897000,0.000000000,0.000000000,0.000000000,1.000000000
1403715313.147142887,1.087383000,-2.105612000,1.298993000,0.000000000,0.000000000,0.000000000,1.000000000
1403715313.152143240,1.088327000,-2.106256000,1.300110000,0.000000000,0.000000000,0.000000000,1.000000000
1403715313.157143116,1.089258000,-2.106989000,1.301223000,0.000000000,0.000000000,0.000000000,1.000000000
1403715313.162142992,1.090169000,-2.107713000,1.302348000,0.000000000,0.000000000,0.000000000,1.000000000
1403715313.167143345,1.091068000,-2.108432000,1.303486000,0.000000000,0.000000000,0.000000000,1.000000000
1403715313.172143221,1.091955000,-2.109149000,1.304635000,0.000000000,0.000000000,0.000000000,1.000000000
1403715313.177143097,1.092825000,-2.109857000,1.305803000,0.000000000,0.000000000,0.000000000,1.000000000
1403715313.182142973,1.093672000,-2.110550000,1.306978000,0.000000000,0.000000000,0.000000000,1.000000000
1403715313.187143326,1.094508000,-2.111219000,1.308139000,0.000000000,0.000000000,0.000000000,1.000000000
1403715313.192142963,1.095339000,-2.111868000,1.309278000,0.000000000,0.000000000,0.000000000,1.000000000
1403715313.197143078,1.096155000,-2.112506000,1.310401000,0.000000000,0.000000000,0.000000000,1.000000000
1403715313.202142954,1.096945000,-2.113015000,1.311534000,0.000000000,0.000000000,0.000000000,1.000000000
1403715313.207143307,1.097721000,-2.113630000,1.312650000,0.000000000,0.000000000,0.000000000,1.000000000
1403715313.212142944,1.098477000,-2.114248000,1.313771000,0.000000000,0.000000000,0.000000000,1.000000000
1403715313.217143059,1.099211000,-2.114864000,1.314885000,0.000000000,0.000000000,0.000000000,1.000000000
1403715313.222143173,1.099927000,-2.115468000,1.315993000,0.000000000,0.000000000,0.000000000,1.000000000
1403715313.227143288,1.100629000,-2.116054000,1.317109000,0.000000000,0.000000000,0.000000000,1.000000000
1403715313.232142925,1.101309000,-2.116630000,1.318227000,0.000000000,0.000000000,0.000000000,1.000000000
1403715313.237143040,1.101964000,-2.117208000,1.319337000,0.000000000,0.000000000,0.000000000,1.000000000
1403715313.242143154,1.102588000,-2.117794000,1.320425000,0.000000000,0.000000000,0.000000000,1.000000000
1403715313.247143030,1.103181000,-2.118381000,1.321498000,0.000000000,0.000000000,0.000000000,1.000000000
1403715313.252142906,1.103740000,-2.118842000,1.322574000,0.000000000,0.000000000,0.000000000,1.000000000
1403715313.257143021,1.104279000,-2.119389000,1.323620000,0.000000000,0.000000000,0.000000000,1.000000000
1403715313.262143135,1.104797000,-2.119922000,1.324658000,0.000000000,0.000000000,0.000000000,1.000000000
1403715313.267143011,1.105299000,-2.120446000,1.325684000,0.000000000,0.000000000,0.000000000,1.000000000
1403715313.272142887,1.105779000,-2.120974000,1.326692000,0.000000000,0.000000000,0.000000000,1.000000000
1403715313.277143240,1.106239000,-2.121508000,1.327689000,0.000000000,0.000000000,0.000000000,1.000000000
1403715313.282143354,1.106683000,-2.122047000,1.328680000,0.000000000,0.000000000,0.000000000,1.000000000
1403715313.287142992,1.107110000,-2.122589000,1.329655000,0.000000000,0.000000000,0.000000000,1.000000000
1403715313.292143106,1.107517000,-2.123127000,1.330608000,0.000000000,0.000000000,0.000000000,1.000000000
1403715313.297143221,1.107907000,-2.123655000,1.331546000,0.000000000,0.000000000,0.000000000,1.000000000
1403715313.302143097,1.108286000,-2.124061000,1.332496000,0.000000000,0.000000000,0.000000000,1.000000000
1403715313.307142973,1.108664000,-2.124544000,1.333438000,0.000000000,0.000000000,0.000000000,1.000000000
1403715313.312143087,1.109041000,-2.125021000,1.334383000,0.000000000,0.000000000,0.000000000,1.000000000
1403715313.317143202,1.109413000,-2.125499000,1.335324000,0.000000000,0.000000000,0.000000000,1.000000000
1403715313.322143078,1.109779000,-2.125980000,1.336260000,0.000000000,0.000000000,0.000000000,1.000000000
1403715313.327142954,1.110140000,-2.126458000,1.337186000,0.000000000,0.000000000,0.000000000,1.000000000
1403715313.332143307,1.110485000,-2.126928000,1.338102000,0.000000000,0.000000000,0.000000000,1.000000000
1403715313.337143183,1.110806000,-2.127390000,1.339007000,0.000000000,0.000000000,0.000000000,1.000000000
1403715313.342143059,1.111112000,-2.127846000,1.339911000,0.000000000,0.000000000,0.000000000,1.000000000
1403715313.347142935,1.111408000,-2.128294000,1.340828000,0.000000000,0.000000000,0.000000000,1.000000000
1403715313.352143288,1.111693000,-2.128636000,1.341751000,0.000000000,0.000000000,0.000000000,1.000000000
1403715313.357143164,1.111970000,-2.129060000,1.342679000,0.000000000,0.000000000,0.000000000,1.000000000
1403715313.362143040,1.112239000,-2.129477000,1.343607000,0.000000000,0.000000000,0.000000000,1.000000000
1403715313.367142916,1.112495000,-2.129887000,1.344537000,0.000000000,0.000000000,0.000000000,1.000000000
1403715313.372143269,1.112739000,-2.130297000,1.345468000,0.000000000,0.000000000,0.000000000,1.000000000
1403715313.377142906,1.112974000,-2.130709000,1.346393000,0.000000000,0.000000000,0.000000000,1.000000000
1403715313.382143021,1.113200000,-2.131126000,1.347310000,0.000000000,0.000000000,0.000000000,1.000000000
1403715313.387142897,1.113418000,-2.131543000,1.348213000,0.000000000,0.000000000,0.000000000,1.000000000
1403715313.392143250,1.113628000,-2.131957000,1.349109000,0.000000000,0.000000000,0.000000000,1.000000000
1403715313.397142887,1.113829000,-2.132373000,1.350001000,0.000000000,0.000000000,0.000000000,1.000000000
1403715313.402143002,1.114038000,-2.132688000,1.350869000,0.000000000,0.000000000,0.000000000,1.000000000
1403715313.407143354,1.114228000,-2.133103000,1.351742000,0.000000000,0.000000000,0.000000000,1.000000000
1403715313.412143230,1.114408000,-2.133527000,1.352603000,0.000000000,0.000000000,0.000000000,1.000000000
1403715313.417143106,1.114586000,-2.133950000,1.353457000,0.000000000,0.000000000,0.000000000,1.000000000
1403715313.422142982,1.114757000,-2.134367000,1.354315000,0.000000000,0.000000000,0.000000000,1.000000000
1403715313.427143335,1.114915000,-2.134782000,1.355175000,0.000000000,0.000000000,0.000000000,1.000000000
1403715313.432142973,1.115060000,-2.135205000,1.356026000,0.000000000,0.000000000,0.000000000,1.000000000
1403715313.437143087,1.115199000,-2.135632000,1.356867000,0.000000000,0.000000000,0.000000000,1.000000000
1403715313.442142963,1.115329000,-2.136055000,1.357710000,0.000000000,0.000000000,0.000000000,1.000000000
1403715313.447143316,1.115445000,-2.136478000,1.358547000,0.000000000,0.000000000,0.000000000,1.000000000
1403715313.452142954,1.115560000,-2.136792000,1.359352000,0.000000000,0.000000000,0.000000000,1.000000000
1403715313.457143068,1.115644000,-2.137207000,1.360179000,0.000000000,0.000000000,0.000000000,1.000000000
1403715313.462142944,1.115715000,-2.137629000,1.361011000,0.000000000,0.000000000,0.000000000,1.000000000
1403715313.467143297,1.115777000,-2.138053000,1.361850000,0.000000000,0.000000000,0.000000000,1.000000000
1403715313.472142935,1.115830000,-2.138478000,1.362701000,0.000000000,0.000000000,0.000000000,1.000000000
1403715313.477143049,1.115878000,-2.138907000,1.363566000,0.000000000,0.000000000,0.000000000,1.000000000
1403715313.482143164,1.115927000,-2.139344000,1.364438000,0.000000000,0.000000000,0.000000000,1.000000000
1403715313.487143040,1.115971000,-2.139789000,1.365324000,0.000000000,0.000000000,0.000000000,1.000000000
1403715313.492142916,1.115999000,-2.140248000,1.366224000,0.000000000,0.000000000,0.000000000,1.000000000
1403715313.497143030,1.116015000,-2.140714000,1.367120000,0.000000000,0.000000000,0.000000000,1.000000000
1403715313.502143145,1.116041000,-2.141071000,1.367972000,0.000000000,0.000000000,0.000000000,1.000000000
1403715313.507143021,1.116039000,-2.141518000,1.368830000,0.000000000,0.000000000,0.000000000,1.000000000
1403715313.512142897,1.116025000,-2.141961000,1.369684000,0.000000000,0.000000000,0.000000000,1.000000000
1403715313.517143011,1.116002000,-2.142405000,1.370550000,0.000000000,0.000000000,0.000000000,1.000000000
1403715313.522143126,1.115972000,-2.142853000,1.371414000,0.000000000,0.000000000,0.000000000,1.000000000
1403715313.527143002,1.115939000,-2.143306000,1.372277000,0.000000000,0.000000000,0.000000000,1.000000000
1403715313.532143116,1.115907000,-2.143768000,1.373138000,0.000000000,0.000000000,0.000000000,1.000000000
1403715313.537143230,1.115875000,-2.144233000,1.374008000,0.000000000,0.000000000,0.000000000,1.000000000
1403715313.542143345,1.115849000,-2.144694000,1.374903000,0.000000000,0.000000000,0.000000000,1.000000000
1403715313.547142982,1.115825000,-2.145139000,1.375798000,0.000000000,0.000000000,0.000000000,1.000000000
1403715313.552143097,1.115814000,-2.145462000,1.376652000,0.000000000,0.000000000,0.000000000,1.000000000
1403715313.557143211,1.115777000,-2.145868000,1.377532000,0.000000000,0.000000000,0.000000000,1.000000000
1403715313.562143087,1.115727000,-2.146273000,1.378421000,0.000000000,0.000000000,0.000000000,1.000000000
1403715313.567142963,1.115665000,-2.146685000,1.379315000,0.000000000,0.000000000,0.000000000,1.000000000
1403715313.572143078,1.115599000,-2.147102000,1.380211000,0.000000000,0.000000000,0.000000000,1.000000000
1403715313.577143192,1.115535000,-2.147520000,1.381115000,0.000000000,0.000000000,0.000000000,1.000000000
1403715313.582143068,1.115474000,-2.147937000,1.382027000,0.000000000,0.000000000,0.000000000,1.000000000
1403715313.587142944,1.115409000,-2.148350000,1.382927000,0.000000000,0.000000000,0.000000000,1.000000000
1403715313.592143297,1.115336000,-2.148756000,1.383815000,0.000000000,0.000000000,0.000000000,1.000000000
1403715313.597143173,1.115260000,-2.149151000,1.384714000,0.000000000,0.000000000,0.000000000,1.000000000
1403715313.602143049,1.115192000,-2.149431000,1.385578000,0.000000000,0.000000000,0.000000000,1.000000000
1403715313.607142925,1.115116000,-2.149783000,1.386482000,0.000000000,0.000000000,0.000000000,1.000000000
1403715313.612143278,1.115044000,-2.150137000,1.387380000,0.000000000,0.000000000,0.000000000,1.000000000
1403715313.617143154,1.114969000,-2.150499000,1.388275000,0.000000000,0.000000000,0.000000000,1.000000000
1403715313.622143030,1.114888000,-2.150862000,1.389169000,0.000000000,0.000000000,0.000000000,1.000000000
1403715313.627142906,1.114796000,-2.151225000,1.390060000,0.000000000,0.000000000,0.000000000,1.000000000
1403715313.632143259,1.114695000,-2.151578000,1.390942000,0.000000000,0.000000000,0.000000000,1.000000000
1403715313.637142897,1.114588000,-2.151917000,1.391829000,0.000000000,0.000000000,0.000000000,1.000000000
1403715313.642143011,1.114471000,-2.152251000,1.392732000,0.000000000,0.000000000,0.000000000,1.000000000
1403715313.647142887,1.114339000,-2.152591000,1.393641000,0.000000000,0.000000000,0.000000000,1.000000000
1403715313.652143240,1.114203000,-2.152860000,1.394497000,0.000000000,0.000000000,0.000000000,1.000000000
1403715313.657143116,1.114049000,-2.153204000,1.395420000,0.000000000,0.000000000,0.000000000,1.000000000
1403715313.662142992,1.113893000,-2.153535000,1.396364000,0.000000000,0.000000000,0.000000000,1.000000000
1403715313.667143345,1.113733000,-2.153850000,1.397322000,0.000000000,0.000000000,0.000000000,1.000000000
1403715313.672143221,1.113570000,-2.154157000,1.398282000,0.000000000,0.000000000,0.000000000,1.000000000
1403715313.677143097,1.113402000,-2.154462000,1.399241000,0.000000000,0.000000000,0.000000000,1.000000000
1403715313.682142973,1.113226000,-2.154765000,1.400210000,0.000000000,0.000000000,0.000000000,1.000000000
1403715313.687143326,1.113045000,-2.155061000,1.401177000,0.000000000,0.000000000,0.000000000,1.000000000
1403715313.692142963,1.112860000,-2.155352000,1.402136000,0.000000000,0.000000000,0.000000000,1.000000000
1403715313.697143078,1.112668000,-2.155643000,1.403090000,0.000000000,0.000000000,0.000000000,1.000000000
1403715313.702142954,1.112474000,-2.155842000,1.403951000,0.000000000,0.000000000,0.000000000,1.000000000
1403715313.707143307,1.112258000,-2.156112000,1.404886000,0.000000000,0.000000000,0.000000000,1.000000000
1403715313.712142944,1.112045000,-2.156376000,1.405826000,0.000000000,0.000000000,0.000000000,1.000000000
1403715313.717143059,1.111841000,-2.156630000,1.406771000,0.000000000,0.000000000,0.000000000,1.000000000
1403715313.722143173,1.111642000,-2.156880000,1.407727000,0.000000000,0.000000000,0.000000000,1.000000000
1403715313.727143288,1.111439000,-2.157133000,1.408692000,0.000000000,0.000000000,0.000000000,1.000000000
1403715313.732142925,1.111226000,-2.157391000,1.409665000,0.000000000,0.000000000,0.000000000,1.000000000
1403715313.737143040,1.110998000,-2.157646000,1.410653000,0.000000000,0.000000000,0.000000000,1.000000000
1403715313.742143154,1.110753000,-2.157885000,1.411656000,0.000000000,0.000000000,0.000000000,1.000000000
1403715313.747143030,1.110496000,-2.158105000,1.412670000,0.000000000,0.000000000,0.000000000,1.000000000
1403715313.752142906,1.110255000,-2.158229000,1.413599000,0.000000000,0.000000000,0.000000000,1.000000000
1403715313.757143021,1.110010000,-2.158410000,1.414611000,0.000000000,0.000000000,0.000000000,1.000000000
1403715313.762143135,1.109772000,-2.158582000,1.415641000,0.000000000,0.000000000,0.000000000,1.000000000
1403715313.767143011,1.109533000,-2.158744000,1.416686000,0.000000000,0.000000000,0.000000000,1.000000000
1403715313.772142887,1.109287000,-2.158899000,1.417737000,0.000000000,0.000000000,0.000000000,1.000000000
1403715313.777143240,1.109030000,-2.159048000,1.418787000,0.000000000,0.000000000,0.000000000,1.000000000
1403715313.782143354,1.108765000,-2.159189000,1.419834000,0.000000000,0.000000000,0.000000000,1.000000000
1403715313.787142992,1.108495000,-2.159320000,1.420874000,0.000000000,0.000000000,0.000000000,1.000000000
1403715313.792143106,1.108223000,-2.159438000,1.421905000,0.000000000,0.000000000,0.000000000,1.000000000
1403715313.797143221,1.107945000,-2.159546000,1.422935000,0.000000000,0.000000000,0.000000000,1.000000000
1403715313.802143097,1.107658000,-2.159566000,1.423887000,0.000000000,0.000000000,0.000000000,1.000000000
1403715313.807142973,1.107360000,-2.159650000,1.424919000,0.000000000,0.000000000,0.000000000,1.000000000
1403715313.812143087,1.107058000,-2.159740000,1.425945000,0.000000000,0.000000000,0.000000000,1.000000000
1403715313.817143202,1.106761000,-2.159832000,1.426976000,0.000000000,0.000000000,0.000000000,1.000000000
1403715313.822143078,1.106465000,-2.159918000,1.428008000,0.000000000,0.000000000,0.000000000,1.000000000
1403715313.827142954,1.106163000,-2.159990000,1.429035000,0.000000000,0.000000000,0.000000000,1.000000000
1403715313.832143307,1.105857000,-2.160044000,1.430060000,0.000000000,0.000000000,0.000000000,1.000000000
1403715313.837143183,1.105550000,-2.160079000,1.431087000,0.000000000,0.000000000,0.000000000,1.000000000
1403715313.842143059,1.105243000,-2.160109000,1.432123000,0.000000000,0.000000000,0.000000000,1.000000000
1403715313.847142935,1.104934000,-2.160141000,1.433164000,0.000000000,0.000000000,0.000000000,1.000000000
1403715313.852143288,1.104624000,-2.160104000,1.434114000,0.000000000,0.000000000,0.000000000,1.000000000
1403715313.857143164,1.104307000,-2.160128000,1.435142000,0.000000000,0.000000000,0.000000000,1.000000000
1403715313.862143040,1.103988000,-2.160142000,1.436173000,0.000000000,0.000000000,0.000000000,1.000000000
1403715313.867142916,1.103670000,-2.160141000,1.437205000,0.000000000,0.000000000,0.000000000,1.000000000
1403715313.872143269,1.103362000,-2.160119000,1.438237000,0.000000000,0.000000000,0.000000000,1.000000000
1403715313.877142906,1.103058000,-2.160084000,1.439276000,0.000000000,0.000000000,0.000000000,1.000000000
1403715313.882143021,1.102749000,-2.160049000,1.440315000,0.000000000,0.000000000,0.000000000,1.000000000
1403715313.887142897,1.102433000,-2.160017000,1.441354000,0.000000000,0.000000000,0.000000000,1.000000000
1403715313.892143250,1.102108000,-2.159983000,1.442397000,0.000000000,0.000000000,0.000000000,1.000000000
1403715313.897142887,1.101774000,-2.159944000,1.443441000,0.000000000,0.000000000,0.000000000,1.000000000
1403715313.902143002,1.101426000,-2.159829000,1.444400000,0.000000000,0.000000000,0.000000000,1.000000000
1403715313.907143354,1.101076000,-2.159759000,1.445422000,0.000000000,0.000000000,0.000000000,1.000000000
1403715313.912143230,1.100726000,-2.159680000,1.446435000,0.000000000,0.000000000,0.000000000,1.000000000
1403715313.917143106,1.100375000,-2.159594000,1.447442000,0.000000000,0.000000000,0.000000000,1.000000000
1403715313.922142982,1.100018000,-2.159494000,1.448452000,0.000000000,0.000000000,0.000000000,1.000000000
1403715313.927143335,1.099651000,-2.159389000,1.449461000,0.000000000,0.000000000,0.000000000,1.000000000
1403715313.932142973,1.099272000,-2.159287000,1.450469000,0.000000000,0.000000000,0.000000000,1.000000000
1403715313.937143087,1.098885000,-2.159191000,1.451476000,0.000000000,0.000000000,0.000000000,1.000000000
1403715313.942142963,1.098499000,-2.159097000,1.452476000,0.000000000,0.000000000,0.000000000,1.000000000
1403715313.947143316,1.098113000,-2.158990000,1.453467000,0.000000000,0.000000000,0.000000000,1.000000000
1403715313.952142954,1.097713000,-2.158813000,1.454354000,0.000000000,0.000000000,0.000000000,1.000000000
1403715313.957143068,1.097319000,-2.158667000,1.455291000,0.000000000,0.000000000,0.000000000,1.000000000
1403715313.962142944,1.096925000,-2.158520000,1.456210000,0.000000000,0.000000000,0.000000000,1.000000000
1403715313.967143297,1.096525000,-2.158379000,1.457109000,0.000000000,0.000000000,0.000000000,1.000000000
1403715313.972142935,1.096124000,-2.158242000,1.457984000,0.000000000,0.000000000,0.000000000,1.000000000
1403715313.977143049,1.095728000,-2.158100000,1.458855000,0.000000000,0.000000000,0.000000000,1.000000000
1403715313.982143164,1.095328000,-2.157949000,1.459716000,0.000000000,0.000000000,0.000000000,1.000000000
1403715313.987143040,1.094918000,-2.157797000,1.460555000,0.000000000,0.000000000,0.000000000,1.000000000
1403715313.992142916,1.094503000,-2.157650000,1.461374000,0.000000000,0.000000000,0.000000000,1.000000000
1403715313.997143030,1.094083000,-2.157511000,1.462181000,0.000000000,0.000000000,0.000000000,1.000000000
1403715314.002143145,1.093644000,-2.157332000,1.462900000,0.000000000,0.000000000,0.000000000,1.000000000
1403715314.007143021,1.093214000,-2.157196000,1.463683000,0.000000000,0.000000000,0.000000000,1.000000000
1403715314.012142897,1.092783000,-2.157061000,1.464464000,0.000000000,0.000000000,0.000000000,1.000000000
1403715314.017143011,1.092351000,-2.156922000,1.465240000,0.000000000,0.000000000,0.000000000,1.000000000
1403715314.022143126,1.091910000,-2.156780000,1.466004000,0.000000000,0.000000000,0.000000000,1.000000000
1403715314.027143002,1.091460000,-2.156645000,1.466764000,0.000000000,0.000000000,0.000000000,1.000000000
1403715314.032143116,1.091006000,-2.156519000,1.467518000,0.000000000,0.000000000,0.000000000,1.000000000
1403715314.037143230,1.090547000,-2.156403000,1.468272000,0.000000000,0.000000000,0.000000000,1.000000000
1403715314.042143345,1.090083000,-2.156296000,1.469023000,0.000000000,0.000000000,0.000000000,1.000000000
1403715314.047142982,1.089614000,-2.156194000,1.469770000,0.000000000,0.000000000,0.000000000,1.000000000
1403715314.052143097,1.089123000,-2.156042000,1.470436000,0.000000000,0.000000000,0.000000000,1.000000000
1403715314.057143211,1.088644000,-2.155929000,1.471143000,0.000000000,0.000000000,0.000000000,1.000000000
1403715314.062143087,1.088160000,-2.155816000,1.471842000,0.000000000,0.000000000,0.000000000,1.000000000
1403715314.067142963,1.087673000,-2.155702000,1.472531000,0.000000000,0.000000000,0.000000000,1.000000000
1403715314.072143078,1.087182000,-2.155594000,1.473209000,0.000000000,0.000000000,0.000000000,1.000000000
1403715314.077143192,1.086686000,-2.155498000,1.473879000,0.000000000,0.000000000,0.000000000,1.000000000
1403715314.082143068,1.086187000,-2.155403000,1.474547000,0.000000000,0.000000000,0.000000000,1.000000000
1403715314.087142944,1.085687000,-2.155306000,1.475216000,0.000000000,0.000000000,0.000000000,1.000000000
1403715314.092143297,1.085190000,-2.155206000,1.475878000,0.000000000,0.000000000,0.000000000,1.000000000
1403715314.097143173,1.084686000,-2.155101000,1.476535000,0.000000000,0.000000000,0.000000000,1.000000000
1403715314.102143049,1.084141000,-2.154959000,1.477124000,0.000000000,0.000000000,0.000000000,1.000000000
1403715314.107142925,1.083617000,-2.154860000,1.477764000,0.000000000,0.000000000,0.000000000,1.000000000
1403715314.112143278,1.083091000,-2.154764000,1.478398000,0.000000000,0.000000000,0.000000000,1.000000000
1403715314.117143154,1.082563000,-2.154669000,1.479022000,0.000000000,0.000000000,0.000000000,1.000000000
1403715314.122143030,1.082036000,-2.154567000,1.479641000,0.000000000,0.000000000,0.000000000,1.000000000
1403715314.127142906,1.081511000,-2.154461000,1.480253000,0.000000000,0.000000000,0.000000000,1.000000000
1403715314.132143259,1.080983000,-2.154356000,1.480854000,0.000000000,0.000000000,0.000000000,1.000000000
1403715314.137142897,1.080451000,-2.154258000,1.481444000,0.000000000,0.000000000,0.000000000,1.000000000
1403715314.142143011,1.079920000,-2.154167000,1.482020000,0.000000000,0.000000000,0.000000000,1.000000000
1403715314.147142887,1.079387000,-2.154074000,1.482597000,0.000000000,0.000000000,0.000000000,1.000000000
1403715314.152143240,1.078819000,-2.153941000,1.483087000,0.000000000,0.000000000,0.000000000,1.000000000
1403715314.157143116,1.078270000,-2.153834000,1.483633000,0.000000000,0.000000000,0.000000000,1.000000000
1403715314.162142992,1.077722000,-2.153718000,1.484172000,0.000000000,0.000000000,0.000000000,1.000000000
1403715314.167143345,1.077174000,-2.153597000,1.484688000,0.000000000,0.000000000,0.000000000,1.000000000
1403715314.172143221,1.076622000,-2.153474000,1.485181000,0.000000000,0.000000000,0.000000000,1.000000000
1403715314.177143097,1.076059000,-2.153361000,1.485666000,0.000000000,0.000000000,0.000000000,1.000000000
1403715314.182142973,1.075485000,-2.153259000,1.486148000,0.000000000,0.000000000,0.000000000,1.000000000
1403715314.187143326,1.074908000,-2.153163000,1.486629000,0.000000000,0.000000000,0.000000000,1.000000000
1403715314.192142963,1.074339000,-2.153055000,1.487114000,0.000000000,0.000000000,0.000000000,1.000000000
1403715314.197143078,1.073778000,-2.152934000,1.487600000,0.000000000,0.000000000,0.000000000,1.000000000
1403715314.202142954,1.073188000,-2.152774000,1.488007000,0.000000000,0.000000000,0.000000000,1.000000000
1403715314.207143307,1.072619000,-2.152633000,1.488496000,0.000000000,0.000000000,0.000000000,1.000000000
1403715314.212142944,1.072050000,-2.152491000,1.489002000,0.000000000,0.000000000,0.000000000,1.000000000
1403715314.217143059,1.071484000,-2.152349000,1.489519000,0.000000000,0.000000000,0.000000000,1.000000000
1403715314.222143173,1.070924000,-2.152202000,1.490034000,0.000000000,0.000000000,0.000000000,1.000000000
1403715314.227143288,1.070365000,-2.152047000,1.490543000,0.000000000,0.000000000,0.000000000,1.000000000
1403715314.232142925,1.069804000,-2.151878000,1.491054000,0.000000000,0.000000000,0.000000000,1.000000000
1403715314.237143040,1.069237000,-2.151698000,1.491568000,0.000000000,0.000000000,0.000000000,1.000000000
1403715314.242143154,1.068665000,-2.151509000,1.492069000,0.000000000,0.000000000,0.000000000,1.000000000
1403715314.247143030,1.068094000,-2.151317000,1.492567000,0.000000000,0.000000000,0.000000000,1.000000000
1403715314.252142906,1.067488000,-2.151100000,1.492965000,0.000000000,0.000000000,0.000000000,1.000000000
1403715314.257143021,1.066915000,-2.150907000,1.493440000,0.000000000,0.000000000,0.000000000,1.000000000
1403715314.262143135,1.066342000,-2.150708000,1.493908000,0.000000000,0.000000000,0.000000000,1.000000000
1403715314.267143011,1.065763000,-2.150494000,1.494349000,0.000000000,0.000000000,0.000000000,1.000000000
1403715314.272142887,1.065178000,-2.150266000,1.494761000,0.000000000,0.000000000,0.000000000,1.000000000
1403715314.277143240,1.064587000,-2.150024000,1.495159000,0.000000000,0.000000000,0.000000000,1.000000000
1403715314.282143354,1.063993000,-2.149774000,1.495554000,0.000000000,0.000000000,0.000000000,1.000000000
1403715314.287142992,1.063395000,-2.149528000,1.495956000,0.000000000,0.000000000,0.000000000,1.000000000
1403715314.292143106,1.062798000,-2.149283000,1.496364000,0.000000000,0.000000000,0.000000000,1.000000000
1403715314.297143221,1.062204000,-2.149029000,1.496771000,0.000000000,0.000000000,0.000000000,1.000000000
1403715314.302143097,1.061579000,-2.148729000,1.497067000,0.000000000,0.000000000,0.000000000,1.000000000
1403715314.307142973,1.060990000,-2.148446000,1.497432000,0.000000000,0.000000000,0.000000000,1.000000000
1403715314.312143087,1.060403000,-2.148147000,1.497794000,0.000000000,0.000000000,0.000000000,1.000000000
1403715314.317143202,1.059818000,-2.147838000,1.498152000,0.000000000,0.000000000,0.000000000,1.000000000
1403715314.322143078,1.059233000,-2.147523000,1.498506000,0.000000000,0.000000000,0.000000000,1.000000000
1403715314.327142954,1.058648000,-2.147203000,1.498855000,0.000000000,0.000000000,0.000000000,1.000000000
1403715314.332143307,1.058064000,-2.146876000,1.499207000,0.000000000,0.000000000,0.000000000,1.000000000
1403715314.337143183,1.057482000,-2.146536000,1.499563000,0.000000000,0.000000000,0.000000000,1.000000000
1403715314.342143059,1.056898000,-2.146180000,1.499912000,0.000000000,0.000000000,0.000000000,1.000000000
1403715314.347142935,1.056317000,-2.145806000,1.500259000,0.000000000,0.000000000,0.000000000,1.000000000
1403715314.352143288,1.055714000,-2.145373000,1.500508000,0.000000000,0.000000000,0.000000000,1.000000000
1403715314.357143164,1.055148000,-2.144952000,1.500830000,0.000000000,0.000000000,0.000000000,1.000000000
1403715314.362143040,1.054587000,-2.144526000,1.501143000,0.000000000,0.000000000,0.000000000,1.000000000
1403715314.367142916,1.054027000,-2.144093000,1.501438000,0.000000000,0.000000000,0.000000000,1.000000000
1403715314.372143269,1.053464000,-2.143646000,1.501714000,0.000000000,0.000000000,0.000000000,1.000000000
1403715314.377142906,1.052897000,-2.143183000,1.501976000,0.000000000,0.000000000,0.000000000,1.000000000
1403715314.382143021,1.052325000,-2.142699000,1.502228000,0.000000000,0.000000000,0.000000000,1.000000000
1403715314.387142897,1.051743000,-2.142202000,1.502471000,0.000000000,0.000000000,0.000000000,1.000000000
1403715314.392143250,1.051157000,-2.141701000,1.502699000,0.000000000,0.000000000,0.000000000,1.000000000
1403715314.397142887,1.050575000,-2.141191000,1.502923000,0.000000000,0.000000000,0.000000000,1.000000000
1403715314.402143002,1.049969000,-2.140636000,1.503040000,0.000000000,0.000000000,0.000000000,1.000000000
1403715314.407143354,1.049392000,-2.140089000,1.503234000,0.000000000,0.000000000,0.000000000,1.000000000
1403715314.412143230,1.048817000,-2.139525000,1.503432000,0.000000000,0.000000000,0.000000000,1.000000000
1403715314.417143106,1.048247000,-2.138949000,1.503629000,0.000000000,0.000000000,0.000000000,1.000000000
1403715314.422142982,1.047683000,-2.138366000,1.503824000,0.000000000,0.000000000,0.000000000,1.000000000
1403715314.427143335,1.047123000,-2.137774000,1.504008000,0.000000000,0.000000000,0.000000000,1.000000000
1403715314.432142973,1.046566000,-2.137168000,1.504182000,0.000000000,0.000000000,0.000000000,1.000000000
1403715314.437143087,1.046015000,-2.136544000,1.504355000,0.000000000,0.000000000,0.000000000,1.000000000
1403715314.442142963,1.045471000,-2.135903000,1.504523000,0.000000000,0.000000000,0.000000000,1.000000000
1403715314.447143316,1.044932000,-2.135249000,1.504689000,0.000000000,0.000000000,0.000000000,1.000000000
1403715314.452142954,1.044381000,-2.134547000,1.504752000,0.000000000,0.000000000,0.000000000,1.000000000
1403715314.457143068,1.043854000,-2.133859000,1.504898000,0.000000000,0.000000000,0.000000000,1.000000000
1403715314.462142944,1.043341000,-2.133155000,1.505055000,0.000000000,0.000000000,0.000000000,1.000000000
1403715314.467143297,1.042841000,-2.132433000,1.505223000,0.000000000,0.000000000,0.000000000,1.000000000
1403715314.472142935,1.042345000,-2.131698000,1.505402000,0.000000000,0.000000000,0.000000000,1.000000000
1403715314.477143049,1.041859000,-2.130953000,1.505595000,0.000000000,0.000000000,0.000000000,1.000000000
1403715314.482143164,1.041391000,-2.130200000,1.505795000,0.000000000,0.000000000,0.000000000,1.000000000
1403715314.487143040,1.040937000,-2.129438000,1.506000000,0.000000000,0.000000000,0.000000000,1.000000000
1403715314.492142916,1.040494000,-2.128667000,1.506215000,0.000000000,0.000000000,0.000000000,1.000000000
1403715314.497143030,1.040060000,-2.127893000,1.506439000,0.000000000,0.000000000,0.000000000,1.000000000
1403715314.502143145,1.039625000,-2.127069000,1.506580000,0.000000000,0.000000000,0.000000000,1.000000000
1403715314.507143021,1.039191000,-2.126268000,1.506796000,0.000000000,0.000000000,0.000000000,1.000000000
1403715314.512142897,1.038765000,-2.125458000,1.506994000,0.000000000,0.000000000,0.000000000,1.000000000
1403715314.517143011,1.038358000,-2.124638000,1.507194000,0.000000000,0.000000000,0.000000000,1.000000000
1403715314.522143126,1.037965000,-2.123809000,1.507402000,0.000000000,0.000000000,0.000000000,1.000000000
1403715314.527143002,1.037578000,-2.122967000,1.507602000,0.000000000,0.000000000,0.000000000,1.000000000
1403715314.532143116,1.037194000,-2.122112000,1.507787000,0.000000000,0.000000000,0.000000000,1.000000000
1403715314.537143230,1.036820000,-2.121245000,1.507954000,0.000000000,0.000000000,0.000000000,1.000000000
1403715314.542143345,1.036452000,-2.120367000,1.508113000,0.000000000,0.000000000,0.000000000,1.000000000
1403715314.547142982,1.036090000,-2.119480000,1.508270000,0.000000000,0.000000000,0.000000000,1.000000000
1403715314.552143097,1.035750000,-2.118541000,1.508332000,0.000000000,0.000000000,0.000000000,1.000000000
1403715314.557143211,1.035400000,-2.117635000,1.508474000,0.000000000,0.000000000,0.000000000,1.000000000
1403715314.562143087,1.035055000,-2.116721000,1.508630000,0.000000000,0.000000000,0.000000000,1.000000000
1403715314.567142963,1.034718000,-2.115802000,1.508805000,0.000000000,0.000000000,0.000000000,1.000000000
1403715314.572143078,1.034386000,-2.114874000,1.508984000,0.000000000,0.000000000,0.000000000,1.000000000
1403715314.577143192,1.034055000,-2.113928000,1.509152000,0.000000000,0.000000000,0.000000000,1.000000000
1403715314.582143068,1.033724000,-2.112970000,1.509302000,0.000000000,0.000000000,0.000000000,1.000000000
1403715314.587142944,1.033390000,-2.112008000,1.509435000,0.000000000,0.000000000,0.000000000,1.000000000
1403715314.592143297,1.033049000,-2.111048000,1.509544000,0.000000000,0.000000000,0.000000000,1.000000000
1403715314.597143173,1.032706000,-2.110088000,1.509636000,0.000000000,0.000000000,0.000000000,1.000000000
1403715314.602143049,1.032392000,-2.109072000,1.509657000,0.000000000,0.000000000,0.000000000,1.000000000
1403715314.607142925,1.032067000,-2.108082000,1.509731000,0.000000000,0.000000000,0.000000000,1.000000000
1403715314.612143278,1.031749000,-2.107075000,1.509826000,0.000000000,0.000000000,0.000000000,1.000000000
1403715314.617143154,1.031439000,-2.106059000,1.509940000,0.000000000,0.000000000,0.000000000,1.000000000
1403715314.622143030,1.031135000,-2.105043000,1.510062000,0.000000000,0.000000000,0.000000000,1.000000000
1403715314.627142906,1.030834000,-2.104029000,1.510194000,0.000000000,0.000000000,0.000000000,1.000000000
1403715314.632143259,1.030526000,-2.103009000,1.510328000,0.000000000,0.000000000,0.000000000,1.000000000
1403715314.637142897,1.030208000,-2.101983000,1.510442000,0.000000000,0.000000000,0.000000000,1.000000000
1403715314.642143011,1.029888000,-2.100952000,1.510527000,0.000000000,0.000000000,0.000000000,1.000000000
1403715314.647142887,1.029568000,-2.099912000,1.510592000,0.000000000,0.000000000,0.000000000,1.000000000
1403715314.652143240,1.029279000,-2.098815000,1.510603000,0.000000000,0.000000000,0.000000000,1.000000000
1403715314.657143116,1.028978000,-2.097746000,1.510636000,0.000000000,0.000000000,0.000000000,1.000000000
1403715314.662142992,1.028683000,-2.096668000,1.510672000,0.000000000,0.000000000,0.000000000,1.000000000
1403715314.667143345,1.028393000,-2.095582000,1.510714000,0.000000000,0.000000000,0.000000000,1.000000000
1403715314.672143221,1.028112000,-2.094494000,1.510764000,0.000000000,0.000000000,0.000000000,1.000000000
1403715314.677143097,1.027843000,-2.093400000,1.510820000,0.000000000,0.000000000,0.000000000,1.000000000
1403715314.682142973,1.027580000,-2.092292000,1.510877000,0.000000000,0.000000000,0.000000000,1.000000000
1403715314.687143326,1.027314000,-2.091177000,1.510924000,0.000000000,0.000000000,0.000000000,1.000000000
1403715314.692142963,1.027043000,-2.090049000,1.510953000,0.000000000,0.000000000,0.000000000,1.000000000
1403715314.697143078,1.026771000,-2.088907000,1.510963000,0.000000000,0.000000000,0.000000000,1.000000000
1403715314.702142954,1.026535000,-2.087713000,1.510945000,0.000000000,0.000000000,0.000000000,1.000000000
1403715314.707143307,1.026276000,-2.086555000,1.510945000,0.000000000,0.000000000,0.000000000,1.000000000
1403715314.712142944,1.026017000,-2.085396000,1.510949000,0.000000000,0.000000000,0.000000000,1.000000000
1403715314.717143059,1.025757000,-2.084234000,1.510956000,0.000000000,0.000000000,0.000000000,1.000000000
1403715314.722143173,1.025503000,-2.083071000,1.510968000,0.000000000,0.000000000,0.000000000,1.000000000
1403715314.727143288,1.025256000,-2.081902000,1.510990000,0.000000000,0.000000000,0.000000000,1.000000000
1403715314.732142925,1.025011000,-2.080726000,1.511015000,0.000000000,0.000000000,0.000000000,1.000000000
1403715314.737143040,1.024768000,-2.079539000,1.511041000,0.000000000,0.000000000,0.000000000,1.000000000
1403715314.742143154,1.024528000,-2.078350000,1.511064000,0.000000000,0.000000000,0.000000000,1.000000000
1403715314.747143030,1.024296000,-2.077157000,1.511085000,0.000000000,0.000000000,0.000000000,1.000000000
1403715314.752142906,1.024108000,-2.075905000,1.511101000,0.000000000,0.000000000,0.000000000,1.000000000
1403715314.757143021,1.023894000,-2.074696000,1.511111000,0.000000000,0.000000000,0.000000000,1.000000000
1403715314.762143135,1.023688000,-2.073483000,1.511120000,0.000000000,0.000000000,0.000000000,1.000000000
1403715314.767143011,1.023493000,-2.072262000,1.511140000,0.000000000,0.000000000,0.000000000,1.000000000
1403715314.772142887,1.023301000,-2.071031000,1.511169000,0.000000000,0.000000000,0.000000000,1.000000000
1403715314.777143240,1.023114000,-2.069789000,1.511202000,0.000000000,0.000000000,0.000000000,1.000000000
1403715314.782143354,1.022932000,-2.068543000,1.511238000,0.000000000,0.000000000,0.000000000,1.000000000
1403715314.787142992,1.022743000,-2.067302000,1.511278000,0.000000000,0.000000000,0.000000000,1.000000000
1403715314.792143106,1.022547000,-2.066065000,1.511320000,0.000000000,0.000000000,0.000000000,1.000000000
1403715314.797143221,1.022350000,-2.064827000,1.511373000,0.000000000,0.000000000,0.000000000,1.000000000
1403715314.802143097,1.022198000,-2.063532000,1.511464000,0.000000000,0.000000000,0.000000000,1.000000000
1403715314.807142973,1.022028000,-2.062267000,1.511549000,0.000000000,0.000000000,0.000000000,1.000000000
1403715314.812143087,1.021865000,-2.060995000,1.511638000,0.000000000,0.000000000,0.000000000,1.000000000
1403715314.817143202,1.021699000,-2.059726000,1.511720000,0.000000000,0.000000000,0.000000000,1.000000000
1403715314.822143078,1.021522000,-2.058462000,1.511793000,0.000000000,0.000000000,0.000000000,1.000000000
1403715314.827142954,1.021342000,-2.057200000,1.511852000,0.000000000,0.000000000,0.000000000,1.000000000
1403715314.832143307,1.021170000,-2.055932000,1.511896000,0.000000000,0.000000000,0.000000000,1.000000000
1403715314.837143183,1.021012000,-2.054649000,1.511932000,0.000000000,0.000000000,0.000000000,1.000000000
1403715314.842143059,1.020868000,-2.053347000,1.511975000,0.000000000,0.000000000,0.000000000,1.000000000
1403715314.847142935,1.020731000,-2.052033000,1.512023000,0.000000000,0.000000000,0.000000000,1.000000000
1403715314.852143288,1.020626000,-2.050676000,1.512089000,0.000000000,0.000000000,0.000000000,1.000000000
1403715314.857143164,1.020488000,-2.049355000,1.512133000,0.000000000,0.000000000,0.000000000,1.000000000
1403715314.862143040,1.020340000,-2.048034000,1.512176000,0.000000000,0.000000000,0.000000000,1.000000000
1403715314.867142916,1.020193000,-2.046707000,1.512217000,0.000000000,0.000000000,0.000000000,1.000000000
1403715314.872143269,1.020054000,-2.045372000,1.512254000,0.000000000,0.000000000,0.000000000,1.000000000
1403715314.877142906,1.019918000,-2.044025000,1.512288000,0.000000000,0.000000000,0.000000000,1.000000000
1403715314.882143021,1.019784000,-2.042665000,1.512320000,0.000000000,0.000000000,0.000000000,1.000000000
1403715314.887142897,1.019646000,-2.041294000,1.512359000,0.000000000,0.000000000,0.000000000,1.000000000
1403715314.892143250,1.019504000,-2.039925000,1.512399000,0.000000000,0.000000000,0.000000000,1.000000000
1403715314.897142887,1.019359000,-2.038563000,1.512428000,0.000000000,0.000000000,0.000000000,1.000000000
1403715314.902143002,1.019237000,-2.037152000,1.512488000,0.000000000,0.000000000,0.000000000,1.000000000
1403715314.907143354,1.019095000,-2.035769000,1.512518000,0.000000000,0.000000000,0.000000000,1.000000000
1403715314.912143230,1.018958000,-2.034377000,1.512548000,0.000000000,0.000000000,0.000000000,1.000000000
1403715314.917143106,1.018816000,-2.032978000,1.512582000,0.000000000,0.000000000,0.000000000,1.000000000
1403715314.922142982,1.018662000,-2.031574000,1.512615000,0.000000000,0.000000000,0.000000000,1.000000000
1403715314.927143335,1.018507000,-2.030163000,1.512653000,0.000000000,0.000000000,0.000000000,1.000000000
1403715314.932142973,1.018353000,-2.028742000,1.512698000,0.000000000,0.000000000,0.000000000,1.000000000
1403715314.937143087,1.018203000,-2.027317000,1.512732000,0.000000000,0.000000000,0.000000000,1.000000000
1403715314.942142963,1.018064000,-2.025890000,1.512754000,0.000000000,0.000000000,0.000000000,1.000000000
1403715314.947143316,1.017931000,-2.024455000,1.512779000,0.000000000,0.000000000,0.000000000,1.000000000
1403715314.952142954,1.017816000,-2.022962000,1.512852000,0.000000000,0.000000000,0.000000000,1.000000000
1403715314.957143068,1.017694000,-2.021485000,1.512910000,0.000000000,0.000000000,0.000000000,1.000000000
1403715314.962142944,1.017582000,-2.019992000,1.512967000,0.000000000,0.000000000,0.000000000,1.000000000
1403715314.967143297,1.017481000,-2.018492000,1.513014000,0.000000000,0.000000000,0.000000000,1.000000000
1403715314.972142935,1.017382000,-2.016992000,1.513049000,0.000000000,0.000000000,0.000000000,1.000000000
1403715314.977143049,1.017276000,-2.015492000,1.513077000,0.000000000,0.000000000,0.000000000,1.000000000
1403715314.982143164,1.017162000,-2.013993000,1.513096000,0.000000000,0.000000000,0.000000000,1.000000000
1403715314.987143040,1.017049000,-2.012488000,1.513108000,0.000000000,0.000000000,0.000000000,1.000000000
1403715314.992142916,1.016951000,-2.010967000,1.513119000,0.000000000,0.000000000,0.000000000,1.000000000
1403715314.997143030,1.016878000,-2.009427000,1.513126000,0.000000000,0.000000000,0.000000000,1.000000000
1403715315.002143145,1.016828000,-2.007836000,1.513154000,0.000000000,0.000000000,0.000000000,1.000000000
1403715315.007143021,1.016776000,-2.006271000,1.513143000,0.000000000,0.000000000,0.000000000,1.000000000
1403715315.012142897,1.016725000,-2.004711000,1.513128000,0.000000000,0.000000000,0.000000000,1.000000000
1403715315.017143011,1.016674000,-2.003153000,1.513107000,0.000000000,0.000000000,0.000000000,1.000000000
1403715315.022143126,1.016618000,-2.001592000,1.513081000,0.000000000,0.000000000,0.000000000,1.000000000
1403715315.027143002,1.016558000,-2.000018000,1.513051000,0.000000000,0.000000000,0.000000000,1.000000000
1403715315.032143116,1.016497000,-1.998424000,1.513035000,0.000000000,0.000000000,0.000000000,1.000000000
1403715315.037143230,1.016446000,-1.996816000,1.513039000,0.000000000,0.000000000,0.000000000,1.000000000
1403715315.042143345,1.016404000,-1.995203000,1.513055000,0.000000000,0.000000000,0.000000000,1.000000000
1403715315.047142982,1.016372000,-1.993593000,1.513067000,0.000000000,0.000000000,0.000000000,1.000000000
1403715315.052143097,1.016340000,-1.991945000,1.513109000,0.000000000,0.000000000,0.000000000,1.000000000
1403715315.057143211,1.016309000,-1.990325000,1.513105000,0.000000000,0.000000000,0.000000000,1.000000000
1403715315.062143087,1.016281000,-1.988703000,1.513078000,0.000000000,0.000000000,0.000000000,1.000000000
1403715315.067142963,1.016261000,-1.987080000,1.513036000,0.000000000,0.000000000,0.000000000,1.000000000
1403715315.072143078,1.016248000,-1.985456000,1.512980000,0.000000000,0.000000000,0.000000000,1.000000000
1403715315.077143192,1.016241000,-1.983834000,1.512909000,0.000000000,0.000000000,0.000000000,1.000000000
1403715315.082143068,1.016236000,-1.982210000,1.512827000,0.000000000,0.000000000,0.000000000,1.000000000
1403715315.087142944,1.016228000,-1.980580000,1.512737000,0.000000000,0.000000000,0.000000000,1.000000000
1403715315.092143297,1.016218000,-1.978945000,1.512644000,0.000000000,0.000000000,0.000000000,1.000000000
1403715315.097143173,1.016204000,-1.977305000,1.512549000,0.000000000,0.000000000,0.000000000,1.000000000
1403715315.102143049,1.016182000,-1.975630000,1.512463000,0.000000000,0.000000000,0.000000000,1.000000000
1403715315.107142925,1.016164000,-1.973974000,1.512359000,0.000000000,0.000000000,0.000000000,1.000000000
1403715315.112143278,1.016145000,-1.972314000,1.512258000,0.000000000,0.000000000,0.000000000,1.000000000
1403715315.117143154,1.016126000,-1.970657000,1.512156000,0.000000000,0.000000000,0.000000000,1.000000000
1403715315.122143030,1.016106000,-1.969006000,1.512053000,0.000000000,0.000000000,0.000000000,1.000000000
1403715315.127142906,1.016088000,-1.967357000,1.511950000,0.000000000,0.000000000,0.000000000,1.000000000
1403715315.132143259,1.016071000,-1.965705000,1.511847000,0.000000000,0.000000000,0.000000000,1.000000000
1403715315.137142897,1.016059000,-1.964045000,1.511755000,0.000000000,0.000000000,0.000000000,1.000000000
1403715315.142143011,1.016051000,-1.962381000,1.511671000,0.000000000,0.000000000,0.000000000,1.000000000
1403715315.147142887,1.016041000,-1.960714000,1.511583000,0.000000000,0.000000000,0.000000000,1.000000000
1403715315.152143240,1.016004000,-1.959012000,1.511500000,0.000000000,0.000000000,0.000000000,1.000000000
1403715315.157143116,1.015975000,-1.957333000,1.511406000,0.000000000,0.000000000,0.000000000,1.000000000
1403715315.162142992,1.015954000,-1.955656000,1.511304000,0.000000000,0.000000000,0.000000000,1.000000000
1403715315.167143345,1.015942000,-1.953975000,1.511199000,0.000000000,0.000000000,0.000000000,1.000000000
1403715315.172143221,1.015930000,-1.952291000,1.511091000,0.000000000,0.000000000,0.000000000,1.000000000
1403715315.177143097,1.015911000,-1.950609000,1.510982000,0.000000000,0.000000000,0.000000000,1.000000000
1403715315.182142973,1.015884000,-1.948929000,1.510883000,0.000000000,0.000000000,0.000000000,1.000000000
1403715315.187143326,1.015846000,-1.947248000,1.510795000,0.000000000,0.000000000,0.000000000,1.000000000
1403715315.192142963,1.015803000,-1.945566000,1.510714000,0.000000000,0.000000000,0.000000000,1.000000000
1403715315.197143078,1.015762000,-1.943881000,1.510645000,0.000000000,0.000000000,0.000000000,1.000000000
1403715315.202142954,1.015702000,-1.942171000,1.510564000,0.000000000,0.000000000,0.000000000,1.000000000
1403715315.207143307,1.015651000,-1.940483000,1.510498000,0.000000000,0.000000000,0.000000000,1.000000000
1403715315.212142944,1.015601000,-1.938792000,1.510427000,0.000000000,0.000000000,0.000000000,1.000000000
1403715315.217143059,1.015557000,-1.937101000,1.510360000,0.000000000,0.000000000,0.000000000,1.000000000
1403715315.222143173,1.015519000,-1.935412000,1.510306000,0.000000000,0.000000000,0.000000000,1.000000000
1403715315.227143288,1.015483000,-1.933722000,1.510256000,0.000000000,0.000000000,0.000000000,1.000000000
1403715315.232142925,1.015445000,-1.932035000,1.510206000,0.000000000,0.000000000,0.000000000,1.000000000
1403715315.237143040,1.015394000,-1.930349000,1.510162000,0.000000000,0.000000000,0.000000000,1.000000000
1403715315.242143154,1.015329000,-1.928660000,1.510130000,0.000000000,0.000000000,0.000000000,1.000000000
1403715315.247143030,1.015262000,-1.926975000,1.510104000,0.000000000,0.000000000,0.000000000,1.000000000
1403715315.252142906,1.015172000,-1.925274000,1.510048000,0.000000000,0.000000000,0.000000000,1.000000000
1403715315.257143021,1.015104000,-1.923588000,1.510001000,0.000000000,0.000000000,0.000000000,1.000000000
1403715315.262143135,1.015029000,-1.921904000,1.509939000,0.000000000,0.000000000,0.000000000,1.000000000
1403715315.267143011,1.014940000,-1.920225000,1.509865000,0.000000000,0.000000000,0.000000000,1.000000000
1403715315.272142887,1.014838000,-1.918554000,1.509777000,0.000000000,0.000000000,0.000000000,1.000000000
1403715315.277143240,1.014730000,-1.916893000,1.509689000,0.000000000,0.000000000,0.000000000,1.000000000
1403715315.282143354,1.014617000,-1.915239000,1.509616000,0.000000000,0.000000000,0.000000000,1.000000000
1403715315.287142992,1.014501000,-1.913584000,1.509553000,0.000000000,0.000000000,0.000000000,1.000000000
1403715315.292143106,1.014386000,-1.911923000,1.509500000,0.000000000,0.000000000,0.000000000,1.000000000
1403715315.297143221,1.014276000,-1.910260000,1.509451000,0.000000000,0.000000000,0.000000000,1.000000000
1403715315.302143097,1.014147000,-1.908597000,1.509360000,0.000000000,0.000000000,0.000000000,1.000000000
1403715315.307142973,1.014046000,-1.906951000,1.509315000,0.000000000,0.000000000,0.000000000,1.000000000
1403715315.312143087,1.013947000,-1.905313000,1.509275000,0.000000000,0.000000000,0.000000000,1.000000000
1403715315.317143202,1.013845000,-1.903680000,1.509240000,0.000000000,0.000000000,0.000000000,1.000000000
1403715315.322143078,1.013740000,-1.902041000,1.509219000,0.000000000,0.000000000,0.000000000,1.000000000
1403715315.327142954,1.013633000,-1.900396000,1.509217000,0.000000000,0.000000000,0.000000000,1.000000000
1403715315.332143307,1.013521000,-1.898756000,1.509228000,0.000000000,0.000000000,0.000000000,1.000000000
1403715315.337143183,1.013405000,-1.897126000,1.509244000,0.000000000,0.000000000,0.000000000,1.000000000
1403715315.342143059,1.013287000,-1.895502000,1.509263000,0.000000000,0.000000000,0.000000000,1.000000000
1403715315.347142935,1.013171000,-1.893876000,1.509290000,0.000000000,0.000000000,0.000000000,1.000000000
1403715315.352143288,1.013031000,-1.892229000,1.509251000,0.000000000,0.000000000,0.000000000,1.000000000
1403715315.357143164,1.012914000,-1.890580000,1.509256000,0.000000000,0.000000000,0.000000000,1.000000000
1403715315.362143040,1.012802000,-1.888925000,1.509267000,0.000000000,0.000000000,0.000000000,1.000000000
1403715315.367142916,1.012690000,-1.887275000,1.509273000,0.000000000,0.000000000,0.000000000,1.000000000
1403715315.372143269,1.012571000,-1.885636000,1.509271000,0.000000000,0.000000000,0.000000000,1.000000000
1403715315.377142906,1.012445000,-1.884001000,1.509264000,0.000000000,0.000000000,0.000000000,1.000000000
1403715315.382143021,1.012319000,-1.882361000,1.509259000,0.000000000,0.000000000,0.000000000,1.000000000
1403715315.387142897,1.012188000,-1.880715000,1.509265000,0.000000000,0.000000000,0.000000000,1.000000000
1403715315.392143250,1.012052000,-1.879064000,1.509282000,0.000000000,0.000000000,0.000000000,1.000000000
1403715315.397142887,1.011905000,-1.877411000,1.509313000,0.000000000,0.000000000,0.000000000,1.000000000
1403715315.402143002,1.011728000,-1.875760000,1.509270000,0.000000000,0.000000000,0.000000000,1.000000000
1403715315.407143354,1.011566000,-1.874115000,1.509282000,0.000000000,0.000000000,0.000000000,1.000000000
1403715315.412143230,1.011411000,-1.872471000,1.509296000,0.000000000,0.000000000,0.000000000,1.000000000
1403715315.417143106,1.011264000,-1.870825000,1.509313000,0.000000000,0.000000000,0.000000000,1.000000000
1403715315.422142982,1.011121000,-1.869180000,1.509325000,0.000000000,0.000000000,0.000000000,1.000000000
1403715315.427143335,1.010983000,-1.867529000,1.509331000,0.000000000,0.000000000,0.000000000,1.000000000
1403715315.432142973,1.010843000,-1.865874000,1.509341000,0.000000000,0.000000000,0.000000000,1.000000000
1403715315.437143087,1.010702000,-1.864218000,1.509351000,0.000000000,0.000000000,0.000000000,1.000000000
1403715315.442142963,1.010564000,-1.862568000,1.509355000,0.000000000,0.000000000,0.000000000,1.000000000
1403715315.447143316,1.010428000,-1.860919000,1.509346000,0.000000000,0.000000000,0.000000000,1.000000000
1403715315.452142954,1.010275000,-1.859263000,1.509230000,0.000000000,0.000000000,0.000000000,1.000000000
1403715315.457143068,1.010120000,-1.857607000,1.509199000,0.000000000,0.000000000,0.000000000,1.000000000
1403715315.462142944,1.009955000,-1.855950000,1.509180000,0.000000000,0.000000000,0.000000000,1.000000000
1403715315.467143297,1.009784000,-1.854293000,1.509176000,0.000000000,0.000000000,0.000000000,1.000000000
1403715315.472142935,1.009611000,-1.852638000,1.509183000,0.000000000,0.000000000,0.000000000,1.000000000
1403715315.477143049,1.009434000,-1.850985000,1.509196000,0.000000000,0.000000000,0.000000000,1.000000000
1403715315.482143164,1.009248000,-1.849342000,1.509222000,0.000000000,0.000000000,0.000000000,1.000000000
1403715315.487143040,1.009061000,-1.847703000,1.509269000,0.000000000,0.000000000,0.000000000,1.000000000
1403715315.492142916,1.008875000,-1.846064000,1.509332000,0.000000000,0.000000000,0.000000000,1.000000000
1403715315.497143030,1.008693000,-1.844429000,1.509396000,0.000000000,0.000000000,0.000000000,1.000000000
1403715315.502143145,1.008514000,-1.842798000,1.509349000,0.000000000,0.000000000,0.000000000,1.000000000
1403715315.507143021,1.008343000,-1.841175000,1.509385000,0.000000000,0.000000000,0.000000000,1.000000000
1403715315.512142897,1.008178000,-1.839550000,1.509424000,0.000000000,0.000000000,0.000000000,1.000000000
1403715315.517143011,1.008017000,-1.837914000,1.509466000,0.000000000,0.000000000,0.000000000,1.000000000
1403715315.522143126,1.007860000,-1.836270000,1.509505000,0.000000000,0.000000000,0.000000000,1.000000000
1403715315.527143002,1.007699000,-1.834625000,1.509547000,0.000000000,0.000000000,0.000000000,1.000000000
1403715315.532143116,1.007536000,-1.832990000,1.509593000,0.000000000,0.000000000,0.000000000,1.000000000
1403715315.537143230,1.007368000,-1.831364000,1.509649000,0.000000000,0.000000000,0.000000000,1.000000000
1403715315.542143345,1.007190000,-1.829745000,1.509711000,0.000000000,0.000000000,0.000000000,1.000000000
1403715315.547142982,1.007008000,-1.828121000,1.509781000,0.000000000,0.000000000,0.000000000,1.000000000
1403715315.552143097,1.006810000,-1.826488000,1.509766000,0.000000000,0.000000000,0.000000000,1.000000000
1403715315.557143211,1.006604000,-1.824867000,1.509841000,0.000000000,0.000000000,0.000000000,1.000000000
1403715315.562143087,1.006387000,-1.823255000,1.509922000,0.000000000,0.000000000,0.000000000,1.000000000
1403715315.567142963,1.006164000,-1.821646000,1.509998000,0.000000000,0.000000000,0.000000000,1.000000000
1403715315.572143078,1.005938000,-1.820030000,1.510060000,0.000000000,0.000000000,0.000000000,1.000000000
1403715315.577143192,1.005699000,-1.818406000,1.510107000,0.000000000,0.000000000,0.000000000,1.000000000
1403715315.582143068,1.005435000,-1.816777000,1.510150000,0.000000000,0.000000000,0.000000000,1.000000000
1403715315.587142944,1.005148000,-1.815149000,1.510200000,0.000000000,0.000000000,0.000000000,1.000000000
1403715315.592143297,1.004852000,-1.813530000,1.510266000,0.000000000,0.000000000,0.000000000,1.000000000
1403715315.597143173,1.004551000,-1.811923000,1.510339000,0.000000000,0.000000000,0.000000000,1.000000000
1403715315.602143049,1.004240000,-1.810309000,1.510313000,0.000000000,0.000000000,0.000000000,1.000000000
1403715315.607142925,1.003936000,-1.808695000,1.510368000,0.000000000,0.000000000,0.000000000,1.000000000
1403715315.612143278,1.003637000,-1.807085000,1.510432000,0.000000000,0.000000000,0.000000000,1.000000000
1403715315.617143154,1.003343000,-1.805483000,1.510511000,0.000000000,0.000000000,0.000000000,1.000000000
1403715315.622143030,1.003052000,-1.803889000,1.510601000,0.000000000,0.000000000,0.000000000,1.000000000
1403715315.627142906,1.002761000,-1.802299000,1.510701000,0.000000000,0.000000000,0.000000000,1.000000000
1403715315.632143259,1.002465000,-1.800711000,1.510808000,0.000000000,0.000000000,0.000000000,1.000000000
1403715315.637142897,1.002163000,-1.799123000,1.510917000,0.000000000,0.000000000,0.000000000,1.000000000
1403715315.642143011,1.001862000,-1.797534000,1.511033000,0.000000000,0.000000000,0.000000000,1.000000000
1403715315.647142887,1.001569000,-1.795952000,1.511154000,0.000000000,0.000000000,0.000000000,1.000000000
1403715315.652143240,1.001265000,-1.794380000,1.511188000,0.000000000,0.000000000,0.000000000,1.000000000
1403715315.657143116,1.000963000,-1.792809000,1.511295000,0.000000000,0.000000000,0.000000000,1.000000000
1403715315.662142992,1.000660000,-1.791245000,1.511393000,0.000000000,0.000000000,0.000000000,1.000000000
1403715315.667143345,1.000355000,-1.789686000,1.511487000,0.000000000,0.000000000,0.000000000,1.000000000
1403715315.672143221,1.000047000,-1.788125000,1.511573000,0.000000000,0.000000000,0.000000000,1.000000000
1403715315.677143097,0.999735000,-1.786557000,1.511651000,0.000000000,0.000000000,0.000000000,1.000000000
1403715315.682142973,0.999420000,-1.784987000,1.511730000,0.000000000,0.000000000,0.000000000,1.000000000
1403715315.687143326,0.999105000,-1.783416000,1.511816000,0.000000000,0.000000000,0.000000000,1.000000000
1403715315.692142963,0.998786000,-1.781846000,1.511906000,0.000000000,0.000000000,0.000000000,1.000000000
1403715315.697143078,0.998465000,-1.780278000,1.511984000,0.000000000,0.000000000,0.000000000,1.000000000
1403715315.702142954,0.998141000,-1.778715000,1.511972000,0.000000000,0.000000000,0.000000000,1.000000000
1403715315.707143307,0.997807000,-1.777159000,1.512017000,0.000000000,0.000000000,0.000000000,1.000000000
1403715315.712142944,0.997461000,-1.775607000,1.512071000,0.000000000,0.000000000,0.000000000,1.000000000
1403715315.717143059,0.997110000,-1.774058000,1.512135000,0.000000000,0.000000000,0.000000000,1.000000000
1403715315.722143173,0.996759000,-1.772505000,1.512208000,0.000000000,0.000000000,0.000000000,1.000000000
1403715315.727143288,0.996409000,-1.770951000,1.512293000,0.000000000,0.000000000,0.000000000,1.000000000
1403715315.732142925,0.996055000,-1.769405000,1.512390000,0.000000000,0.000000000,0.000000000,1.000000000
1403715315.737143040,0.995697000,-1.767873000,1.512487000,0.000000000,0.000000000,0.000000000,1.000000000
1403715315.742143154,0.995330000,-1.766356000,1.512574000,0.000000000,0.000000000,0.000000000,1.000000000
1403715315.747143030,0.994954000,-1.764844000,1.512646000,0.000000000,0.000000000,0.000000000,1.000000000
1403715315.752142906,0.994567000,-1.763335000,1.512668000,0.000000000,0.000000000,0.000000000,1.000000000
1403715315.757143021,0.994181000,-1.761827000,1.512715000,0.000000000,0.000000000,0.000000000,1.000000000
1403715315.762143135,0.993787000,-1.760324000,1.512757000,0.000000000,0.000000000,0.000000000,1.000000000
1403715315.767143011,0.993383000,-1.758826000,1.512804000,0.000000000,0.000000000,0.000000000,1.000000000
1403715315.772142887,0.992974000,-1.757334000,1.512849000,0.000000000,0.000000000,0.000000000,1.000000000
1403715315.777143240,0.992564000,-1.755854000,1.512888000,0.000000000,0.000000000,0.000000000,1.000000000
1403715315.782143354,0.992148000,-1.754387000,1.512929000,0.000000000,0.000000000,0.000000000,1.000000000
1403715315.787142992,0.991725000,-1.752935000,1.512973000,0.000000000,0.000000000,0.000000000,1.000000000
1403715315.792143106,0.991297000,-1.751495000,1.513010000,0.000000000,0.000000000,0.000000000,1.000000000
1403715315.797143221,0.990869000,-1.750061000,1.513035000,0.000000000,0.000000000,0.000000000,1.000000000
1403715315.802143097,0.990425000,-1.748642000,1.513042000,0.000000000,0.000000000,0.000000000,1.000000000
1403715315.807142973,0.989987000,-1.747226000,1.513064000,0.000000000,0.000000000,0.000000000,1.000000000
1403715315.812143087,0.989543000,-1.745819000,1.513082000,0.000000000,0.000000000,0.000000000,1.000000000
1403715315.817143202,0.989099000,-1.744428000,1.513095000,0.000000000,0.000000000,0.000000000,1.000000000
1403715315.822143078,0.988652000,-1.743052000,1.513110000,0.000000000,0.000000000,0.000000000,1.000000000
1403715315.827142954,0.988202000,-1.741690000,1.513132000,0.000000000,0.000000000,0.000000000,1.000000000
1403715315.832143307,0.987750000,-1.740344000,1.513165000,0.000000000,0.000000000,0.000000000,1.000000000
1403715315.837143183,0.987298000,-1.739007000,1.513205000,0.000000000,0.000000000,0.000000000,1.000000000
1403715315.842143059,0.986845000,-1.737673000,1.513251000,0.000000000,0.000000000,0.000000000,1.000000000
1403715315.847142935,0.986389000,-1.736350000,1.513300000,0.000000000,0.000000000,0.000000000,1.000000000
1403715315.852143288,0.985918000,-1.735055000,1.513336000,0.000000000,0.000000000,0.000000000,1.000000000
1403715315.857143164,0.985458000,-1.733772000,1.513368000,0.000000000,0.000000000,0.000000000,1.000000000
1403715315.862143040,0.985001000,-1.732504000,1.513391000,0.000000000,0.000000000,0.000000000,1.000000000
1403715315.867142916,0.984538000,-1.731244000,1.513407000,0.000000000,0.000000000,0.000000000,1.000000000
1403715315.872143269,0.984062000,-1.729990000,1.513428000,0.000000000,0.000000000,0.000000000,1.000000000
1403715315.877142906,0.983575000,-1.728748000,1.513454000,0.000000000,0.000000000,0.000000000,1.000000000
1403715315.882143021,0.983081000,-1.727518000,1.513477000,0.000000000,0.000000000,0.000000000,1.000000000
1403715315.887142897,0.982584000,-1.726293000,1.513492000,0.000000000,0.000000000,0.000000000,1.000000000
1403715315.892143250,0.982073000,-1.725073000,1.513501000,0.000000000,0.000000000,0.000000000,1.000000000
1403715315.897142887,0.981547000,-1.723854000,1.513509000,0.000000000,0.000000000,0.000000000,1.000000000
1403715315.902143002,0.980994000,-1.722652000,1.513543000,0.000000000,0.000000000,0.000000000,1.000000000
1403715315.907143354,0.980444000,-1.721452000,1.513576000,0.000000000,0.000000000,0.000000000,1.000000000
1403715315.912143230,0.979896000,-1.720261000,1.513609000,0.000000000,0.000000000,0.000000000,1.000000000
1403715315.917143106,0.979347000,-1.719074000,1.513645000,0.000000000,0.000000000,0.000000000,1.000000000
1403715315.922142982,0.978793000,-1.717895000,1.513680000,0.000000000,0.000000000,0.000000000,1.000000000
1403715315.927143335,0.978231000,-1.716725000,1.513712000,0.000000000,0.000000000,0.000000000,1.000000000
1403715315.932142973,0.977655000,-1.715567000,1.513741000,0.000000000,0.000000000,0.000000000,1.000000000
1403715315.937143087,0.977071000,-1.714415000,1.513757000,0.000000000,0.000000000,0.000000000,1.000000000
1403715315.942142963,0.976486000,-1.713267000,1.513769000,0.000000000,0.000000000,0.000000000,1.000000000
1403715315.947143316,0.975903000,-1.712127000,1.513786000,0.000000000,0.000000000,0.000000000,1.000000000
1403715315.952142954,0.975313000,-1.711013000,1.513827000,0.000000000,0.000000000,0.000000000,1.000000000
1403715315.957143068,0.974729000,-1.709897000,1.513827000,0.000000000,0.000000000,0.000000000,1.000000000
1403715315.962142944,0.974138000,-1.708790000,1.513806000,0.000000000,0.000000000,0.000000000,1.000000000
1403715315.967143297,0.973533000,-1.707689000,1.513775000,0.000000000,0.000000000,0.000000000,1.000000000
1403715315.972142935,0.972912000,-1.706590000,1.513738000,0.000000000,0.000000000,0.000000000,1.000000000
1403715315.977143049,0.972281000,-1.705499000,1.513672000,0.000000000,0.000000000,0.000000000,1.000000000
1403715315.982143164,0.971642000,-1.704426000,1.513576000,0.000000000,0.000000000,0.000000000,1.000000000
1403715315.987143040,0.970995000,-1.703364000,1.513475000,0.000000000,0.000000000,0.000000000,1.000000000
1403715315.992142916,0.970339000,-1.702314000,1.513371000,0.000000000,0.000000000,0.000000000,1.000000000
1403715315.997143030,0.969679000,-1.701273000,1.513255000,0.000000000,0.000000000,0.000000000,1.000000000
1403715316.002143145,0.968999000,-1.700254000,1.513170000,0.000000000,0.000000000,0.000000000,1.000000000
1403715316.007143021,0.968315000,-1.699232000,1.513046000,0.000000000,0.000000000,0.000000000,1.000000000
1403715316.012142897,0.967621000,-1.698219000,1.512932000,0.000000000,0.000000000,0.000000000,1.000000000
1403715316.017143011,0.966927000,-1.697214000,1.512827000,0.000000000,0.000000000,0.000000000,1.000000000
1403715316.022143126,0.966236000,-1.696220000,1.512723000,0.000000000,0.000000000,0.000000000,1.000000000
1403715316.027143002,0.965542000,-1.695235000,1.512610000,0.000000000,0.000000000,0.000000000,1.000000000
1403715316.032143116,0.964847000,-1.694255000,1.512481000,0.000000000,0.000000000,0.000000000,1.000000000
1403715316.037143230,0.964147000,-1.693278000,1.512334000,0.000000000,0.000000000,0.000000000,1.000000000
1403715316.042143345,0.963443000,-1.692308000,1.512172000,0.000000000,0.000000000,0.000000000,1.000000000
1403715316.047142982,0.962741000,-1.691338000,1.511994000,0.000000000,0.000000000,0.000000000,1.000000000
1403715316.052143097,0.962031000,-1.690383000,1.511840000,0.000000000,0.000000000,0.000000000,1.000000000
1403715316.057143211,0.961326000,-1.689423000,1.511646000,0.000000000,0.000000000,0.000000000,1.000000000
1403715316.062143087,0.960618000,-1.688474000,1.511448000,0.000000000,0.000000000,0.000000000,1.000000000
1403715316.067142963,0.959907000,-1.687537000,1.511241000,0.000000000,0.000000000,0.000000000,1.000000000
1403715316.072143078,0.959196000,-1.686613000,1.511032000,0.000000000,0.000000000,0.000000000,1.000000000
1403715316.077143192,0.958493000,-1.685702000,1.510830000,0.000000000,0.000000000,0.000000000,1.000000000
1403715316.082143068,0.957795000,-1.684798000,1.510635000,0.000000000,0.000000000,0.000000000,1.000000000
1403715316.087142944,0.957095000,-1.683902000,1.510424000,0.000000000,0.000000000,0.000000000,1.000000000
1403715316.092143297,0.956391000,-1.683011000,1.510182000,0.000000000,0.000000000,0.000000000,1.000000000
1403715316.097143173,0.955685000,-1.682124000,1.509920000,0.000000000,0.000000000,0.000000000,1.000000000
1403715316.102143049,0.954961000,-1.681258000,1.509668000,0.000000000,0.000000000,0.000000000,1.000000000
1403715316.107142925,0.954250000,-1.680390000,1.509374000,0.000000000,0.000000000,0.000000000,1.000000000
1403715316.112143278,0.953535000,-1.679533000,1.509059000,0.000000000,0.000000000,0.000000000,1.000000000
1403715316.117143154,0.952815000,-1.678682000,1.508727000,0.000000000,0.000000000,0.000000000,1.000000000
1403715316.122143030,0.952093000,-1.677842000,1.508389000,0.000000000,0.000000000,0.000000000,1.000000000
1403715316.127142906,0.951373000,-1.677012000,1.508043000,0.000000000,0.000000000,0.000000000,1.000000000
1403715316.132143259,0.950656000,-1.676187000,1.507690000,0.000000000,0.000000000,0.000000000,1.000000000
1403715316.137142897,0.949942000,-1.675365000,1.507329000,0.000000000,0.000000000,0.000000000,1.000000000
1403715316.142143011,0.949227000,-1.674553000,1.506957000,0.000000000,0.000000000,0.000000000,1.000000000
1403715316.147142887,0.948505000,-1.673757000,1.506579000,0.000000000,0.000000000,0.000000000,1.000000000
1403715316.152143240,0.947758000,-1.672981000,1.506217000,0.000000000,0.000000000,0.000000000,1.000000000
1403715316.157143116,0.947024000,-1.672203000,1.505809000,0.000000000,0.000000000,0.000000000,1.000000000
1403715316.162142992,0.946290000,-1.671418000,1.505388000,0.000000000,0.000000000,0.000000000,1.000000000
1403715316.167143345,0.945558000,-1.670632000,1.504958000,0.000000000,0.000000000,0.000000000,1.000000000
1403715316.172143221,0.944829000,-1.669855000,1.504517000,0.000000000,0.000000000,0.000000000,1.000000000
1403715316.177143097,0.944101000,-1.669088000,1.504072000,0.000000000,0.000000000,0.000000000,1.000000000
1403715316.182142973,0.943361000,-1.668329000,1.503616000,0.000000000,0.000000000,0.000000000,1.000000000
1403715316.187143326,0.942616000,-1.667574000,1.503149000,0.000000000,0.000000000,0.000000000,1.000000000
1403715316.192142963,0.941874000,-1.666827000,1.502690000,0.000000000,0.000000000,0.000000000,1.000000000
1403715316.197143078,0.941130000,-1.666086000,1.502236000,0.000000000,0.000000000,0.000000000,1.000000000
1403715316.202142954,0.940364000,-1.665346000,1.501800000,0.000000000,0.000000000,0.000000000,1.000000000
1403715316.207143307,0.939615000,-1.664605000,1.501339000,0.000000000,0.000000000,0.000000000,1.000000000
1403715316.212142944,0.938866000,-1.663865000,1.500860000,0.000000000,0.000000000,0.000000000,1.000000000
1403715316.217143059,0.938118000,-1.663132000,1.500374000,0.000000000,0.000000000,0.000000000,1.000000000
1403715316.222143173,0.937363000,-1.662412000,1.499875000,0.000000000,0.000000000,0.000000000,1.000000000
1403715316.227143288,0.936599000,-1.661699000,1.499362000,0.000000000,0.000000000,0.000000000,1.000000000
1403715316.232142925,0.935828000,-1.660991000,1.498834000,0.000000000,0.000000000,0.000000000,1.000000000
1403715316.237143040,0.935059000,-1.660286000,1.498293000,0.000000000,0.000000000,0.000000000,1.000000000
1403715316.242143154,0.934300000,-1.659581000,1.497756000,0.000000000,0.000000000,0.000000000,1.000000000
1403715316.247143030,0.933550000,-1.658875000,1.497222000,0.000000000,0.000000000,0.000000000,1.000000000
1403715316.252142906,0.932787000,-1.658165000,1.496692000,0.000000000,0.000000000,0.000000000,1.000000000
1403715316.257143021,0.932047000,-1.657458000,1.496179000,0.000000000,0.000000000,0.000000000,1.000000000
1403715316.262143135,0.931313000,-1.656755000,1.495674000,0.000000000,0.000000000,0.000000000,1.000000000
1403715316.267143011,0.930578000,-1.656065000,1.495172000,0.000000000,0.000000000,0.000000000,1.000000000
1403715316.272142887,0.929845000,-1.655381000,1.494672000,0.000000000,0.000000000,0.000000000,1.000000000
1403715316.277143240,0.929123000,-1.654695000,1.494169000,0.000000000,0.000000000,0.000000000,1.000000000
1403715316.282143354,0.928423000,-1.654000000,1.493658000,0.000000000,0.000000000,0.000000000,1.000000000
1403715316.287142992,0.927737000,-1.653296000,1.493134000,0.000000000,0.000000000,0.000000000,1.000000000
1403715316.292143106,0.927043000,-1.652592000,1.492586000,0.000000000,0.000000000,0.000000000,1.000000000
1403715316.297143221,0.926336000,-1.651903000,1.492014000,0.000000000,0.000000000,0.000000000,1.000000000
1403715316.302143097,0.925599000,-1.651233000,1.491403000,0.000000000,0.000000000,0.000000000,1.000000000
1403715316.307142973,0.924883000,-1.650561000,1.490789000,0.000000000,0.000000000,0.000000000,1.000000000
1403715316.312143087,0.924176000,-1.649882000,1.490154000,0.000000000,0.000000000,0.000000000,1.000000000
1403715316.317143202,0.923481000,-1.649197000,1.489501000,0.000000000,0.000000000,0.000000000,1.000000000
1403715316.322143078,0.922797000,-1.648505000,1.488843000,0.000000000,0.000000000,0.000000000,1.000000000
1403715316.327142954,0.922123000,-1.647805000,1.488176000,0.000000000,0.000000000,0.000000000,1.000000000
1403715316.332143307,0.921460000,-1.647101000,1.487492000,0.000000000,0.000000000,0.000000000,1.000000000
1403715316.337143183,0.920807000,-1.646394000,1.486793000,0.000000000,0.000000000,0.000000000,1.000000000
1403715316.342143059,0.920167000,-1.645683000,1.486088000,0.000000000,0.000000000,0.000000000,1.000000000
1403715316.347142935,0.919545000,-1.644965000,1.485392000,0.000000000,0.000000000,0.000000000,1.000000000
1403715316.352143288,0.918925000,-1.644245000,1.484673000,0.000000000,0.000000000,0.000000000,1.000000000
1403715316.357143164,0.918343000,-1.643505000,1.483971000,0.000000000,0.000000000,0.000000000,1.000000000
1403715316.362143040,0.917781000,-1.642761000,1.483276000,0.000000000,0.000000000,0.000000000,1.000000000
1403715316.367142916,0.917227000,-1.642023000,1.482582000,0.000000000,0.000000000,0.000000000,1.000000000
1403715316.372143269,0.916673000,-1.641295000,1.481874000,0.000000000,0.000000000,0.000000000,1.000000000
1403715316.377142906,0.916117000,-1.640567000,1.481149000,0.000000000,0.000000000,0.000000000,1.000000000
1403715316.382143021,0.915568000,-1.639824000,1.480424000,0.000000000,0.000000000,0.000000000,1.000000000
1403715316.387142897,0.915033000,-1.639059000,1.479708000,0.000000000,0.000000000,0.000000000,1.000000000
1403715316.392143250,0.914523000,-1.638275000,1.478992000,0.000000000,0.000000000,0.000000000,1.000000000
1403715316.397142887,0.914037000,-1.637482000,1.478284000,0.000000000,0.000000000,0.000000000,1.000000000
1403715316.402143002,0.913531000,-1.636712000,1.477545000,0.000000000,0.000000000,0.000000000,1.000000000
1403715316.407143354,0.913045000,-1.635927000,1.476828000,0.000000000,0.000000000,0.000000000,1.000000000
1403715316.412143230,0.912572000,-1.635146000,1.476099000,0.000000000,0.000000000,0.000000000,1.000000000
1403715316.417143106,0.912124000,-1.634363000,1.475372000,0.000000000,0.000000000,0.000000000,1.000000000
1403715316.422142982,0.911701000,-1.633568000,1.474658000,0.000000000,0.000000000,0.000000000,1.000000000
1403715316.427143335,0.911309000,-1.632757000,1.473953000,0.000000000,0.000000000,0.000000000,1.000000000
1403715316.432142973,0.910948000,-1.631924000,1.473252000,0.000000000,0.000000000,0.000000000,1.000000000
1403715316.437143087,0.910610000,-1.631079000,1.472545000,0.000000000,0.000000000,0.000000000,1.000000000
1403715316.442142963,0.910290000,-1.630238000,1.471834000,0.000000000,0.000000000,0.000000000,1.000000000
1403715316.447143316,0.909985000,-1.629410000,1.471123000,0.000000000,0.000000000,0.000000000,1.000000000
1403715316.452142954,0.909684000,-1.628610000,1.470362000,0.000000000,0.000000000,0.000000000,1.000000000
1403715316.457143068,0.909409000,-1.627779000,1.469638000,0.000000000,0.000000000,0.000000000,1.000000000
1403715316.462142944,0.909169000,-1.626933000,1.468915000,0.000000000,0.000000000,0.000000000,1.000000000
1403715316.467143297,0.908971000,-1.626069000,1.468194000,0.000000000,0.000000000,0.000000000,1.000000000
1403715316.472142935,0.908801000,-1.625192000,1.467465000,0.000000000,0.000000000,0.000000000,1.000000000
1403715316.477143049,0.908643000,-1.624313000,1.466717000,0.000000000,0.000000000,0.000000000,1.000000000
1403715316.482143164,0.908488000,-1.623442000,1.465948000,0.000000000,0.000000000,0.000000000,1.000000000
1403715316.487143040,0.908340000,-1.622576000,1.465180000,0.000000000,0.000000000,0.000000000,1.000000000
1403715316.492142916,0.908206000,-1.621707000,1.464415000,0.000000000,0.000000000,0.000000000,1.000000000
1403715316.497143030,0.908104000,-1.620830000,1.463648000,0.000000000,0.000000000,0.000000000,1.000000000
1403715316.502143145,0.908037000,-1.619967000,1.462842000,0.000000000,0.000000000,0.000000000,1.000000000
1403715316.507143021,0.908019000,-1.619066000,1.462093000,0.000000000,0.000000000,0.000000000,1.000000000
1403715316.512142897,0.908015000,-1.618162000,1.461344000,0.000000000,0.000000000,0.000000000,1.000000000
1403715316.517143011,0.908020000,-1.617270000,1.460594000,0.000000000,0.000000000,0.000000000,1.000000000
1403715316.522143126,0.908036000,-1.616387000,1.459844000,0.000000000,0.000000000,0.000000000,1.000000000
1403715316.527143002,0.908066000,-1.615505000,1.459091000,0.000000000,0.000000000,0.000000000,1.000000000
1403715316.532143116,0.908113000,-1.614614000,1.458332000,0.000000000,0.000000000,0.000000000,1.000000000
1403715316.537143230,0.908186000,-1.613705000,1.457564000,0.000000000,0.000000000,0.000000000,1.000000000
1403715316.542143345,0.908288000,-1.612783000,1.456793000,0.000000000,0.000000000,0.000000000,1.000000000
1403715316.547142982,0.908414000,-1.611845000,1.456031000,0.000000000,0.000000000,0.000000000,1.000000000
1403715316.552143097,0.908529000,-1.610927000,1.455211000,0.000000000,0.000000000,0.000000000,1.000000000
1403715316.557143211,0.908686000,-1.609995000,1.454429000,0.000000000,0.000000000,0.000000000,1.000000000
1403715316.562143087,0.908867000,-1.609071000,1.453647000,0.000000000,0.000000000,0.000000000,1.000000000
1403715316.567142963,0.909065000,-1.608141000,1.452864000,0.000000000,0.000000000,0.000000000,1.000000000
1403715316.572143078,0.909279000,-1.607201000,1.452071000,0.000000000,0.000000000,0.000000000,1.000000000
1403715316.577143192,0.909518000,-1.606256000,1.451274000,0.000000000,0.000000000,0.000000000,1.000000000
1403715316.582143068,0.909780000,-1.605309000,1.450475000,0.000000000,0.000000000,0.000000000,1.000000000
1403715316.587142944,0.910059000,-1.604362000,1.449671000,0.000000000,0.000000000,0.000000000,1.000000000
1403715316.592143297,0.910358000,-1.603417000,1.448868000,0.000000000,0.000000000,0.000000000,1.000000000
1403715316.597143173,0.910681000,-1.602476000,1.448066000,0.000000000,0.000000000,0.000000000,1.000000000
1403715316.602143049,0.910999000,-1.601558000,1.447210000,0.000000000,0.000000000,0.000000000,1.000000000
1403715316.607142925,0.911355000,-1.600613000,1.446396000,0.000000000,0.000000000,0.000000000,1.000000000
1403715316.612143278,0.911730000,-1.599663000,1.445577000,0.000000000,0.000000000,0.000000000,1.000000000
1403715316.617143154,0.912123000,-1.598709000,1.444759000,0.000000000,0.000000000,0.000000000,1.000000000
1403715316.622143030,0.912532000,-1.597753000,1.443941000,0.000000000,0.000000000,0.000000000,1.000000000
1403715316.627142906,0.912956000,-1.596793000,1.443118000,0.000000000,0.000000000,0.000000000,1.000000000
1403715316.632143259,0.913398000,-1.595830000,1.442296000,0.000000000,0.000000000,0.000000000,1.000000000
1403715316.637142897,0.913857000,-1.594861000,1.441484000,0.000000000,0.000000000,0.000000000,1.000000000
1403715316.642143011,0.914335000,-1.593890000,1.440675000,0.000000000,0.000000000,0.000000000,1.000000000
1403715316.647142887,0.914834000,-1.592920000,1.439865000,0.000000000,0.000000000,0.000000000,1.000000000
1403715316.652143240,0.915325000,-1.591972000,1.438995000,0.000000000,0.000000000,0.000000000,1.000000000
1403715316.657143116,0.915848000,-1.590998000,1.438159000,0.000000000,0.000000000,0.000000000,1.000000000
1403715316.662142992,0.916383000,-1.590018000,1.437317000,0.000000000,0.000000000,0.000000000,1.000000000
1403715316.667143345,0.916933000,-1.589033000,1.436459000,0.000000000,0.000000000,0.000000000,1.000000000
1403715316.672143221,0.917496000,-1.588045000,1.435585000,0.000000000,0.000000000,0.000000000,1.000000000
1403715316.677143097,0.918071000,-1.587053000,1.434704000,0.000000000,0.000000000,0.000000000,1.000000000
1403715316.682142973,0.918665000,-1.586059000,1.433824000,0.000000000,0.000000000,0.000000000,1.000000000
1403715316.687143326,0.919281000,-1.585066000,1.432946000,0.000000000,0.000000000,0.000000000,1.000000000
1403715316.692142963,0.919912000,-1.584069000,1.432062000,0.000000000,0.000000000,0.000000000,1.000000000
1403715316.697143078,0.920558000,-1.583069000,1.431165000,0.000000000,0.000000000,0.000000000,1.000000000
1403715316.702142954,0.921185000,-1.582090000,1.430203000,0.000000000,0.000000000,0.000000000,1.000000000
1403715316.707143307,0.921844000,-1.581093000,1.429279000,0.000000000,0.000000000,0.000000000,1.000000000
1403715316.712142944,0.922506000,-1.580098000,1.428347000,0.000000000,0.000000000,0.000000000,1.000000000
1403715316.717143059,0.923172000,-1.579101000,1.427407000,0.000000000,0.000000000,0.000000000,1.000000000
1403715316.722143173,0.923850000,-1.578097000,1.426458000,0.000000000,0.000000000,0.000000000,1.000000000
1403715316.727143288,0.924540000,-1.577085000,1.425506000,0.000000000,0.000000000,0.000000000,1.000000000
1403715316.732142925,0.925238000,-1.576069000,1.424556000,0.000000000,0.000000000,0.000000000,1.000000000
1403715316.737143040,0.925943000,-1.575052000,1.423607000,0.000000000,0.000000000,0.000000000,1.000000000
1403715316.742143154,0.926658000,-1.574039000,1.422656000,0.000000000,0.000000000,0.000000000,1.000000000
1403715316.747143030,0.927384000,-1.573030000,1.421708000,0.000000000,0.000000000,0.000000000,1.000000000
1403715316.752142906,0.928079000,-1.572041000,1.420710000,0.000000000,0.000000000,0.000000000,1.000000000
1403715316.757143021,0.928819000,-1.571037000,1.419736000,0.000000000,0.000000000,0.000000000,1.000000000
1403715316.762143135,0.929575000,-1.570027000,1.418755000,0.000000000,0.000000000,0.000000000,1.000000000
1403715316.767143011,0.930340000,-1.569011000,1.417772000,0.000000000,0.000000000,0.000000000,1.000000000
1403715316.772142887,0.931109000,-1.567988000,1.416785000,0.000000000,0.000000000,0.000000000,1.000000000
1403715316.777143240,0.931886000,-1.566966000,1.415784000,0.000000000,0.000000000,0.000000000,1.000000000
1403715316.782143354,0.932673000,-1.565949000,1.414773000,0.000000000,0.000000000,0.000000000,1.000000000
1403715316.787142992,0.933469000,-1.564936000,1.413753000,0.000000000,0.000000000,0.000000000,1.000000000
1403715316.792143106,0.934272000,-1.563919000,1.412728000,0.000000000,0.000000000,0.000000000,1.000000000
1403715316.797143221,0.935083000,-1.562893000,1.411699000,0.000000000,0.000000000,0.000000000,1.000000000
1403715316.802143097,0.935858000,-1.561882000,1.410616000,0.000000000,0.000000000,0.000000000,1.000000000
1403715316.807142973,0.936686000,-1.560859000,1.409572000,0.000000000,0.000000000,0.000000000,1.000000000
1403715316.812143087,0.937525000,-1.559842000,1.408529000,0.000000000,0.000000000,0.000000000,1.000000000
1403715316.817143202,0.938369000,-1.558829000,1.407483000,0.000000000,0.000000000,0.000000000,1.000000000
1403715316.822143078,0.939216000,-1.557819000,1.406437000,0.000000000,0.000000000,0.000000000,1.000000000
1403715316.827142954,0.940065000,-1.556802000,1.405385000,0.000000000,0.000000000,0.000000000,1.000000000
1403715316.832143307,0.940923000,-1.555774000,1.404324000,0.000000000,0.000000000,0.000000000,1.000000000
1403715316.837143183,0.941795000,-1.554732000,1.403267000,0.000000000,0.000000000,0.000000000,1.000000000
1403715316.842143059,0.942684000,-1.553688000,1.402209000,0.000000000,0.000000000,0.000000000,1.000000000
1403715316.847142935,0.943581000,-1.552647000,1.401151000,0.000000000,0.000000000,0.000000000,1.000000000
1403715316.852143288,0.944424000,-1.551624000,1.400052000,0.000000000,0.000000000,0.000000000,1.000000000
1403715316.857143164,0.945318000,-1.550591000,1.398969000,0.000000000,0.000000000,0.000000000,1.000000000
1403715316.862143040,0.946221000,-1.549554000,1.397885000,0.000000000,0.000000000,0.000000000,1.000000000
1403715316.867142916,0.947139000,-1.548506000,1.396806000,0.000000000,0.000000000,0.000000000,1.000000000
1403715316.872143269,0.948076000,-1.547457000,1.395724000,0.000000000,0.000000000,0.000000000,1.000000000
1403715316.877142906,0.949032000,-1.546416000,1.394640000,0.000000000,0.000000000,0.000000000,1.000000000
1403715316.882143021,0.949988000,-1.545380000,1.393552000,0.000000000,0.000000000,0.000000000,1.000000000
1403715316.887142897,0.950940000,-1.544349000,1.392447000,0.000000000,0.000000000,0.000000000,1.000000000
1403715316.892143250,0.951895000,-1.543318000,1.391339000,0.000000000,0.000000000,0.000000000,1.000000000
1403715316.897142887,0.952861000,-1.542282000,1.390232000,0.000000000,0.000000000,0.000000000,1.000000000
1403715316.902143002,0.953794000,-1.541253000,1.389102000,0.000000000,0.000000000,0.000000000,1.000000000
1403715316.907143354,0.954783000,-1.540203000,1.388014000,0.000000000,0.000000000,0.000000000,1.000000000
1403715316.912143230,0.955781000,-1.539150000,1.386943000,0.000000000,0.000000000,0.000000000,1.000000000
1403715316.917143106,0.956778000,-1.538102000,1.385880000,0.000000000,0.000000000,0.000000000,1.000000000
1403715316.922142982,0.957768000,-1.537052000,1.384825000,0.000000000,0.000000000,0.000000000,1.000000000
1403715316.927143335,0.958755000,-1.535995000,1.383769000,0.000000000,0.000000000,0.000000000,1.000000000
1403715316.932142973,0.959745000,-1.534933000,1.382705000,0.000000000,0.000000000,0.000000000,1.000000000
1403715316.937143087,0.960743000,-1.533866000,1.381631000,0.000000000,0.000000000,0.000000000,1.000000000
1403715316.942142963,0.961758000,-1.532797000,1.380559000,0.000000000,0.000000000,0.000000000,1.000000000
1403715316.947143316,0.962788000,-1.531730000,1.379501000,0.000000000,0.000000000,0.000000000,1.000000000
1403715316.952142954,0.963761000,-1.530687000,1.378430000,0.000000000,0.000000000,0.000000000,1.000000000
1403715316.957143068,0.964765000,-1.529620000,1.377402000,0.000000000,0.000000000,0.000000000,1.000000000
1403715316.962142944,0.965754000,-1.528548000,1.376385000,0.000000000,0.000000000,0.000000000,1.000000000
1403715316.967143297,0.966734000,-1.527472000,1.375358000,0.000000000,0.000000000,0.000000000,1.000000000
1403715316.972142935,0.967713000,-1.526387000,1.374318000,0.000000000,0.000000000,0.000000000,1.000000000
1403715316.977143049,0.968701000,-1.525294000,1.373270000,0.000000000,0.000000000,0.000000000,1.000000000
1403715316.982143164,0.969695000,-1.524195000,1.372225000,0.000000000,0.000000000,0.000000000,1.000000000
1403715316.987143040,0.970686000,-1.523093000,1.371186000,0.000000000,0.000000000,0.000000000,1.000000000
1403715316.992142916,0.971673000,-1.521990000,1.370154000,0.000000000,0.000000000,0.000000000,1.000000000
1403715316.997143030,0.972652000,-1.520884000,1.369125000,0.000000000,0.000000000,0.000000000,1.000000000
1403715317.002143145,0.973572000,-1.519792000,1.368077000,0.000000000,0.000000000,0.000000000,1.000000000
1403715317.007143021,0.974550000,-1.518671000,1.367043000,0.000000000,0.000000000,0.000000000,1.000000000
1403715317.012142897,0.975545000,-1.517536000,1.366001000,0.000000000,0.000000000,0.000000000,1.000000000
1403715317.017143011,0.976556000,-1.516389000,1.364947000,0.000000000,0.000000000,0.000000000,1.000000000
1403715317.022143126,0.977568000,-1.515235000,1.363881000,0.000000000,0.000000000,0.000000000,1.000000000
1403715317.027143002,0.978570000,-1.514074000,1.362809000,0.000000000,0.000000000,0.000000000,1.000000000
1403715317.032143116,0.979560000,-1.512908000,1.361730000,0.000000000,0.000000000,0.000000000,1.000000000
1403715317.037143230,0.980543000,-1.511729000,1.360638000,0.000000000,0.000000000,0.000000000,1.000000000
1403715317.042143345,0.981526000,-1.510534000,1.359526000,0.000000000,0.000000000,0.000000000,1.000000000
1403715317.047142982,0.982516000,-1.509334000,1.358407000,0.000000000,0.000000000,0.000000000,1.000000000
1403715317.052143097,0.983510000,-1.508132000,1.357296000,0.000000000,0.000000000,0.000000000,1.000000000
1403715317.057143211,0.984423000,-1.506961000,1.356171000,0.000000000,0.000000000,0.000000000,1.000000000
1403715317.062143087,0.985396000,-1.505751000,1.355069000,0.000000000,0.000000000,0.000000000,1.000000000
1403715317.067142963,0.986373000,-1.504544000,1.353983000,0.000000000,0.000000000,0.000000000,1.000000000
1403715317.072143078,0.987352000,-1.503341000,1.352917000,0.000000000,0.000000000,0.000000000,1.000000000
1403715317.077143192,0.988331000,-1.502137000,1.351850000,0.000000000,0.000000000,0.000000000,1.000000000
1403715317.082143068,0.989311000,-1.500924000,1.350771000,0.000000000,0.000000000,0.000000000,1.000000000
1403715317.087142944,0.990285000,-1.499696000,1.349685000,0.000000000,0.000000000,0.000000000,1.000000000
1403715317.092143297,0.991253000,-1.498455000,1.348594000,0.000000000,0.000000000,0.000000000,1.000000000
1403715317.097143173,0.992219000,-1.497205000,1.347497000,0.000000000,0.000000000,0.000000000,1.000000000
1403715317.102143049,0.993128000,-1.495989000,1.346398000,0.000000000,0.000000000,0.000000000,1.000000000
1403715317.107142925,0.994080000,-1.494751000,1.345295000,0.000000000,0.000000000,0.000000000,1.000000000
1403715317.112143278,0.995028000,-1.493512000,1.344200000,0.000000000,0.000000000,0.000000000,1.000000000
1403715317.117143154,0.995976000,-1.492270000,1.343122000,0.000000000,0.000000000,0.000000000,1.000000000
1403715317.122143030,0.996929000,-1.491026000,1.342054000,0.000000000,0.000000000,0.000000000,1.000000000
1403715317.127142906,0.997889000,-1.489777000,1.340990000,0.000000000,0.000000000,0.000000000,1.000000000
1403715317.132143259,0.998856000,-1.488523000,1.339935000,0.000000000,0.000000000,0.000000000,1.000000000
1403715317.137142897,0.999828000,-1.487265000,1.338891000,0.000000000,0.000000000,0.000000000,1.000000000
1403715317.142143011,1.000802000,-1.486007000,1.337851000,0.000000000,0.000000000,0.000000000,1.000000000
1403715317.147142887,1.001772000,-1.484741000,1.336812000,0.000000000,0.000000000,0.000000000,1.000000000
1403715317.152143240,1.002671000,-1.483504000,1.335781000,0.000000000,0.000000000,0.000000000,1.000000000
1403715317.157143116,1.003610000,-1.482233000,1.334742000,0.000000000,0.000000000,0.000000000,1.000000000
1403715317.162142992,1.004551000,-1.480963000,1.333710000,0.000000000,0.000000000,0.000000000,1.000000000
1403715317.167143345,1.005492000,-1.479685000,1.332684000,0.000000000,0.000000000,0.000000000,1.000000000
1403715317.172143221,1.006435000,-1.478403000,1.331655000,0.000000000,0.000000000,0.000000000,1.000000000
1403715317.177143097,1.007390000,-1.477122000,1.330628000,0.000000000,0.000000000,0.000000000,1.000000000
1403715317.182142973,1.008346000,-1.475837000,1.329601000,0.000000000,0.000000000,0.000000000,1.000000000
1403715317.187143326,1.009300000,-1.474546000,1.328568000,0.000000000,0.000000000,0.000000000,1.000000000
1403715317.192142963,1.010254000,-1.473253000,1.327541000,0.000000000,0.000000000,0.000000000,1.000000000
1403715317.197143078,1.011204000,-1.471956000,1.326524000,0.000000000,0.000000000,0.000000000,1.000000000
1403715317.202142954,1.012090000,-1.470703000,1.325535000,0.000000000,0.000000000,0.000000000,1.000000000
1403715317.207143307,1.013024000,-1.469407000,1.324552000,0.000000000,0.000000000,0.000000000,1.000000000
1403715317.212142944,1.013965000,-1.468105000,1.323590000,0.000000000,0.000000000,0.000000000,1.000000000
1403715317.217143059,1.014913000,-1.466801000,1.322638000,0.000000000,0.000000000,0.000000000,1.000000000
1403715317.222143173,1.015867000,-1.465499000,1.321685000,0.000000000,0.000000000,0.000000000,1.000000000
1403715317.227143288,1.016824000,-1.464200000,1.320730000,0.000000000,0.000000000,0.000000000,1.000000000
1403715317.232142925,1.017784000,-1.462899000,1.319784000,0.000000000,0.000000000,0.000000000,1.000000000
1403715317.237143040,1.018751000,-1.461600000,1.318846000,0.000000000,0.000000000,0.000000000,1.000000000
1403715317.242143154,1.019729000,-1.460304000,1.317911000,0.000000000,0.000000000,0.000000000,1.000000000
1403715317.247143030,1.020709000,-1.459003000,1.316971000,0.000000000,0.000000000,0.000000000,1.000000000
1403715317.252142906,1.021624000,-1.457753000,1.316038000,0.000000000,0.000000000,0.000000000,1.000000000
1403715317.257143021,1.022591000,-1.456449000,1.315100000,0.000000000,0.000000000,0.000000000,1.000000000
1403715317.262143135,1.023561000,-1.455137000,1.314159000,0.000000000,0.000000000,0.000000000,1.000000000
1403715317.267143011,1.024533000,-1.453825000,1.313207000,0.000000000,0.000000000,0.000000000,1.000000000
1403715317.272142887,1.025511000,-1.452519000,1.312248000,0.000000000,0.000000000,0.000000000,1.000000000
1403715317.277143240,1.026495000,-1.451217000,1.311307000,0.000000000,0.000000000,0.000000000,1.000000000
1403715317.282143354,1.027479000,-1.449910000,1.310392000,0.000000000,0.000000000,0.000000000,1.000000000
1403715317.287142992,1.028463000,-1.448599000,1.309496000,0.000000000,0.000000000,0.000000000,1.000000000
1403715317.292143106,1.029451000,-1.447286000,1.308612000,0.000000000,0.000000000,0.000000000,1.000000000
1403715317.297143221,1.030443000,-1.445965000,1.307726000,0.000000000,0.000000000,0.000000000,1.000000000
1403715317.302143097,1.031378000,-1.444702000,1.306845000,0.000000000,0.000000000,0.000000000,1.000000000
1403715317.307142973,1.032362000,-1.443375000,1.305951000,0.000000000,0.000000000,0.000000000,1.000000000
1403715317.312143087,1.033348000,-1.442039000,1.305054000,0.000000000,0.000000000,0.000000000,1.000000000
1403715317.317143202,1.034334000,-1.440698000,1.304159000,0.000000000,0.000000000,0.000000000,1.000000000
1403715317.322143078,1.035319000,-1.439352000,1.303275000,0.000000000,0.000000000,0.000000000,1.000000000
1403715317.327142954,1.036305000,-1.438002000,1.302404000,0.000000000,0.000000000,0.000000000,1.000000000
1403715317.332143307,1.037297000,-1.436646000,1.301538000,0.000000000,0.000000000,0.000000000,1.000000000
1403715317.337143183,1.038299000,-1.435281000,1.300675000,0.000000000,0.000000000,0.000000000,1.000000000
1403715317.342143059,1.039307000,-1.433906000,1.299812000,0.000000000,0.000000000,0.000000000,1.000000000
1403715317.347142935,1.040316000,-1.432524000,1.298946000,0.000000000,0.000000000,0.000000000,1.000000000
1403715317.352143288,1.041267000,-1.431206000,1.298098000,0.000000000,0.000000000,0.000000000,1.000000000
1403715317.357143164,1.042261000,-1.429837000,1.297237000,0.000000000,0.000000000,0.000000000,1.000000000
1403715317.362143040,1.043249000,-1.428461000,1.296377000,0.000000000,0.000000000,0.000000000,1.000000000
1403715317.367142916,1.044236000,-1.427074000,1.295518000,0.000000000,0.000000000,0.000000000,1.000000000
1403715317.372143269,1.045226000,-1.425680000,1.294668000,0.000000000,0.000000000,0.000000000,1.000000000
1403715317.377142906,1.046226000,-1.424283000,1.293826000,0.000000000,0.000000000,0.000000000,1.000000000
1403715317.382143021,1.047238000,-1.422880000,1.293000000,0.000000000,0.000000000,0.000000000,1.000000000
1403715317.387142897,1.048256000,-1.421467000,1.292183000,0.000000000,0.000000000,0.000000000,1.000000000
1403715317.392143250,1.049276000,-1.420048000,1.291365000,0.000000000,0.000000000,0.000000000,1.000000000
1403715317.397142887,1.050299000,-1.418633000,1.290553000,0.000000000,0.000000000,0.000000000,1.000000000
1403715317.402143002,1.051267000,-1.417291000,1.289752000,0.000000000,0.000000000,0.000000000,1.000000000
1403715317.407143354,1.052279000,-1.415900000,1.288947000,0.000000000,0.000000000,0.000000000,1.000000000
1403715317.412143230,1.053292000,-1.414503000,1.288151000,0.000000000,0.000000000,0.000000000,1.000000000
1403715317.417143106,1.054314000,-1.413099000,1.287366000,0.000000000,0.000000000,0.000000000,1.000000000
1403715317.422142982,1.055345000,-1.411696000,1.286582000,0.000000000,0.000000000,0.000000000,1.000000000
1403715317.427143335,1.056382000,-1.410294000,1.285797000,0.000000000,0.000000000,0.000000000,1.000000000
1403715317.432142973,1.057416000,-1.408889000,1.285004000,0.000000000,0.000000000,0.000000000,1.000000000
1403715317.437143087,1.058445000,-1.407481000,1.284203000,0.000000000,0.000000000,0.000000000,1.000000000
1403715317.442142963,1.059474000,-1.406074000,1.283393000,0.000000000,0.000000000,0.000000000,1.000000000
1403715317.447143316,1.060507000,-1.404672000,1.282581000,0.000000000,0.000000000,0.000000000,1.000000000
1403715317.452142954,1.061484000,-1.403337000,1.281794000,0.000000000,0.000000000,0.000000000,1.000000000
1403715317.457143068,1.062511000,-1.401947000,1.281014000,0.000000000,0.000000000,0.000000000,1.000000000
1403715317.462142944,1.063538000,-1.400545000,1.280249000,0.000000000,0.000000000,0.000000000,1.000000000
1403715317.467143297,1.064567000,-1.399132000,1.279492000,0.000000000,0.000000000,0.000000000,1.000000000
1403715317.472142935,1.065600000,-1.397719000,1.278737000,0.000000000,0.000000000,0.000000000,1.000000000
1403715317.477143049,1.066636000,-1.396312000,1.277985000,0.000000000,0.000000000,0.000000000,1.000000000
1403715317.482143164,1.067673000,-1.394906000,1.277234000,0.000000000,0.000000000,0.000000000,1.000000000
1403715317.487143040,1.068711000,-1.393502000,1.276482000,0.000000000,0.000000000,0.000000000,1.000000000
1403715317.492142916,1.069755000,-1.392102000,1.275736000,0.000000000,0.000000000,0.000000000,1.000000000
1403715317.497143030,1.070808000,-1.390705000,1.274996000,0.000000000,0.000000000,0.000000000,1.000000000
1403715317.502143145,1.071802000,-1.389369000,1.274263000,0.000000000,0.000000000,0.000000000,1.000000000
1403715317.507143021,1.072856000,-1.387987000,1.273529000,0.000000000,0.000000000,0.000000000,1.000000000
1403715317.512142897,1.073912000,-1.386612000,1.272806000,0.000000000,0.000000000,0.000000000,1.000000000
1403715317.517143011,1.074963000,-1.385240000,1.272102000,0.000000000,0.000000000,0.000000000,1.000000000
1403715317.522143126,1.076002000,-1.383868000,1.271405000,0.000000000,0.000000000,0.000000000,1.000000000
1403715317.527143002,1.077030000,-1.382492000,1.270705000,0.000000000,0.000000000,0.000000000,1.000000000
1403715317.532143116,1.078064000,-1.381113000,1.269994000,0.000000000,0.000000000,0.000000000,1.000000000
1403715317.537143230,1.079113000,-1.379737000,1.269275000,0.000000000,0.000000000,0.000000000,1.000000000
1403715317.542143345,1.080175000,-1.378364000,1.268559000,0.000000000,0.000000000,0.000000000,1.000000000
1403715317.547142982,1.081244000,-1.376990000,1.267842000,0.000000000,0.000000000,0.000000000,1.000000000
1403715317.552143097,1.082247000,-1.375679000,1.267113000,0.000000000,0.000000000,0.000000000,1.000000000
1403715317.557143211,1.083298000,-1.374323000,1.266384000,0.000000000,0.000000000,0.000000000,1.000000000
1403715317.562143087,1.084341000,-1.372971000,1.265662000,0.000000000,0.000000000,0.000000000,1.000000000
1403715317.567142963,1.085387000,-1.371622000,1.264947000,0.000000000,0.000000000,0.000000000,1.000000000
1403715317.572143078,1.086450000,-1.370275000,1.264238000,0.000000000,0.000000000,0.000000000,1.000000000
1403715317.577143192,1.087525000,-1.368922000,1.263530000,0.000000000,0.000000000,0.000000000,1.000000000
1403715317.582143068,1.088601000,-1.367562000,1.262819000,0.000000000,0.000000000,0.000000000,1.000000000
1403715317.587142944,1.089672000,-1.366207000,1.262115000,0.000000000,0.000000000,0.000000000,1.000000000
1403715317.592143297,1.090740000,-1.364861000,1.261424000,0.000000000,0.000000000,0.000000000,1.000000000
1403715317.597143173,1.091811000,-1.363521000,1.260739000,0.000000000,0.000000000,0.000000000,1.000000000
1403715317.602143049,1.092825000,-1.362229000,1.260071000,0.000000000,0.000000000,0.000000000,1.000000000
1403715317.607142925,1.093901000,-1.360901000,1.259393000,0.000000000,0.000000000,0.000000000,1.000000000
1403715317.612143278,1.094981000,-1.359576000,1.258716000,0.000000000,0.000000000,0.000000000,1.000000000
1403715317.617143154,1.096056000,-1.358253000,1.258045000,0.000000000,0.000000000,0.000000000,1.000000000
1403715317.622143030,1.097123000,-1.356934000,1.257374000,0.000000000,0.000000000,0.000000000,1.000000000
1403715317.627142906,1.098187000,-1.355617000,1.256694000,0.000000000,0.000000000,0.000000000,1.000000000
1403715317.632143259,1.099258000,-1.354295000,1.256004000,0.000000000,0.000000000,0.000000000,1.000000000
1403715317.637142897,1.100340000,-1.352967000,1.255315000,0.000000000,0.000000000,0.000000000,1.000000000
1403715317.642143011,1.101434000,-1.351635000,1.254635000,0.000000000,0.000000000,0.000000000,1.000000000
1403715317.647142887,1.102532000,-1.350307000,1.253965000,0.000000000,0.000000000,0.000000000,1.000000000
1403715317.652143240,1.103544000,-1.349035000,1.253307000,0.000000000,0.000000000,0.000000000,1.000000000
1403715317.657143116,1.104609000,-1.347728000,1.252648000,0.000000000,0.000000000,0.000000000,1.000000000
1403715317.662142992,1.105664000,-1.346423000,1.251989000,0.000000000,0.000000000,0.000000000,1.000000000
1403715317.667143345,1.106714000,-1.345119000,1.251324000,0.000000000,0.000000000,0.000000000,1.000000000
1403715317.672143221,1.107771000,-1.343819000,1.250659000,0.000000000,0.000000000,0.000000000,1.000000000
1403715317.677143097,1.108835000,-1.342517000,1.250002000,0.000000000,0.000000000,0.000000000,1.000000000
1403715317.682142973,1.109902000,-1.341214000,1.249350000,0.000000000,0.000000000,0.000000000,1.000000000
1403715317.687143326,1.110969000,-1.339915000,1.248699000,0.000000000,0.000000000,0.000000000,1.000000000
1403715317.692142963,1.112032000,-1.338620000,1.248056000,0.000000000,0.000000000,0.000000000,1.000000000
1403715317.697143078,1.113089000,-1.337325000,1.247414000,0.000000000,0.000000000,0.000000000,1.000000000
1403715317.702142954,1.114059000,-1.336082000,1.246778000,0.000000000,0.000000000,0.000000000,1.000000000
1403715317.707143307,1.115098000,-1.334808000,1.246135000,0.000000000,0.000000000,0.000000000,1.000000000
1403715317.712142944,1.116140000,-1.333535000,1.245495000,0.000000000,0.000000000,0.000000000,1.000000000
1403715317.717143059,1.117183000,-1.332262000,1.244853000,0.000000000,0.000000000,0.000000000,1.000000000
1403715317.722143173,1.118225000,-1.330987000,1.244209000,0.000000000,0.000000000,0.000000000,1.000000000
1403715317.727143288,1.119269000,-1.329713000,1.243560000,0.000000000,0.000000000,0.000000000,1.000000000
1403715317.732142925,1.120314000,-1.328443000,1.242917000,0.000000000,0.000000000,0.000000000,1.000000000
1403715317.737143040,1.121352000,-1.327172000,1.242277000,0.000000000,0.000000000,0.000000000,1.000000000
1403715317.742143154,1.122380000,-1.325903000,1.241637000,0.000000000,0.000000000,0.000000000,1.000000000
1403715317.747143030,1.123406000,-1.324637000,1.240994000,0.000000000,0.000000000,0.000000000,1.000000000
1403715317.752142906,1.124338000,-1.323418000,1.240357000,0.000000000,0.000000000,0.000000000,1.000000000
1403715317.757143021,1.125344000,-1.322155000,1.239720000,0.000000000,0.000000000,0.000000000,1.000000000
1403715317.762143135,1.126354000,-1.320897000,1.239088000,0.000000000,0.000000000,0.000000000,1.000000000
1403715317.767143011,1.127367000,-1.319644000,1.238458000,0.000000000,0.000000000,0.000000000,1.000000000
1403715317.772142887,1.128382000,-1.318388000,1.237824000,0.000000000,0.000000000,0.000000000,1.000000000
1403715317.777143240,1.129393000,-1.317133000,1.237189000,0.000000000,0.000000000,0.000000000,1.000000000
1403715317.782143354,1.130396000,-1.315885000,1.236559000,0.000000000,0.000000000,0.000000000,1.000000000
1403715317.787142992,1.131394000,-1.314643000,1.235935000,0.000000000,0.000000000,0.000000000,1.000000000
1403715317.792143106,1.132392000,-1.313404000,1.235307000,0.000000000,0.000000000,0.000000000,1.000000000
1403715317.797143221,1.133394000,-1.312165000,1.234670000,0.000000000,0.000000000,0.000000000,1.000000000
1403715317.802143097,1.134301000,-1.310979000,1.234030000,0.000000000,0.000000000,0.000000000,1.000000000
1403715317.807142973,1.135278000,-1.309756000,1.233391000,0.000000000,0.000000000,0.000000000,1.000000000
1403715317.812143087,1.136245000,-1.308544000,1.232753000,0.000000000,0.000000000,0.000000000,1.000000000
1403715317.817143202,1.137197000,-1.307342000,1.232108000,0.000000000,0.000000000,0.000000000,1.000000000
1403715317.822143078,1.138141000,-1.306142000,1.231455000,0.000000000,0.000000000,0.000000000,1.000000000
1403715317.827142954,1.139077000,-1.304938000,1.230804000,0.000000000,0.000000000,0.000000000,1.000000000
1403715317.832143307,1.140016000,-1.303736000,1.230160000,0.000000000,0.000000000,0.000000000,1.000000000
1403715317.837143183,1.140969000,-1.302540000,1.229524000,0.000000000,0.000000000,0.000000000,1.000000000
1403715317.842143059,1.141926000,-1.301350000,1.228892000,0.000000000,0.000000000,0.000000000,1.000000000
1403715317.847142935,1.142868000,-1.300165000,1.228265000,0.000000000,0.000000000,0.000000000,1.000000000
1403715317.852143288,1.143688000,-1.299041000,1.227664000,0.000000000,0.000000000,0.000000000,1.000000000
1403715317.857143164,1.144574000,-1.297893000,1.227059000,0.000000000,0.000000000,0.000000000,1.000000000
1403715317.862143040,1.145456000,-1.296752000,1.226452000,0.000000000,0.000000000,0.000000000,1.000000000
1403715317.867142916,1.146345000,-1.295618000,1.225840000,0.000000000,0.000000000,0.000000000,1.000000000
1403715317.872143269,1.147242000,-1.294480000,1.225232000,0.000000000,0.000000000,0.000000000,1.000000000
1403715317.877142906,1.148136000,-1.293335000,1.224626000,0.000000000,0.000000000,0.000000000,1.000000000
1403715317.882143021,1.149015000,-1.292188000,1.224023000,0.000000000,0.000000000,0.000000000,1.000000000
1403715317.887142897,1.149871000,-1.291049000,1.223431000,0.000000000,0.000000000,0.000000000,1.000000000
1403715317.892143250,1.150695000,-1.289920000,1.222854000,0.000000000,0.000000000,0.000000000,1.000000000
1403715317.897142887,1.151503000,-1.288800000,1.222284000,0.000000000,0.000000000,0.000000000,1.000000000
1403715317.902143002,1.152205000,-1.287743000,1.221717000,0.000000000,0.000000000,0.000000000,1.000000000
1403715317.907143354,1.152994000,-1.286643000,1.221142000,0.000000000,0.000000000,0.000000000,1.000000000
1403715317.912143230,1.153788000,-1.285538000,1.220568000,0.000000000,0.000000000,0.000000000,1.000000000
1403715317.917143106,1.154582000,-1.284439000,1.219994000,0.000000000,0.000000000,0.000000000,1.000000000
1403715317.922142982,1.155364000,-1.283351000,1.219421000,0.000000000,0.000000000,0.000000000,1.000000000
1403715317.927143335,1.156123000,-1.282270000,1.218837000,0.000000000,0.000000000,0.000000000,1.000000000
1403715317.932142973,1.156857000,-1.281198000,1.218243000,0.000000000,0.000000000,0.000000000,1.000000000
1403715317.937143087,1.157576000,-1.280134000,1.217660000,0.000000000,0.000000000,0.000000000,1.000000000
1403715317.942142963,1.158288000,-1.279077000,1.217095000,0.000000000,0.000000000,0.000000000,1.000000000
1403715317.947143316,1.158990000,-1.278017000,1.216541000,0.000000000,0.000000000,0.000000000,1.000000000
1403715317.952142954,1.159682000,-1.276954000,1.215982000,0.000000000,0.000000000,0.000000000,1.000000000
1403715317.957143068,1.160216000,-1.275970000,1.215424000,0.000000000,0.000000000,0.000000000,1.000000000
1403715317.962142944,1.160853000,-1.274930000,1.214858000,0.000000000,0.000000000,0.000000000,1.000000000
1403715317.967143297,1.161473000,-1.273894000,1.214287000,0.000000000,0.000000000,0.000000000,1.000000000
1403715317.972142935,1.162087000,-1.272864000,1.213706000,0.000000000,0.000000000,0.000000000,1.000000000
1403715317.977143049,1.162705000,-1.271840000,1.213122000,0.000000000,0.000000000,0.000000000,1.000000000
1403715317.982143164,1.163331000,-1.270817000,1.212548000,0.000000000,0.000000000,0.000000000,1.000000000
1403715317.987143040,1.163962000,-1.269798000,1.211973000,0.000000000,0.000000000,0.000000000,1.000000000
1403715317.992142916,1.164587000,-1.268788000,1.211401000,0.000000000,0.000000000,0.000000000,1.000000000
1403715317.997143030,1.165194000,-1.267782000,1.210828000,0.000000000,0.000000000,0.000000000,1.000000000
1403715318.002143145,1.165655000,-1.266831000,1.210252000,0.000000000,0.000000000,0.000000000,1.000000000
1403715318.007143021,1.166206000,-1.265830000,1.209649000,0.000000000,0.000000000,0.000000000,1.000000000
1403715318.012142897,1.166760000,-1.264824000,1.209032000,0.000000000,0.000000000,0.000000000,1.000000000
1403715318.017143011,1.167322000,-1.263824000,1.208422000,0.000000000,0.000000000,0.000000000,1.000000000
1403715318.022143126,1.167883000,-1.262831000,1.207826000,0.000000000,0.000000000,0.000000000,1.000000000
1403715318.027143002,1.168434000,-1.261847000,1.207241000,0.000000000,0.000000000,0.000000000,1.000000000
1403715318.032143116,1.168965000,-1.260875000,1.206670000,0.000000000,0.000000000,0.000000000,1.000000000
1403715318.037143230,1.169476000,-1.259921000,1.206118000,0.000000000,0.000000000,0.000000000,1.000000000
1403715318.042143345,1.169972000,-1.258979000,1.205574000,0.000000000,0.000000000,0.000000000,1.000000000
1403715318.047142982,1.170461000,-1.258039000,1.205024000,0.000000000,0.000000000,0.000000000,1.000000000
1403715318.052143097,1.170819000,-1.257160000,1.204484000,0.000000000,0.000000000,0.000000000,1.000000000
1403715318.057143211,1.171281000,-1.256232000,1.203908000,0.000000000,0.000000000,0.000000000,1.000000000
1403715318.062143087,1.171738000,-1.255313000,1.203320000,0.000000000,0.000000000,0.000000000,1.000000000
1403715318.067142963,1.172179000,-1.254402000,1.202731000,0.000000000,0.000000000,0.000000000,1.000000000
1403715318.072143078,1.172602000,-1.253499000,1.202145000,0.000000000,0.000000000,0.000000000,1.000000000
1403715318.077143192,1.173017000,-1.252609000,1.201563000,0.000000000,0.000000000,0.000000000,1.000000000
1403715318.082143068,1.173430000,-1.251732000,1.200987000,0.000000000,0.000000000,0.000000000,1.000000000
1403715318.087142944,1.173844000,-1.250863000,1.200412000,0.000000000,0.000000000,0.000000000,1.000000000
1403715318.092143297,1.174263000,-1.250003000,1.199846000,0.000000000,0.000000000,0.000000000,1.000000000
1403715318.097143173,1.174675000,-1.249151000,1.199295000,0.000000000,0.000000000,0.000000000,1.000000000
1403715318.102143049,1.174935000,-1.248367000,1.198760000,0.000000000,0.000000000,0.000000000,1.000000000
1403715318.107142925,1.175277000,-1.247538000,1.198210000,0.000000000,0.000000000,0.000000000,1.000000000
1403715318.112143278,1.175600000,-1.246728000,1.197668000,0.000000000,0.000000000,0.000000000,1.000000000
1403715318.117143154,1.175908000,-1.245929000,1.197140000,0.000000000,0.000000000,0.000000000,1.000000000
1403715318.122143030,1.176212000,-1.245134000,1.196611000,0.000000000,0.000000000,0.000000000,1.000000000
1403715318.127142906,1.176517000,-1.244346000,1.196092000,0.000000000,0.000000000,0.000000000,1.000000000
1403715318.132143259,1.176815000,-1.243563000,1.195582000,0.000000000,0.000000000,0.000000000,1.000000000
1403715318.137142897,1.177102000,-1.242782000,1.195065000,0.000000000,0.000000000,0.000000000,1.000000000
1403715318.142143011,1.177372000,-1.242006000,1.194534000,0.000000000,0.000000000,0.000000000,1.000000000
1403715318.147142887,1.177626000,-1.241233000,1.193992000,0.000000000,0.000000000,0.000000000,1.000000000
1403715318.152143240,1.177747000,-1.240529000,1.193448000,0.000000000,0.000000000,0.000000000,1.000000000
1403715318.157143116,1.177961000,-1.239782000,1.192899000,0.000000000,0.000000000,0.000000000,1.000000000
1403715318.162142992,1.178169000,-1.239052000,1.192349000,0.000000000,0.000000000,0.000000000,1.000000000
1403715318.167143345,1.178367000,-1.238341000,1.191792000,0.000000000,0.000000000,0.000000000,1.000000000
1403715318.172143221,1.178555000,-1.237644000,1.191241000,0.000000000,0.000000000,0.000000000,1.000000000
1403715318.177143097,1.178730000,-1.236955000,1.190694000,0.000000000,0.000000000,0.000000000,1.000000000
1403715318.182142973,1.178893000,-1.236269000,1.190144000,0.000000000,0.000000000,0.000000000,1.000000000
1403715318.187143326,1.179045000,-1.235586000,1.189588000,0.000000000,0.000000000,0.000000000,1.000000000
1403715318.192142963,1.179185000,-1.234907000,1.189032000,0.000000000,0.000000000,0.000000000,1.000000000
1403715318.197143078,1.179315000,-1.234237000,1.188487000,0.000000000,0.000000000,0.000000000,1.000000000
1403715318.202142954,1.179309000,-1.233635000,1.187941000,0.000000000,0.000000000,0.000000000,1.000000000
1403715318.207143307,1.179402000,-1.232995000,1.187410000,0.000000000,0.000000000,0.000000000,1.000000000
1403715318.212142944,1.179487000,-1.232367000,1.186886000,0.000000000,0.000000000,0.000000000,1.000000000
1403715318.217143059,1.179561000,-1.231737000,1.186361000,0.000000000,0.000000000,0.000000000,1.000000000
1403715318.222143173,1.179620000,-1.231098000,1.185821000,0.000000000,0.000000000,0.000000000,1.000000000
1403715318.227143288,1.179661000,-1.230463000,1.185274000,0.000000000,0.000000000,0.000000000,1.000000000
1403715318.232142925,1.179692000,-1.229841000,1.184733000,0.000000000,0.000000000,0.000000000,1.000000000
1403715318.237143040,1.179719000,-1.229232000,1.184190000,0.000000000,0.000000000,0.000000000,1.000000000
1403715318.242143154,1.179743000,-1.228635000,1.183653000,0.000000000,0.000000000,0.000000000,1.000000000
1403715318.247143030,1.179765000,-1.228040000,1.183120000,0.000000000,0.000000000,0.000000000,1.000000000
1403715318.252142906,1.179649000,-1.227505000,1.182567000,0.000000000,0.000000000,0.000000000,1.000000000
1403715318.257143021,1.179620000,-1.226927000,1.182010000,0.000000000,0.000000000,0.000000000,1.000000000
1403715318.262143135,1.179570000,-1.226355000,1.181440000,0.000000000,0.000000000,0.000000000,1.000000000
1403715318.267143011,1.179495000,-1.225786000,1.180871000,0.000000000,0.000000000,0.000000000,1.000000000
1403715318.272142887,1.179395000,-1.225223000,1.180299000,0.000000000,0.000000000,0.000000000,1.000000000
1403715318.277143240,1.179281000,-1.224678000,1.179732000,0.000000000,0.000000000,0.000000000,1.000000000
1403715318.282143354,1.179167000,-1.224152000,1.179177000,0.000000000,0.000000000,0.000000000,1.000000000
1403715318.287142992,1.179049000,-1.223639000,1.178624000,0.000000000,0.000000000,0.000000000,1.000000000
1403715318.292143106,1.178921000,-1.223132000,1.178064000,0.000000000,0.000000000,0.000000000,1.000000000
1403715318.297143221,1.178775000,-1.222623000,1.177501000,0.000000000,0.000000000,0.000000000,1.000000000
1403715318.302143097,1.178486000,-1.222176000,1.176949000,0.000000000,0.000000000,0.000000000,1.000000000
1403715318.307142973,1.178273000,-1.221691000,1.176388000,0.000000000,0.000000000,0.000000000,1.000000000
1403715318.312143087,1.178045000,-1.221213000,1.175833000,0.000000000,0.000000000,0.000000000,1.000000000
1403715318.317143202,1.177808000,-1.220737000,1.175281000,0.000000000,0.000000000,0.000000000,1.000000000
1403715318.322143078,1.177569000,-1.220273000,1.174731000,0.000000000,0.000000000,0.000000000,1.000000000
1403715318.327142954,1.177326000,-1.219827000,1.174191000,0.000000000,0.000000000,0.000000000,1.000000000
1403715318.332143307,1.177068000,-1.219386000,1.173664000,0.000000000,0.000000000,0.000000000,1.000000000
1403715318.337143183,1.176789000,-1.218945000,1.173145000,0.000000000,0.000000000,0.000000000,1.000000000
1403715318.342143059,1.176486000,-1.218506000,1.172629000,0.000000000,0.000000000,0.000000000,1.000000000
1403715318.347142935,1.176166000,-1.218074000,1.172108000,0.000000000,0.000000000,0.000000000,1.000000000
1403715318.352143288,1.175728000,-1.217701000,1.171602000,0.000000000,0.000000000,0.000000000,1.000000000
1403715318.357143164,1.175378000,-1.217290000,1.171071000,0.000000000,0.000000000,0.000000000,1.000000000
1403715318.362143040,1.175028000,-1.216884000,1.170532000,0.000000000,0.000000000,0.000000000,1.000000000
1403715318.367142916,1.174670000,-1.216479000,1.169995000,0.000000000,0.000000000,0.000000000,1.000000000
1403715318.372143269,1.174293000,-1.216076000,1.169460000,0.000000000,0.000000000,0.000000000,1.000000000
1403715318.377142906,1.173896000,-1.215676000,1.168925000,0.000000000,0.000000000,0.000000000,1.000000000
1403715318.382143021,1.173483000,-1.215274000,1.168401000,0.000000000,0.000000000,0.000000000,1.000000000
1403715318.387142897,1.173057000,-1.214874000,1.167888000,0.000000000,0.000000000,0.000000000,1.000000000
1403715318.392143250,1.172623000,-1.214480000,1.167389000,0.000000000,0.000000000,0.000000000,1.000000000
1403715318.397142887,1.172182000,-1.214093000,1.166895000,0.000000000,0.000000000,0.000000000,1.000000000
1403715318.402143002,1.171625000,-1.213763000,1.166404000,0.000000000,0.000000000,0.000000000,1.000000000
1403715318.407143354,1.171142000,-1.213396000,1.165877000,0.000000000,0.000000000,0.000000000,1.000000000
1403715318.412143230,1.170646000,-1.213032000,1.165335000,0.000000000,0.000000000,0.000000000,1.000000000
1403715318.417143106,1.170136000,-1.212668000,1.164779000,0.000000000,0.000000000,0.000000000,1.000000000
1403715318.422142982,1.169612000,-1.212301000,1.164215000,0.000000000,0.000000000,0.000000000,1.000000000
1403715318.427143335,1.169072000,-1.211933000,1.163653000,0.000000000,0.000000000,0.000000000,1.000000000
1403715318.432142973,1.168521000,-1.211572000,1.163097000,0.000000000,0.000000000,0.000000000,1.000000000
1403715318.437143087,1.167956000,-1.211221000,1.162561000,0.000000000,0.000000000,0.000000000,1.000000000
1403715318.442142963,1.167377000,-1.210879000,1.162047000,0.000000000,0.000000000,0.000000000,1.000000000
1403715318.447143316,1.166784000,-1.210536000,1.161539000,0.000000000,0.000000000,0.000000000,1.000000000
1403715318.452142954,1.166085000,-1.210236000,1.161060000,0.000000000,0.000000000,0.000000000,1.000000000
1403715318.457143068,1.165459000,-1.209904000,1.160544000,0.000000000,0.000000000,0.000000000,1.000000000
1403715318.462142944,1.164833000,-1.209577000,1.160013000,0.000000000,0.000000000,0.000000000,1.000000000
1403715318.467143297,1.164207000,-1.209255000,1.159466000,0.000000000,0.000000000,0.000000000,1.000000000
1403715318.472142935,1.163575000,-1.208937000,1.158914000,0.000000000,0.000000000,0.000000000,1.000000000
1403715318.477143049,1.162936000,-1.208621000,1.158362000,0.000000000,0.000000000,0.000000000,1.000000000
1403715318.482143164,1.162292000,-1.208304000,1.157815000,0.000000000,0.000000000,0.000000000,1.000000000
1403715318.487143040,1.161641000,-1.207984000,1.157268000,0.000000000,0.000000000,0.000000000,1.000000000
1403715318.492142916,1.160984000,-1.207674000,1.156711000,0.000000000,0.000000000,0.000000000,1.000000000
1403715318.497143030,1.160324000,-1.207378000,1.156149000,0.000000000,0.000000000,0.000000000,1.000000000
1403715318.502143145,1.159580000,-1.207120000,1.155619000,0.000000000,0.000000000,0.000000000,1.000000000
1403715318.507143021,1.158892000,-1.206827000,1.155057000,0.000000000,0.000000000,0.000000000,1.000000000
1403715318.512142897,1.158199000,-1.206528000,1.154493000,0.000000000,0.000000000,0.000000000,1.000000000
1403715318.517143011,1.157503000,-1.206229000,1.153928000,0.000000000,0.000000000,0.000000000,1.000000000
1403715318.522143126,1.156802000,-1.205934000,1.153372000,0.000000000,0.000000000,0.000000000,1.000000000
1403715318.527143002,1.156097000,-1.205646000,1.152820000,0.000000000,0.000000000,0.000000000,1.000000000
1403715318.532143116,1.155389000,-1.205368000,1.152264000,0.000000000,0.000000000,0.000000000,1.000000000
1403715318.537143230,1.154681000,-1.205104000,1.151692000,0.000000000,0.000000000,0.000000000,1.000000000
1403715318.542143345,1.153980000,-1.204856000,1.151113000,0.000000000,0.000000000,0.000000000,1.000000000
1403715318.547142982,1.153283000,-1.204617000,1.150531000,0.000000000,0.000000000,0.000000000,1.000000000
1403715318.552143097,1.152513000,-1.204415000,1.149945000,0.000000000,0.000000000,0.000000000,1.000000000
1403715318.557143211,1.151796000,-1.204185000,1.149331000,0.000000000,0.000000000,0.000000000,1.000000000
1403715318.562143087,1.151075000,-1.203955000,1.148698000,0.000000000,0.000000000,0.000000000,1.000000000
1403715318.567142963,1.150352000,-1.203727000,1.148056000,0.000000000,0.000000000,0.000000000,1.000000000
1403715318.572143078,1.149632000,-1.203505000,1.147421000,0.000000000,0.000000000,0.000000000,1.000000000
1403715318.577143192,1.148916000,-1.203291000,1.146795000,0.000000000,0.000000000,0.000000000,1.000000000
1403715318.582143068,1.148202000,-1.203081000,1.146172000,0.000000000,0.000000000,0.000000000,1.000000000
1403715318.587142944,1.147489000,-1.202880000,1.145555000,0.000000000,0.000000000,0.000000000,1.000000000
1403715318.592143297,1.146772000,-1.202690000,1.144947000,0.000000000,0.000000000,0.000000000,1.000000000
1403715318.597143173,1.146049000,-1.202507000,1.144343000,0.000000000,0.000000000,0.000000000,1.000000000
1403715318.602143049,1.145261000,-1.202358000,1.143745000,0.000000000,0.000000000,0.000000000,1.000000000
1403715318.607142925,1.144529000,-1.202193000,1.143143000,0.000000000,0.000000000,0.000000000,1.000000000
1403715318.612143278,1.143805000,-1.202032000,1.142533000,0.000000000,0.000000000,0.000000000,1.000000000
1403715318.617143154,1.143086000,-1.201877000,1.141916000,0.000000000,0.000000000,0.000000000,1.000000000
1403715318.622143030,1.142369000,-1.201733000,1.141293000,0.000000000,0.000000000,0.000000000,1.000000000
1403715318.627142906,1.141653000,-1.201601000,1.140665000,0.000000000,0.000000000,0.000000000,1.000000000
1403715318.632143259,1.140936000,-1.201476000,1.140031000,0.000000000,0.000000000,0.000000000,1.000000000
1403715318.637142897,1.140218000,-1.201361000,1.139392000,0.000000000,0.000000000,0.000000000,1.000000000
1403715318.642143011,1.139501000,-1.201257000,1.138754000,0.000000000,0.000000000,0.000000000,1.000000000
1403715318.647142887,1.138788000,-1.201159000,1.138107000,0.000000000,0.000000000,0.000000000,1.000000000
1403715318.652143240,1.138021000,-1.201071000,1.137431000,0.000000000,0.000000000,0.000000000,1.000000000
1403715318.657143116,1.137313000,-1.200976000,1.136757000,0.000000000,0.000000000,0.000000000,1.000000000
1403715318.662142992,1.136613000,-1.200887000,1.136083000,0.000000000,0.000000000,0.000000000,1.000000000
1403715318.667143345,1.135916000,-1.200813000,1.135406000,0.000000000,0.000000000,0.000000000,1.000000000
1403715318.672143221,1.135219000,-1.200752000,1.134719000,0.000000000,0.000000000,0.000000000,1.000000000
1403715318.677143097,1.134522000,-1.200699000,1.134025000,0.000000000,0.000000000,0.000000000,1.000000000
1403715318.682142973,1.133827000,-1.200654000,1.133338000,0.000000000,0.000000000,0.000000000,1.000000000
1403715318.687143326,1.133139000,-1.200620000,1.132659000,0.000000000,0.000000000,0.000000000,1.000000000
1403715318.692142963,1.132456000,-1.200605000,1.131974000,0.000000000,0.000000000,0.000000000,1.000000000
1403715318.697143078,1.131781000,-1.200611000,1.131282000,0.000000000,0.000000000,0.000000000,1.000000000
1403715318.702142954,1.131063000,-1.200621000,1.130572000,0.000000000,0.000000000,0.000000000,1.000000000
1403715318.707143307,1.130396000,-1.200645000,1.129859000,0.000000000,0.000000000,0.000000000,1.000000000
1403715318.712142944,1.129731000,-1.200683000,1.129160000,0.000000000,0.000000000,0.000000000,1.000000000
1403715318.717143059,1.129067000,-1.200735000,1.128469000,0.000000000,0.000000000,0.000000000,1.000000000
1403715318.722143173,1.128407000,-1.200802000,1.127779000,0.000000000,0.000000000,0.000000000,1.000000000
1403715318.727143288,1.127747000,-1.200888000,1.127096000,0.000000000,0.000000000,0.000000000,1.000000000
1403715318.732142925,1.127092000,-1.200988000,1.126421000,0.000000000,0.000000000,0.000000000,1.000000000
1403715318.737143040,1.126452000,-1.201106000,1.125745000,0.000000000,0.000000000,0.000000000,1.000000000
1403715318.742143154,1.125835000,-1.201247000,1.125069000,0.000000000,0.000000000,0.000000000,1.000000000
1403715318.747143030,1.125232000,-1.201414000,1.124402000,0.000000000,0.000000000,0.000000000,1.000000000
1403715318.752142906,1.124565000,-1.201592000,1.123736000,0.000000000,0.000000000,0.000000000,1.000000000
1403715318.757143021,1.123915000,-1.201804000,1.123090000,0.000000000,0.000000000,0.000000000,1.000000000
1403715318.762143135,1.123250000,-1.202040000,1.122457000,0.000000000,0.000000000,0.000000000,1.000000000
1403715318.767143011,1.122585000,-1.202298000,1.121824000,0.000000000,0.000000000,0.000000000,1.000000000
1403715318.772142887,1.121935000,-1.202574000,1.121185000,0.000000000,0.000000000,0.000000000,1.000000000
1403715318.777143240,1.121306000,-1.202869000,1.120541000,0.000000000,0.000000000,0.000000000,1.000000000
1403715318.782143354,1.120691000,-1.203178000,1.119883000,0.000000000,0.000000000,0.000000000,1.000000000
1403715318.787142992,1.120078000,-1.203502000,1.119207000,0.000000000,0.000000000,0.000000000,1.000000000
1403715318.792143106,1.119458000,-1.203848000,1.118529000,0.000000000,0.000000000,0.000000000,1.000000000
1403715318.797143221,1.118830000,-1.204218000,1.117869000,0.000000000,0.000000000,0.000000000,1.000000000
1403715318.802143097,1.118162000,-1.204579000,1.117200000,0.000000000,0.000000000,0.000000000,1.000000000
1403715318.807142973,1.117532000,-1.204995000,1.116552000,0.000000000,0.000000000,0.000000000,1.000000000
1403715318.812143087,1.116920000,-1.205443000,1.115920000,0.000000000,0.000000000,0.000000000,1.000000000
1403715318.817143202,1.116324000,-1.205917000,1.115294000,0.000000000,0.000000000,0.000000000,1.000000000
1403715318.822143078,1.115737000,-1.206415000,1.114667000,0.000000000,0.000000000,0.000000000,1.000000000
1403715318.827142954,1.115151000,-1.206934000,1.114049000,0.000000000,0.000000000,0.000000000,1.000000000
1403715318.832143307,1.114563000,-1.207472000,1.113444000,0.000000000,0.000000000,0.000000000,1.000000000
1403715318.837143183,1.113974000,-1.208030000,1.112852000,0.000000000,0.000000000,0.000000000,1.000000000
1403715318.842143059,1.113390000,-1.208609000,1.112272000,0.000000000,0.000000000,0.000000000,1.000000000
1403715318.847142935,1.112810000,-1.209209000,1.111697000,0.000000000,0.000000000,0.000000000,1.000000000
1403715318.852143288,1.112193000,-1.209788000,1.111110000,0.000000000,0.000000000,0.000000000,1.000000000
1403715318.857143164,1.111614000,-1.210426000,1.110536000,0.000000000,0.000000000,0.000000000,1.000000000
1403715318.862143040,1.111040000,-1.211093000,1.109973000,0.000000000,0.000000000,0.000000000,1.000000000
1403715318.867142916,1.110472000,-1.211787000,1.109412000,0.000000000,0.000000000,0.000000000,1.000000000
1403715318.872143269,1.109912000,-1.212503000,1.108845000,0.000000000,0.000000000,0.000000000,1.000000000
1403715318.877142906,1.109364000,-1.213237000,1.108275000,0.000000000,0.000000000,0.000000000,1.000000000
1403715318.882143021,1.108825000,-1.213990000,1.107708000,0.000000000,0.000000000,0.000000000,1.000000000
1403715318.887142897,1.108292000,-1.214765000,1.107148000,0.000000000,0.000000000,0.000000000,1.000000000
1403715318.892143250,1.107761000,-1.215567000,1.106588000,0.000000000,0.000000000,0.000000000,1.000000000
1403715318.897142887,1.107235000,-1.216392000,1.106031000,0.000000000,0.000000000,0.000000000,1.000000000
1403715318.902143002,1.106675000,-1.217196000,1.105459000,0.000000000,0.000000000,0.000000000,1.000000000
1403715318.907143354,1.106161000,-1.218044000,1.104901000,0.000000000,0.000000000,0.000000000,1.000000000
1403715318.912143230,1.105667000,-1.218917000,1.104340000,0.000000000,0.000000000,0.000000000,1.000000000
1403715318.917143106,1.105185000,-1.219823000,1.103786000,0.000000000,0.000000000,0.000000000,1.000000000
1403715318.922142982,1.104707000,-1.220758000,1.103248000,0.000000000,0.000000000,0.000000000,1.000000000
1403715318.927143335,1.104227000,-1.221721000,1.102715000,0.000000000,0.000000000,0.000000000,1.000000000
1403715318.932142973,1.103743000,-1.222712000,1.102186000,0.000000000,0.000000000,0.000000000,1.000000000
1403715318.937143087,1.103259000,-1.223734000,1.101669000,0.000000000,0.000000000,0.000000000,1.000000000
1403715318.942142963,1.102782000,-1.224786000,1.101164000,0.000000000,0.000000000,0.000000000,1.000000000
1403715318.947143316,1.102313000,-1.225867000,1.100662000,0.000000000,0.000000000,0.000000000,1.000000000
1403715318.952142954,1.101812000,-1.226940000,1.100132000,0.000000000,0.000000000,0.000000000,1.000000000
1403715318.957143068,1.101348000,-1.228070000,1.099634000,0.000000000,0.000000000,0.000000000,1.000000000
1403715318.962142944,1.100885000,-1.229217000,1.099144000,0.000000000,0.000000000,0.000000000,1.000000000
1403715318.967143297,1.100420000,-1.230373000,1.098656000,0.000000000,0.000000000,0.000000000,1.000000000
1403715318.972142935,1.099959000,-1.231541000,1.098164000,0.000000000,0.000000000,0.000000000,1.000000000
1403715318.977143049,1.099502000,-1.232728000,1.097668000,0.000000000,0.000000000,0.000000000,1.000000000
1403715318.982143164,1.099056000,-1.233932000,1.097174000,0.000000000,0.000000000,0.000000000,1.000000000
1403715318.987143040,1.098626000,-1.235147000,1.096681000,0.000000000,0.000000000,0.000000000,1.000000000
1403715318.992142916,1.098206000,-1.236372000,1.096183000,0.000000000,0.000000000,0.000000000,1.000000000
1403715318.997143030,1.097792000,-1.237614000,1.095678000,0.000000000,0.000000000,0.000000000,1.000000000
1403715319.002143145,1.097340000,-1.238827000,1.095161000,0.000000000,0.000000000,0.000000000,1.000000000
1403715319.007143021,1.096914000,-1.240102000,1.094647000,0.000000000,0.000000000,0.000000000,1.000000000
1403715319.012142897,1.096487000,-1.241392000,1.094130000,0.000000000,0.000000000,0.000000000,1.000000000
1403715319.017143011,1.096058000,-1.242698000,1.093620000,0.000000000,0.000000000,0.000000000,1.000000000
1403715319.022143126,1.095637000,-1.244023000,1.093124000,0.000000000,0.000000000,0.000000000,1.000000000
1403715319.027143002,1.095226000,-1.245374000,1.092651000,0.000000000,0.000000000,0.000000000,1.000000000
1403715319.032143116,1.094823000,-1.246753000,1.092194000,0.000000000,0.000000000,0.000000000,1.000000000
1403715319.037143230,1.094426000,-1.248155000,1.091739000,0.000000000,0.000000000,0.000000000,1.000000000
1403715319.042143345,1.094032000,-1.249576000,1.091284000,0.000000000,0.000000000,0.000000000,1.000000000
1403715319.047142982,1.093639000,-1.251011000,1.090822000,0.000000000,0.000000000,0.000000000,1.000000000
1403715319.052143097,1.093211000,-1.252419000,1.090345000,0.000000000,0.000000000,0.000000000,1.000000000
1403715319.057143211,1.092818000,-1.253872000,1.089861000,0.000000000,0.000000000,0.000000000,1.000000000
1403715319.062143087,1.092436000,-1.255331000,1.089380000,0.000000000,0.000000000,0.000000000,1.000000000
1403715319.067142963,1.092067000,-1.256797000,1.088900000,0.000000000,0.000000000,0.000000000,1.000000000
1403715319.072143078,1.091711000,-1.258270000,1.088417000,0.000000000,0.000000000,0.000000000,1.000000000
1403715319.077143192,1.091362000,-1.259747000,1.087929000,0.000000000,0.000000000,0.000000000,1.000000000
1403715319.082143068,1.091010000,-1.261233000,1.087443000,0.000000000,0.000000000,0.000000000,1.000000000
1403715319.087142944,1.090653000,-1.262729000,1.086975000,0.000000000,0.000000000,0.000000000,1.000000000
1403715319.092143297,1.090303000,-1.264237000,1.086535000,0.000000000,0.000000000,0.000000000,1.000000000
1403715319.097143173,1.089965000,-1.265765000,1.086127000,0.000000000,0.000000000,0.000000000,1.000000000
1403715319.102143049,1.089586000,-1.267280000,1.085753000,0.000000000,0.000000000,0.000000000,1.000000000
1403715319.107142925,1.089254000,-1.268846000,1.085382000,0.000000000,0.000000000,0.000000000,1.000000000
1403715319.112143278,1.088927000,-1.270430000,1.085000000,0.000000000,0.000000000,0.000000000,1.000000000
1403715319.117143154,1.088609000,-1.272030000,1.084606000,0.000000000,0.000000000,0.000000000,1.000000000
1403715319.122143030,1.088300000,-1.273640000,1.084199000,0.000000000,0.000000000,0.000000000,1.000000000
1403715319.127142906,1.087999000,-1.275256000,1.083788000,0.000000000,0.000000000,0.000000000,1.000000000
1403715319.132143259,1.087706000,-1.276878000,1.083374000,0.000000000,0.000000000,0.000000000,1.000000000
1403715319.137142897,1.087415000,-1.278512000,1.082961000,0.000000000,0.000000000,0.000000000,1.000000000
1403715319.142143011,1.087125000,-1.280155000,1.082561000,0.000000000,0.000000000,0.000000000,1.000000000
1403715319.147142887,1.086843000,-1.281809000,1.082170000,0.000000000,0.000000000,0.000000000,1.000000000
1403715319.152143240,1.086515000,-1.283448000,1.081792000,0.000000000,0.000000000,0.000000000,1.000000000
1403715319.157143116,1.086244000,-1.285130000,1.081431000,0.000000000,0.000000000,0.000000000,1.000000000
1403715319.162142992,1.085982000,-1.286830000,1.081073000,0.000000000,0.000000000,0.000000000,1.000000000
1403715319.167143345,1.085724000,-1.288542000,1.080712000,0.000000000,0.000000000,0.000000000,1.000000000
1403715319.172143221,1.085471000,-1.290265000,1.080348000,0.000000000,0.000000000,0.000000000,1.000000000
1403715319.177143097,1.085226000,-1.291997000,1.079983000,0.000000000,0.000000000,0.000000000,1.000000000
1403715319.182142973,1.084997000,-1.293742000,1.079610000,0.000000000,0.000000000,0.000000000,1.000000000
1403715319.187143326,1.084790000,-1.295509000,1.079243000,0.000000000,0.000000000,0.000000000,1.000000000
1403715319.192142963,1.084603000,-1.297299000,1.078888000,0.000000000,0.000000000,0.000000000,1.000000000
1403715319.197143078,1.084428000,-1.299108000,1.078543000,0.000000000,0.000000000,0.000000000,1.000000000
1403715319.202142954,1.084196000,-1.300901000,1.078212000,0.000000000,0.000000000,0.000000000,1.000000000
1403715319.207143307,1.084006000,-1.302717000,1.077866000,0.000000000,0.000000000,0.000000000,1.000000000
1403715319.212142944,1.083822000,-1.304537000,1.077513000,0.000000000,0.000000000,0.000000000,1.000000000
1403715319.217143059,1.083649000,-1.306365000,1.077161000,0.000000000,0.000000000,0.000000000,1.000000000
1403715319.222143173,1.083493000,-1.308204000,1.076813000,0.000000000,0.000000000,0.000000000,1.000000000
1403715319.227143288,1.083353000,-1.310051000,1.076464000,0.000000000,0.000000000,0.000000000,1.000000000
1403715319.232142925,1.083225000,-1.311909000,1.076113000,0.000000000,0.000000000,0.000000000,1.000000000
1403715319.237143040,1.083109000,-1.313784000,1.075765000,0.000000000,0.000000000,0.000000000,1.000000000
1403715319.242143154,1.083002000,-1.315675000,1.075422000,0.000000000,0.000000000,0.000000000,1.000000000
1403715319.247143030,1.082898000,-1.317584000,1.075074000,0.000000000,0.000000000,0.000000000,1.000000000
1403715319.252142906,1.082739000,-1.319490000,1.074746000,0.000000000,0.000000000,0.000000000,1.000000000
1403715319.257143021,1.082637000,-1.321418000,1.074401000,0.000000000,0.000000000,0.000000000,1.000000000
1403715319.262143135,1.082554000,-1.323352000,1.074071000,0.000000000,0.000000000,0.000000000,1.000000000
1403715319.267143011,1.082489000,-1.325294000,1.073755000,0.000000000,0.000000000,0.000000000,1.000000000
1403715319.272142887,1.082436000,-1.327249000,1.073445000,0.000000000,0.000000000,0.000000000,1.000000000
1403715319.277143240,1.082391000,-1.329218000,1.073133000,0.000000000,0.000000000,0.000000000,1.000000000
1403715319.282143354,1.082350000,-1.331192000,1.072825000,0.000000000,0.000000000,0.000000000,1.000000000
1403715319.287142992,1.082314000,-1.333169000,1.072527000,0.000000000,0.000000000,0.000000000,1.000000000
1403715319.292143106,1.082290000,-1.335155000,1.072233000,0.000000000,0.000000000,0.000000000,1.000000000
1403715319.297143221,1.082283000,-1.337151000,1.071936000,0.000000000,0.000000000,0.000000000,1.000000000
1403715319.302143097,1.082226000,-1.339150000,1.071664000,0.000000000,0.000000000,0.000000000,1.000000000
1403715319.307142973,1.082239000,-1.341164000,1.071355000,0.000000000,0.000000000,0.000000000,1.000000000
1403715319.312143087,1.082262000,-1.343183000,1.071047000,0.000000000,0.000000000,0.000000000,1.000000000
1403715319.317143202,1.082289000,-1.345210000,1.070741000,0.000000000,0.000000000,0.000000000,1.000000000
1403715319.322143078,1.082318000,-1.347244000,1.070439000,0.000000000,0.000000000,0.000000000,1.000000000
1403715319.327142954,1.082352000,-1.349283000,1.070139000,0.000000000,0.000000000,0.000000000,1.000000000
1403715319.332143307,1.082404000,-1.351330000,1.069838000,0.000000000,0.000000000,0.000000000,1.000000000
1403715319.337143183,1.082478000,-1.353388000,1.069534000,0.000000000,0.000000000,0.000000000,1.000000000
1403715319.342143059,1.082576000,-1.355453000,1.069234000,0.000000000,0.000000000,0.000000000,1.000000000
1403715319.347142935,1.082693000,-1.357512000,1.068932000,0.000000000,0.000000000,0.000000000,1.000000000
1403715319.352143288,1.082738000,-1.359578000,1.068653000,0.000000000,0.000000000,0.000000000,1.000000000
1403715319.357143164,1.082844000,-1.361653000,1.068361000,0.000000000,0.000000000,0.000000000,1.000000000
1403715319.362143040,1.082958000,-1.363742000,1.068081000,0.000000000,0.000000000,0.000000000,1.000000000
1403715319.367142916,1.083092000,-1.365845000,1.067806000,0.000000000,0.000000000,0.000000000,1.000000000
1403715319.372143269,1.083258000,-1.367964000,1.067533000,0.000000000,0.000000000,0.000000000,1.000000000
1403715319.377142906,1.083460000,-1.370100000,1.067255000,0.000000000,0.000000000,0.000000000,1.000000000
1403715319.382143021,1.083687000,-1.372254000,1.066971000,0.000000000,0.000000000,0.000000000,1.000000000
1403715319.387142897,1.083920000,-1.374416000,1.066678000,0.000000000,0.000000000,0.000000000,1.000000000
1403715319.392143250,1.084148000,-1.376570000,1.066375000,0.000000000,0.000000000,0.000000000,1.000000000
1403715319.397142887,1.084380000,-1.378713000,1.066072000,0.000000000,0.000000000,0.000000000,1.000000000
1403715319.402143002,1.084557000,-1.380872000,1.065776000,0.000000000,0.000000000,0.000000000,1.000000000
1403715319.407143354,1.084811000,-1.383027000,1.065482000,0.000000000,0.000000000,0.000000000,1.000000000
1403715319.412143230,1.085088000,-1.385198000,1.065190000,0.000000000,0.000000000,0.000000000,1.000000000
1403715319.417143106,1.085384000,-1.387379000,1.064899000,0.000000000,0.000000000,0.000000000,1.000000000
1403715319.422142982,1.085697000,-1.389560000,1.064611000,0.000000000,0.000000000,0.000000000,1.000000000
1403715319.427143335,1.086017000,-1.391743000,1.064314000,0.000000000,0.000000000,0.000000000,1.000000000
1403715319.432142973,1.086337000,-1.393936000,1.064008000,0.000000000,0.000000000,0.000000000,1.000000000
1403715319.437143087,1.086664000,-1.396135000,1.063702000,0.000000000,0.000000000,0.000000000,1.000000000
1403715319.442142963,1.087004000,-1.398339000,1.063397000,0.000000000,0.000000000,0.000000000,1.000000000
1403715319.447143316,1.087366000,-1.400538000,1.063087000,0.000000000,0.000000000,0.000000000,1.000000000
1403715319.452142954,1.087671000,-1.402757000,1.062770000,0.000000000,0.000000000,0.000000000,1.000000000
1403715319.457143068,1.088039000,-1.404956000,1.062441000,0.000000000,0.000000000,0.000000000,1.000000000
1403715319.462142944,1.088406000,-1.407158000,1.062116000,0.000000000,0.000000000,0.000000000,1.000000000
1403715319.467143297,1.088767000,-1.409354000,1.061787000,0.000000000,0.000000000,0.000000000,1.000000000
1403715319.472142935,1.089131000,-1.411548000,1.061457000,0.000000000,0.000000000,0.000000000,1.000000000
1403715319.477143049,1.089510000,-1.413748000,1.061129000,0.000000000,0.000000000,0.000000000,1.000000000
1403715319.482143164,1.089913000,-1.415959000,1.060801000,0.000000000,0.000000000,0.000000000,1.000000000
1403715319.487143040,1.090341000,-1.418179000,1.060473000,0.000000000,0.000000000,0.000000000,1.000000000
1403715319.492142916,1.090785000,-1.420405000,1.060141000,0.000000000,0.000000000,0.000000000,1.000000000
1403715319.497143030,1.091232000,-1.422635000,1.059808000,0.000000000,0.000000000,0.000000000,1.000000000
1403715319.502143145,1.091609000,-1.424890000,1.059495000,0.000000000,0.000000000,0.000000000,1.000000000
1403715319.507143021,1.092040000,-1.427111000,1.059163000,0.000000000,0.000000000,0.000000000,1.000000000
1403715319.512142897,1.092484000,-1.429336000,1.058828000,0.000000000,0.000000000,0.000000000,1.000000000
1403715319.517143011,1.092947000,-1.431575000,1.058496000,0.000000000,0.000000000,0.000000000,1.000000000
1403715319.522143126,1.093429000,-1.433835000,1.058167000,0.000000000,0.000000000,0.000000000,1.000000000
1403715319.527143002,1.093925000,-1.436111000,1.057841000,0.000000000,0.000000000,0.000000000,1.000000000
1403715319.532143116,1.094428000,-1.438394000,1.057512000,0.000000000,0.000000000,0.000000000,1.000000000
1403715319.537143230,1.094934000,-1.440677000,1.057176000,0.000000000,0.000000000,0.000000000,1.000000000
1403715319.542143345,1.095438000,-1.442957000,1.056843000,0.000000000,0.000000000,0.000000000,1.000000000
1403715319.547142982,1.095947000,-1.445237000,1.056522000,0.000000000,0.000000000,0.000000000,1.000000000
1403715319.552143097,1.096414000,-1.447570000,1.056227000,0.000000000,0.000000000,0.000000000,1.000000000
1403715319.557143211,1.096947000,-1.449869000,1.055916000,0.000000000,0.000000000,0.000000000,1.000000000
1403715319.562143087,1.097496000,-1.452178000,1.055612000,0.000000000,0.000000000,0.000000000,1.000000000
1403715319.567142963,1.098061000,-1.454491000,1.055331000,0.000000000,0.000000000,0.000000000,1.000000000
1403715319.572143078,1.098638000,-1.456803000,1.055075000,0.000000000,0.000000000,0.000000000,1.000000000
1403715319.577143192,1.099223000,-1.459113000,1.054838000,0.000000000,0.000000000,0.000000000,1.000000000
1403715319.582143068,1.099816000,-1.461427000,1.054611000,0.000000000,0.000000000,0.000000000,1.000000000
1403715319.587142944,1.100425000,-1.463751000,1.054397000,0.000000000,0.000000000,0.000000000,1.000000000
1403715319.592143297,1.101053000,-1.466086000,1.054201000,0.000000000,0.000000000,0.000000000,1.000000000
1403715319.597143173,1.101703000,-1.468420000,1.054018000,0.000000000,0.000000000,0.000000000,1.000000000
1403715319.602143049,1.102322000,-1.470802000,1.053853000,0.000000000,0.000000000,0.000000000,1.000000000
1403715319.607142925,1.102997000,-1.473146000,1.053702000,0.000000000,0.000000000,0.000000000,1.000000000
1403715319.612143278,1.103684000,-1.475497000,1.053593000,0.000000000,0.000000000,0.000000000,1.000000000
1403715319.617143154,1.104384000,-1.477856000,1.053526000,0.000000000,0.000000000,0.000000000,1.000000000
1403715319.622143030,1.105098000,-1.480216000,1.053485000,0.000000000,0.000000000,0.000000000,1.000000000
1403715319.627142906,1.105828000,-1.482578000,1.053461000,0.000000000,0.000000000,0.000000000,1.000000000
1403715319.632143259,1.106569000,-1.484946000,1.053458000,0.000000000,0.000000000,0.000000000,1.000000000
1403715319.637142897,1.107325000,-1.487321000,1.053471000,0.000000000,0.000000000,0.000000000,1.000000000
1403715319.642143011,1.108091000,-1.489699000,1.053499000,0.000000000,0.000000000,0.000000000,1.000000000
1403715319.647142887,1.108865000,-1.492075000,1.053539000,0.000000000,0.000000000,0.000000000,1.000000000
1403715319.652143240,1.109612000,-1.494493000,1.053583000,0.000000000,0.000000000,0.000000000,1.000000000
1403715319.657143116,1.110402000,-1.496866000,1.053642000,0.000000000,0.000000000,0.000000000,1.000000000
1403715319.662142992,1.111207000,-1.499231000,1.053720000,0.000000000,0.000000000,0.000000000,1.000000000
1403715319.667143345,1.112023000,-1.501600000,1.053821000,0.000000000,0.000000000,0.000000000,1.000000000
1403715319.672143221,1.112841000,-1.503982000,1.053966000,0.000000000,0.000000000,0.000000000,1.000000000
1403715319.677143097,1.113667000,-1.506372000,1.054153000,0.000000000,0.000000000,0.000000000,1.000000000
1403715319.682142973,1.114512000,-1.508764000,1.054378000,0.000000000,0.000000000,0.000000000,1.000000000
1403715319.687143326,1.115377000,-1.511162000,1.054646000,0.000000000,0.000000000,0.000000000,1.000000000
1403715319.692142963,1.116258000,-1.513566000,1.054964000,0.000000000,0.000000000,0.000000000,1.000000000
1403715319.697143078,1.117153000,-1.515968000,1.055326000,0.000000000,0.000000000,0.000000000,1.000000000
1403715319.702142954,1.118029000,-1.518412000,1.055718000,0.000000000,0.000000000,0.000000000,1.000000000
1403715319.707143307,1.118934000,-1.520829000,1.056139000,0.000000000,0.000000000,0.000000000,1.000000000
1403715319.712142944,1.119842000,-1.523254000,1.056597000,0.000000000,0.000000000,0.000000000,1.000000000
1403715319.717143059,1.120761000,-1.525675000,1.057083000,0.000000000,0.000000000,0.000000000,1.000000000
1403715319.722143173,1.121694000,-1.528089000,1.057570000,0.000000000,0.000000000,0.000000000,1.000000000
1403715319.727143288,1.122637000,-1.530511000,1.058059000,0.000000000,0.000000000,0.000000000,1.000000000
1403715319.732142925,1.123587000,-1.532951000,1.058578000,0.000000000,0.000000000,0.000000000,1.000000000
1403715319.737143040,1.124544000,-1.535405000,1.059128000,0.000000000,0.000000000,0.000000000,1.000000000
1403715319.742143154,1.125512000,-1.537873000,1.059717000,0.000000000,0.000000000,0.000000000,1.000000000
1403715319.747143030,1.126489000,-1.540358000,1.060344000,0.000000000,0.000000000,0.000000000,1.000000000
1403715319.752142906,1.127451000,-1.542884000,1.060992000,0.000000000,0.000000000,0.000000000,1.000000000
1403715319.757143021,1.128441000,-1.545395000,1.061689000,0.000000000,0.000000000,0.000000000,1.000000000
1403715319.762143135,1.129446000,-1.547916000,1.062418000,0.000000000,0.000000000,0.000000000,1.000000000
1403715319.767143011,1.130462000,-1.550444000,1.063185000,0.000000000,0.000000000,0.000000000,1.000000000
1403715319.772142887,1.131483000,-1.552969000,1.063991000,0.000000000,0.000000000,0.000000000,1.000000000
1403715319.777143240,1.132514000,-1.555485000,1.064829000,0.000000000,0.000000000,0.000000000,1.000000000
1403715319.782143354,1.133550000,-1.558002000,1.065694000,0.000000000,0.000000000,0.000000000,1.000000000
1403715319.787142992,1.134588000,-1.560523000,1.066579000,0.000000000,0.000000000,0.000000000,1.000000000
1403715319.792143106,1.135630000,-1.563050000,1.067492000,0.000000000,0.000000000,0.000000000,1.000000000
1403715319.797143221,1.136678000,-1.565582000,1.068443000,0.000000000,0.000000000,0.000000000,1.000000000
1403715319.802143097,1.137721000,-1.568131000,1.069428000,0.000000000,0.000000000,0.000000000,1.000000000
1403715319.807142973,1.138783000,-1.570676000,1.070454000,0.000000000,0.000000000,0.000000000,1.000000000
1403715319.812143087,1.139854000,-1.573220000,1.071508000,0.000000000,0.000000000,0.000000000,1.000000000
1403715319.817143202,1.140937000,-1.575757000,1.072580000,0.000000000,0.000000000,0.000000000,1.000000000
1403715319.822143078,1.142029000,-1.578292000,1.073658000,0.000000000,0.000000000,0.000000000,1.000000000
1403715319.827142954,1.143122000,-1.580831000,1.074749000,0.000000000,0.000000000,0.000000000,1.000000000
1403715319.832143307,1.144208000,-1.583382000,1.075868000,0.000000000,0.000000000,0.000000000,1.000000000
1403715319.837143183,1.145292000,-1.585954000,1.077031000,0.000000000,0.000000000,0.000000000,1.000000000
1403715319.842143059,1.146382000,-1.588542000,1.078242000,0.000000000,0.000000000,0.000000000,1.000000000
1403715319.847142935,1.147479000,-1.591140000,1.079492000,0.000000000,0.000000000,0.000000000,1.000000000
1403715319.852143288,1.148570000,-1.593750000,1.080767000,0.000000000,0.000000000,0.000000000,1.000000000
1403715319.857143164,1.149676000,-1.596368000,1.082095000,0.000000000,0.000000000,0.000000000,1.000000000
1403715319.862143040,1.150788000,-1.598989000,1.083462000,0.000000000,0.000000000,0.000000000,1.000000000
1403715319.867142916,1.151904000,-1.601606000,1.084859000,0.000000000,0.000000000,0.000000000,1.000000000
1403715319.872143269,1.153030000,-1.604219000,1.086267000,0.000000000,0.000000000,0.000000000,1.000000000
1403715319.877142906,1.154166000,-1.606837000,1.087670000,0.000000000,0.000000000,0.000000000,1.000000000
1403715319.882143021,1.155302000,-1.609470000,1.089076000,0.000000000,0.000000000,0.000000000,1.000000000
1403715319.887142897,1.156444000,-1.612118000,1.090503000,0.000000000,0.000000000,0.000000000,1.000000000
1403715319.892143250,1.157595000,-1.614770000,1.091949000,0.000000000,0.000000000,0.000000000,1.000000000
1403715319.897142887,1.158756000,-1.617415000,1.093409000,0.000000000,0.000000000,0.000000000,1.000000000
1403715319.902143002,1.159917000,-1.620028000,1.094862000,0.000000000,0.000000000,0.000000000,1.000000000
1403715319.907143354,1.161086000,-1.622652000,1.096326000,0.000000000,0.000000000,0.000000000,1.000000000
1403715319.912143230,1.162261000,-1.625280000,1.097818000,0.000000000,0.000000000,0.000000000,1.000000000
1403715319.917143106,1.163444000,-1.627908000,1.099339000,0.000000000,0.000000000,0.000000000,1.000000000
1403715319.922142982,1.164636000,-1.630541000,1.100879000,0.000000000,0.000000000,0.000000000,1.000000000
1403715319.927143335,1.165835000,-1.633169000,1.102438000,0.000000000,0.000000000,0.000000000,1.000000000
1403715319.932142973,1.167040000,-1.635785000,1.104009000,0.000000000,0.000000000,0.000000000,1.000000000
1403715319.937143087,1.168249000,-1.638404000,1.105586000,0.000000000,0.000000000,0.000000000,1.000000000
1403715319.942142963,1.169459000,-1.641035000,1.107160000,0.000000000,0.000000000,0.000000000,1.000000000
1403715319.947143316,1.170673000,-1.643674000,1.108732000,0.000000000,0.000000000,0.000000000,1.000000000
1403715319.952142954,1.171898000,-1.646315000,1.110300000,0.000000000,0.000000000,0.000000000,1.000000000
1403715319.957143068,1.173126000,-1.648961000,1.111852000,0.000000000,0.000000000,0.000000000,1.000000000
1403715319.962142944,1.174334000,-1.651578000,1.113372000,0.000000000,0.000000000,0.000000000,1.000000000
1403715319.967143297,1.175574000,-1.654221000,1.114901000,0.000000000,0.000000000,0.000000000,1.000000000
1403715319.972142935,1.176824000,-1.656867000,1.116423000,0.000000000,0.000000000,0.000000000,1.000000000
1403715319.977143049,1.178081000,-1.659520000,1.117943000,0.000000000,0.000000000,0.000000000,1.000000000
1403715319.982143164,1.179341000,-1.662183000,1.119467000,0.000000000,0.000000000,0.000000000,1.000000000
1403715319.987143040,1.180605000,-1.664866000,1.120994000,0.000000000,0.000000000,0.000000000,1.000000000
1403715319.992142916,1.181874000,-1.667572000,1.122534000,0.000000000,0.000000000,0.000000000,1.000000000
1403715319.997143030,1.183147000,-1.670280000,1.124081000,0.000000000,0.000000000,0.000000000,1.000000000
1403715320.002143145,1.184412000,-1.672965000,1.125596000,0.000000000,0.000000000,0.000000000,1.000000000
1403715320.007143021,1.185700000,-1.675676000,1.127117000,0.000000000,0.000000000,0.000000000,1.000000000
1403715320.012142897,1.187000000,-1.678394000,1.128628000,0.000000000,0.000000000,0.000000000,1.000000000
1403715320.017143011,1.188313000,-1.681116000,1.130125000,0.000000000,0.000000000,0.000000000,1.000000000
1403715320.022143126,1.189633000,-1.683841000,1.131604000,0.000000000,0.000000000,0.000000000,1.000000000
1403715320.027143002,1.190952000,-1.686563000,1.133065000,0.000000000,0.000000000,0.000000000,1.000000000
1403715320.032143116,1.192270000,-1.689281000,1.134520000,0.000000000,0.000000000,0.000000000,1.000000000
1403715320.037143230,1.193591000,-1.692000000,1.135976000,0.000000000,0.000000000,0.000000000,1.000000000
1403715320.042143345,1.194920000,-1.694727000,1.137441000,0.000000000,0.000000000,0.000000000,1.000000000
1403715320.047142982,1.196259000,-1.697468000,1.138919000,0.000000000,0.000000000,0.000000000,1.000000000
1403715320.052143097,1.197579000,-1.700165000,1.140367000,0.000000000,0.000000000,0.000000000,1.000000000
1403715320.057143211,1.198918000,-1.702907000,1.141832000,0.000000000,0.000000000,0.000000000,1.000000000
1403715320.062143087,1.200255000,-1.705648000,1.143287000,0.000000000,0.000000000,0.000000000,1.000000000
1403715320.067142963,1.201593000,-1.708390000,1.144735000,0.000000000,0.000000000,0.000000000,1.000000000
1403715320.072143078,1.202937000,-1.711133000,1.146177000,0.000000000,0.000000000,0.000000000,1.000000000
1403715320.077143192,1.204294000,-1.713882000,1.147601000,0.000000000,0.000000000,0.000000000,1.000000000
1403715320.082143068,1.205665000,-1.716640000,1.149014000,0.000000000,0.000000000,0.000000000,1.000000000
1403715320.087142944,1.207052000,-1.719401000,1.150421000,0.000000000,0.000000000,0.000000000,1.000000000
1403715320.092143297,1.208449000,-1.722157000,1.151822000,0.000000000,0.000000000,0.000000000,1.000000000
1403715320.097143173,1.209850000,-1.724907000,1.153218000,0.000000000,0.000000000,0.000000000,1.000000000
1403715320.102143049,1.211234000,-1.727597000,1.154570000,0.000000000,0.000000000,0.000000000,1.000000000
1403715320.107142925,1.212635000,-1.730334000,1.155941000,0.000000000,0.000000000,0.000000000,1.000000000
1403715320.112143278,1.214042000,-1.733076000,1.157295000,0.000000000,0.000000000,0.000000000,1.000000000
1403715320.117143154,1.215462000,-1.735818000,1.158636000,0.000000000,0.000000000,0.000000000,1.000000000
1403715320.122143030,1.216894000,-1.738558000,1.159964000,0.000000000,0.000000000,0.000000000,1.000000000
1403715320.127142906,1.218336000,-1.741300000,1.161286000,0.000000000,0.000000000,0.000000000,1.000000000
1403715320.132143259,1.219783000,-1.744046000,1.162605000,0.000000000,0.000000000,0.000000000,1.000000000
1403715320.137142897,1.221226000,-1.746793000,1.163921000,0.000000000,0.000000000,0.000000000,1.000000000
1403715320.142143011,1.222674000,-1.749540000,1.165234000,0.000000000,0.000000000,0.000000000,1.000000000
1403715320.147142887,1.224132000,-1.752283000,1.166540000,0.000000000,0.000000000,0.000000000,1.000000000
1403715320.152143240,1.225577000,-1.754958000,1.167784000,0.000000000,0.000000000,0.000000000,1.000000000
1403715320.157143116,1.227043000,-1.757676000,1.169068000,0.000000000,0.000000000,0.000000000,1.000000000
1403715320.162142992,1.228513000,-1.760396000,1.170351000,0.000000000,0.000000000,0.000000000,1.000000000
1403715320.167143345,1.229988000,-1.763121000,1.171634000,0.000000000,0.000000000,0.000000000,1.000000000
1403715320.172143221,1.231473000,-1.765851000,1.172919000,0.000000000,0.000000000,0.000000000,1.000000000
1403715320.177143097,1.232968000,-1.768587000,1.174199000,0.000000000,0.000000000,0.000000000,1.000000000
1403715320.182142973,1.234474000,-1.771327000,1.175481000,0.000000000,0.000000000,0.000000000,1.000000000
1403715320.187143326,1.235988000,-1.774065000,1.176769000,0.000000000,0.000000000,0.000000000,1.000000000
1403715320.192142963,1.237503000,-1.776799000,1.178059000,0.000000000,0.000000000,0.000000000,1.000000000
1403715320.197143078,1.239019000,-1.779528000,1.179354000,0.000000000,0.000000000,0.000000000,1.000000000
1403715320.202142954,1.240529000,-1.782186000,1.180587000,0.000000000,0.000000000,0.000000000,1.000000000
1403715320.207143307,1.242064000,-1.784889000,1.181877000,0.000000000,0.000000000,0.000000000,1.000000000
1403715320.212142944,1.243612000,-1.787592000,1.183175000,0.000000000,0.000000000,0.000000000,1.000000000
1403715320.217143059,1.245172000,-1.790301000,1.184468000,0.000000000,0.000000000,0.000000000,1.000000000
1403715320.222143173,1.246737000,-1.793015000,1.185757000,0.000000000,0.000000000,0.000000000,1.000000000
1403715320.227143288,1.248305000,-1.795728000,1.187040000,0.000000000,0.000000000,0.000000000,1.000000000
1403715320.232142925,1.249874000,-1.798438000,1.188319000,0.000000000,0.000000000,0.000000000,1.000000000
1403715320.237143040,1.251449000,-1.801148000,1.189591000,0.000000000,0.000000000,0.000000000,1.000000000
1403715320.242143154,1.253036000,-1.803858000,1.190860000,0.000000000,0.000000000,0.000000000,1.000000000
1403715320.247143030,1.254636000,-1.806571000,1.192129000,0.000000000,0.000000000,0.000000000,1.000000000
1403715320.252142906,1.256240000,-1.809216000,1.193307000,0.000000000,0.000000000,0.000000000,1.000000000
1403715320.257143021,1.257864000,-1.811898000,1.194542000,0.000000000,0.000000000,0.000000000,1.000000000
1403715320.262143135,1.259491000,-1.814572000,1.195767000,0.000000000,0.000000000,0.000000000,1.000000000
1403715320.267143011,1.261125000,-1.817243000,1.196990000,0.000000000,0.000000000,0.000000000,1.000000000
1403715320.272142887,1.262772000,-1.819919000,1.198210000,0.000000000,0.000000000,0.000000000,1.000000000
1403715320.277143240,1.264431000,-1.822602000,1.199424000,0.000000000,0.000000000,0.000000000,1.000000000
1403715320.282143354,1.266099000,-1.825282000,1.200637000,0.000000000,0.000000000,0.000000000,1.000000000
1403715320.287142992,1.267770000,-1.827957000,1.201852000,0.000000000,0.000000000,0.000000000,1.000000000
1403715320.292143106,1.269442000,-1.830621000,1.203067000,0.000000000,0.000000000,0.000000000,1.000000000
1403715320.297143221,1.271120000,-1.833277000,1.204277000,0.000000000,0.000000000,0.000000000,1.000000000
1403715320.302143097,1.272806000,-1.835874000,1.205396000,0.000000000,0.000000000,0.000000000,1.000000000
1403715320.307142973,1.274511000,-1.838514000,1.206564000,0.000000000,0.000000000,0.000000000,1.000000000
1403715320.312143087,1.276233000,-1.841157000,1.207719000,0.000000000,0.000000000,0.000000000,1.000000000
1403715320.317143202,1.277968000,-1.843792000,1.208874000,0.000000000,0.000000000,0.000000000,1.000000000
1403715320.322143078,1.279708000,-1.846415000,1.210025000,0.000000000,0.000000000,0.000000000,1.000000000
1403715320.327142954,1.281450000,-1.849026000,1.211166000,0.000000000,0.000000000,0.000000000,1.000000000
1403715320.332143307,1.283198000,-1.851633000,1.212290000,0.000000000,0.000000000,0.000000000,1.000000000
1403715320.337143183,1.284958000,-1.854241000,1.213405000,0.000000000,0.000000000,0.000000000,1.000000000
1403715320.342143059,1.286724000,-1.856850000,1.214513000,0.000000000,0.000000000,0.000000000,1.000000000
1403715320.347142935,1.288490000,-1.859457000,1.215613000,0.000000000,0.000000000,0.000000000,1.000000000
1403715320.352143288,1.290262000,-1.862000000,1.216632000,0.000000000,0.000000000,0.000000000,1.000000000
1403715320.357143164,1.292042000,-1.864580000,1.217705000,0.000000000,0.000000000,0.000000000,1.000000000
1403715320.362143040,1.293827000,-1.867150000,1.218769000,0.000000000,0.000000000,0.000000000,1.000000000
1403715320.367142916,1.295619000,-1.869715000,1.219831000,0.000000000,0.000000000,0.000000000,1.000000000
1403715320.372143269,1.297418000,-1.872282000,1.220894000,0.000000000,0.000000000,0.000000000,1.000000000
1403715320.377142906,1.299218000,-1.874839000,1.221953000,0.000000000,0.000000000,0.000000000,1.000000000
1403715320.382143021,1.301021000,-1.877379000,1.223015000,0.000000000,0.000000000,0.000000000,1.000000000
1403715320.387142897,1.302825000,-1.879906000,1.224089000,0.000000000,0.000000000,0.000000000,1.000000000
1403715320.392143250,1.304636000,-1.882423000,1.225168000,0.000000000,0.000000000,0.000000000,1.000000000
1403715320.397142887,1.306462000,-1.884931000,1.226251000,0.000000000,0.000000000,0.000000000,1.000000000
1403715320.402143002,1.308304000,-1.887384000,1.227263000,0.000000000,0.000000000,0.000000000,1.000000000
1403715320.407143354,1.310160000,-1.889879000,1.228340000,0.000000000,0.000000000,0.000000000,1.000000000
1403715320.412143230,1.312018000,-1.892368000,1.229432000,0.000000000,0.000000000,0.000000000,1.000000000
1403715320.417143106,1.313875000,-1.894840000,1.230539000,0.000000000,0.000000000,0.000000000,1.000000000
1403715320.422142982,1.315732000,-1.897295000,1.231647000,0.000000000,0.000000000,0.000000000,1.000000000
1403715320.427143335,1.317591000,-1.899741000,1.232748000,0.000000000,0.000000000,0.000000000,1.000000000
1403715320.432142973,1.319455000,-1.902184000,1.233852000,0.000000000,0.000000000,0.000000000,1.000000000
1403715320.437143087,1.321332000,-1.904619000,1.234955000,0.000000000,0.000000000,0.000000000,1.000000000
1403715320.442142963,1.323217000,-1.907043000,1.236046000,0.000000000,0.000000000,0.000000000,1.000000000
1403715320.447143316,1.325101000,-1.909452000,1.237122000,0.000000000,0.000000000,0.000000000,1.000000000
1403715320.452142954,1.326982000,-1.911793000,1.238116000,0.000000000,0.000000000,0.000000000,1.000000000
1403715320.457143068,1.328875000,-1.914148000,1.239157000,0.000000000,0.000000000,0.000000000,1.000000000
1403715320.462142944,1.330779000,-1.916485000,1.240194000,0.000000000,0.000000000,0.000000000,1.000000000
1403715320.467143297,1.332693000,-1.918806000,1.241235000,0.000000000,0.000000000,0.000000000,1.000000000
1403715320.472142935,1.334611000,-1.921109000,1.242279000,0.000000000,0.000000000,0.000000000,1.000000000
1403715320.477143049,1.336533000,-1.923392000,1.243325000,0.000000000,0.000000000,0.000000000,1.000000000
1403715320.482143164,1.338459000,-1.925650000,1.244369000,0.000000000,0.000000000,0.000000000,1.000000000
1403715320.487143040,1.340385000,-1.927888000,1.245405000,0.000000000,0.000000000,0.000000000,1.000000000
1403715320.492142916,1.342313000,-1.930110000,1.246435000,0.000000000,0.000000000,0.000000000,1.000000000
1403715320.497143030,1.344249000,-1.932324000,1.247459000,0.000000000,0.000000000,0.000000000,1.000000000
1403715320.502143145,1.346185000,-1.934498000,1.248417000,0.000000000,0.000000000,0.000000000,1.000000000
1403715320.507143021,1.348130000,-1.936685000,1.249412000,0.000000000,0.000000000,0.000000000,1.000000000
1403715320.512142897,1.350085000,-1.938860000,1.250396000,0.000000000,0.000000000,0.000000000,1.000000000
1403715320.517143011,1.352047000,-1.941025000,1.251368000,0.000000000,0.000000000,0.000000000,1.000000000
1403715320.522143126,1.354010000,-1.943194000,1.252328000,0.000000000,0.000000000,0.000000000,1.000000000
1403715320.527143002,1.355967000,-1.945372000,1.253294000,0.000000000,0.000000000,0.000000000,1.000000000
1403715320.532143116,1.357918000,-1.947547000,1.254270000,0.000000000,0.000000000,0.000000000,1.000000000
1403715320.537143230,1.359868000,-1.949715000,1.255252000,0.000000000,0.000000000,0.000000000,1.000000000
1403715320.542143345,1.361821000,-1.951876000,1.256236000,0.000000000,0.000000000,0.000000000,1.000000000
1403715320.547142982,1.363780000,-1.954030000,1.257219000,0.000000000,0.000000000,0.000000000,1.000000000
1403715320.552143097,1.365732000,-1.956142000,1.258160000,0.000000000,0.000000000,0.000000000,1.000000000
1403715320.557143211,1.367691000,-1.958261000,1.259141000,0.000000000,0.000000000,0.000000000,1.000000000
1403715320.562143087,1.369654000,-1.960373000,1.260129000,0.000000000,0.000000000,0.000000000,1.000000000
1403715320.567142963,1.371621000,-1.962474000,1.261125000,0.000000000,0.000000000,0.000000000,1.000000000
1403715320.572143078,1.373592000,-1.964561000,1.262130000,0.000000000,0.000000000,0.000000000,1.000000000
1403715320.577143192,1.375564000,-1.966641000,1.263143000,0.000000000,0.000000000,0.000000000,1.000000000
1403715320.582143068,1.377538000,-1.968713000,1.264159000,0.000000000,0.000000000,0.000000000,1.000000000
1403715320.587142944,1.379515000,-1.970763000,1.265179000,0.000000000,0.000000000,0.000000000,1.000000000
1403715320.592143297,1.381494000,-1.972795000,1.266199000,0.000000000,0.000000000,0.000000000,1.000000000
1403715320.597143173,1.383476000,-1.974822000,1.267223000,0.000000000,0.000000000,0.000000000,1.000000000
1403715320.602143049,1.385451000,-1.976825000,1.268220000,0.000000000,0.000000000,0.000000000,1.000000000
1403715320.607142925,1.387439000,-1.978835000,1.269241000,0.000000000,0.000000000,0.000000000,1.000000000
1403715320.612143278,1.389425000,-1.980830000,1.270260000,0.000000000,0.000000000,0.000000000,1.000000000
1403715320.617143154,1.391404000,-1.982808000,1.271281000,0.000000000,0.000000000,0.000000000,1.000000000
1403715320.622143030,1.393373000,-1.984764000,1.272305000,0.000000000,0.000000000,0.000000000,1.000000000
1403715320.627142906,1.395336000,-1.986698000,1.273329000,0.000000000,0.000000000,0.000000000,1.000000000
1403715320.632143259,1.397310000,-1.988626000,1.274348000,0.000000000,0.000000000,0.000000000,1.000000000
1403715320.637142897,1.399299000,-1.990552000,1.275350000,0.000000000,0.000000000,0.000000000,1.000000000
1403715320.642143011,1.401292000,-1.992472000,1.276340000,0.000000000,0.000000000,0.000000000,1.000000000
1403715320.647142887,1.403271000,-1.994375000,1.277325000,0.000000000,0.000000000,0.000000000,1.000000000
1403715320.652143240,1.405205000,-1.996239000,1.278282000,0.000000000,0.000000000,0.000000000,1.000000000
1403715320.657143116,1.407148000,-1.998090000,1.279240000,0.000000000,0.000000000,0.000000000,1.000000000
1403715320.662142992,1.409088000,-1.999924000,1.280185000,0.000000000,0.000000000,0.000000000,1.000000000
1403715320.667143345,1.411034000,-2.001747000,1.281128000,0.000000000,0.000000000,0.000000000,1.000000000
1403715320.672143221,1.412987000,-2.003560000,1.282065000,0.000000000,0.000000000,0.000000000,1.000000000
1403715320.677143097,1.414939000,-2.005362000,1.283000000,0.000000000,0.000000000,0.000000000,1.000000000
1403715320.682142973,1.416883000,-2.007149000,1.283938000,0.000000000,0.000000000,0.000000000,1.000000000
1403715320.687143326,1.418820000,-2.008914000,1.284869000,0.000000000,0.000000000,0.000000000,1.000000000
1403715320.692142963,1.420756000,-2.010655000,1.285777000,0.000000000,0.000000000,0.000000000,1.000000000
1403715320.697143078,1.422696000,-2.012382000,1.286677000,0.000000000,0.000000000,0.000000000,1.000000000
1403715320.702142954,1.424612000,-2.014109000,1.287580000,0.000000000,0.000000000,0.000000000,1.000000000
1403715320.707143307,1.426559000,-2.015829000,1.288477000,0.000000000,0.000000000,0.000000000,1.000000000
1403715320.712142944,1.428509000,-2.017536000,1.289368000,0.000000000,0.000000000,0.000000000,1.000000000
1403715320.717143059,1.430453000,-2.019229000,1.290251000,0.000000000,0.000000000,0.000000000,1.000000000
1403715320.722143173,1.432388000,-2.020908000,1.291123000,0.000000000,0.000000000,0.000000000,1.000000000
1403715320.727143288,1.434313000,-2.022577000,1.291980000,0.000000000,0.000000000,0.000000000,1.000000000
1403715320.732142925,1.436230000,-2.024237000,1.292823000,0.000000000,0.000000000,0.000000000,1.000000000
1403715320.737143040,1.438146000,-2.025886000,1.293668000,0.000000000,0.000000000,0.000000000,1.000000000
1403715320.742143154,1.440067000,-2.027520000,1.294518000,0.000000000,0.000000000,0.000000000,1.000000000
1403715320.747143030,1.441991000,-2.029140000,1.295362000,0.000000000,0.000000000,0.000000000,1.000000000
1403715320.752142906,1.443871000,-2.030752000,1.296221000,0.000000000,0.000000000,0.000000000,1.000000000
1403715320.757143021,1.445782000,-2.032342000,1.297060000,0.000000000,0.000000000,0.000000000,1.000000000
1403715320.762143135,1.447694000,-2.033910000,1.297885000,0.000000000,0.000000000,0.000000000,1.000000000
1403715320.767143011,1.449607000,-2.035461000,1.298699000,0.000000000,0.000000000,0.000000000,1.000000000
1403715320.772142887,1.451515000,-2.036993000,1.299509000,0.000000000,0.000000000,0.000000000,1.000000000
1403715320.777143240,1.453418000,-2.038508000,1.300314000,0.000000000,0.000000000,0.000000000,1.000000000
1403715320.782143354,1.455319000,-2.040008000,1.301127000,0.000000000,0.000000000,0.000000000,1.000000000
1403715320.787142992,1.457218000,-2.041490000,1.301943000,0.000000000,0.000000000,0.000000000,1.000000000
1403715320.792143106,1.459111000,-2.042959000,1.302754000,0.000000000,0.000000000,0.000000000,1.000000000
1403715320.797143221,1.460992000,-2.044417000,1.303560000,0.000000000,0.000000000,0.000000000,1.000000000
1403715320.802143097,1.462823000,-2.045869000,1.304376000,0.000000000,0.000000000,0.000000000,1.000000000
1403715320.807142973,1.464680000,-2.047288000,1.305158000,0.000000000,0.000000000,0.000000000,1.000000000
1403715320.812143087,1.466538000,-2.048681000,1.305918000,0.000000000,0.000000000,0.000000000,1.000000000
1403715320.817143202,1.468393000,-2.050057000,1.306652000,0.000000000,0.000000000,0.000000000,1.000000000
1403715320.822143078,1.470241000,-2.051421000,1.307373000,0.000000000,0.000000000,0.000000000,1.000000000
1403715320.827142954,1.472081000,-2.052763000,1.308086000,0.000000000,0.000000000,0.000000000,1.000000000
1403715320.832143307,1.473914000,-2.054081000,1.308789000,0.000000000,0.000000000,0.000000000,1.000000000
1403715320.837143183,1.475739000,-2.055375000,1.309484000,0.000000000,0.000000000,0.000000000,1.000000000
1403715320.842143059,1.477551000,-2.056645000,1.310174000,0.000000000,0.000000000,0.000000000,1.000000000
1403715320.847142935,1.479350000,-2.057897000,1.310859000,0.000000000,0.000000000,0.000000000,1.000000000
1403715320.852143288,1.481107000,-2.059147000,1.311567000,0.000000000,0.000000000,0.000000000,1.000000000
1403715320.857143164,1.482877000,-2.060361000,1.312235000,0.000000000,0.000000000,0.000000000,1.000000000
1403715320.862143040,1.484632000,-2.061557000,1.312894000,0.000000000,0.000000000,0.000000000,1.000000000
1403715320.867142916,1.486376000,-2.062732000,1.313555000,0.000000000,0.000000000,0.000000000,1.000000000
1403715320.872143269,1.488114000,-2.063884000,1.314213000,0.000000000,0.000000000,0.000000000,1.000000000
1403715320.877142906,1.489841000,-2.065017000,1.314859000,0.000000000,0.000000000,0.000000000,1.000000000
1403715320.882143021,1.491554000,-2.066129000,1.315495000,0.000000000,0.000000000,0.000000000,1.000000000
1403715320.887142897,1.493251000,-2.067217000,1.316122000,0.000000000,0.000000000,0.000000000,1.000000000
1403715320.892143250,1.494928000,-2.068278000,1.316751000,0.000000000,0.000000000,0.000000000,1.000000000
1403715320.897142887,1.496590000,-2.069304000,1.317382000,0.000000000,0.000000000,0.000000000,1.000000000
1403715320.902143002,1.498203000,-2.070324000,1.318048000,0.000000000,0.000000000,0.000000000,1.000000000
1403715320.907143354,1.499823000,-2.071318000,1.318697000,0.000000000,0.000000000,0.000000000,1.000000000
1403715320.912143230,1.501426000,-2.072291000,1.319350000,0.000000000,0.000000000,0.000000000,1.000000000
1403715320.917143106,1.503011000,-2.073245000,1.319992000,0.000000000,0.000000000,0.000000000,1.000000000
1403715320.922142982,1.504575000,-2.074185000,1.320626000,0.000000000,0.000000000,0.000000000,1.000000000
1403715320.927143335,1.506121000,-2.075105000,1.321254000,0.000000000,0.000000000,0.000000000,1.000000000
1403715320.932142973,1.507653000,-2.075999000,1.321878000,0.000000000,0.000000000,0.000000000,1.000000000
1403715320.937143087,1.509168000,-2.076869000,1.322501000,0.000000000,0.000000000,0.000000000,1.000000000
1403715320.942142963,1.510662000,-2.077720000,1.323125000,0.000000000,0.000000000,0.000000000,1.000000000
1403715320.947143316,1.512136000,-2.078554000,1.323754000,0.000000000,0.000000000,0.000000000,1.000000000
1403715320.952142954,1.513565000,-2.079376000,1.324405000,0.000000000,0.000000000,0.000000000,1.000000000
1403715320.957143068,1.514987000,-2.080163000,1.325050000,0.000000000,0.000000000,0.000000000,1.000000000
1403715320.962142944,1.516379000,-2.080923000,1.325701000,0.000000000,0.000000000,0.000000000,1.000000000
1403715320.967143297,1.517751000,-2.081661000,1.326345000,0.000000000,0.000000000,0.000000000,1.000000000
1403715320.972142935,1.519114000,-2.082376000,1.326969000,0.000000000,0.000000000,0.000000000,1.000000000
1403715320.977143049,1.520470000,-2.083077000,1.327579000,0.000000000,0.000000000,0.000000000,1.000000000
1403715320.982143164,1.521822000,-2.083762000,1.328183000,0.000000000,0.000000000,0.000000000,1.000000000
1403715320.987143040,1.523166000,-2.084428000,1.328782000,0.000000000,0.000000000,0.000000000,1.000000000
1403715320.992142916,1.524491000,-2.085074000,1.329373000,0.000000000,0.000000000,0.000000000,1.000000000
1403715320.997143030,1.525793000,-2.085699000,1.329960000,0.000000000,0.000000000,0.000000000,1.000000000
1403715321.002143145,1.527055000,-2.086315000,1.330578000,0.000000000,0.000000000,0.000000000,1.000000000
1403715321.007143021,1.528299000,-2.086893000,1.331180000,0.000000000,0.000000000,0.000000000,1.000000000
1403715321.012142897,1.529516000,-2.087453000,1.331780000,0.000000000,0.000000000,0.000000000,1.000000000
1403715321.017143011,1.530710000,-2.088000000,1.332374000,0.000000000,0.000000000,0.000000000,1.000000000
1403715321.022143126,1.531887000,-2.088528000,1.332964000,0.000000000,0.000000000,0.000000000,1.000000000
1403715321.027143002,1.533052000,-2.089036000,1.333554000,0.000000000,0.000000000,0.000000000,1.000000000
1403715321.032143116,1.534199000,-2.089525000,1.334143000,0.000000000,0.000000000,0.000000000,1.000000000
1403715321.037143230,1.535322000,-2.089994000,1.334729000,0.000000000,0.000000000,0.000000000,1.000000000
1403715321.042143345,1.536425000,-2.090438000,1.335306000,0.000000000,0.000000000,0.000000000,1.000000000
1403715321.047142982,1.537512000,-2.090859000,1.335872000,0.000000000,0.000000000,0.000000000,1.000000000
1403715321.052143097,1.538577000,-2.091285000,1.336470000,0.000000000,0.000000000,0.000000000,1.000000000
1403715321.057143211,1.539632000,-2.091681000,1.337054000,0.000000000,0.000000000,0.000000000,1.000000000
1403715321.062143087,1.540663000,-2.092072000,1.337657000,0.000000000,0.000000000,0.000000000,1.000000000
1403715321.067142963,1.541671000,-2.092459000,1.338262000,0.000000000,0.000000000,0.000000000,1.000000000
1403715321.072143078,1.542663000,-2.092833000,1.338851000,0.000000000,0.000000000,0.000000000,1.000000000
1403715321.077143192,1.543639000,-2.093187000,1.339427000,0.000000000,0.000000000,0.000000000,1.000000000
1403715321.082143068,1.544600000,-2.093513000,1.339998000,0.000000000,0.000000000,0.000000000,1.000000000
1403715321.087142944,1.545542000,-2.093818000,1.340572000,0.000000000,0.000000000,0.000000000,1.000000000
1403715321.092143297,1.546461000,-2.094110000,1.341149000,0.000000000,0.000000000,0.000000000,1.000000000
1403715321.097143173,1.547358000,-2.094392000,1.341720000,0.000000000,0.000000000,0.000000000,1.000000000
1403715321.102143049,1.548231000,-2.094690000,1.342305000,0.000000000,0.000000000,0.000000000,1.000000000
1403715321.107142925,1.549092000,-2.094960000,1.342865000,0.000000000,0.000000000,0.000000000,1.000000000
1403715321.112143278,1.549932000,-2.095217000,1.343415000,0.000000000,0.000000000,0.000000000,1.000000000
1403715321.117143154,1.550753000,-2.095450000,1.343953000,0.000000000,0.000000000,0.000000000,1.000000000
1403715321.122143030,1.551558000,-2.095658000,1.344484000,0.000000000,0.000000000,0.000000000,1.000000000
1403715321.127142906,1.552342000,-2.095857000,1.345022000,0.000000000,0.000000000,0.000000000,1.000000000
1403715321.132143259,1.553100000,-2.096053000,1.345574000,0.000000000,0.000000000,0.000000000,1.000000000
1403715321.137142897,1.553836000,-2.096238000,1.346126000,0.000000000,0.000000000,0.000000000,1.000000000
1403715321.142143011,1.554555000,-2.096405000,1.346664000,0.000000000,0.000000000,0.000000000,1.000000000
1403715321.147142887,1.555253000,-2.096560000,1.347184000,0.000000000,0.000000000,0.000000000,1.000000000
1403715321.152143240,1.555935000,-2.096732000,1.347724000,0.000000000,0.000000000,0.000000000,1.000000000
1403715321.157143116,1.556599000,-2.096867000,1.348223000,0.000000000,0.000000000,0.000000000,1.000000000
1403715321.162142992,1.557246000,-2.096987000,1.348714000,0.000000000,0.000000000,0.000000000,1.000000000
1403715321.167143345,1.557874000,-2.097085000,1.349203000,0.000000000,0.000000000,0.000000000,1.000000000
1403715321.172143221,1.558484000,-2.097166000,1.349691000,0.000000000,0.000000000,0.000000000,1.000000000
1403715321.177143097,1.559070000,-2.097240000,1.350182000,0.000000000,0.000000000,0.000000000,1.000000000
1403715321.182142973,1.559640000,-2.097304000,1.350667000,0.000000000,0.000000000,0.000000000,1.000000000
1403715321.187143326,1.560200000,-2.097354000,1.351132000,0.000000000,0.000000000,0.000000000,1.000000000
1403715321.192142963,1.560747000,-2.097389000,1.351582000,0.000000000,0.000000000,0.000000000,1.000000000
1403715321.197143078,1.561278000,-2.097415000,1.352030000,0.000000000,0.000000000,0.000000000,1.000000000
1403715321.202142954,1.561801000,-2.097467000,1.352524000,0.000000000,0.000000000,0.000000000,1.000000000
1403715321.207143307,1.562298000,-2.097466000,1.352980000,0.000000000,0.000000000,0.000000000,1.000000000
1403715321.212142944,1.562778000,-2.097444000,1.353427000,0.000000000,0.000000000,0.000000000,1.000000000
1403715321.217143059,1.563245000,-2.097406000,1.353878000,0.000000000,0.000000000,0.000000000,1.000000000
1403715321.222143173,1.563706000,-2.097359000,1.354339000,0.000000000,0.000000000,0.000000000,1.000000000
1403715321.227143288,1.564165000,-2.097301000,1.354795000,0.000000000,0.000000000,0.000000000,1.000000000
1403715321.232142925,1.564614000,-2.097231000,1.355237000,0.000000000,0.000000000,0.000000000,1.000000000
1403715321.237143040,1.565046000,-2.097151000,1.355681000,0.000000000,0.000000000,0.000000000,1.000000000
1403715321.242143154,1.565464000,-2.097055000,1.356123000,0.000000000,0.000000000,0.000000000,1.000000000
1403715321.247143030,1.565867000,-2.096940000,1.356567000,0.000000000,0.000000000,0.000000000,1.000000000
1403715321.252142906,1.566266000,-2.096855000,1.357037000,0.000000000,0.000000000,0.000000000,1.000000000
1403715321.257143021,1.566641000,-2.096724000,1.357480000,0.000000000,0.000000000,0.000000000,1.000000000
1403715321.262143135,1.566998000,-2.096583000,1.357917000,0.000000000,0.000000000,0.000000000,1.000000000
1403715321.267143011,1.567337000,-2.096432000,1.358351000,0.000000000,0.000000000,0.000000000,1.000000000
1403715321.272142887,1.567659000,-2.096266000,1.358787000,0.000000000,0.000000000,0.000000000,1.000000000
1403715321.277143240,1.567959000,-2.096084000,1.359218000,0.000000000,0.000000000,0.000000000,1.000000000
1403715321.282143354,1.568238000,-2.095887000,1.359639000,0.000000000,0.000000000,0.000000000,1.000000000
1403715321.287142992,1.568501000,-2.095677000,1.360054000,0.000000000,0.000000000,0.000000000,1.000000000
1403715321.292143106,1.568750000,-2.095456000,1.360464000,0.000000000,0.000000000,0.000000000,1.000000000
1403715321.297143221,1.568985000,-2.095227000,1.360874000,0.000000000,0.000000000,0.000000000,1.000000000
1403715321.302143097,1.569217000,-2.095031000,1.361304000,0.000000000,0.000000000,0.000000000,1.000000000
1403715321.307142973,1.569423000,-2.094785000,1.361716000,0.000000000,0.000000000,0.000000000,1.000000000
1403715321.312143087,1.569605000,-2.094525000,1.362128000,0.000000000,0.000000000,0.000000000,1.000000000
1403715321.317143202,1.569764000,-2.094249000,1.362541000,0.000000000,0.000000000,0.000000000,1.000000000
1403715321.322143078,1.569911000,-2.093955000,1.362952000,0.000000000,0.000000000,0.000000000,1.000000000
1403715321.327142954,1.570049000,-2.093651000,1.363356000,0.000000000,0.000000000,0.000000000,1.000000000
1403715321.332143307,1.570172000,-2.093338000,1.363762000,0.000000000,0.000000000,0.000000000,1.000000000
1403715321.337143183,1.570281000,-2.093013000,1.364171000,0.000000000,0.000000000,0.000000000,1.000000000
1403715321.342143059,1.570376000,-2.092676000,1.364577000,0.000000000,0.000000000,0.000000000,1.000000000
1403715321.347142935,1.570454000,-2.092324000,1.364972000,0.000000000,0.000000000,0.000000000,1.000000000
1403715321.352143288,1.570530000,-2.091998000,1.365381000,0.000000000,0.000000000,0.000000000,1.000000000
1403715321.357143164,1.570576000,-2.091610000,1.365769000,0.000000000,0.000000000,0.000000000,1.000000000
1403715321.362143040,1.570608000,-2.091208000,1.366159000,0.000000000,0.000000000,0.000000000,1.000000000
1403715321.367142916,1.570622000,-2.090795000,1.366554000,0.000000000,0.000000000,0.000000000,1.000000000
1403715321.372143269,1.570620000,-2.090370000,1.366954000,0.000000000,0.000000000,0.000000000,1.000000000
1403715321.377142906,1.570602000,-2.089927000,1.367358000,0.000000000,0.000000000,0.000000000,1.000000000
1403715321.382143021,1.570564000,-2.089470000,1.367760000,0.000000000,0.000000000,0.000000000,1.000000000
1403715321.387142897,1.570509000,-2.088999000,1.368159000,0.000000000,0.000000000,0.000000000,1.000000000
1403715321.392143250,1.570437000,-2.088515000,1.368553000,0.000000000,0.000000000,0.000000000,1.000000000
1403715321.397142887,1.570350000,-2.088018000,1.368947000,0.000000000,0.000000000,0.000000000,1.000000000
1403715321.402143002,1.570264000,-2.087568000,1.369359000,0.000000000,0.000000000,0.000000000,1.000000000
1403715321.407143354,1.570142000,-2.087063000,1.369778000,0.000000000,0.000000000,0.000000000,1.000000000
1403715321.412143230,1.569999000,-2.086544000,1.370210000,0.000000000,0.000000000,0.000000000,1.000000000
1403715321.417143106,1.569836000,-2.086007000,1.370635000,0.000000000,0.000000000,0.000000000,1.000000000
1403715321.422142982,1.569654000,-2.085454000,1.371054000,0.000000000,0.000000000,0.000000000,1.000000000
1403715321.427143335,1.569460000,-2.084884000,1.371473000,0.000000000,0.000000000,0.000000000,1.000000000
1403715321.432142973,1.569253000,-2.084304000,1.371890000,0.000000000,0.000000000,0.000000000,1.000000000
1403715321.437143087,1.569029000,-2.083724000,1.372303000,0.000000000,0.000000000,0.000000000,1.000000000
1403715321.442142963,1.568791000,-2.083137000,1.372702000,0.000000000,0.000000000,0.000000000,1.000000000
1403715321.447143316,1.568537000,-2.082535000,1.373088000,0.000000000,0.000000000,0.000000000,1.000000000
1403715321.452142954,1.568288000,-2.081960000,1.373468000,0.000000000,0.000000000,0.000000000,1.000000000
1403715321.457143068,1.567999000,-2.081330000,1.373851000,0.000000000,0.000000000,0.000000000,1.000000000
1403715321.462142944,1.567687000,-2.080685000,1.374237000,0.000000000,0.000000000,0.000000000,1.000000000
1403715321.467143297,1.567355000,-2.080027000,1.374622000,0.000000000,0.000000000,0.000000000,1.000000000
1403715321.472142935,1.567007000,-2.079356000,1.375005000,0.000000000,0.000000000,0.000000000,1.000000000
1403715321.477143049,1.566647000,-2.078676000,1.375386000,0.000000000,0.000000000,0.000000000,1.000000000
1403715321.482143164,1.566278000,-2.077988000,1.375768000,0.000000000,0.000000000,0.000000000,1.000000000
1403715321.487143040,1.565898000,-2.077296000,1.376152000,0.000000000,0.000000000,0.000000000,1.000000000
1403715321.492142916,1.565506000,-2.076597000,1.376534000,0.000000000,0.000000000,0.000000000,1.000000000
1403715321.497143030,1.565098000,-2.075881000,1.376921000,0.000000000,0.000000000,0.000000000,1.000000000
1403715321.502143145,1.564702000,-2.075187000,1.377320000,0.000000000,0.000000000,0.000000000,1.000000000
1403715321.507143021,1.564255000,-2.074449000,1.377708000,0.000000000,0.000000000,0.000000000,1.000000000
1403715321.512142897,1.563789000,-2.073695000,1.378087000,0.000000000,0.000000000,0.000000000,1.000000000
1403715321.517143011,1.563311000,-2.072926000,1.378461000,0.000000000,0.000000000,0.000000000,1.000000000
1403715321.522143126,1.562816000,-2.072157000,1.378839000,0.000000000,0.000000000,0.000000000,1.000000000
1403715321.527143002,1.562302000,-2.071386000,1.379224000,0.000000000,0.000000000,0.000000000,1.000000000
1403715321.532143116,1.561778000,-2.070607000,1.379607000,0.000000000,0.000000000,0.000000000,1.000000000
1403715321.537143230,1.561244000,-2.069814000,1.379987000,0.000000000,0.000000000,0.000000000,1.000000000
1403715321.542143345,1.560689000,-2.069010000,1.380362000,0.000000000,0.000000000,0.000000000,1.000000000
1403715321.547142982,1.560114000,-2.068193000,1.380733000,0.000000000,0.000000000,0.000000000,1.000000000
1403715321.552143097,1.559558000,-2.067387000,1.381079000,0.000000000,0.000000000,0.000000000,1.000000000
1403715321.557143211,1.558963000,-2.066544000,1.381429000,0.000000000,0.000000000,0.000000000,1.000000000
1403715321.562143087,1.558356000,-2.065686000,1.381793000,0.000000000,0.000000000,0.000000000,1.000000000
1403715321.567142963,1.557729000,-2.064812000,1.382166000,0.000000000,0.000000000,0.000000000,1.000000000
1403715321.572143078,1.557076000,-2.063930000,1.382544000,0.000000000,0.000000000,0.000000000,1.000000000
1403715321.577143192,1.556404000,-2.063038000,1.382928000,0.000000000,0.000000000,0.000000000,1.000000000
1403715321.582143068,1.555719000,-2.062130000,1.383313000,0.000000000,0.000000000,0.000000000,1.000000000
1403715321.587142944,1.555020000,-2.061214000,1.383698000,0.000000000,0.000000000,0.000000000,1.000000000
1403715321.592143297,1.554303000,-2.060289000,1.384086000,0.000000000,0.000000000,0.000000000,1.000000000
1403715321.597143173,1.553566000,-2.059350000,1.384468000,0.000000000,0.000000000,0.000000000,1.000000000
1403715321.602143049,1.552851000,-2.058419000,1.384832000,0.000000000,0.000000000,0.000000000,1.000000000
1403715321.607142925,1.552081000,-2.057457000,1.385212000,0.000000000,0.000000000,0.000000000,1.000000000
1403715321.612143278,1.551296000,-2.056482000,1.385594000,0.000000000,0.000000000,0.000000000,1.000000000
1403715321.617143154,1.550496000,-2.055497000,1.385986000,0.000000000,0.000000000,0.000000000,1.000000000
1403715321.622143030,1.549675000,-2.054504000,1.386392000,0.000000000,0.000000000,0.000000000,1.000000000
1403715321.627142906,1.548840000,-2.053500000,1.386802000,0.000000000,0.000000000,0.000000000,1.000000000
1403715321.632143259,1.547989000,-2.052484000,1.387210000,0.000000000,0.000000000,0.000000000,1.000000000
1403715321.637142897,1.547114000,-2.051461000,1.387629000,0.000000000,0.000000000,0.000000000,1.000000000
1403715321.642143011,1.546215000,-2.050426000,1.388065000,0.000000000,0.000000000,0.000000000,1.000000000
1403715321.647142887,1.545301000,-2.049375000,1.388504000,0.000000000,0.000000000,0.000000000,1.000000000
1403715321.652143240,1.544408000,-2.048333000,1.388908000,0.000000000,0.000000000,0.000000000,1.000000000
1403715321.657143116,1.543455000,-2.047276000,1.389353000,0.000000000,0.000000000,0.000000000,1.000000000
1403715321.662142992,1.542488000,-2.046211000,1.389809000,0.000000000,0.000000000,0.000000000,1.000000000
1403715321.667143345,1.541510000,-2.045142000,1.390267000,0.000000000,0.000000000,0.000000000,1.000000000
1403715321.672143221,1.540512000,-2.044068000,1.390738000,0.000000000,0.000000000,0.000000000,1.000000000
1403715321.677143097,1.539490000,-2.042982000,1.391222000,0.000000000,0.000000000,0.000000000,1.000000000
1403715321.682142973,1.538449000,-2.041875000,1.391710000,0.000000000,0.000000000,0.000000000,1.000000000
1403715321.687143326,1.537388000,-2.040749000,1.392202000,0.000000000,0.000000000,0.000000000,1.000000000
1403715321.692142963,1.536309000,-2.039617000,1.392701000,0.000000000,0.000000000,0.000000000,1.000000000
1403715321.697143078,1.535218000,-2.038481000,1.393208000,0.000000000,0.000000000,0.000000000,1.000000000
1403715321.702142954,1.534166000,-2.037345000,1.393672000,0.000000000,0.000000000,0.000000000,1.000000000
1403715321.707143307,1.533063000,-2.036188000,1.394164000,0.000000000,0.000000000,0.000000000,1.000000000
1403715321.712142944,1.531945000,-2.035019000,1.394656000,0.000000000,0.000000000,0.000000000,1.000000000
1403715321.717143059,1.530813000,-2.033839000,1.395147000,0.000000000,0.000000000,0.000000000,1.000000000
1403715321.722143173,1.529668000,-2.032649000,1.395632000,0.000000000,0.000000000,0.000000000,1.000000000
1403715321.727143288,1.528508000,-2.031450000,1.396124000,0.000000000,0.000000000,0.000000000,1.000000000
1403715321.732142925,1.527337000,-2.030239000,1.396625000,0.000000000,0.000000000,0.000000000,1.000000000
1403715321.737143040,1.526158000,-2.029011000,1.397135000,0.000000000,0.000000000,0.000000000,1.000000000
1403715321.742143154,1.524970000,-2.027762000,1.397648000,0.000000000,0.000000000,0.000000000,1.000000000
1403715321.747143030,1.523766000,-2.026494000,1.398156000,0.000000000,0.000000000,0.000000000,1.000000000
1403715321.752142906,1.522587000,-2.025229000,1.398628000,0.000000000,0.000000000,0.000000000,1.000000000
1403715321.757143021,1.521360000,-2.023940000,1.399116000,0.000000000,0.000000000,0.000000000,1.000000000
1403715321.762143135,1.520131000,-2.022639000,1.399607000,0.000000000,0.000000000,0.000000000,1.000000000
1403715321.767143011,1.518893000,-2.021321000,1.400100000,0.000000000,0.000000000,0.000000000,1.000000000
1403715321.772142887,1.517644000,-2.019982000,1.400594000,0.000000000,0.000000000,0.000000000,1.000000000
1403715321.777143240,1.516386000,-2.018629000,1.401082000,0.000000000,0.000000000,0.000000000,1.000000000
1403715321.782143354,1.515122000,-2.017266000,1.401567000,0.000000000,0.000000000,0.000000000,1.000000000
1403715321.787142992,1.513849000,-2.015890000,1.402052000,0.000000000,0.000000000,0.000000000,1.000000000
1403715321.792143106,1.512563000,-2.014505000,1.402540000,0.000000000,0.000000000,0.000000000,1.000000000
1403715321.797143221,1.511263000,-2.013110000,1.403040000,0.000000000,0.000000000,0.000000000,1.000000000
1403715321.802143097,1.509997000,-2.011712000,1.403531000,0.000000000,0.000000000,0.000000000,1.000000000
1403715321.807142973,1.508692000,-2.010282000,1.404038000,0.000000000,0.000000000,0.000000000,1.000000000
1403715321.812143087,1.507381000,-2.008838000,1.404550000,0.000000000,0.000000000,0.000000000,1.000000000
1403715321.817143202,1.506061000,-2.007380000,1.405084000,0.000000000,0.000000000,0.000000000,1.000000000
1403715321.822143078,1.504727000,-2.005901000,1.405629000,0.000000000,0.000000000,0.000000000,1.000000000
1403715321.827142954,1.503378000,-2.004409000,1.406174000,0.000000000,0.000000000,0.000000000,1.000000000
1403715321.832143307,1.502013000,-2.002910000,1.406729000,0.000000000,0.000000000,0.000000000,1.000000000
1403715321.837143183,1.500637000,-2.001399000,1.407297000,0.000000000,0.000000000,0.000000000,1.000000000
1403715321.842143059,1.499254000,-1.999868000,1.407867000,0.000000000,0.000000000,0.000000000,1.000000000
1403715321.847142935,1.497860000,-1.998320000,1.408427000,0.000000000,0.000000000,0.000000000,1.000000000
1403715321.852143288,1.496497000,-1.996775000,1.408971000,0.000000000,0.000000000,0.000000000,1.000000000
1403715321.857143164,1.495093000,-1.995191000,1.409529000,0.000000000,0.000000000,0.000000000,1.000000000
1403715321.862143040,1.493675000,-1.993589000,1.410084000,0.000000000,0.000000000,0.000000000,1.000000000
1403715321.867142916,1.492244000,-1.991970000,1.410642000,0.000000000,0.000000000,0.000000000,1.000000000
1403715321.872143269,1.490806000,-1.990331000,1.411196000,0.000000000,0.000000000,0.000000000,1.000000000
1403715321.877142906,1.489361000,-1.988668000,1.411747000,0.000000000,0.000000000,0.000000000,1.000000000
1403715321.882143021,1.487900000,-1.986979000,1.412293000,0.000000000,0.000000000,0.000000000,1.000000000
1403715321.887142897,1.486426000,-1.985271000,1.412833000,0.000000000,0.000000000,0.000000000,1.000000000
1403715321.892143250,1.484938000,-1.983542000,1.413364000,0.000000000,0.000000000,0.000000000,1.000000000
1403715321.897142887,1.483439000,-1.981788000,1.413890000,0.000000000,0.000000000,0.000000000,1.000000000
1403715321.902143002,1.481972000,-1.980035000,1.414403000,0.000000000,0.000000000,0.000000000,1.000000000
1403715321.907143354,1.480463000,-1.978235000,1.414920000,0.000000000,0.000000000,0.000000000,1.000000000
1403715321.912143230,1.478941000,-1.976413000,1.415436000,0.000000000,0.000000000,0.000000000,1.000000000
1403715321.917143106,1.477407000,-1.974566000,1.415952000,0.000000000,0.000000000,0.000000000,1.000000000
1403715321.922142982,1.475868000,-1.972685000,1.416463000,0.000000000,0.000000000,0.000000000,1.000000000
1403715321.927143335,1.474327000,-1.970769000,1.416959000,0.000000000,0.000000000,0.000000000,1.000000000
1403715321.932142973,1.472783000,-1.968826000,1.417442000,0.000000000,0.000000000,0.000000000,1.000000000
1403715321.937143087,1.471235000,-1.966855000,1.417923000,0.000000000,0.000000000,0.000000000,1.000000000
1403715321.942142963,1.469683000,-1.964853000,1.418395000,0.000000000,0.000000000,0.000000000,1.000000000
1403715321.947143316,1.468125000,-1.962817000,1.418854000,0.000000000,0.000000000,0.000000000,1.000000000
1403715321.952142954,1.466593000,-1.960778000,1.419291000,0.000000000,0.000000000,0.000000000,1.000000000
1403715321.957143068,1.465017000,-1.958690000,1.419712000,0.000000000,0.000000000,0.000000000,1.000000000
1403715321.962142944,1.463437000,-1.956574000,1.420119000,0.000000000,0.000000000,0.000000000,1.000000000
1403715321.967143297,1.461853000,-1.954434000,1.420519000,0.000000000,0.000000000,0.000000000,1.000000000
1403715321.972142935,1.460263000,-1.952276000,1.420924000,0.000000000,0.000000000,0.000000000,1.000000000
1403715321.977143049,1.458670000,-1.950102000,1.421335000,0.000000000,0.000000000,0.000000000,1.000000000
1403715321.982143164,1.457074000,-1.947907000,1.421755000,0.000000000,0.000000000,0.000000000,1.000000000
1403715321.987143040,1.455467000,-1.945681000,1.422183000,0.000000000,0.000000000,0.000000000,1.000000000
1403715321.992142916,1.453849000,-1.943425000,1.422619000,0.000000000,0.000000000,0.000000000,1.000000000
1403715321.997143030,1.452224000,-1.941137000,1.423057000,0.000000000,0.000000000,0.000000000,1.000000000
1403715322.002143145,1.450637000,-1.938852000,1.423479000,0.000000000,0.000000000,0.000000000,1.000000000
1403715322.007143021,1.449013000,-1.936532000,1.423894000,0.000000000,0.000000000,0.000000000,1.000000000
1403715322.012142897,1.447385000,-1.934202000,1.424298000,0.000000000,0.000000000,0.000000000,1.000000000
1403715322.017143011,1.445750000,-1.931854000,1.424691000,0.000000000,0.000000000,0.000000000,1.000000000
1403715322.022143126,1.444102000,-1.929481000,1.425073000,0.000000000,0.000000000,0.000000000,1.000000000
1403715322.027143002,1.442440000,-1.927079000,1.425455000,0.000000000,0.000000000,0.000000000,1.000000000
1403715322.032143116,1.440765000,-1.924648000,1.425845000,0.000000000,0.000000000,0.000000000,1.000000000
1403715322.037143230,1.439077000,-1.922197000,1.426250000,0.000000000,0.000000000,0.000000000,1.000000000
1403715322.042143345,1.437376000,-1.919736000,1.426685000,0.000000000,0.000000000,0.000000000,1.000000000
1403715322.047142982,1.435672000,-1.917267000,1.427147000,0.000000000,0.000000000,0.000000000,1.000000000
1403715322.052143097,1.434003000,-1.914804000,1.427620000,0.000000000,0.000000000,0.000000000,1.000000000
1403715322.057143211,1.432294000,-1.912297000,1.428100000,0.000000000,0.000000000,0.000000000,1.000000000
1403715322.062143087,1.430572000,-1.909765000,1.428584000,0.000000000,0.000000000,0.000000000,1.000000000
1403715322.067142963,1.428830000,-1.907204000,1.429063000,0.000000000,0.000000000,0.000000000,1.000000000
1403715322.072143078,1.427070000,-1.904611000,1.429538000,0.000000000,0.000000000,0.000000000,1.000000000
1403715322.077143192,1.425295000,-1.901992000,1.430018000,0.000000000,0.000000000,0.000000000,1.000000000
1403715322.082143068,1.423513000,-1.899359000,1.430501000,0.000000000,0.000000000,0.000000000,1.000000000
1403715322.087142944,1.421732000,-1.896716000,1.430997000,0.000000000,0.000000000,0.000000000,1.000000000
1403715322.092143297,1.419951000,-1.894057000,1.431505000,0.000000000,0.000000000,0.000000000,1.000000000
1403715322.097143173,1.418161000,-1.891375000,1.432015000,0.000000000,0.000000000,0.000000000,1.000000000
1403715322.102143049,1.416399000,-1.888683000,1.432527000,0.000000000,0.000000000,0.000000000,1.000000000
1403715322.107142925,1.414584000,-1.885940000,1.433039000,0.000000000,0.000000000,0.000000000,1.000000000
1403715322.112143278,1.412756000,-1.883174000,1.433543000,0.000000000,0.000000000,0.000000000,1.000000000
1403715322.117143154,1.410919000,-1.880398000,1.434043000,0.000000000,0.000000000,0.000000000,1.000000000
1403715322.122143030,1.409086000,-1.877612000,1.434541000,0.000000000,0.000000000,0.000000000,1.000000000
1403715322.127142906,1.407250000,-1.874818000,1.435036000,0.000000000,0.000000000,0.000000000,1.000000000
1403715322.132143259,1.405400000,-1.872010000,1.435538000,0.000000000,0.000000000,0.000000000,1.000000000
1403715322.137142897,1.403535000,-1.869179000,1.436050000,0.000000000,0.000000000,0.000000000,1.000000000
1403715322.142143011,1.401652000,-1.866324000,1.436563000,0.000000000,0.000000000,0.000000000,1.000000000
1403715322.147142887,1.399749000,-1.863457000,1.437077000,0.000000000,0.000000000,0.000000000,1.000000000
1403715322.152143240,1.397880000,-1.860605000,1.437600000,0.000000000,0.000000000,0.000000000,1.000000000
1403715322.157143116,1.395961000,-1.857728000,1.438136000,0.000000000,0.000000000,0.000000000,1.000000000
1403715322.162142992,1.394034000,-1.854845000,1.438682000,0.000000000,0.000000000,0.000000000,1.000000000
1403715322.167143345,1.392096000,-1.851958000,1.439227000,0.000000000,0.000000000,0.000000000,1.000000000
1403715322.172143221,1.390140000,-1.849059000,1.439772000,0.000000000,0.000000000,0.000000000,1.000000000
1403715322.177143097,1.388165000,-1.846141000,1.440319000,0.000000000,0.000000000,0.000000000,1.000000000
1403715322.182142973,1.386171000,-1.843199000,1.440863000,0.000000000,0.000000000,0.000000000,1.000000000
1403715322.187143326,1.384162000,-1.840233000,1.441409000,0.000000000,0.000000000,0.000000000,1.000000000
1403715322.192142963,1.382144000,-1.837250000,1.441962000,0.000000000,0.000000000,0.000000000,1.000000000
1403715322.197143078,1.380121000,-1.834258000,1.442514000,0.000000000,0.000000000,0.000000000,1.000000000
1403715322.202142954,1.378144000,-1.831273000,1.443052000,0.000000000,0.000000000,0.000000000,1.000000000
1403715322.207143307,1.376113000,-1.828270000,1.443576000,0.000000000,0.000000000,0.000000000,1.000000000
1403715322.212142944,1.374065000,-1.825252000,1.444101000,0.000000000,0.000000000,0.000000000,1.000000000
1403715322.217143059,1.372003000,-1.822209000,1.444636000,0.000000000,0.000000000,0.000000000,1.000000000
1403715322.222143173,1.369931000,-1.819148000,1.445169000,0.000000000,0.000000000,0.000000000,1.000000000
1403715322.227143288,1.367853000,-1.816081000,1.445690000,0.000000000,0.000000000,0.000000000,1.000000000
1403715322.232142925,1.365775000,-1.813014000,1.446206000,0.000000000,0.000000000,0.000000000,1.000000000
1403715322.237143040,1.363694000,-1.809948000,1.446725000,0.000000000,0.000000000,0.000000000,1.000000000
1403715322.242143154,1.361601000,-1.806879000,1.447238000,0.000000000,0.000000000,0.000000000,1.000000000
1403715322.247143030,1.359493000,-1.803800000,1.447742000,0.000000000,0.000000000,0.000000000,1.000000000
1403715322.252142906,1.357435000,-1.800719000,1.448252000,0.000000000,0.000000000,0.000000000,1.000000000
1403715322.257143021,1.355323000,-1.797618000,1.448748000,0.000000000,0.000000000,0.000000000,1.000000000
1403715322.262143135,1.353213000,-1.794514000,1.449242000,0.000000000,0.000000000,0.000000000,1.000000000
1403715322.267143011,1.351105000,-1.791415000,1.449743000,0.000000000,0.000000000,0.000000000,1.000000000
1403715322.272142887,1.348993000,-1.788316000,1.450239000,0.000000000,0.000000000,0.000000000,1.000000000
1403715322.277143240,1.346874000,-1.785204000,1.450725000,0.000000000,0.000000000,0.000000000,1.000000000
1403715322.282143354,1.344747000,-1.782075000,1.451205000,0.000000000,0.000000000,0.000000000,1.000000000
1403715322.287142992,1.342607000,-1.778936000,1.451681000,0.000000000,0.000000000,0.000000000,1.000000000
1403715322.292143106,1.340456000,-1.775793000,1.452155000,0.000000000,0.000000000,0.000000000,1.000000000
1403715322.297143221,1.338302000,-1.772649000,1.452621000,0.000000000,0.000000000,0.000000000,1.000000000
1403715322.302143097,1.336208000,-1.769516000,1.453077000,0.000000000,0.000000000,0.000000000,1.000000000
1403715322.307142973,1.334067000,-1.766374000,1.453526000,0.000000000,0.000000000,0.000000000,1.000000000
1403715322.312143087,1.331919000,-1.763233000,1.453969000,0.000000000,0.000000000,0.000000000,1.000000000
1403715322.317143202,1.329763000,-1.760090000,1.454404000,0.000000000,0.000000000,0.000000000,1.000000000
1403715322.322143078,1.327596000,-1.756943000,1.454819000,0.000000000,0.000000000,0.000000000,1.000000000
1403715322.327142954,1.325416000,-1.753787000,1.455223000,0.000000000,0.000000000,0.000000000,1.000000000
1403715322.332143307,1.323222000,-1.750630000,1.455613000,0.000000000,0.000000000,0.000000000,1.000000000
1403715322.337143183,1.321015000,-1.747478000,1.455986000,0.000000000,0.000000000,0.000000000,1.000000000
1403715322.342143059,1.318797000,-1.744329000,1.456331000,0.000000000,0.000000000,0.000000000,1.000000000
1403715322.347142935,1.316577000,-1.741186000,1.456650000,0.000000000,0.000000000,0.000000000,1.000000000
1403715322.352143288,1.314417000,-1.738070000,1.456945000,0.000000000,0.000000000,0.000000000,1.000000000
1403715322.357143164,1.312199000,-1.734941000,1.457209000,0.000000000,0.000000000,0.000000000,1.000000000
1403715322.362143040,1.309966000,-1.731799000,1.457436000,0.000000000,0.000000000,0.000000000,1.000000000
1403715322.367142916,1.307720000,-1.728647000,1.457627000,0.000000000,0.000000000,0.000000000,1.000000000
1403715322.372143269,1.305464000,-1.725490000,1.457785000,0.000000000,0.000000000,0.000000000,1.000000000
1403715322.377142906,1.303204000,-1.722341000,1.457913000,0.000000000,0.000000000,0.000000000,1.000000000
1403715322.382143021,1.300942000,-1.719210000,1.458020000,0.000000000,0.000000000,0.000000000,1.000000000
1403715322.387142897,1.298682000,-1.716095000,1.458091000,0.000000000,0.000000000,0.000000000,1.000000000
1403715322.392143250,1.296420000,-1.712988000,1.458119000,0.000000000,0.000000000,0.000000000,1.000000000
1403715322.397142887,1.294147000,-1.709880000,1.458120000,0.000000000,0.000000000,0.000000000,1.000000000
1403715322.402143002,1.291934000,-1.706778000,1.458082000,0.000000000,0.000000000,0.000000000,1.000000000
1403715322.407143354,1.289659000,-1.703652000,1.458006000,0.000000000,0.000000000,0.000000000,1.000000000
1403715322.412143230,1.287377000,-1.700530000,1.457895000,0.000000000,0.000000000,0.000000000,1.000000000
1403715322.417143106,1.285096000,-1.697423000,1.457757000,0.000000000,0.000000000,0.000000000,1.000000000
1403715322.422142982,1.282823000,-1.694329000,1.457589000,0.000000000,0.000000000,0.000000000,1.000000000
1403715322.427143335,1.280553000,-1.691238000,1.457392000,0.000000000,0.000000000,0.000000000,1.000000000
1403715322.432142973,1.278277000,-1.688148000,1.457170000,0.000000000,0.000000000,0.000000000,1.000000000
1403715322.437143087,1.275992000,-1.685056000,1.456921000,0.000000000,0.000000000,0.000000000,1.000000000
1403715322.442142963,1.273701000,-1.681958000,1.456638000,0.000000000,0.000000000,0.000000000,1.000000000
1403715322.447143316,1.271408000,-1.678863000,1.456318000,0.000000000,0.000000000,0.000000000,1.000000000
1403715322.452142954,1.269194000,-1.675817000,1.455960000,0.000000000,0.000000000,0.000000000,1.000000000
1403715322.457143068,1.266930000,-1.672755000,1.455576000,0.000000000,0.000000000,0.000000000,1.000000000
1403715322.462142944,1.264674000,-1.669705000,1.455155000,0.000000000,0.000000000,0.000000000,1.000000000
1403715322.467143297,1.262416000,-1.666663000,1.454697000,0.000000000,0.000000000,0.000000000,1.000000000
1403715322.472142935,1.260155000,-1.663633000,1.454206000,0.000000000,0.000000000,0.000000000,1.000000000
1403715322.477143049,1.257890000,-1.660611000,1.453685000,0.000000000,0.000000000,0.000000000,1.000000000
1403715322.482143164,1.255622000,-1.657597000,1.453140000,0.000000000,0.000000000,0.000000000,1.000000000
1403715322.487143040,1.253351000,-1.654597000,1.452572000,0.000000000,0.000000000,0.000000000,1.000000000
1403715322.492142916,1.251073000,-1.651610000,1.451980000,0.000000000,0.000000000,0.000000000,1.000000000
1403715322.497143030,1.248786000,-1.648632000,1.451361000,0.000000000,0.000000000,0.000000000,1.000000000
1403715322.502143145,1.246572000,-1.645704000,1.450687000,0.000000000,0.000000000,0.000000000,1.000000000
1403715322.507143021,1.244285000,-1.642755000,1.449998000,0.000000000,0.000000000,0.000000000,1.000000000
1403715322.512142897,1.241995000,-1.639816000,1.449276000,0.000000000,0.000000000,0.000000000,1.000000000
1403715322.517143011,1.239706000,-1.636890000,1.448514000,0.000000000,0.000000000,0.000000000,1.000000000
1403715322.522143126,1.237418000,-1.633979000,1.447717000,0.000000000,0.000000000,0.000000000,1.000000000
1403715322.527143002,1.235131000,-1.631082000,1.446906000,0.000000000,0.000000000,0.000000000,1.000000000
1403715322.532143116,1.232842000,-1.628195000,1.446075000,0.000000000,0.000000000,0.000000000,1.000000000
1403715322.537143230,1.230546000,-1.625322000,1.445208000,0.000000000,0.000000000,0.000000000,1.000000000
1403715322.542143345,1.228249000,-1.622459000,1.444315000,0.000000000,0.000000000,0.000000000,1.000000000
1403715322.547142982,1.225958000,-1.619602000,1.443383000,0.000000000,0.000000000,0.000000000,1.000000000
1403715322.552143097,1.223770000,-1.616804000,1.442372000,0.000000000,0.000000000,0.000000000,1.000000000
1403715322.557143211,1.221504000,-1.613986000,1.441358000,0.000000000,0.000000000,0.000000000,1.000000000
1403715322.562143087,1.219237000,-1.611178000,1.440336000,0.000000000,0.000000000,0.000000000,1.000000000
1403715322.567142963,1.216960000,-1.608379000,1.439295000,0.000000000,0.000000000,0.000000000,1.000000000
1403715322.572143078,1.214668000,-1.605589000,1.438233000,0.000000000,0.000000000,0.000000000,1.000000000
1403715322.577143192,1.212366000,-1.602809000,1.437173000,0.000000000,0.000000000,0.000000000,1.000000000
1403715322.582143068,1.210060000,-1.600045000,1.436126000,0.000000000,0.000000000,0.000000000,1.000000000
1403715322.587142944,1.207749000,-1.597301000,1.435079000,0.000000000,0.000000000,0.000000000,1.000000000
1403715322.592143297,1.205438000,-1.594575000,1.434034000,0.000000000,0.000000000,0.000000000,1.000000000
1403715322.597143173,1.203121000,-1.591858000,1.432990000,0.000000000,0.000000000,0.000000000,1.000000000
1403715322.602143049,1.200903000,-1.589202000,1.431912000,0.000000000,0.000000000,0.000000000,1.000000000
1403715322.607142925,1.198586000,-1.586520000,1.430863000,0.000000000,0.000000000,0.000000000,1.000000000
1403715322.612143278,1.196258000,-1.583853000,1.429806000,0.000000000,0.000000000,0.000000000,1.000000000
1403715322.617143154,1.193918000,-1.581207000,1.428722000,0.000000000,0.000000000,0.000000000,1.000000000
1403715322.622143030,1.191565000,-1.578583000,1.427612000,0.000000000,0.000000000,0.000000000,1.000000000
1403715322.627142906,1.189206000,-1.575978000,1.426493000,0.000000000,0.000000000,0.000000000,1.000000000
1403715322.632143259,1.186844000,-1.573392000,1.425363000,0.000000000,0.000000000,0.000000000,1.000000000
1403715322.637142897,1.184476000,-1.570823000,1.424227000,0.000000000,0.000000000,0.000000000,1.000000000
1403715322.642143011,1.182098000,-1.568269000,1.423098000,0.000000000,0.000000000,0.000000000,1.000000000
1403715322.647142887,1.179710000,-1.565727000,1.421970000,0.000000000,0.000000000,0.000000000,1.000000000
1403715322.652143240,1.177434000,-1.563260000,1.420813000,0.000000000,0.000000000,0.000000000,1.000000000
1403715322.657143116,1.175049000,-1.560757000,1.419684000,0.000000000,0.000000000,0.000000000,1.000000000
1403715322.662142992,1.172652000,-1.558271000,1.418550000,0.000000000,0.000000000,0.000000000,1.000000000
1403715322.667143345,1.170251000,-1.555806000,1.417407000,0.000000000,0.000000000,0.000000000,1.000000000
1403715322.672143221,1.167847000,-1.553364000,1.416264000,0.000000000,0.000000000,0.000000000,1.000000000
1403715322.677143097,1.165430000,-1.550939000,1.415128000,0.000000000,0.000000000,0.000000000,1.000000000
1403715322.682142973,1.162996000,-1.548520000,1.414004000,0.000000000,0.000000000,0.000000000,1.000000000
1403715322.687143326,1.160544000,-1.546105000,1.412880000,0.000000000,0.000000000,0.000000000,1.000000000
1403715322.692142963,1.158074000,-1.543700000,1.411752000,0.000000000,0.000000000,0.000000000,1.000000000
1403715322.697143078,1.155592000,-1.541310000,1.410631000,0.000000000,0.000000000,0.000000000,1.000000000
1403715322.702142954,1.153249000,-1.539016000,1.409492000,0.000000000,0.000000000,0.000000000,1.000000000
1403715322.707143307,1.150789000,-1.536686000,1.408352000,0.000000000,0.000000000,0.000000000,1.000000000
1403715322.712142944,1.148315000,-1.534374000,1.407195000,0.000000000,0.000000000,0.000000000,1.000000000
1403715322.717143059,1.145825000,-1.532074000,1.406038000,0.000000000,0.000000000,0.000000000,1.000000000
1403715322.722143173,1.143323000,-1.529784000,1.404887000,0.000000000,0.000000000,0.000000000,1.000000000
1403715322.727143288,1.140802000,-1.527503000,1.403733000,0.000000000,0.000000000,0.000000000,1.000000000
1403715322.732142925,1.138256000,-1.525241000,1.402583000,0.000000000,0.000000000,0.000000000,1.000000000
1403715322.737143040,1.135688000,-1.523004000,1.401454000,0.000000000,0.000000000,0.000000000,1.000000000
1403715322.742143154,1.133104000,-1.520792000,1.400346000,0.000000000,0.000000000,0.000000000,1.000000000
1403715322.747143030,1.130509000,-1.518599000,1.399248000,0.000000000,0.000000000,0.000000000,1.000000000
1403715322.752142906,1.128053000,-1.516513000,1.398153000,0.000000000,0.000000000,0.000000000,1.000000000
1403715322.757143021,1.125473000,-1.514374000,1.397054000,0.000000000,0.000000000,0.000000000,1.000000000
1403715322.762143135,1.122880000,-1.512246000,1.395950000,0.000000000,0.000000000,0.000000000,1.000000000
1403715322.767143011,1.120273000,-1.510124000,1.394840000,0.000000000,0.000000000,0.000000000,1.000000000
1403715322.772142887,1.117657000,-1.507999000,1.393724000,0.000000000,0.000000000,0.000000000,1.000000000
1403715322.777143240,1.115027000,-1.505873000,1.392608000,0.000000000,0.000000000,0.000000000,1.000000000
1403715322.782143354,1.112383000,-1.503759000,1.391503000,0.000000000,0.000000000,0.000000000,1.000000000
1403715322.787142992,1.109726000,-1.501666000,1.390414000,0.000000000,0.000000000,0.000000000,1.000000000
1403715322.792143106,1.107060000,-1.499596000,1.389347000,0.000000000,0.000000000,0.000000000,1.000000000
1403715322.797143221,1.104387000,-1.497541000,1.388303000,0.000000000,0.000000000,0.000000000,1.000000000
1403715322.802143097,1.101856000,-1.495597000,1.387301000,0.000000000,0.000000000,0.000000000,1.000000000
1403715322.807142973,1.099172000,-1.493589000,1.386328000,0.000000000,0.000000000,0.000000000,1.000000000
1403715322.812143087,1.096471000,-1.491595000,1.385389000,0.000000000,0.000000000,0.000000000,1.000000000
1403715322.817143202,1.093762000,-1.489619000,1.384469000,0.000000000,0.000000000,0.000000000,1.000000000
1403715322.822143078,1.091043000,-1.487664000,1.383553000,0.000000000,0.000000000,0.000000000,1.000000000
1403715322.827142954,1.088315000,-1.485733000,1.382656000,0.000000000,0.000000000,0.000000000,1.000000000
1403715322.832143307,1.085572000,-1.483820000,1.381781000,0.000000000,0.000000000,0.000000000,1.000000000
1403715322.837143183,1.082812000,-1.481922000,1.380919000,0.000000000,0.000000000,0.000000000,1.000000000
1403715322.842143059,1.080040000,-1.480032000,1.380077000,0.000000000,0.000000000,0.000000000,1.000000000
1403715322.847142935,1.077268000,-1.478148000,1.379258000,0.000000000,0.000000000,0.000000000,1.000000000
1403715322.852143288,1.074661000,-1.476388000,1.378474000,0.000000000,0.000000000,0.000000000,1.000000000
1403715322.857143164,1.071912000,-1.474558000,1.377720000,0.000000000,0.000000000,0.000000000,1.000000000
1403715322.862143040,1.069155000,-1.472744000,1.377009000,0.000000000,0.000000000,0.000000000,1.000000000
1403715322.867142916,1.066384000,-1.470942000,1.376343000,0.000000000,0.000000000,0.000000000,1.000000000
1403715322.872143269,1.063595000,-1.469149000,1.375718000,0.000000000,0.000000000,0.000000000,1.000000000
1403715322.877142906,1.060791000,-1.467365000,1.375129000,0.000000000,0.000000000,0.000000000,1.000000000
1403715322.882143021,1.057974000,-1.465584000,1.374571000,0.000000000,0.000000000,0.000000000,1.000000000
1403715322.887142897,1.055146000,-1.463817000,1.374042000,0.000000000,0.000000000,0.000000000,1.000000000
1403715322.892143250,1.052313000,-1.462071000,1.373541000,0.000000000,0.000000000,0.000000000,1.000000000
1403715322.897142887,1.049484000,-1.460346000,1.373069000,0.000000000,0.000000000,0.000000000,1.000000000
1403715322.902143002,1.046828000,-1.458756000,1.372653000,0.000000000,0.000000000,0.000000000,1.000000000
1403715322.907143354,1.044036000,-1.457085000,1.372243000,0.000000000,0.000000000,0.000000000,1.000000000
1403715322.912143230,1.041235000,-1.455419000,1.371867000,0.000000000,0.000000000,0.000000000,1.000000000
1403715322.917143106,1.038424000,-1.453754000,1.371530000,0.000000000,0.000000000,0.000000000,1.000000000
1403715322.922142982,1.035594000,-1.452096000,1.371223000,0.000000000,0.000000000,0.000000000,1.000000000
1403715322.927143335,1.032745000,-1.450457000,1.370945000,0.000000000,0.000000000,0.000000000,1.000000000
1403715322.932142973,1.029885000,-1.448848000,1.370693000,0.000000000,0.000000000,0.000000000,1.000000000
1403715322.937143087,1.027020000,-1.447280000,1.370461000,0.000000000,0.000000000,0.000000000,1.000000000
1403715322.942142963,1.024151000,-1.445740000,1.370243000,0.000000000,0.000000000,0.000000000,1.000000000
1403715322.947143316,1.021273000,-1.444207000,1.370040000,0.000000000,0.000000000,0.000000000,1.000000000
1403715322.952142954,1.018548000,-1.442788000,1.369886000,0.000000000,0.000000000,0.000000000,1.000000000
1403715322.957143068,1.015675000,-1.441284000,1.369735000,0.000000000,0.000000000,0.000000000,1.000000000
1403715322.962142944,1.012790000,-1.439794000,1.369608000,0.000000000,0.000000000,0.000000000,1.000000000
1403715322.967143297,1.009900000,-1.438329000,1.369514000,0.000000000,0.000000000,0.000000000,1.000000000
1403715322.972142935,1.007010000,-1.436893000,1.369456000,0.000000000,0.000000000,0.000000000,1.000000000
1403715322.977143049,1.004125000,-1.435484000,1.369439000,0.000000000,0.000000000,0.000000000,1.000000000
1403715322.982143164,1.001237000,-1.434086000,1.369464000,0.000000000,0.000000000,0.000000000,1.000000000
1403715322.987143040,0.998341000,-1.432688000,1.369521000,0.000000000,0.000000000,0.000000000,1.000000000
1403715322.992142916,0.995436000,-1.431289000,1.369611000,0.000000000,0.000000000,0.000000000,1.000000000
1403715322.997143030,0.992520000,-1.429897000,1.369726000,0.000000000,0.000000000,0.000000000,1.000000000
1403715323.002143145,0.989771000,-1.428641000,1.369894000,0.000000000,0.000000000,0.000000000,1.000000000
1403715323.007143021,0.986880000,-1.427327000,1.370071000,0.000000000,0.000000000,0.000000000,1.000000000
1403715323.012142897,0.983990000,-1.426041000,1.370275000,0.000000000,0.000000000,0.000000000,1.000000000
1403715323.017143011,0.981096000,-1.424773000,1.370499000,0.000000000,0.000000000,0.000000000,1.000000000
1403715323.022143126,0.978191000,-1.423515000,1.370733000,0.000000000,0.000000000,0.000000000,1.000000000
1403715323.027143002,0.975267000,-1.422268000,1.370981000,0.000000000,0.000000000,0.000000000,1.000000000
1403715323.032143116,0.972328000,-1.421029000,1.371259000,0.000000000,0.000000000,0.000000000,1.000000000
1403715323.037143230,0.969381000,-1.419798000,1.371567000,0.000000000,0.000000000,0.000000000,1.000000000
1403715323.042143345,0.966427000,-1.418582000,1.371902000,0.000000000,0.000000000,0.000000000,1.000000000
1403715323.047142982,0.963467000,-1.417394000,1.372267000,0.000000000,0.000000000,0.000000000,1.000000000
1403715323.052143097,0.960673000,-1.416328000,1.372677000,0.000000000,0.000000000,0.000000000,1.000000000
1403715323.057143211,0.957729000,-1.415214000,1.373101000,0.000000000,0.000000000,0.000000000,1.000000000
1403715323.062143087,0.954773000,-1.414110000,1.373553000,0.000000000,0.000000000,0.000000000,1.000000000
1403715323.067142963,0.951808000,-1.413004000,1.374025000,0.000000000,0.000000000,0.000000000,1.000000000
1403715323.072143078,0.948831000,-1.411901000,1.374510000,0.000000000,0.000000000,0.000000000,1.000000000
1403715323.077143192,0.945838000,-1.410823000,1.375003000,0.000000000,0.000000000,0.000000000,1.000000000
1403715323.082143068,0.942831000,-1.409776000,1.375505000,0.000000000,0.000000000,0.000000000,1.000000000
1403715323.087142944,0.939813000,-1.408758000,1.376001000,0.000000000,0.000000000,0.000000000,1.000000000
1403715323.092143297,0.936786000,-1.407764000,1.376483000,0.000000000,0.000000000,0.000000000,1.000000000
1403715323.097143173,0.933751000,-1.406787000,1.376959000,0.000000000,0.000000000,0.000000000,1.000000000
1403715323.102143049,0.930892000,-1.405899000,1.377444000,0.000000000,0.000000000,0.000000000,1.000000000
1403715323.107142925,0.927888000,-1.404954000,1.377905000,0.000000000,0.000000000,0.000000000,1.000000000
1403715323.112143278,0.924874000,-1.404029000,1.378345000,0.000000000,0.000000000,0.000000000,1.000000000
1403715323.117143154,0.921851000,-1.403130000,1.378771000,0.000000000,0.000000000,0.000000000,1.000000000
1403715323.122143030,0.918820000,-1.402260000,1.379182000,0.000000000,0.000000000,0.000000000,1.000000000
1403715323.127142906,0.915776000,-1.401418000,1.379579000,0.000000000,0.000000000,0.000000000,1.000000000
1403715323.132143259,0.912720000,-1.400591000,1.379959000,0.000000000,0.000000000,0.000000000,1.000000000
1403715323.137142897,0.909659000,-1.399774000,1.380313000,0.000000000,0.000000000,0.000000000,1.000000000
1403715323.142143011,0.906595000,-1.398967000,1.380635000,0.000000000,0.000000000,0.000000000,1.000000000
1403715323.147142887,0.903528000,-1.398172000,1.380927000,0.000000000,0.000000000,0.000000000,1.000000000
1403715323.152143240,0.900637000,-1.397469000,1.381189000,0.000000000,0.000000000,0.000000000,1.000000000
1403715323.157143116,0.897602000,-1.396728000,1.381425000,0.000000000,0.000000000,0.000000000,1.000000000
1403715323.162142992,0.894567000,-1.396006000,1.381626000,0.000000000,0.000000000,0.000000000,1.000000000
1403715323.167143345,0.891527000,-1.395299000,1.381793000,0.000000000,0.000000000,0.000000000,1.000000000
1403715323.172143221,0.888479000,-1.394609000,1.381941000,0.000000000,0.000000000,0.000000000,1.000000000
1403715323.177143097,0.885424000,-1.393935000,1.382078000,0.000000000,0.000000000,0.000000000,1.000000000
1403715323.182142973,0.882358000,-1.393276000,1.382198000,0.000000000,0.000000000,0.000000000,1.000000000
1403715323.187143326,0.879286000,-1.392632000,1.382302000,0.000000000,0.000000000,0.000000000,1.000000000
1403715323.192142963,0.876215000,-1.392006000,1.382388000,0.000000000,0.000000000,0.000000000,1.000000000
1403715323.197143078,0.873139000,-1.391401000,1.382452000,0.000000000,0.000000000,0.000000000,1.000000000
1403715323.202142954,0.870241000,-1.390881000,1.382462000,0.000000000,0.000000000,0.000000000,1.000000000
1403715323.207143307,0.867187000,-1.390328000,1.382449000,0.000000000,0.000000000,0.000000000,1.000000000
1403715323.212142944,0.864128000,-1.389786000,1.382391000,0.000000000,0.000000000,0.000000000,1.000000000
1403715323.217143059,0.861071000,-1.389250000,1.382290000,0.000000000,0.000000000,0.000000000,1.000000000
1403715323.222143173,0.858014000,-1.388721000,1.382145000,0.000000000,0.000000000,0.000000000,1.000000000
1403715323.227143288,0.854955000,-1.388204000,1.381969000,0.000000000,0.000000000,0.000000000,1.000000000
1403715323.232142925,0.851894000,-1.387708000,1.381768000,0.000000000,0.000000000,0.000000000,1.000000000
1403715323.237143040,0.848829000,-1.387230000,1.381544000,0.000000000,0.000000000,0.000000000,1.000000000
1403715323.242143154,0.845759000,-1.386768000,1.381303000,0.000000000,0.000000000,0.000000000,1.000000000
1403715323.247143030,0.842680000,-1.386319000,1.381046000,0.000000000,0.000000000,0.000000000,1.000000000
1403715323.252142906,0.839783000,-1.385946000,1.380714000,0.000000000,0.000000000,0.000000000,1.000000000
1403715323.257143021,0.836728000,-1.385541000,1.380386000,0.000000000,0.000000000,0.000000000,1.000000000
1403715323.262143135,0.833673000,-1.385159000,1.380028000,0.000000000,0.000000000,0.000000000,1.000000000
1403715323.267143011,0.830620000,-1.384805000,1.379637000,0.000000000,0.000000000,0.000000000,1.000000000
1403715323.272142887,0.827566000,-1.384476000,1.379216000,0.000000000,0.000000000,0.000000000,1.000000000
1403715323.277143240,0.824509000,-1.384156000,1.378763000,0.000000000,0.000000000,0.000000000,1.000000000
1403715323.282143354,0.821445000,-1.383843000,1.378280000,0.000000000,0.000000000,0.000000000,1.000000000
1403715323.287142992,0.818371000,-1.383536000,1.377766000,0.000000000,0.000000000,0.000000000,1.000000000
1403715323.292143106,0.815291000,-1.383240000,1.377215000,0.000000000,0.000000000,0.000000000,1.000000000
1403715323.297143221,0.812208000,-1.382962000,1.376628000,0.000000000,0.000000000,0.000000000,1.000000000
1403715323.302143097,0.809317000,-1.382778000,1.375947000,0.000000000,0.000000000,0.000000000,1.000000000
1403715323.307142973,0.806272000,-1.382570000,1.375303000,0.000000000,0.000000000,0.000000000,1.000000000
1403715323.312143087,0.803222000,-1.382380000,1.374652000,0.000000000,0.000000000,0.000000000,1.000000000
1403715323.317143202,0.800164000,-1.382201000,1.373988000,0.000000000,0.000000000,0.000000000,1.000000000
1403715323.322143078,0.797096000,-1.382033000,1.373316000,0.000000000,0.000000000,0.000000000,1.000000000
1403715323.327142954,0.794027000,-1.381880000,1.372638000,0.000000000,0.000000000,0.000000000,1.000000000
1403715323.332143307,0.790959000,-1.381740000,1.371958000,0.000000000,0.000000000,0.000000000,1.000000000
1403715323.337143183,0.787894000,-1.381618000,1.371283000,0.000000000,0.000000000,0.000000000,1.000000000
1403715323.342143059,0.784825000,-1.381516000,1.370607000,0.000000000,0.000000000,0.000000000,1.000000000
1403715323.347142935,0.781746000,-1.381439000,1.369948000,0.000000000,0.000000000,0.000000000,1.000000000
1403715323.352143288,0.778855000,-1.381457000,1.369248000,0.000000000,0.000000000,0.000000000,1.000000000
1403715323.357143164,0.775798000,-1.381437000,1.368631000,0.000000000,0.000000000,0.000000000,1.000000000
1403715323.362143040,0.772730000,-1.381436000,1.368048000,0.000000000,0.000000000,0.000000000,1.000000000
1403715323.367142916,0.769656000,-1.381453000,1.367492000,0.000000000,0.000000000,0.000000000,1.000000000
1403715323.372143269,0.766582000,-1.381488000,1.366960000,0.000000000,0.000000000,0.000000000,1.000000000
1403715323.377142906,0.763510000,-1.381547000,1.366452000,0.000000000,0.000000000,0.000000000,1.000000000
1403715323.382143021,0.760436000,-1.381629000,1.365961000,0.000000000,0.000000000,0.000000000,1.000000000
1403715323.387142897,0.757349000,-1.381731000,1.365490000,0.000000000,0.000000000,0.000000000,1.000000000
1403715323.392143250,0.754246000,-1.381851000,1.365035000,0.000000000,0.000000000,0.000000000,1.000000000
1403715323.397142887,0.751129000,-1.381994000,1.364597000,0.000000000,0.000000000,0.000000000,1.000000000
1403715323.402143002,0.748199000,-1.382245000,1.364102000,0.000000000,0.000000000,0.000000000,1.000000000
1403715323.407143354,0.745104000,-1.382443000,1.363699000,0.000000000,0.000000000,0.000000000,1.000000000
1403715323.412143230,0.742011000,-1.382662000,1.363297000,0.000000000,0.000000000,0.000000000,1.000000000
1403715323.417143106,0.738918000,-1.382903000,1.362907000,0.000000000,0.000000000,0.000000000,1.000000000
1403715323.422142982,0.735821000,-1.383162000,1.362550000,0.000000000,0.000000000,0.000000000,1.000000000
1403715323.427143335,0.732719000,-1.383435000,1.362216000,0.000000000,0.000000000,0.000000000,1.000000000
1403715323.432142973,0.729603000,-1.383728000,1.361901000,0.000000000,0.000000000,0.000000000,1.000000000
1403715323.437143087,0.726474000,-1.384038000,1.361609000,0.000000000,0.000000000,0.000000000,1.000000000
1403715323.442142963,0.723342000,-1.384361000,1.361348000,0.000000000,0.000000000,0.000000000,1.000000000
1403715323.447143316,0.720214000,-1.384698000,1.361113000,0.000000000,0.000000000,0.000000000,1.000000000
1403715323.452142954,0.717274000,-1.385150000,1.360777000,0.000000000,0.000000000,0.000000000,1.000000000
1403715323.457143068,0.714168000,-1.385560000,1.360559000,0.000000000,0.000000000,0.000000000,1.000000000
1403715323.462142944,0.711045000,-1.386003000,1.360383000,0.000000000,0.000000000,0.000000000,1.000000000
1403715323.467143297,0.707907000,-1.386472000,1.360239000,0.000000000,0.000000000,0.000000000,1.000000000
1403715323.472142935,0.704761000,-1.386958000,1.360118000,0.000000000,0.000000000,0.000000000,1.000000000
1403715323.477143049,0.701616000,-1.387447000,1.360019000,0.000000000,0.000000000,0.000000000,1.000000000
1403715323.482143164,0.698472000,-1.387952000,1.359949000,0.000000000,0.000000000,0.000000000,1.000000000
1403715323.487143040,0.695323000,-1.388482000,1.359918000,0.000000000,0.000000000,0.000000000,1.000000000
1403715323.492142916,0.692166000,-1.389035000,1.359932000,0.000000000,0.000000000,0.000000000,1.000000000
1403715323.497143030,0.689001000,-1.389613000,1.359992000,0.000000000,0.000000000,0.000000000,1.000000000
1403715323.502143145,0.686010000,-1.390313000,1.359969000,0.000000000,0.000000000,0.000000000,1.000000000
1403715323.507143021,0.682858000,-1.390954000,1.360060000,0.000000000,0.000000000,0.000000000,1.000000000
1403715323.512142897,0.679699000,-1.391616000,1.360174000,0.000000000,0.000000000,0.000000000,1.000000000
1403715323.517143011,0.676536000,-1.392291000,1.360310000,0.000000000,0.000000000,0.000000000,1.000000000
1403715323.522143126,0.673374000,-1.392974000,1.360463000,0.000000000,0.000000000,0.000000000,1.000000000
1403715323.527143002,0.670216000,-1.393663000,1.360625000,0.000000000,0.000000000,0.000000000,1.000000000
1403715323.532143116,0.667059000,-1.394361000,1.360806000,0.000000000,0.000000000,0.000000000,1.000000000
1403715323.537143230,0.663901000,-1.395074000,1.361026000,0.000000000,0.000000000,0.000000000,1.000000000
1403715323.542143345,0.660750000,-1.395797000,1.361279000,0.000000000,0.000000000,0.000000000,1.000000000
1403715323.547142982,0.657606000,-1.396529000,1.361567000,0.000000000,0.000000000,0.000000000,1.000000000
1403715323.552143097,0.654634000,-1.397384000,1.361789000,0.000000000,0.000000000,0.000000000,1.000000000
1403715323.557143211,0.651517000,-1.398165000,1.362173000,0.000000000,0.000000000,0.000000000,1.000000000
1403715323.562143087,0.648394000,-1.398962000,1.362622000,0.000000000,0.000000000,0.000000000,1.000000000
1403715323.567142963,0.645263000,-1.399776000,1.363134000,0.000000000,0.000000000,0.000000000,1.000000000
1403715323.572143078,0.642123000,-1.400618000,1.363703000,0.000000000,0.000000000,0.000000000,1.000000000
1403715323.577143192,0.638974000,-1.401483000,1.364329000,0.000000000,0.000000000,0.000000000,1.000000000
1403715323.582143068,0.635815000,-1.402364000,1.365007000,0.000000000,0.000000000,0.000000000,1.000000000
1403715323.587142944,0.632639000,-1.403254000,1.365729000,0.000000000,0.000000000,0.000000000,1.000000000
1403715323.592143297,0.629449000,-1.404150000,1.366479000,0.000000000,0.000000000,0.000000000,1.000000000
1403715323.597143173,0.626256000,-1.405054000,1.367244000,0.000000000,0.000000000,0.000000000,1.000000000
1403715323.602143049,0.623220000,-1.406085000,1.367908000,0.000000000,0.000000000,0.000000000,1.000000000
1403715323.607142925,0.620066000,-1.407036000,1.368689000,0.000000000,0.000000000,0.000000000,1.000000000
1403715323.612143278,0.616909000,-1.408007000,1.369490000,0.000000000,0.000000000,0.000000000,1.000000000
1403715323.617143154,0.613748000,-1.408995000,1.370317000,0.000000000,0.000000000,0.000000000,1.000000000
1403715323.622143030,0.610575000,-1.409995000,1.371166000,0.000000000,0.000000000,0.000000000,1.000000000
1403715323.627142906,0.607386000,-1.411004000,1.372040000,0.000000000,0.000000000,0.000000000,1.000000000
1403715323.632143259,0.604180000,-1.412028000,1.372941000,0.000000000,0.000000000,0.000000000,1.000000000
1403715323.637142897,0.600963000,-1.413074000,1.373872000,0.000000000,0.000000000,0.000000000,1.000000000
1403715323.642143011,0.597740000,-1.414134000,1.374822000,0.000000000,0.000000000,0.000000000,1.000000000
1403715323.647142887,0.594521000,-1.415210000,1.375774000,0.000000000,0.000000000,0.000000000,1.000000000
1403715323.652143240,0.591433000,-1.416419000,1.376605000,0.000000000,0.000000000,0.000000000,1.000000000
1403715323.657143116,0.588247000,-1.417538000,1.377516000,0.000000000,0.000000000,0.000000000,1.000000000
1403715323.662142992,0.585068000,-1.418653000,1.378426000,0.000000000,0.000000000,0.000000000,1.000000000
1403715323.667143345,0.581894000,-1.419757000,1.379338000,0.000000000,0.000000000,0.000000000,1.000000000
1403715323.672143221,0.578725000,-1.420859000,1.380262000,0.000000000,0.000000000,0.000000000,1.000000000
1403715323.677143097,0.575560000,-1.421978000,1.381208000,0.000000000,0.000000000,0.000000000,1.000000000
1403715323.682142973,0.572403000,-1.423122000,1.382165000,0.000000000,0.000000000,0.000000000,1.000000000
1403715323.687143326,0.569264000,-1.424287000,1.383129000,0.000000000,0.000000000,0.000000000,1.000000000
1403715323.692142963,0.566152000,-1.425455000,1.384098000,0.000000000,0.000000000,0.000000000,1.000000000
1403715323.697143078,0.563051000,-1.426620000,1.385064000,0.000000000,0.000000000,0.000000000,1.000000000
1403715323.702142954,0.560054000,-1.427896000,1.385922000,0.000000000,0.000000000,0.000000000,1.000000000
1403715323.707143307,0.556959000,-1.429076000,1.386853000,0.000000000,0.000000000,0.000000000,1.000000000
1403715323.712142944,0.553868000,-1.430263000,1.387775000,0.000000000,0.000000000,0.000000000,1.000000000
1403715323.717143059,0.550791000,-1.431464000,1.388689000,0.000000000,0.000000000,0.000000000,1.000000000
1403715323.722143173,0.547734000,-1.432677000,1.389613000,0.000000000,0.000000000,0.000000000,1.000000000
1403715323.727143288,0.544690000,-1.433897000,1.390553000,0.000000000,0.000000000,0.000000000,1.000000000
1403715323.732142925,0.541659000,-1.435116000,1.391493000,0.000000000,0.000000000,0.000000000,1.000000000
1403715323.737143040,0.538640000,-1.436326000,1.392426000,0.000000000,0.000000000,0.000000000,1.000000000
1403715323.742143154,0.535631000,-1.437538000,1.393361000,0.000000000,0.000000000,0.000000000,1.000000000
1403715323.747143030,0.532635000,-1.438762000,1.394299000,0.000000000,0.000000000,0.000000000,1.000000000
1403715323.752142906,0.529751000,-1.440103000,1.395126000,0.000000000,0.000000000,0.000000000,1.000000000
1403715323.757143021,0.526816000,-1.441361000,1.396012000,0.000000000,0.000000000,0.000000000,1.000000000
1403715323.762143135,0.523902000,-1.442624000,1.396894000,0.000000000,0.000000000,0.000000000,1.000000000
1403715323.767143011,0.521008000,-1.443891000,1.397756000,0.000000000,0.000000000,0.000000000,1.000000000
1403715323.772142887,0.518134000,-1.445157000,1.398607000,0.000000000,0.000000000,0.000000000,1.000000000
1403715323.777143240,0.515276000,-1.446421000,1.399463000,0.000000000,0.000000000,0.000000000,1.000000000
1403715323.782143354,0.512434000,-1.447681000,1.400316000,0.000000000,0.000000000,0.000000000,1.000000000
1403715323.787142992,0.509610000,-1.448942000,1.401163000,0.000000000,0.000000000,0.000000000,1.000000000
1403715323.792143106,0.506808000,-1.450209000,1.402001000,0.000000000,0.000000000,0.000000000,1.000000000
1403715323.797143221,0.504025000,-1.451488000,1.402822000,0.000000000,0.000000000,0.000000000,1.000000000
1403715323.802143097,0.501330000,-1.452875000,1.403558000,0.000000000,0.000000000,0.000000000,1.000000000
1403715323.807142973,0.498603000,-1.454191000,1.404362000,0.000000000,0.000000000,0.000000000,1.000000000
1403715323.812143087,0.495893000,-1.455505000,1.405179000,0.000000000,0.000000000,0.000000000,1.000000000
1403715323.817143202,0.493203000,-1.456808000,1.406008000,0.000000000,0.000000000,0.000000000,1.000000000
1403715323.822143078,0.490527000,-1.458097000,1.406826000,0.000000000,0.000000000,0.000000000,1.000000000
1403715323.827142954,0.487868000,-1.459380000,1.407633000,0.000000000,0.000000000,0.000000000,1.000000000
1403715323.832143307,0.485232000,-1.460666000,1.408431000,0.000000000,0.000000000,0.000000000,1.000000000
1403715323.837143183,0.482621000,-1.461963000,1.409215000,0.000000000,0.000000000,0.000000000,1.000000000
1403715323.842143059,0.480038000,-1.463270000,1.409995000,0.000000000,0.000000000,0.000000000,1.000000000
1403715323.847142935,0.477482000,-1.464579000,1.410772000,0.000000000,0.000000000,0.000000000,1.000000000
1403715323.852143288,0.474997000,-1.465962000,1.411476000,0.000000000,0.000000000,0.000000000,1.000000000
1403715323.857143164,0.472474000,-1.467277000,1.412254000,0.000000000,0.000000000,0.000000000,1.000000000
1403715323.862143040,0.469964000,-1.468585000,1.413054000,0.000000000,0.000000000,0.000000000,1.000000000
1403715323.867142916,0.467475000,-1.469889000,1.413854000,0.000000000,0.000000000,0.000000000,1.000000000
1403715323.872143269,0.465008000,-1.471192000,1.414650000,0.000000000,0.000000000,0.000000000,1.000000000
1403715323.877142906,0.462570000,-1.472495000,1.415442000,0.000000000,0.000000000,0.000000000,1.000000000
1403715323.882143021,0.460159000,-1.473802000,1.416235000,0.000000000,0.000000000,0.000000000,1.000000000
1403715323.887142897,0.457767000,-1.475110000,1.417031000,0.000000000,0.000000000,0.000000000,1.000000000
1403715323.892143250,0.455403000,-1.476419000,1.417837000,0.000000000,0.000000000,0.000000000,1.000000000
1403715323.897142887,0.453070000,-1.477729000,1.418649000,0.000000000,0.000000000,0.000000000,1.000000000
1403715323.902143002,0.450812000,-1.479101000,1.419402000,0.000000000,0.000000000,0.000000000,1.000000000
1403715323.907143354,0.448555000,-1.480420000,1.420225000,0.000000000,0.000000000,0.000000000,1.000000000
1403715323.912143230,0.446341000,-1.481728000,1.421053000,0.000000000,0.000000000,0.000000000,1.000000000
1403715323.917143106,0.444157000,-1.483037000,1.421879000,0.000000000,0.000000000,0.000000000,1.000000000
1403715323.922142982,0.442001000,-1.484347000,1.422705000,0.000000000,0.000000000,0.000000000,1.000000000
1403715323.927143335,0.439876000,-1.485662000,1.423555000,0.000000000,0.000000000,0.000000000,1.000000000
1403715323.932142973,0.437781000,-1.486983000,1.424422000,0.000000000,0.000000000,0.000000000,1.000000000
1403715323.937143087,0.435706000,-1.488309000,1.425285000,0.000000000,0.000000000,0.000000000,1.000000000
1403715323.942142963,0.433653000,-1.489638000,1.426155000,0.000000000,0.000000000,0.000000000,1.000000000
1403715323.947143316,0.431637000,-1.490962000,1.427033000,0.000000000,0.000000000,0.000000000,1.000000000
1403715323.952142954,0.429692000,-1.492319000,1.427859000,0.000000000,0.000000000,0.000000000,1.000000000
1403715323.957143068,0.427754000,-1.493627000,1.428744000,0.000000000,0.000000000,0.000000000,1.000000000
1403715323.962142944,0.425852000,-1.494926000,1.429638000,0.000000000,0.000000000,0.000000000,1.000000000
1403715323.967143297,0.423982000,-1.496215000,1.430528000,0.000000000,0.000000000,0.000000000,1.000000000
1403715323.972142935,0.422140000,-1.497494000,1.431411000,0.000000000,0.000000000,0.000000000,1.000000000
1403715323.977143049,0.420330000,-1.498764000,1.432294000,0.000000000,0.000000000,0.000000000,1.000000000
1403715323.982143164,0.418559000,-1.500024000,1.433177000,0.000000000,0.000000000,0.000000000,1.000000000
1403715323.987143040,0.416829000,-1.501280000,1.434048000,0.000000000,0.000000000,0.000000000,1.000000000
1403715323.992142916,0.415138000,-1.502536000,1.434904000,0.000000000,0.000000000,0.000000000,1.000000000
1403715323.997143030,0.413482000,-1.503784000,1.435751000,0.000000000,0.000000000,0.000000000,1.000000000
1403715324.002143145,0.411892000,-1.505049000,1.436536000,0.000000000,0.000000000,0.000000000,1.000000000
1403715324.007143021,0.410296000,-1.506277000,1.437333000,0.000000000,0.000000000,0.000000000,1.000000000
1403715324.012142897,0.408733000,-1.507494000,1.438113000,0.000000000,0.000000000,0.000000000,1.000000000
1403715324.017143011,0.407211000,-1.508707000,1.438884000,0.000000000,0.000000000,0.000000000,1.000000000
1403715324.022143126,0.405737000,-1.509923000,1.439657000,0.000000000,0.000000000,0.000000000,1.000000000
1403715324.027143002,0.404306000,-1.511133000,1.440427000,0.000000000,0.000000000,0.000000000,1.000000000
1403715324.032143116,0.402910000,-1.512328000,1.441192000,0.000000000,0.000000000,0.000000000,1.000000000
1403715324.037143230,0.401545000,-1.513509000,1.441958000,0.000000000,0.000000000,0.000000000,1.000000000
1403715324.042143345,0.400210000,-1.514675000,1.442714000,0.000000000,0.000000000,0.000000000,1.000000000
1403715324.047142982,0.398903000,-1.515824000,1.443453000,0.000000000,0.000000000,0.000000000,1.000000000
1403715324.052143097,0.397673000,-1.516978000,1.444142000,0.000000000,0.000000000,0.000000000,1.000000000
1403715324.057143211,0.396452000,-1.518116000,1.444821000,0.000000000,0.000000000,0.000000000,1.000000000
1403715324.062143087,0.395276000,-1.519246000,1.445480000,0.000000000,0.000000000,0.000000000,1.000000000
1403715324.067142963,0.394140000,-1.520364000,1.446124000,0.000000000,0.000000000,0.000000000,1.000000000
1403715324.072143078,0.393037000,-1.521470000,1.446749000,0.000000000,0.000000000,0.000000000,1.000000000
1403715324.077143192,0.391966000,-1.522564000,1.447355000,0.000000000,0.000000000,0.000000000,1.000000000
1403715324.082143068,0.390930000,-1.523642000,1.447948000,0.000000000,0.000000000,0.000000000,1.000000000
1403715324.087142944,0.389934000,-1.524708000,1.448531000,0.000000000,0.000000000,0.000000000,1.000000000
1403715324.092143297,0.388980000,-1.525763000,1.449111000,0.000000000,0.000000000,0.000000000,1.000000000
1403715324.097143173,0.388062000,-1.526802000,1.449692000,0.000000000,0.000000000,0.000000000,1.000000000
1403715324.102143049,0.387222000,-1.527826000,1.450262000,0.000000000,0.000000000,0.000000000,1.000000000
1403715324.107142925,0.386379000,-1.528826000,1.450839000,0.000000000,0.000000000,0.000000000,1.000000000
1403715324.112143278,0.385574000,-1.529816000,1.451423000,0.000000000,0.000000000,0.000000000,1.000000000
1403715324.117143154,0.384809000,-1.530803000,1.452007000,0.000000000,0.000000000,0.000000000,1.000000000
1403715324.122143030,0.384080000,-1.531789000,1.452584000,0.000000000,0.000000000,0.000000000,1.000000000
1403715324.127142906,0.383381000,-1.532764000,1.453158000,0.000000000,0.000000000,0.000000000,1.000000000
1403715324.132143259,0.382709000,-1.533720000,1.453720000,0.000000000,0.000000000,0.000000000,1.000000000
1403715324.137142897,0.382063000,-1.534657000,1.454271000,0.000000000,0.000000000,0.000000000,1.000000000
1403715324.142143011,0.381444000,-1.535582000,1.454811000,0.000000000,0.000000000,0.000000000,1.000000000
1403715324.147142887,0.380858000,-1.536502000,1.455343000,0.000000000,0.000000000,0.000000000,1.000000000
1403715324.152143240,0.380371000,-1.537435000,1.455870000,0.000000000,0.000000000,0.000000000,1.000000000
1403715324.157143116,0.379879000,-1.538363000,1.456392000,0.000000000,0.000000000,0.000000000,1.000000000
1403715324.162142992,0.379420000,-1.539285000,1.456909000,0.000000000,0.000000000,0.000000000,1.000000000
1403715324.167143345,0.378990000,-1.540189000,1.457423000,0.000000000,0.000000000,0.000000000,1.000000000
1403715324.172143221,0.378585000,-1.541074000,1.457929000,0.000000000,0.000000000,0.000000000,1.000000000
1403715324.177143097,0.378201000,-1.541951000,1.458423000,0.000000000,0.000000000,0.000000000,1.000000000
1403715324.182142973,0.377832000,-1.542831000,1.458924000,0.000000000,0.000000000,0.000000000,1.000000000
1403715324.187143326,0.377487000,-1.543713000,1.459440000,0.000000000,0.000000000,0.000000000,1.000000000
1403715324.192142963,0.377168000,-1.544599000,1.459957000,0.000000000,0.000000000,0.000000000,1.000000000
1403715324.197143078,0.376870000,-1.545484000,1.460481000,0.000000000,0.000000000,0.000000000,1.000000000
1403715324.202142954,0.376661000,-1.546352000,1.461046000,0.000000000,0.000000000,0.000000000,1.000000000
1403715324.207143307,0.376424000,-1.547195000,1.461602000,0.000000000,0.000000000,0.000000000,1.000000000
1403715324.212142944,0.376215000,-1.548023000,1.462158000,0.000000000,0.000000000,0.000000000,1.000000000
1403715324.217143059,0.376035000,-1.548845000,1.462723000,0.000000000,0.000000000,0.000000000,1.000000000
1403715324.222143173,0.375888000,-1.549675000,1.463298000,0.000000000,0.000000000,0.000000000,1.000000000
1403715324.227143288,0.375769000,-1.550511000,1.463876000,0.000000000,0.000000000,0.000000000,1.000000000
1403715324.232142925,0.375675000,-1.551339000,1.464454000,0.000000000,0.000000000,0.000000000,1.000000000
1403715324.237143040,0.375605000,-1.552149000,1.465022000,0.000000000,0.000000000,0.000000000,1.000000000
1403715324.242143154,0.375558000,-1.552933000,1.465578000,0.000000000,0.000000000,0.000000000,1.000000000
1403715324.247143030,0.375538000,-1.553694000,1.466123000,0.000000000,0.000000000,0.000000000,1.000000000
1403715324.252142906,0.375629000,-1.554447000,1.466687000,0.000000000,0.000000000,0.000000000,1.000000000
1403715324.257143021,0.375698000,-1.555188000,1.467231000,0.000000000,0.000000000,0.000000000,1.000000000
1403715324.262143135,0.375795000,-1.555932000,1.467771000,0.000000000,0.000000000,0.000000000,1.000000000
1403715324.267143011,0.375911000,-1.556673000,1.468305000,0.000000000,0.000000000,0.000000000,1.000000000
1403715324.272142887,0.376041000,-1.557396000,1.468830000,0.000000000,0.000000000,0.000000000,1.000000000
1403715324.277143240,0.376180000,-1.558098000,1.469348000,0.000000000,0.000000000,0.000000000,1.000000000
1403715324.282143354,0.376329000,-1.558780000,1.469862000,0.000000000,0.000000000,0.000000000,1.000000000
1403715324.287142992,0.376488000,-1.559450000,1.470374000,0.000000000,0.000000000,0.000000000,1.000000000
1403715324.292143106,0.376662000,-1.560118000,1.470891000,0.000000000,0.000000000,0.000000000,1.000000000
1403715324.297143221,0.376860000,-1.560790000,1.471423000,0.000000000,0.000000000,0.000000000,1.000000000
1403715324.302143097,0.377168000,-1.561469000,1.472026000,0.000000000,0.000000000,0.000000000,1.000000000
1403715324.307142973,0.377441000,-1.562141000,1.472601000,0.000000000,0.000000000,0.000000000,1.000000000
1403715324.312143087,0.377729000,-1.562796000,1.473180000,0.000000000,0.000000000,0.000000000,1.000000000
1403715324.317143202,0.378024000,-1.563423000,1.473769000,0.000000000,0.000000000,0.000000000,1.000000000
1403715324.322143078,0.378328000,-1.564025000,1.474363000,0.000000000,0.000000000,0.000000000,1.000000000
1403715324.327142954,0.378652000,-1.564612000,1.474957000,0.000000000,0.000000000,0.000000000,1.000000000
1403715324.332143307,0.379006000,-1.565197000,1.475549000,0.000000000,0.000000000,0.000000000,1.000000000
1403715324.337143183,0.379395000,-1.565779000,1.476151000,0.000000000,0.000000000,0.000000000,1.000000000
1403715324.342143059,0.379816000,-1.566344000,1.476768000,0.000000000,0.000000000,0.000000000,1.000000000
1403715324.347142935,0.380253000,-1.566878000,1.477380000,0.000000000,0.000000000,0.000000000,1.000000000
1403715324.352143288,0.380784000,-1.567384000,1.478055000,0.000000000,0.000000000,0.000000000,1.000000000
1403715324.357143164,0.381250000,-1.567857000,1.478667000,0.000000000,0.000000000,0.000000000,1.000000000
1403715324.362143040,0.381738000,-1.568320000,1.479275000,0.000000000,0.000000000,0.000000000,1.000000000
1403715324.367142916,0.382247000,-1.568784000,1.479869000,0.000000000,0.000000000,0.000000000,1.000000000
1403715324.372143269,0.382779000,-1.569248000,1.480444000,0.000000000,0.000000000,0.000000000,1.000000000
1403715324.377142906,0.383328000,-1.569693000,1.481003000,0.000000000,0.000000000,0.000000000,1.000000000
1403715324.382143021,0.383880000,-1.570107000,1.481553000,0.000000000,0.000000000,0.000000000,1.000000000
1403715324.387142897,0.384434000,-1.570489000,1.482096000,0.000000000,0.000000000,0.000000000,1.000000000
1403715324.392143250,0.385002000,-1.570850000,1.482628000,0.000000000,0.000000000,0.000000000,1.000000000
1403715324.397142887,0.385589000,-1.571200000,1.483156000,0.000000000,0.000000000,0.000000000,1.000000000
1403715324.402143002,0.386304000,-1.571568000,1.483786000,0.000000000,0.000000000,0.000000000,1.000000000
1403715324.407143354,0.386950000,-1.571902000,1.484330000,0.000000000,0.000000000,0.000000000,1.000000000
1403715324.412143230,0.387616000,-1.572217000,1.484873000,0.000000000,0.000000000,0.000000000,1.000000000
1403715324.417143106,0.388306000,-1.572502000,1.485414000,0.000000000,0.000000000,0.000000000,1.000000000
1403715324.422142982,0.389008000,-1.572759000,1.485953000,0.000000000,0.000000000,0.000000000,1.000000000
1403715324.427143335,0.389711000,-1.572993000,1.486494000,0.000000000,0.000000000,0.000000000,1.000000000
1403715324.432142973,0.390418000,-1.573210000,1.487038000,0.000000000,0.000000000,0.000000000,1.000000000
1403715324.437143087,0.391135000,-1.573412000,1.487578000,0.000000000,0.000000000,0.000000000,1.000000000
1403715324.442142963,0.391857000,-1.573604000,1.488122000,0.000000000,0.000000000,0.000000000,1.000000000
1403715324.447143316,0.392577000,-1.573783000,1.488689000,0.000000000,0.000000000,0.000000000,1.000000000
1403715324.452142954,0.393402000,-1.573973000,1.489394000,0.000000000,0.000000000,0.000000000,1.000000000
1403715324.457143068,0.394133000,-1.574108000,1.489991000,0.000000000,0.000000000,0.000000000,1.000000000
1403715324.462142944,0.394866000,-1.574225000,1.490576000,0.000000000,0.000000000,0.000000000,1.000000000
1403715324.467143297,0.395598000,-1.574338000,1.491152000,0.000000000,0.000000000,0.000000000,1.000000000
1403715324.472142935,0.396324000,-1.574447000,1.491726000,0.000000000,0.000000000,0.000000000,1.000000000
1403715324.477143049,0.397045000,-1.574544000,1.492286000,0.000000000,0.000000000,0.000000000,1.000000000
1403715324.482143164,0.397766000,-1.574626000,1.492838000,0.000000000,0.000000000,0.000000000,1.000000000
1403715324.487143040,0.398492000,-1.574691000,1.493390000,0.000000000,0.000000000,0.000000000,1.000000000
1403715324.492142916,0.399224000,-1.574735000,1.493942000,0.000000000,0.000000000,0.000000000,1.000000000
1403715324.497143030,0.399950000,-1.574766000,1.494493000,0.000000000,0.000000000,0.000000000,1.000000000
1403715324.502143145,0.400779000,-1.574832000,1.495182000,0.000000000,0.000000000,0.000000000,1.000000000
1403715324.507143021,0.401502000,-1.574839000,1.495780000,0.000000000,0.000000000,0.000000000,1.000000000
1403715324.512142897,0.402222000,-1.574828000,1.496382000,0.000000000,0.000000000,0.000000000,1.000000000
1403715324.517143011,0.402935000,-1.574800000,1.496983000,0.000000000,0.000000000,0.000000000,1.000000000
1403715324.522143126,0.403638000,-1.574765000,1.497592000,0.000000000,0.000000000,0.000000000,1.000000000
1403715324.527143002,0.404330000,-1.574731000,1.498214000,0.000000000,0.000000000,0.000000000,1.000000000
1403715324.532143116,0.405006000,-1.574694000,1.498843000,0.000000000,0.000000000,0.000000000,1.000000000
1403715324.537143230,0.405658000,-1.574641000,1.499474000,0.000000000,0.000000000,0.000000000,1.000000000
1403715324.542143345,0.406289000,-1.574568000,1.500115000,0.000000000,0.000000000,0.000000000,1.000000000
1403715324.547142982,0.406905000,-1.574479000,1.500770000,0.000000000,0.000000000,0.000000000,1.000000000
1403715324.552143097,0.407626000,-1.574435000,1.501558000,0.000000000,0.000000000,0.000000000,1.000000000
1403715324.557143211,0.408254000,-1.574341000,1.502234000,0.000000000,0.000000000,0.000000000,1.000000000
1403715324.562143087,0.408875000,-1.574240000,1.502910000,0.000000000,0.000000000,0.000000000,1.000000000
1403715324.567142963,0.409477000,-1.574131000,1.503605000,0.000000000,0.000000000,0.000000000,1.000000000
1403715324.572143078,0.410061000,-1.574011000,1.504313000,0.000000000,0.000000000,0.000000000,1.000000000
1403715324.577143192,0.410632000,-1.573878000,1.505031000,0.000000000,0.000000000,0.000000000,1.000000000
1403715324.582143068,0.411189000,-1.573731000,1.505761000,0.000000000,0.000000000,0.000000000,1.000000000
1403715324.587142944,0.411732000,-1.573575000,1.506503000,0.000000000,0.000000000,0.000000000,1.000000000
1403715324.592143297,0.412259000,-1.573411000,1.507255000,0.000000000,0.000000000,0.000000000,1.000000000
1403715324.597143173,0.412772000,-1.573232000,1.508013000,0.000000000,0.000000000,0.000000000,1.000000000
1403715324.602143049,0.413379000,-1.573088000,1.508906000,0.000000000,0.000000000,0.000000000,1.000000000
1403715324.607142925,0.413888000,-1.572891000,1.509678000,0.000000000,0.000000000,0.000000000,1.000000000
1403715324.612143278,0.414383000,-1.572696000,1.510439000,0.000000000,0.000000000,0.000000000,1.000000000
1403715324.617143154,0.414864000,-1.572495000,1.511202000,0.000000000,0.000000000,0.000000000,1.000000000
1403715324.622143030,0.415324000,-1.572281000,1.511964000,0.000000000,0.000000000,0.000000000,1.000000000
1403715324.627142906,0.415765000,-1.572048000,1.512717000,0.000000000,0.000000000,0.000000000,1.000000000
1403715324.632143259,0.416192000,-1.571797000,1.513464000,0.000000000,0.000000000,0.000000000,1.000000000
1403715324.637142897,0.416608000,-1.571532000,1.514216000,0.000000000,0.000000000,0.000000000,1.000000000
1403715324.642143011,0.417015000,-1.571257000,1.514971000,0.000000000,0.000000000,0.000000000,1.000000000
1403715324.647142887,0.417417000,-1.570973000,1.515726000,0.000000000,0.000000000,0.000000000,1.000000000
1403715324.652143240,0.417907000,-1.570735000,1.516598000,0.000000000,0.000000000,0.000000000,1.000000000
1403715324.657143116,0.418306000,-1.570440000,1.517361000,0.000000000,0.000000000,0.000000000,1.000000000
1403715324.662142992,0.418689000,-1.570134000,1.518122000,0.000000000,0.000000000,0.000000000,1.000000000
1403715324.667143345,0.419060000,-1.569815000,1.518893000,0.000000000,0.000000000,0.000000000,1.000000000
1403715324.672143221,0.419419000,-1.569476000,1.519678000,0.000000000,0.000000000,0.000000000,1.000000000
1403715324.677143097,0.419765000,-1.569121000,1.520469000,0.000000000,0.000000000,0.000000000,1.000000000
1403715324.682142973,0.420095000,-1.568754000,1.521263000,0.000000000,0.000000000,0.000000000,1.000000000
1403715324.687143326,0.420410000,-1.568379000,1.522064000,0.000000000,0.000000000,0.000000000,1.000000000
1403715324.692142963,0.420716000,-1.567995000,1.522867000,0.000000000,0.000000000,0.000000000,1.000000000
1403715324.697143078,0.421013000,-1.567595000,1.523658000,0.000000000,0.000000000,0.000000000,1.000000000
1403715324.702142954,0.421380000,-1.567241000,1.524539000,0.000000000,0.000000000,0.000000000,1.000000000
1403715324.707143307,0.421665000,-1.566824000,1.525325000,0.000000000,0.000000000,0.000000000,1.000000000
1403715324.712142944,0.421941000,-1.566391000,1.526104000,0.000000000,0.000000000,0.000000000,1.000000000
1403715324.717143059,0.422213000,-1.565948000,1.526878000,0.000000000,0.000000000,0.000000000,1.000000000
1403715324.722143173,0.422484000,-1.565497000,1.527640000,0.000000000,0.000000000,0.000000000,1.000000000
1403715324.727143288,0.422741000,-1.565039000,1.528393000,0.000000000,0.000000000,0.000000000,1.000000000
1403715324.732142925,0.422977000,-1.564577000,1.529153000,0.000000000,0.000000000,0.000000000,1.000000000
1403715324.737143040,0.423195000,-1.564106000,1.529906000,0.000000000,0.000000000,0.000000000,1.000000000
1403715324.742143154,0.423397000,-1.563626000,1.530648000,0.000000000,0.000000000,0.000000000,1.000000000
1403715324.747143030,0.423582000,-1.563140000,1.531385000,0.000000000,0.000000000,0.000000000,1.000000000
1403715324.752142906,0.423821000,-1.562709000,1.532203000,0.000000000,0.000000000,0.000000000,1.000000000
1403715324.757143021,0.423994000,-1.562225000,1.532974000,0.000000000,0.000000000,0.000000000,1.000000000
1403715324.762143135,0.424158000,-1.561736000,1.533750000,0.000000000,0.000000000,0.000000000,1.000000000
1403715324.767143011,0.424326000,-1.561244000,1.534519000,0.000000000,0.000000000,0.000000000,1.000000000
1403715324.772142887,0.424497000,-1.560748000,1.535275000,0.000000000,0.000000000,0.000000000,1.000000000
1403715324.777143240,0.424660000,-1.560244000,1.536023000,0.000000000,0.000000000,0.000000000,1.000000000
1403715324.782143354,0.424808000,-1.559730000,1.536778000,0.000000000,0.000000000,0.000000000,1.000000000
1403715324.787142992,0.424941000,-1.559204000,1.537537000,0.000000000,0.000000000,0.000000000,1.000000000
1403715324.792143106,0.425069000,-1.558672000,1.538286000,0.000000000,0.000000000,0.000000000,1.000000000
1403715324.797143221,0.425193000,-1.558140000,1.539018000,0.000000000,0.000000000,0.000000000,1.000000000
1403715324.802143097,0.425362000,-1.557667000,1.539781000,0.000000000,0.000000000,0.000000000,1.000000000
1403715324.807142973,0.425489000,-1.557140000,1.540499000,0.000000000,0.000000000,0.000000000,1.000000000
1403715324.812143087,0.425612000,-1.556596000,1.541203000,0.000000000,0.000000000,0.000000000,1.000000000
1403715324.817143202,0.425728000,-1.556042000,1.541896000,0.000000000,0.000000000,0.000000000,1.000000000
1403715324.822143078,0.425836000,-1.555492000,1.542584000,0.000000000,0.000000000,0.000000000,1.000000000
1403715324.827142954,0.425939000,-1.554949000,1.543274000,0.000000000,0.000000000,0.000000000,1.000000000
1403715324.832143307,0.426038000,-1.554406000,1.543960000,0.000000000,0.000000000,0.000000000,1.000000000
1403715324.837143183,0.426129000,-1.553859000,1.544636000,0.000000000,0.000000000,0.000000000,1.000000000
1403715324.842143059,0.426206000,-1.553312000,1.545314000,0.000000000,0.000000000,0.000000000,1.000000000
1403715324.847142935,0.426270000,-1.552769000,1.545993000,0.000000000,0.000000000,0.000000000,1.000000000
1403715324.852143288,0.426359000,-1.552288000,1.546695000,0.000000000,0.000000000,0.000000000,1.000000000
1403715324.857143164,0.426425000,-1.551758000,1.547376000,0.000000000,0.000000000,0.000000000,1.000000000
1403715324.862143040,0.426493000,-1.551232000,1.548063000,0.000000000,0.000000000,0.000000000,1.000000000
1403715324.867142916,0.426554000,-1.550703000,1.548752000,0.000000000,0.000000000,0.000000000,1.000000000
1403715324.872143269,0.426602000,-1.550168000,1.549437000,0.000000000,0.000000000,0.000000000,1.000000000
1403715324.877142906,0.426641000,-1.549636000,1.550111000,0.000000000,0.000000000,0.000000000,1.000000000
1403715324.882143021,0.426680000,-1.549111000,1.550776000,0.000000000,0.000000000,0.000000000,1.000000000
1403715324.887142897,0.426720000,-1.548595000,1.551432000,0.000000000,0.000000000,0.000000000,1.000000000
1403715324.892143250,0.426759000,-1.548081000,1.552077000,0.000000000,0.000000000,0.000000000,1.000000000
1403715324.897142887,0.426796000,-1.547566000,1.552720000,0.000000000,0.000000000,0.000000000,1.000000000
1403715324.902143002,0.426856000,-1.547113000,1.553362000,0.000000000,0.000000000,0.000000000,1.000000000
1403715324.907143354,0.426903000,-1.546605000,1.553989000,0.000000000,0.000000000,0.000000000,1.000000000
1403715324.912143230,0.426956000,-1.546091000,1.554618000,0.000000000,0.000000000,0.000000000,1.000000000
1403715324.917143106,0.427013000,-1.545572000,1.555241000,0.000000000,0.000000000,0.000000000,1.000000000
1403715324.922142982,0.427066000,-1.545052000,1.555846000,0.000000000,0.000000000,0.000000000,1.000000000
1403715324.927143335,0.427111000,-1.544536000,1.556435000,0.000000000,0.000000000,0.000000000,1.000000000
1403715324.932142973,0.427157000,-1.544041000,1.557020000,0.000000000,0.000000000,0.000000000,1.000000000
1403715324.937143087,0.427206000,-1.543569000,1.557607000,0.000000000,0.000000000,0.000000000,1.000000000
1403715324.942142963,0.427257000,-1.543099000,1.558192000,0.000000000,0.000000000,0.000000000,1.000000000
1403715324.947143316,0.427307000,-1.542622000,1.558779000,0.000000000,0.000000000,0.000000000,1.000000000
1403715324.952142954,0.427366000,-1.542205000,1.559360000,0.000000000,0.000000000,0.000000000,1.000000000
1403715324.957143068,0.427415000,-1.541735000,1.559952000,0.000000000,0.000000000,0.000000000,1.000000000
1403715324.962142944,0.427471000,-1.541266000,1.560541000,0.000000000,0.000000000,0.000000000,1.000000000
1403715324.967143297,0.427537000,-1.540807000,1.561122000,0.000000000,0.000000000,0.000000000,1.000000000
1403715324.972142935,0.427608000,-1.540352000,1.561696000,0.000000000,0.000000000,0.000000000,1.000000000
1403715324.977143049,0.427674000,-1.539895000,1.562269000,0.000000000,0.000000000,0.000000000,1.000000000
1403715324.982143164,0.427741000,-1.539426000,1.562840000,0.000000000,0.000000000,0.000000000,1.000000000
1403715324.987143040,0.427813000,-1.538942000,1.563382000,0.000000000,0.000000000,0.000000000,1.000000000
1403715324.992142916,0.427889000,-1.538458000,1.563892000,0.000000000,0.000000000,0.000000000,1.000000000
1403715324.997143030,0.427971000,-1.537984000,1.564386000,0.000000000,0.000000000,0.000000000,1.000000000
1403715325.002143145,0.428065000,-1.537585000,1.564825000,0.000000000,0.000000000,0.000000000,1.000000000
1403715325.007143021,0.428169000,-1.537136000,1.565304000,0.000000000,0.000000000,0.000000000,1.000000000
1403715325.012142897,0.428281000,-1.536686000,1.565790000,0.000000000,0.000000000,0.000000000,1.000000000
1403715325.017143011,0.428400000,-1.536224000,1.566281000,0.000000000,0.000000000,0.000000000,1.000000000
1403715325.022143126,0.428525000,-1.535758000,1.566771000,0.000000000,0.000000000,0.000000000,1.000000000
1403715325.027143002,0.428654000,-1.535297000,1.567260000,0.000000000,0.000000000,0.000000000,1.000000000
1403715325.032143116,0.428786000,-1.534845000,1.567745000,0.000000000,0.000000000,0.000000000,1.000000000
1403715325.037143230,0.428930000,-1.534402000,1.568225000,0.000000000,0.000000000,0.000000000,1.000000000
1403715325.042143345,0.429085000,-1.533966000,1.568704000,0.000000000,0.000000000,0.000000000,1.000000000
1403715325.047142982,0.429248000,-1.533529000,1.569167000,0.000000000,0.000000000,0.000000000,1.000000000
1403715325.052143097,0.429416000,-1.533086000,1.569624000,0.000000000,0.000000000,0.000000000,1.000000000
1403715325.057143211,0.429592000,-1.532632000,1.570086000,0.000000000,0.000000000,0.000000000,1.000000000
1403715325.062143087,0.429768000,-1.532274000,1.570451000,0.000000000,0.000000000,0.000000000,1.000000000
1403715325.067142963,0.429961000,-1.531831000,1.570894000,0.000000000,0.000000000,0.000000000,1.000000000
1403715325.072143078,0.430167000,-1.531393000,1.571346000,0.000000000,0.000000000,0.000000000,1.000000000
1403715325.077143192,0.430392000,-1.530954000,1.571804000,0.000000000,0.000000000,0.000000000,1.000000000
1403715325.082143068,0.430630000,-1.530516000,1.572257000,0.000000000,0.000000000,0.000000000,1.000000000
1403715325.087142944,0.430876000,-1.530072000,1.572698000,0.000000000,0.000000000,0.000000000,1.000000000
1403715325.092143297,0.431129000,-1.529607000,1.573122000,0.000000000,0.000000000,0.000000000,1.000000000
1403715325.097143173,0.431394000,-1.529125000,1.573517000,0.000000000,0.000000000,0.000000000,1.000000000
1403715325.102143049,0.431664000,-1.528702000,1.573824000,0.000000000,0.000000000,0.000000000,1.000000000
1403715325.107142925,0.431953000,-1.528239000,1.574151000,0.000000000,0.000000000,0.000000000,1.000000000
1403715325.112143278,0.432248000,-1.527780000,1.574469000,0.000000000,0.000000000,0.000000000,1.000000000
1403715325.117143154,0.432549000,-1.527321000,1.574785000,0.000000000,0.000000000,0.000000000,1.000000000
1403715325.122143030,0.432857000,-1.526857000,1.575095000,0.000000000,0.000000000,0.000000000,1.000000000
1403715325.127142906,0.433172000,-1.526389000,1.575395000,0.000000000,0.000000000,0.000000000,1.000000000
1403715325.132143259,0.433495000,-1.525920000,1.575689000,0.000000000,0.000000000,0.000000000,1.000000000
1403715325.137142897,0.433829000,-1.525448000,1.575997000,0.000000000,0.000000000,0.000000000,1.000000000
1403715325.142143011,0.434170000,-1.524972000,1.576312000,0.000000000,0.000000000,0.000000000,1.000000000
1403715325.147142887,0.434515000,-1.524491000,1.576634000,0.000000000,0.000000000,0.000000000,1.000000000
1403715325.152143240,0.434855000,-1.524085000,1.576885000,0.000000000,0.000000000,0.000000000,1.000000000
1403715325.157143116,0.435213000,-1.523613000,1.577203000,0.000000000,0.000000000,0.000000000,1.000000000
1403715325.162142992,0.435583000,-1.523136000,1.577524000,0.000000000,0.000000000,0.000000000,1.000000000
1403715325.167143345,0.435965000,-1.522658000,1.577847000,0.000000000,0.000000000,0.000000000,1.000000000
1403715325.172143221,0.436357000,-1.522172000,1.578167000,0.000000000,0.000000000,0.000000000,1.000000000
1403715325.177143097,0.436759000,-1.521675000,1.578483000,0.000000000,0.000000000,0.000000000,1.000000000
1403715325.182142973,0.437170000,-1.521171000,1.578794000,0.000000000,0.000000000,0.000000000,1.000000000
1403715325.187143326,0.437592000,-1.520660000,1.579103000,0.000000000,0.000000000,0.000000000,1.000000000
1403715325.192142963,0.438026000,-1.520150000,1.579412000,0.000000000,0.000000000,0.000000000,1.000000000
1403715325.197143078,0.438474000,-1.519637000,1.579714000,0.000000000,0.000000000,0.000000000,1.000000000
1403715325.202142954,0.438926000,-1.519204000,1.579893000,0.000000000,0.000000000,0.000000000,1.000000000
1403715325.207143307,0.439396000,-1.518697000,1.580127000,0.000000000,0.000000000,0.000000000,1.000000000
1403715325.212142944,0.439877000,-1.518183000,1.580349000,0.000000000,0.000000000,0.000000000,1.000000000
1403715325.217143059,0.440371000,-1.517668000,1.580555000,0.000000000,0.000000000,0.000000000,1.000000000
1403715325.222143173,0.440879000,-1.517159000,1.580739000,0.000000000,0.000000000,0.000000000,1.000000000
1403715325.227143288,0.441399000,-1.516652000,1.580904000,0.000000000,0.000000000,0.000000000,1.000000000
1403715325.232142925,0.441929000,-1.516141000,1.581063000,0.000000000,0.000000000,0.000000000,1.000000000
1403715325.237143040,0.442466000,-1.515622000,1.581220000,0.000000000,0.000000000,0.000000000,1.000000000
1403715325.242143154,0.443013000,-1.515090000,1.581381000,0.000000000,0.000000000,0.000000000,1.000000000
1403715325.247143030,0.443571000,-1.514548000,1.581544000,0.000000000,0.000000000,0.000000000,1.000000000
1403715325.252142906,0.444139000,-1.514104000,1.581610000,0.000000000,0.000000000,0.000000000,1.000000000
1403715325.257143021,0.444724000,-1.513598000,1.581766000,0.000000000,0.000000000,0.000000000,1.000000000
1403715325.262143135,0.445324000,-1.513094000,1.581932000,0.000000000,0.000000000,0.000000000,1.000000000
1403715325.267143011,0.445939000,-1.512587000,1.582101000,0.000000000,0.000000000,0.000000000,1.000000000
1403715325.272142887,0.446563000,-1.512073000,1.582262000,0.000000000,0.000000000,0.000000000,1.000000000
1403715325.277143240,0.447194000,-1.511543000,1.582403000,0.000000000,0.000000000,0.000000000,1.000000000
1403715325.282143354,0.447831000,-1.511001000,1.582536000,0.000000000,0.000000000,0.000000000,1.000000000
1403715325.287142992,0.448482000,-1.510454000,1.582671000,0.000000000,0.000000000,0.000000000,1.000000000
1403715325.292143106,0.449147000,-1.509907000,1.582805000,0.000000000,0.000000000,0.000000000,1.000000000
1403715325.297143221,0.449827000,-1.509367000,1.582929000,0.000000000,0.000000000,0.000000000,1.000000000
1403715325.302143097,0.450525000,-1.508913000,1.582942000,0.000000000,0.000000000,0.000000000,1.000000000
1403715325.307142973,0.451232000,-1.508366000,1.583040000,0.000000000,0.000000000,0.000000000,1.000000000
1403715325.312143087,0.451951000,-1.507799000,1.583147000,0.000000000,0.000000000,0.000000000,1.000000000
1403715325.317143202,0.452680000,-1.507226000,1.583254000,0.000000000,0.000000000,0.000000000,1.000000000
1403715325.322143078,0.453416000,-1.506644000,1.583352000,0.000000000,0.000000000,0.000000000,1.000000000
1403715325.327142954,0.454161000,-1.506055000,1.583463000,0.000000000,0.000000000,0.000000000,1.000000000
1403715325.332143307,0.454914000,-1.505461000,1.583588000,0.000000000,0.000000000,0.000000000,1.000000000
1403715325.337143183,0.455669000,-1.504858000,1.583708000,0.000000000,0.000000000,0.000000000,1.000000000
1403715325.342143059,0.456426000,-1.504243000,1.583820000,0.000000000,0.000000000,0.000000000,1.000000000
1403715325.347142935,0.457192000,-1.503612000,1.583920000,0.000000000,0.000000000,0.000000000,1.000000000
1403715325.352143288,0.457977000,-1.503067000,1.583921000,0.000000000,0.000000000,0.000000000,1.000000000
1403715325.357143164,0.458765000,-1.502447000,1.583994000,0.000000000,0.000000000,0.000000000,1.000000000
1403715325.362143040,0.459559000,-1.501828000,1.584061000,0.000000000,0.000000000,0.000000000,1.000000000
1403715325.367142916,0.460358000,-1.501204000,1.584134000,0.000000000,0.000000000,0.000000000,1.000000000
1403715325.372143269,0.461158000,-1.500577000,1.584213000,0.000000000,0.000000000,0.000000000,1.000000000
1403715325.377142906,0.461961000,-1.499949000,1.584301000,0.000000000,0.000000000,0.000000000,1.000000000
1403715325.382143021,0.462771000,-1.499306000,1.584388000,0.000000000,0.000000000,0.000000000,1.000000000
1403715325.387142897,0.463587000,-1.498652000,1.584457000,0.000000000,0.000000000,0.000000000,1.000000000
1403715325.392143250,0.464410000,-1.497993000,1.584520000,0.000000000,0.000000000,0.000000000,1.000000000
1403715325.397142887,0.465247000,-1.497329000,1.584577000,0.000000000,0.000000000,0.000000000,1.000000000
1403715325.402143002,0.466123000,-1.496747000,1.584518000,0.000000000,0.000000000,0.000000000,1.000000000
1403715325.407143354,0.467002000,-1.496087000,1.584521000,0.000000000,0.000000000,0.000000000,1.000000000
1403715325.412143230,0.467895000,-1.495422000,1.584523000,0.000000000,0.000000000,0.000000000,1.000000000
1403715325.417143106,0.468795000,-1.494747000,1.584529000,0.000000000,0.000000000,0.000000000,1.000000000
1403715325.422142982,0.469693000,-1.494064000,1.584540000,0.000000000,0.000000000,0.000000000,1.000000000
1403715325.427143335,0.470585000,-1.493377000,1.584548000,0.000000000,0.000000000,0.000000000,1.000000000
1403715325.432142973,0.471473000,-1.492688000,1.584552000,0.000000000,0.000000000,0.000000000,1.000000000
1403715325.437143087,0.472363000,-1.492000000,1.584569000,0.000000000,0.000000000,0.000000000,1.000000000
1403715325.442142963,0.473259000,-1.491307000,1.584590000,0.000000000,0.000000000,0.000000000,1.000000000
1403715325.447143316,0.474154000,-1.490606000,1.584605000,0.000000000,0.000000000,0.000000000,1.000000000
1403715325.452142954,0.475070000,-1.489987000,1.584540000,0.000000000,0.000000000,0.000000000,1.000000000
1403715325.457143068,0.475959000,-1.489280000,1.584516000,0.000000000,0.000000000,0.000000000,1.000000000
1403715325.462142944,0.476841000,-1.488575000,1.584483000,0.000000000,0.000000000,0.000000000,1.000000000
1403715325.467143297,0.477728000,-1.487880000,1.584454000,0.000000000,0.000000000,0.000000000,1.000000000
1403715325.472142935,0.478616000,-1.487191000,1.584426000,0.000000000,0.000000000,0.000000000,1.000000000
1403715325.477143049,0.479496000,-1.486494000,1.584409000,0.000000000,0.000000000,0.000000000,1.000000000
1403715325.482143164,0.480367000,-1.485787000,1.584394000,0.000000000,0.000000000,0.000000000,1.000000000
1403715325.487143040,0.481230000,-1.485071000,1.584371000,0.000000000,0.000000000,0.000000000,1.000000000
1403715325.492142916,0.482091000,-1.484350000,1.584333000,0.000000000,0.000000000,0.000000000,1.000000000
1403715325.497143030,0.482957000,-1.483634000,1.584273000,0.000000000,0.000000000,0.000000000,1.000000000
1403715325.502143145,0.483873000,-1.483020000,1.584135000,0.000000000,0.000000000,0.000000000,1.000000000
1403715325.507143021,0.484761000,-1.482328000,1.584033000,0.000000000,0.000000000,0.000000000,1.000000000
1403715325.512142897,0.485650000,-1.481636000,1.583927000,0.000000000,0.000000000,0.000000000,1.000000000
1403715325.517143011,0.486541000,-1.480934000,1.583818000,0.000000000,0.000000000,0.000000000,1.000000000
1403715325.522143126,0.487432000,-1.480232000,1.583714000,0.000000000,0.000000000,0.000000000,1.000000000
1403715325.527143002,0.488319000,-1.479527000,1.583628000,0.000000000,0.000000000,0.000000000,1.000000000
1403715325.532143116,0.489197000,-1.478815000,1.583564000,0.000000000,0.000000000,0.000000000,1.000000000
1403715325.537143230,0.490069000,-1.478099000,1.583519000,0.000000000,0.000000000,0.000000000,1.000000000
1403715325.542143345,0.490937000,-1.477388000,1.583489000,0.000000000,0.000000000,0.000000000,1.000000000
1403715325.547142982,0.491796000,-1.476681000,1.583480000,0.000000000,0.000000000,0.000000000,1.000000000
1403715325.552143097,0.492691000,-1.476076000,1.583441000,0.000000000,0.000000000,0.000000000,1.000000000
1403715325.557143211,0.493542000,-1.475392000,1.583452000,0.000000000,0.000000000,0.000000000,1.000000000
1403715325.562143087,0.494379000,-1.474709000,1.583470000,0.000000000,0.000000000,0.000000000,1.000000000
1403715325.567142963,0.495205000,-1.474028000,1.583493000,0.000000000,0.000000000,0.000000000,1.000000000
1403715325.572143078,0.496024000,-1.473343000,1.583519000,0.000000000,0.000000000,0.000000000,1.000000000
1403715325.577143192,0.496836000,-1.472652000,1.583554000,0.000000000,0.000000000,0.000000000,1.000000000
1403715325.582143068,0.497640000,-1.471950000,1.583595000,0.000000000,0.000000000,0.000000000,1.000000000
1403715325.587142944,0.498438000,-1.471235000,1.583639000,0.000000000,0.000000000,0.000000000,1.000000000
1403715325.592143297,0.499225000,-1.470505000,1.583683000,0.000000000,0.000000000,0.000000000,1.000000000
1403715325.597143173,0.499999000,-1.469769000,1.583731000,0.000000000,0.000000000,0.000000000,1.000000000
1403715325.602143049,0.500806000,-1.469140000,1.583755000,0.000000000,0.000000000,0.000000000,1.000000000
1403715325.607142925,0.501570000,-1.468425000,1.583811000,0.000000000,0.000000000,0.000000000,1.000000000
1403715325.612143278,0.502330000,-1.467703000,1.583857000,0.000000000,0.000000000,0.000000000,1.000000000
1403715325.617143154,0.503078000,-1.466965000,1.583887000,0.000000000,0.000000000,0.000000000,1.000000000
1403715325.622143030,0.503812000,-1.466210000,1.583907000,0.000000000,0.000000000,0.000000000,1.000000000
1403715325.627142906,0.504533000,-1.465443000,1.583916000,0.000000000,0.000000000,0.000000000,1.000000000
1403715325.632143259,0.505240000,-1.464672000,1.583909000,0.000000000,0.000000000,0.000000000,1.000000000
1403715325.637142897,0.505939000,-1.463892000,1.583884000,0.000000000,0.000000000,0.000000000,1.000000000
1403715325.642143011,0.506635000,-1.463093000,1.583839000,0.000000000,0.000000000,0.000000000,1.000000000
1403715325.647142887,0.507328000,-1.462282000,1.583785000,0.000000000,0.000000000,0.000000000,1.000000000
1403715325.652143240,0.508057000,-1.461579000,1.583700000,0.000000000,0.000000000,0.000000000,1.000000000
1403715325.657143116,0.508740000,-1.460780000,1.583624000,0.000000000,0.000000000,0.000000000,1.000000000
1403715325.662142992,0.509418000,-1.459975000,1.583547000,0.000000000,0.000000000,0.000000000,1.000000000
1403715325.667143345,0.510094000,-1.459159000,1.583463000,0.000000000,0.000000000,0.000000000,1.000000000
1403715325.672143221,0.510764000,-1.458323000,1.583380000,0.000000000,0.000000000,0.000000000,1.000000000
1403715325.677143097,0.511424000,-1.457462000,1.583316000,0.000000000,0.000000000,0.000000000,1.000000000
1403715325.682142973,0.512068000,-1.456593000,1.583266000,0.000000000,0.000000000,0.000000000,1.000000000
1403715325.687143326,0.512689000,-1.455722000,1.583224000,0.000000000,0.000000000,0.000000000,1.000000000
1403715325.692142963,0.513293000,-1.454843000,1.583192000,0.000000000,0.000000000,0.000000000,1.000000000
1403715325.697143078,0.513884000,-1.453950000,1.583177000,0.000000000,0.000000000,0.000000000,1.000000000
1403715325.702142954,0.514499000,-1.453163000,1.583182000,0.000000000,0.000000000,0.000000000,1.000000000
1403715325.707143307,0.515063000,-1.452265000,1.583182000,0.000000000,0.000000000,0.000000000,1.000000000
1403715325.712142944,0.515612000,-1.451357000,1.583165000,0.000000000,0.000000000,0.000000000,1.000000000
1403715325.717143059,0.516146000,-1.450440000,1.583132000,0.000000000,0.000000000,0.000000000,1.000000000
1403715325.722143173,0.516663000,-1.449514000,1.583097000,0.000000000,0.000000000,0.000000000,1.000000000
1403715325.727143288,0.517168000,-1.448572000,1.583073000,0.000000000,0.000000000,0.000000000,1.000000000
1403715325.732142925,0.517663000,-1.447610000,1.583054000,0.000000000,0.000000000,0.000000000,1.000000000
1403715325.737143040,0.518152000,-1.446623000,1.583028000,0.000000000,0.000000000,0.000000000,1.000000000
1403715325.742143154,0.518632000,-1.445611000,1.582996000,0.000000000,0.000000000,0.000000000,1.000000000
1403715325.747143030,0.519099000,-1.444579000,1.582966000,0.000000000,0.000000000,0.000000000,1.000000000
1403715325.752142906,0.519588000,-1.443655000,1.582943000,0.000000000,0.000000000,0.000000000,1.000000000
1403715325.757143021,0.520035000,-1.442612000,1.582914000,0.000000000,0.000000000,0.000000000,1.000000000
1403715325.762143135,0.520470000,-1.441552000,1.582892000,0.000000000,0.000000000,0.000000000,1.000000000
1403715325.767143011,0.520900000,-1.440476000,1.582871000,0.000000000,0.000000000,0.000000000,1.000000000
1403715325.772142887,0.521322000,-1.439380000,1.582857000,0.000000000,0.000000000,0.000000000,1.000000000
1403715325.777143240,0.521732000,-1.438265000,1.582852000,0.000000000,0.000000000,0.000000000,1.000000000
1403715325.782143354,0.522130000,-1.437137000,1.582854000,0.000000000,0.000000000,0.000000000,1.000000000
1403715325.787142992,0.522518000,-1.435994000,1.582859000,0.000000000,0.000000000,0.000000000,1.000000000
1403715325.792143106,0.522901000,-1.434842000,1.582864000,0.000000000,0.000000000,0.000000000,1.000000000
1403715325.797143221,0.523270000,-1.433683000,1.582869000,0.000000000,0.000000000,0.000000000,1.000000000
1403715325.802143097,0.523638000,-1.432644000,1.582892000,0.000000000,0.000000000,0.000000000,1.000000000
1403715325.807142973,0.523974000,-1.431493000,1.582899000,0.000000000,0.000000000,0.000000000,1.000000000
1403715325.812143087,0.524293000,-1.430332000,1.582905000,0.000000000,0.000000000,0.000000000,1.000000000
1403715325.817143202,0.524594000,-1.429160000,1.582908000,0.000000000,0.000000000,0.000000000,1.000000000
1403715325.822143078,0.524883000,-1.427977000,1.582916000,0.000000000,0.000000000,0.000000000,1.000000000
1403715325.827142954,0.525164000,-1.426780000,1.582923000,0.000000000,0.000000000,0.000000000,1.000000000
1403715325.832143307,0.525436000,-1.425568000,1.582924000,0.000000000,0.000000000,0.000000000,1.000000000
1403715325.837143183,0.525701000,-1.424335000,1.582917000,0.000000000,0.000000000,0.000000000,1.000000000
1403715325.842143059,0.525962000,-1.423087000,1.582891000,0.000000000,0.000000000,0.000000000,1.000000000
1403715325.847142935,0.526218000,-1.421832000,1.582850000,0.000000000,0.000000000,0.000000000,1.000000000
1403715325.852143288,0.526474000,-1.420704000,1.582816000,0.000000000,0.000000000,0.000000000,1.000000000
1403715325.857143164,0.526715000,-1.419462000,1.582744000,0.000000000,0.000000000,0.000000000,1.000000000
1403715325.862143040,0.526943000,-1.418202000,1.582671000,0.000000000,0.000000000,0.000000000,1.000000000
1403715325.867142916,0.527157000,-1.416922000,1.582602000,0.000000000,0.000000000,0.000000000,1.000000000
1403715325.872143269,0.527358000,-1.415624000,1.582535000,0.000000000,0.000000000,0.000000000,1.000000000
1403715325.877142906,0.527545000,-1.414314000,1.582468000,0.000000000,0.000000000,0.000000000,1.000000000
1403715325.882143021,0.527721000,-1.412990000,1.582397000,0.000000000,0.000000000,0.000000000,1.000000000
1403715325.887142897,0.527888000,-1.411649000,1.582328000,0.000000000,0.000000000,0.000000000,1.000000000
1403715325.892143250,0.528041000,-1.410295000,1.582271000,0.000000000,0.000000000,0.000000000,1.000000000
1403715325.897142887,0.528179000,-1.408926000,1.582220000,0.000000000,0.000000000,0.000000000,1.000000000
1403715325.902143002,0.528300000,-1.407690000,1.582198000,0.000000000,0.000000000,0.000000000,1.000000000
1403715325.907143354,0.528421000,-1.406351000,1.582142000,0.000000000,0.000000000,0.000000000,1.000000000
1403715325.912143230,0.528538000,-1.405003000,1.582088000,0.000000000,0.000000000,0.000000000,1.000000000
1403715325.917143106,0.528643000,-1.403643000,1.582025000,0.000000000,0.000000000,0.000000000,1.000000000
1403715325.922142982,0.528729000,-1.402270000,1.581954000,0.000000000,0.000000000,0.000000000,1.000000000
1403715325.927143335,0.528796000,-1.400880000,1.581876000,0.000000000,0.000000000,0.000000000,1.000000000
1403715325.932142973,0.528848000,-1.399470000,1.581797000,0.000000000,0.000000000,0.000000000,1.000000000
1403715325.937143087,0.528888000,-1.398042000,1.581715000,0.000000000,0.000000000,0.000000000,1.000000000
1403715325.942142963,0.528916000,-1.396608000,1.581625000,0.000000000,0.000000000,0.000000000,1.000000000
1403715325.947143316,0.528931000,-1.395171000,1.581530000,0.000000000,0.000000000,0.000000000,1.000000000
1403715325.952142954,0.528920000,-1.393859000,1.581468000,0.000000000,0.000000000,0.000000000,1.000000000
1403715325.957143068,0.528909000,-1.392430000,1.581374000,0.000000000,0.000000000,0.000000000,1.000000000
1403715325.962142944,0.528881000,-1.390979000,1.581287000,0.000000000,0.000000000,0.000000000,1.000000000
1403715325.967143297,0.528836000,-1.389507000,1.581202000,0.000000000,0.000000000,0.000000000,1.000000000
1403715325.972142935,0.528769000,-1.388021000,1.581108000,0.000000000,0.000000000,0.000000000,1.000000000
1403715325.977143049,0.528678000,-1.386527000,1.581007000,0.000000000,0.000000000,0.000000000,1.000000000
1403715325.982143164,0.528567000,-1.385032000,1.580912000,0.000000000,0.000000000,0.000000000,1.000000000
1403715325.987143040,0.528441000,-1.383543000,1.580819000,0.000000000,0.000000000,0.000000000,1.000000000
1403715325.992142916,0.528304000,-1.382055000,1.580718000,0.000000000,0.000000000,0.000000000,1.000000000
1403715325.997143030,0.528156000,-1.380561000,1.580599000,0.000000000,0.000000000,0.000000000,1.000000000
1403715326.002143145,0.527974000,-1.379185000,1.580505000,0.000000000,0.000000000,0.000000000,1.000000000
1403715326.007143021,0.527785000,-1.377693000,1.580376000,0.000000000,0.000000000,0.000000000,1.000000000
1403715326.012142897,0.527585000,-1.376186000,1.580241000,0.000000000,0.000000000,0.000000000,1.000000000
1403715326.017143011,0.527375000,-1.374671000,1.580096000,0.000000000,0.000000000,0.000000000,1.000000000
1403715326.022143126,0.527151000,-1.373150000,1.579960000,0.000000000,0.000000000,0.000000000,1.000000000
1403715326.027143002,0.526912000,-1.371614000,1.579839000,0.000000000,0.000000000,0.000000000,1.000000000
1403715326.032143116,0.526653000,-1.370061000,1.579724000,0.000000000,0.000000000,0.000000000,1.000000000
1403715326.037143230,0.526373000,-1.368490000,1.579604000,0.000000000,0.000000000,0.000000000,1.000000000
1403715326.042143345,0.526069000,-1.366910000,1.579487000,0.000000000,0.000000000,0.000000000,1.000000000
1403715326.047142982,0.525746000,-1.365325000,1.579378000,0.000000000,0.000000000,0.000000000,1.000000000
1403715326.052143097,0.525399000,-1.363860000,1.579293000,0.000000000,0.000000000,0.000000000,1.000000000
1403715326.057143211,0.525058000,-1.362302000,1.579144000,0.000000000,0.000000000,0.000000000,1.000000000
1403715326.062143087,0.524715000,-1.360736000,1.578972000,0.000000000,0.000000000,0.000000000,1.000000000
1403715326.067142963,0.524366000,-1.359160000,1.578798000,0.000000000,0.000000000,0.000000000,1.000000000
1403715326.072143078,0.524008000,-1.357573000,1.578621000,0.000000000,0.000000000,0.000000000,1.000000000
1403715326.077143192,0.523635000,-1.355977000,1.578431000,0.000000000,0.000000000,0.000000000,1.000000000
1403715326.082143068,0.523247000,-1.354372000,1.578227000,0.000000000,0.000000000,0.000000000,1.000000000
1403715326.087142944,0.522842000,-1.352761000,1.578012000,0.000000000,0.000000000,0.000000000,1.000000000
1403715326.092143297,0.522420000,-1.351149000,1.577788000,0.000000000,0.000000000,0.000000000,1.000000000
1403715326.097143173,0.521989000,-1.349531000,1.577562000,0.000000000,0.000000000,0.000000000,1.000000000
1403715326.102143049,0.521534000,-1.348018000,1.577379000,0.000000000,0.000000000,0.000000000,1.000000000
1403715326.107142925,0.521080000,-1.346427000,1.577153000,0.000000000,0.000000000,0.000000000,1.000000000
1403715326.112143278,0.520611000,-1.344837000,1.576907000,0.000000000,0.000000000,0.000000000,1.000000000
1403715326.117143154,0.520136000,-1.343240000,1.576666000,0.000000000,0.000000000,0.000000000,1.000000000
1403715326.122143030,0.519660000,-1.341632000,1.576441000,0.000000000,0.000000000,0.000000000,1.000000000
1403715326.127142906,0.519177000,-1.340022000,1.576224000,0.000000000,0.000000000,0.000000000,1.000000000
1403715326.132143259,0.518682000,-1.338415000,1.576010000,0.000000000,0.000000000,0.000000000,1.000000000
1403715326.137142897,0.518179000,-1.336806000,1.575796000,0.000000000,0.000000000,0.000000000,1.000000000
1403715326.142143011,0.517668000,-1.335192000,1.575584000,0.000000000,0.000000000,0.000000000,1.000000000
1403715326.147142887,0.517150000,-1.333578000,1.575362000,0.000000000,0.000000000,0.000000000,1.000000000
1403715326.152143240,0.516609000,-1.332060000,1.575148000,0.000000000,0.000000000,0.000000000,1.000000000
1403715326.157143116,0.516075000,-1.330451000,1.574913000,0.000000000,0.000000000,0.000000000,1.000000000
1403715326.162142992,0.515534000,-1.328828000,1.574654000,0.000000000,0.000000000,0.000000000,1.000000000
1403715326.167143345,0.514993000,-1.327198000,1.574366000,0.000000000,0.000000000,0.000000000,1.000000000
1403715326.172143221,0.514454000,-1.325573000,1.574061000,0.000000000,0.000000000,0.000000000,1.000000000
1403715326.177143097,0.513912000,-1.323962000,1.573744000,0.000000000,0.000000000,0.000000000,1.000000000
1403715326.182142973,0.513364000,-1.322355000,1.573424000,0.000000000,0.000000000,0.000000000,1.000000000
1403715326.187143326,0.512799000,-1.320739000,1.573089000,0.000000000,0.000000000,0.000000000,1.000000000
1403715326.192142963,0.512215000,-1.319111000,1.572741000,0.000000000,0.000000000,0.000000000,1.000000000
1403715326.197143078,0.511618000,-1.317477000,1.572399000,0.000000000,0.000000000,0.000000000,1.000000000
1403715326.202142954,0.510996000,-1.315938000,1.572058000,0.000000000,0.000000000,0.000000000,1.000000000
1403715326.207143307,0.510394000,-1.314340000,1.571711000,0.000000000,0.000000000,0.000000000,1.000000000
1403715326.212142944,0.509791000,-1.312753000,1.571357000,0.000000000,0.000000000,0.000000000,1.000000000
1403715326.217143059,0.509186000,-1.311170000,1.571007000,0.000000000,0.000000000,0.000000000,1.000000000
1403715326.222143173,0.508574000,-1.309585000,1.570648000,0.000000000,0.000000000,0.000000000,1.000000000
1403715326.227143288,0.507955000,-1.307998000,1.570277000,0.000000000,0.000000000,0.000000000,1.000000000
1403715326.232142925,0.507335000,-1.306402000,1.569888000,0.000000000,0.000000000,0.000000000,1.000000000
1403715326.237143040,0.506710000,-1.304802000,1.569482000,0.000000000,0.000000000,0.000000000,1.000000000
1403715326.242143154,0.506078000,-1.303206000,1.569074000,0.000000000,0.000000000,0.000000000,1.000000000
1403715326.247143030,0.505442000,-1.301615000,1.568661000,0.000000000,0.000000000,0.000000000,1.000000000
1403715326.252142906,0.504779000,-1.300103000,1.568240000,0.000000000,0.000000000,0.000000000,1.000000000
1403715326.257143021,0.504128000,-1.298539000,1.567838000,0.000000000,0.000000000,0.000000000,1.000000000
1403715326.262143135,0.503475000,-1.296979000,1.567437000,0.000000000,0.000000000,0.000000000,1.000000000
1403715326.267143011,0.502822000,-1.295418000,1.567039000,0.000000000,0.000000000,0.000000000,1.000000000
1403715326.272142887,0.502174000,-1.293859000,1.566647000,0.000000000,0.000000000,0.000000000,1.000000000
1403715326.277143240,0.501533000,-1.292296000,1.566251000,0.000000000,0.000000000,0.000000000,1.000000000
1403715326.282143354,0.500903000,-1.290720000,1.565840000,0.000000000,0.000000000,0.000000000,1.000000000
1403715326.287142992,0.500281000,-1.289136000,1.565419000,0.000000000,0.000000000,0.000000000,1.000000000
1403715326.292143106,0.499666000,-1.287545000,1.564995000,0.000000000,0.000000000,0.000000000,1.000000000
1403715326.297143221,0.499059000,-1.285952000,1.564577000,0.000000000,0.000000000,0.000000000,1.000000000
1403715326.302143097,0.498439000,-1.284419000,1.564129000,0.000000000,0.000000000,0.000000000,1.000000000
1403715326.307142973,0.497831000,-1.282846000,1.563702000,0.000000000,0.000000000,0.000000000,1.000000000
1403715326.312143087,0.497220000,-1.281275000,1.563279000,0.000000000,0.000000000,0.000000000,1.000000000
1403715326.317143202,0.496603000,-1.279705000,1.562854000,0.000000000,0.000000000,0.000000000,1.000000000
1403715326.322143078,0.495978000,-1.278136000,1.562437000,0.000000000,0.000000000,0.000000000,1.000000000
1403715326.327142954,0.495352000,-1.276576000,1.562035000,0.000000000,0.000000000,0.000000000,1.000000000
1403715326.332143307,0.494725000,-1.275030000,1.561635000,0.000000000,0.000000000,0.000000000,1.000000000
1403715326.337143183,0.494092000,-1.273491000,1.561235000,0.000000000,0.000000000,0.000000000,1.000000000
1403715326.342143059,0.493456000,-1.271958000,1.560835000,0.000000000,0.000000000,0.000000000,1.000000000
1403715326.347142935,0.492823000,-1.270432000,1.560439000,0.000000000,0.000000000,0.000000000,1.000000000
1403715326.352143288,0.492179000,-1.268957000,1.560018000,0.000000000,0.000000000,0.000000000,1.000000000
1403715326.357143164,0.491548000,-1.267456000,1.559630000,0.000000000,0.000000000,0.000000000,1.000000000
1403715326.362143040,0.490920000,-1.265965000,1.559251000,0.000000000,0.000000000,0.000000000,1.000000000
1403715326.367142916,0.490300000,-1.264483000,1.558877000,0.000000000,0.000000000,0.000000000,1.000000000
1403715326.372143269,0.489682000,-1.263002000,1.558499000,0.000000000,0.000000000,0.000000000,1.000000000
1403715326.377142906,0.489060000,-1.261518000,1.558117000,0.000000000,0.000000000,0.000000000,1.000000000
1403715326.382143021,0.488437000,-1.260051000,1.557744000,0.000000000,0.000000000,0.000000000,1.000000000
1403715326.387142897,0.487816000,-1.258596000,1.557365000,0.000000000,0.000000000,0.000000000,1.000000000
1403715326.392143250,0.487196000,-1.257138000,1.556976000,0.000000000,0.000000000,0.000000000,1.000000000
1403715326.397142887,0.486579000,-1.255677000,1.556589000,0.000000000,0.000000000,0.000000000,1.000000000
1403715326.402143002,0.485952000,-1.254243000,1.556145000,0.000000000,0.000000000,0.000000000,1.000000000
1403715326.407143354,0.485338000,-1.252791000,1.555749000,0.000000000,0.000000000,0.000000000,1.000000000
1403715326.412143230,0.484726000,-1.251349000,1.555348000,0.000000000,0.000000000,0.000000000,1.000000000
1403715326.417143106,0.484118000,-1.249916000,1.554943000,0.000000000,0.000000000,0.000000000,1.000000000
1403715326.422142982,0.483513000,-1.248491000,1.554544000,0.000000000,0.000000000,0.000000000,1.000000000
1403715326.427143335,0.482907000,-1.247076000,1.554138000,0.000000000,0.000000000,0.000000000,1.000000000
1403715326.432142973,0.482300000,-1.245669000,1.553727000,0.000000000,0.000000000,0.000000000,1.000000000
1403715326.437143087,0.481682000,-1.244274000,1.553319000,0.000000000,0.000000000,0.000000000,1.000000000
1403715326.442142963,0.481051000,-1.242889000,1.552932000,0.000000000,0.000000000,0.000000000,1.000000000
1403715326.447143316,0.480423000,-1.241509000,1.552573000,0.000000000,0.000000000,0.000000000,1.000000000
1403715326.452142954,0.479795000,-1.240159000,1.552151000,0.000000000,0.000000000,0.000000000,1.000000000
1403715326.457143068,0.479187000,-1.238790000,1.551787000,0.000000000,0.000000000,0.000000000,1.000000000
1403715326.462142944,0.478586000,-1.237418000,1.551427000,0.000000000,0.000000000,0.000000000,1.000000000
1403715326.467143297,0.477997000,-1.236038000,1.551072000,0.000000000,0.000000000,0.000000000,1.000000000
1403715326.472142935,0.477419000,-1.234648000,1.550716000,0.000000000,0.000000000,0.000000000,1.000000000
1403715326.477143049,0.476856000,-1.233247000,1.550354000,0.000000000,0.000000000,0.000000000,1.000000000
1403715326.482143164,0.476311000,-1.231843000,1.549988000,0.000000000,0.000000000,0.000000000,1.000000000
1403715326.487143040,0.475790000,-1.230441000,1.549619000,0.000000000,0.000000000,0.000000000,1.000000000
1403715326.492142916,0.475298000,-1.229042000,1.549248000,0.000000000,0.000000000,0.000000000,1.000000000
1403715326.497143030,0.474824000,-1.227638000,1.548867000,0.000000000,0.000000000,0.000000000,1.000000000
1403715326.502143145,0.474349000,-1.226238000,1.548397000,0.000000000,0.000000000,0.000000000,1.000000000
1403715326.507143021,0.473896000,-1.224819000,1.547983000,0.000000000,0.000000000,0.000000000,1.000000000
1403715326.512142897,0.473456000,-1.223395000,1.547559000,0.000000000,0.000000000,0.000000000,1.000000000
1403715326.517143011,0.473027000,-1.221960000,1.547127000,0.000000000,0.000000000,0.000000000,1.000000000
1403715326.522143126,0.472617000,-1.220519000,1.546690000,0.000000000,0.000000000,0.000000000,1.000000000
1403715326.527143002,0.472229000,-1.219078000,1.546239000,0.000000000,0.000000000,0.000000000,1.000000000
1403715326.532143116,0.471867000,-1.217637000,1.545770000,0.000000000,0.000000000,0.000000000,1.000000000
1403715326.537143230,0.471537000,-1.216198000,1.545291000,0.000000000,0.000000000,0.000000000,1.000000000
1403715326.542143345,0.471242000,-1.214759000,1.544803000,0.000000000,0.000000000,0.000000000,1.000000000
1403715326.547142982,0.470971000,-1.213313000,1.544300000,0.000000000,0.000000000,0.000000000,1.000000000
1403715326.552143097,0.470700000,-1.211876000,1.543715000,0.000000000,0.000000000,0.000000000,1.000000000
1403715326.557143211,0.470447000,-1.210415000,1.543200000,0.000000000,0.000000000,0.000000000,1.000000000
1403715326.562143087,0.470204000,-1.208951000,1.542687000,0.000000000,0.000000000,0.000000000,1.000000000
1403715326.567142963,0.469971000,-1.207488000,1.542179000,0.000000000,0.000000000,0.000000000,1.000000000
1403715326.572143078,0.469740000,-1.206025000,1.541678000,0.000000000,0.000000000,0.000000000,1.000000000
1403715326.577143192,0.469518000,-1.204564000,1.541185000,0.000000000,0.000000000,0.000000000,1.000000000
1403715326.582143068,0.469313000,-1.203098000,1.540698000,0.000000000,0.000000000,0.000000000,1.000000000
1403715326.587142944,0.469126000,-1.201618000,1.540193000,0.000000000,0.000000000,0.000000000,1.000000000
1403715326.592143297,0.468955000,-1.200127000,1.539668000,0.000000000,0.000000000,0.000000000,1.000000000
1403715326.597143173,0.468798000,-1.198638000,1.539141000,0.000000000,0.000000000,0.000000000,1.000000000
1403715326.602143049,0.468659000,-1.197168000,1.538549000,0.000000000,0.000000000,0.000000000,1.000000000
1403715326.607142925,0.468545000,-1.195678000,1.538028000,0.000000000,0.000000000,0.000000000,1.000000000
1403715326.612143278,0.468449000,-1.194184000,1.537501000,0.000000000,0.000000000,0.000000000,1.000000000
1403715326.617143154,0.468366000,-1.192684000,1.536980000,0.000000000,0.000000000,0.000000000,1.000000000
1403715326.622143030,0.468295000,-1.191183000,1.536475000,0.000000000,0.000000000,0.000000000,1.000000000
1403715326.627142906,0.468238000,-1.189680000,1.535976000,0.000000000,0.000000000,0.000000000,1.000000000
1403715326.632143259,0.468194000,-1.188171000,1.535477000,0.000000000,0.000000000,0.000000000,1.000000000
1403715326.637142897,0.468161000,-1.186652000,1.534984000,0.000000000,0.000000000,0.000000000,1.000000000
1403715326.642143011,0.468147000,-1.185125000,1.534502000,0.000000000,0.000000000,0.000000000,1.000000000
1403715326.647142887,0.468153000,-1.183595000,1.534026000,0.000000000,0.000000000,0.000000000,1.000000000
1403715326.652143240,0.468169000,-1.182070000,1.533482000,0.000000000,0.000000000,0.000000000,1.000000000
1403715326.657143116,0.468180000,-1.180515000,1.533017000,0.000000000,0.000000000,0.000000000,1.000000000
1403715326.662142992,0.468196000,-1.178950000,1.532571000,0.000000000,0.000000000,0.000000000,1.000000000
1403715326.667143345,0.468228000,-1.177374000,1.532129000,0.000000000,0.000000000,0.000000000,1.000000000
1403715326.672143221,0.468275000,-1.175792000,1.531677000,0.000000000,0.000000000,0.000000000,1.000000000
1403715326.677143097,0.468335000,-1.174213000,1.531222000,0.000000000,0.000000000,0.000000000,1.000000000
1403715326.682142973,0.468408000,-1.172641000,1.530760000,0.000000000,0.000000000,0.000000000,1.000000000
1403715326.687143326,0.468492000,-1.171074000,1.530271000,0.000000000,0.000000000,0.000000000,1.000000000
1403715326.692142963,0.468590000,-1.169508000,1.529763000,0.000000000,0.000000000,0.000000000,1.000000000
1403715326.697143078,0.468702000,-1.167944000,1.529238000,0.000000000,0.000000000,0.000000000,1.000000000
1403715326.702142954,0.468838000,-1.166398000,1.528626000,0.000000000,0.000000000,0.000000000,1.000000000
1403715326.707143307,0.468969000,-1.164822000,1.528056000,0.000000000,0.000000000,0.000000000,1.000000000
1403715326.712142944,0.469112000,-1.163239000,1.527475000,0.000000000,0.000000000,0.000000000,1.000000000
1403715326.717143059,0.469267000,-1.161663000,1.526903000,0.000000000,0.000000000,0.000000000,1.000000000
1403715326.722143173,0.469436000,-1.160094000,1.526351000,0.000000000,0.000000000,0.000000000,1.000000000
1403715326.727143288,0.469619000,-1.158527000,1.525799000,0.000000000,0.000000000,0.000000000,1.000000000
1403715326.732142925,0.469813000,-1.156958000,1.525235000,0.000000000,0.000000000,0.000000000,1.000000000
1403715326.737143040,0.470018000,-1.155376000,1.524651000,0.000000000,0.000000000,0.000000000,1.000000000
1403715326.742143154,0.470235000,-1.153782000,1.524050000,0.000000000,0.000000000,0.000000000,1.000000000
1403715326.747143030,0.470469000,-1.152179000,1.523448000,0.000000000,0.000000000,0.000000000,1.000000000
1403715326.752142906,0.470740000,-1.150594000,1.522809000,0.000000000,0.000000000,0.000000000,1.000000000
1403715326.757143021,0.471013000,-1.148999000,1.522200000,0.000000000,0.000000000,0.000000000,1.000000000
1403715326.762143135,0.471289000,-1.147409000,1.521588000,0.000000000,0.000000000,0.000000000,1.000000000
1403715326.767143011,0.471566000,-1.145816000,1.520982000,0.000000000,0.000000000,0.000000000,1.000000000
1403715326.772142887,0.471853000,-1.144218000,1.520391000,0.000000000,0.000000000,0.000000000,1.000000000
1403715326.777143240,0.472156000,-1.142608000,1.519806000,0.000000000,0.000000000,0.000000000,1.000000000
1403715326.782143354,0.472477000,-1.140981000,1.519213000,0.000000000,0.000000000,0.000000000,1.000000000
1403715326.787142992,0.472814000,-1.139343000,1.518619000,0.000000000,0.000000000,0.000000000,1.000000000
1403715326.792143106,0.473169000,-1.137703000,1.518024000,0.000000000,0.000000000,0.000000000,1.000000000
1403715326.797143221,0.473538000,-1.136063000,1.517419000,0.000000000,0.000000000,0.000000000,1.000000000
1403715326.802143097,0.473934000,-1.134440000,1.516780000,0.000000000,0.000000000,0.000000000,1.000000000
1403715326.807142973,0.474327000,-1.132798000,1.516154000,0.000000000,0.000000000,0.000000000,1.000000000
1403715326.812143087,0.474737000,-1.131152000,1.515535000,0.000000000,0.000000000,0.000000000,1.000000000
1403715326.817143202,0.475163000,-1.129502000,1.514907000,0.000000000,0.000000000,0.000000000,1.000000000
1403715326.822143078,0.475594000,-1.127854000,1.514264000,0.000000000,0.000000000,0.000000000,1.000000000
1403715326.827142954,0.476035000,-1.126220000,1.513630000,0.000000000,0.000000000,0.000000000,1.000000000
1403715326.832143307,0.476492000,-1.124593000,1.513004000,0.000000000,0.000000000,0.000000000,1.000000000
1403715326.837143183,0.476962000,-1.122961000,1.512377000,0.000000000,0.000000000,0.000000000,1.000000000
1403715326.842143059,0.477436000,-1.121316000,1.511755000,0.000000000,0.000000000,0.000000000,1.000000000
1403715326.847142935,0.477918000,-1.119659000,1.511146000,0.000000000,0.000000000,0.000000000,1.000000000
1403715326.852143288,0.478432000,-1.118016000,1.510547000,0.000000000,0.000000000,0.000000000,1.000000000
1403715326.857143164,0.478940000,-1.116351000,1.509939000,0.000000000,0.000000000,0.000000000,1.000000000
1403715326.862143040,0.479465000,-1.114694000,1.509326000,0.000000000,0.000000000,0.000000000,1.000000000
1403715326.867142916,0.480001000,-1.113034000,1.508714000,0.000000000,0.000000000,0.000000000,1.000000000
1403715326.872143269,0.480538000,-1.111363000,1.508100000,0.000000000,0.000000000,0.000000000,1.000000000
1403715326.877142906,0.481072000,-1.109678000,1.507475000,0.000000000,0.000000000,0.000000000,1.000000000
1403715326.882143021,0.481607000,-1.107987000,1.506844000,0.000000000,0.000000000,0.000000000,1.000000000
1403715326.887142897,0.482150000,-1.106295000,1.506208000,0.000000000,0.000000000,0.000000000,1.000000000
1403715326.892143250,0.482709000,-1.104603000,1.505563000,0.000000000,0.000000000,0.000000000,1.000000000
1403715326.897142887,0.483279000,-1.102911000,1.504920000,0.000000000,0.000000000,0.000000000,1.000000000
1403715326.902143002,0.483884000,-1.101239000,1.504304000,0.000000000,0.000000000,0.000000000,1.000000000
1403715326.907143354,0.484469000,-1.099534000,1.503699000,0.000000000,0.000000000,0.000000000,1.000000000
1403715326.912143230,0.485057000,-1.097816000,1.503111000,0.000000000,0.000000000,0.000000000,1.000000000
1403715326.917143106,0.485649000,-1.096092000,1.502534000,0.000000000,0.000000000,0.000000000,1.000000000
1403715326.922142982,0.486250000,-1.094363000,1.501959000,0.000000000,0.000000000,0.000000000,1.000000000
1403715326.927143335,0.486866000,-1.092628000,1.501377000,0.000000000,0.000000000,0.000000000,1.000000000
1403715326.932142973,0.487501000,-1.090891000,1.500795000,0.000000000,0.000000000,0.000000000,1.000000000
1403715326.937143087,0.488146000,-1.089153000,1.500211000,0.000000000,0.000000000,0.000000000,1.000000000
1403715326.942142963,0.488792000,-1.087414000,1.499625000,0.000000000,0.000000000,0.000000000,1.000000000
1403715326.947143316,0.489434000,-1.085674000,1.499040000,0.000000000,0.000000000,0.000000000,1.000000000
1403715326.952142954,0.490100000,-1.083962000,1.498471000,0.000000000,0.000000000,0.000000000,1.000000000
1403715326.957143068,0.490735000,-1.082224000,1.497887000,0.000000000,0.000000000,0.000000000,1.000000000
1403715326.962142944,0.491366000,-1.080481000,1.497307000,0.000000000,0.000000000,0.000000000,1.000000000
1403715326.967143297,0.491995000,-1.078735000,1.496734000,0.000000000,0.000000000,0.000000000,1.000000000
1403715326.972142935,0.492625000,-1.076981000,1.496161000,0.000000000,0.000000000,0.000000000,1.000000000
1403715326.977143049,0.493257000,-1.075226000,1.495577000,0.000000000,0.000000000,0.000000000,1.000000000
1403715326.982143164,0.493893000,-1.073471000,1.494987000,0.000000000,0.000000000,0.000000000,1.000000000
1403715326.987143040,0.494528000,-1.071710000,1.494400000,0.000000000,0.000000000,0.000000000,1.000000000
1403715326.992142916,0.495160000,-1.069943000,1.493826000,0.000000000,0.000000000,0.000000000,1.000000000
1403715326.997143030,0.495784000,-1.068169000,1.493270000,0.000000000,0.000000000,0.000000000,1.000000000
1403715327.002143145,0.496440000,-1.066425000,1.492767000,0.000000000,0.000000000,0.000000000,1.000000000
1403715327.007143021,0.497064000,-1.064651000,1.492255000,0.000000000,0.000000000,0.000000000,1.000000000
1403715327.012142897,0.497685000,-1.062873000,1.491749000,0.000000000,0.000000000,0.000000000,1.000000000
1403715327.017143011,0.498304000,-1.061092000,1.491246000,0.000000000,0.000000000,0.000000000,1.000000000
1403715327.022143126,0.498926000,-1.059302000,1.490749000,0.000000000,0.000000000,0.000000000,1.000000000
1403715327.027143002,0.499543000,-1.057505000,1.490263000,0.000000000,0.000000000,0.000000000,1.000000000
1403715327.032143116,0.500149000,-1.055698000,1.489784000,0.000000000,0.000000000,0.000000000,1.000000000
1403715327.037143230,0.500750000,-1.053879000,1.489303000,0.000000000,0.000000000,0.000000000,1.000000000
1403715327.042143345,0.501352000,-1.052052000,1.488812000,0.000000000,0.000000000,0.000000000,1.000000000
1403715327.047142982,0.501957000,-1.050221000,1.488310000,0.000000000,0.000000000,0.000000000,1.000000000
1403715327.052143097,0.502605000,-1.048423000,1.487839000,0.000000000,0.000000000,0.000000000,1.000000000
1403715327.057143211,0.503219000,-1.046596000,1.487338000,0.000000000,0.000000000,0.000000000,1.000000000
1403715327.062143087,0.503827000,-1.044765000,1.486835000,0.000000000,0.000000000,0.000000000,1.000000000
1403715327.067142963,0.504422000,-1.042918000,1.486332000,0.000000000,0.000000000,0.000000000,1.000000000
1403715327.072143078,0.505000000,-1.041053000,1.485834000,0.000000000,0.000000000,0.000000000,1.000000000
1403715327.077143192,0.505564000,-1.039179000,1.485348000,0.000000000,0.000000000,0.000000000,1.000000000
1403715327.082143068,0.506124000,-1.037309000,1.484875000,0.000000000,0.000000000,0.000000000,1.000000000
1403715327.087142944,0.506680000,-1.035445000,1.484407000,0.000000000,0.000000000,0.000000000,1.000000000
1403715327.092143297,0.507227000,-1.033578000,1.483938000,0.000000000,0.000000000,0.000000000,1.000000000
1403715327.097143173,0.507764000,-1.031701000,1.483464000,0.000000000,0.000000000,0.000000000,1.000000000
1403715327.102143049,0.508339000,-1.029845000,1.483026000,0.000000000,0.000000000,0.000000000,1.000000000
1403715327.107142925,0.508860000,-1.027948000,1.482534000,0.000000000,0.000000000,0.000000000,1.000000000
1403715327.112143278,0.509371000,-1.026045000,1.482037000,0.000000000,0.000000000,0.000000000,1.000000000
1403715327.117143154,0.509877000,-1.024140000,1.481537000,0.000000000,0.000000000,0.000000000,1.000000000
1403715327.122143030,0.510383000,-1.022228000,1.481041000,0.000000000,0.000000000,0.000000000,1.000000000
1403715327.127142906,0.510886000,-1.020307000,1.480547000,0.000000000,0.000000000,0.000000000,1.000000000
1403715327.132143259,0.511389000,-1.018374000,1.480063000,0.000000000,0.000000000,0.000000000,1.000000000
1403715327.137142897,0.511889000,-1.016425000,1.479593000,0.000000000,0.000000000,0.000000000,1.000000000
1403715327.142143011,0.512379000,-1.014466000,1.479122000,0.000000000,0.000000000,0.000000000,1.000000000
1403715327.147142887,0.512857000,-1.012502000,1.478645000,0.000000000,0.000000000,0.000000000,1.000000000
1403715327.152143240,0.513381000,-1.010573000,1.478210000,0.000000000,0.000000000,0.000000000,1.000000000
1403715327.157143116,0.513860000,-1.008606000,1.477728000,0.000000000,0.000000000,0.000000000,1.000000000
1403715327.162142992,0.514340000,-1.006634000,1.477231000,0.000000000,0.000000000,0.000000000,1.000000000
1403715327.167143345,0.514812000,-1.004659000,1.476714000,0.000000000,0.000000000,0.000000000,1.000000000
1403715327.172143221,0.515270000,-1.002677000,1.476193000,0.000000000,0.000000000,0.000000000,1.000000000
1403715327.177143097,0.515716000,-1.000684000,1.475682000,0.000000000,0.000000000,0.000000000,1.000000000
1403715327.182142973,0.516150000,-0.998683000,1.475183000,0.000000000,0.000000000,0.000000000,1.000000000
1403715327.187143326,0.516568000,-0.996676000,1.474682000,0.000000000,0.000000000,0.000000000,1.000000000
1403715327.192142963,0.516976000,-0.994660000,1.474187000,0.000000000,0.000000000,0.000000000,1.000000000
1403715327.197143078,0.517379000,-0.992632000,1.473693000,0.000000000,0.000000000,0.000000000,1.000000000
1403715327.202142954,0.517818000,-0.990637000,1.473228000,0.000000000,0.000000000,0.000000000,1.000000000
1403715327.207143307,0.518202000,-0.988599000,1.472730000,0.000000000,0.000000000,0.000000000,1.000000000
1403715327.212142944,0.518578000,-0.986547000,1.472231000,0.000000000,0.000000000,0.000000000,1.000000000
1403715327.217143059,0.518948000,-0.984484000,1.471738000,0.000000000,0.000000000,0.000000000,1.000000000
1403715327.222143173,0.519312000,-0.982410000,1.471262000,0.000000000,0.000000000,0.000000000,1.000000000
1403715327.227143288,0.519670000,-0.980331000,1.470799000,0.000000000,0.000000000,0.000000000,1.000000000
1403715327.232142925,0.520018000,-0.978243000,1.470347000,0.000000000,0.000000000,0.000000000,1.000000000
1403715327.237143040,0.520354000,-0.976145000,1.469905000,0.000000000,0.000000000,0.000000000,1.000000000
1403715327.242143154,0.520682000,-0.974031000,1.469479000,0.000000000,0.000000000,0.000000000,1.000000000
1403715327.247143030,0.520998000,-0.971897000,1.469065000,0.000000000,0.000000000,0.000000000,1.000000000
1403715327.252142906,0.521356000,-0.969801000,1.468689000,0.000000000,0.000000000,0.000000000,1.000000000
1403715327.257143021,0.521660000,-0.967658000,1.468282000,0.000000000,0.000000000,0.000000000,1.000000000
1403715327.262143135,0.521949000,-0.965513000,1.467879000,0.000000000,0.000000000,0.000000000,1.000000000
1403715327.267143011,0.522226000,-0.963372000,1.467484000,0.000000000,0.000000000,0.000000000,1.000000000
1403715327.272142887,0.522489000,-0.961235000,1.467092000,0.000000000,0.000000000,0.000000000,1.000000000
1403715327.277143240,0.522742000,-0.959100000,1.466714000,0.000000000,0.000000000,0.000000000,1.000000000
1403715327.282143354,0.522982000,-0.956956000,1.466353000,0.000000000,0.000000000,0.000000000,1.000000000
1403715327.287142992,0.523199000,-0.954798000,1.465996000,0.000000000,0.000000000,0.000000000,1.000000000
1403715327.292143106,0.523391000,-0.952624000,1.465645000,0.000000000,0.000000000,0.000000000,1.000000000
1403715327.297143221,0.523562000,-0.950437000,1.465306000,0.000000000,0.000000000,0.000000000,1.000000000
1403715327.302143097,0.523767000,-0.948303000,1.465023000,0.000000000,0.000000000,0.000000000,1.000000000
1403715327.307142973,0.523929000,-0.946134000,1.464712000,0.000000000,0.000000000,0.000000000,1.000000000
1403715327.312143087,0.524080000,-0.943961000,1.464406000,0.000000000,0.000000000,0.000000000,1.000000000
1403715327.317143202,0.524210000,-0.941777000,1.464105000,0.000000000,0.000000000,0.000000000,1.000000000
1403715327.322143078,0.524321000,-0.939581000,1.463795000,0.000000000,0.000000000,0.000000000,1.000000000
1403715327.327142954,0.524424000,-0.937370000,1.463468000,0.000000000,0.000000000,0.000000000,1.000000000
1403715327.332143307,0.524512000,-0.935150000,1.463131000,0.000000000,0.000000000,0.000000000,1.000000000
1403715327.337143183,0.524579000,-0.932929000,1.462795000,0.000000000,0.000000000,0.000000000,1.000000000
1403715327.342143059,0.524633000,-0.930705000,1.462458000,0.000000000,0.000000000,0.000000000,1.000000000
1403715327.347142935,0.524676000,-0.928473000,1.462119000,0.000000000,0.000000000,0.000000000,1.000000000
1403715327.352143288,0.524750000,-0.926274000,1.461813000,0.000000000,0.000000000,0.000000000,1.000000000
1403715327.357143164,0.524777000,-0.924029000,1.461470000,0.000000000,0.000000000,0.000000000,1.000000000
1403715327.362143040,0.524784000,-0.921773000,1.461123000,0.000000000,0.000000000,0.000000000,1.000000000
1403715327.367142916,0.524773000,-0.919502000,1.460767000,0.000000000,0.000000000,0.000000000,1.000000000
1403715327.372143269,0.524749000,-0.917219000,1.460404000,0.000000000,0.000000000,0.000000000,1.000000000
1403715327.377142906,0.524712000,-0.914927000,1.460044000,0.000000000,0.000000000,0.000000000,1.000000000
1403715327.382143021,0.524664000,-0.912630000,1.459690000,0.000000000,0.000000000,0.000000000,1.000000000
1403715327.387142897,0.524606000,-0.910324000,1.459333000,0.000000000,0.000000000,0.000000000,1.000000000
1403715327.392143250,0.524538000,-0.908009000,1.458971000,0.000000000,0.000000000,0.000000000,1.000000000
1403715327.397142887,0.524458000,-0.905687000,1.458604000,0.000000000,0.000000000,0.000000000,1.000000000
1403715327.402143002,0.524410000,-0.903416000,1.458280000,0.000000000,0.000000000,0.000000000,1.000000000
1403715327.407143354,0.524320000,-0.901103000,1.457927000,0.000000000,0.000000000,0.000000000,1.000000000
1403715327.412143230,0.524212000,-0.898790000,1.457576000,0.000000000,0.000000000,0.000000000,1.000000000
1403715327.417143106,0.524080000,-0.896476000,1.457242000,0.000000000,0.000000000,0.000000000,1.000000000
1403715327.422142982,0.523928000,-0.894159000,1.456920000,0.000000000,0.000000000,0.000000000,1.000000000
1403715327.427143335,0.523752000,-0.891832000,1.456599000,0.000000000,0.000000000,0.000000000,1.000000000
1403715327.432142973,0.523558000,-0.889491000,1.456281000,0.000000000,0.000000000,0.000000000,1.000000000
1403715327.437143087,0.523349000,-0.887133000,1.455953000,0.000000000,0.000000000,0.000000000,1.000000000
1403715327.442142963,0.523126000,-0.884758000,1.455612000,0.000000000,0.000000000,0.000000000,1.000000000
1403715327.447143316,0.522899000,-0.882375000,1.455261000,0.000000000,0.000000000,0.000000000,1.000000000
1403715327.452142954,0.522701000,-0.880045000,1.454925000,0.000000000,0.000000000,0.000000000,1.000000000
1403715327.457143068,0.522463000,-0.877679000,1.454545000,0.000000000,0.000000000,0.000000000,1.000000000
1403715327.462142944,0.522201000,-0.875311000,1.454162000,0.000000000,0.000000000,0.000000000,1.000000000
1403715327.467143297,0.521922000,-0.872928000,1.453792000,0.000000000,0.000000000,0.000000000,1.000000000
1403715327.472142935,0.521636000,-0.870523000,1.453436000,0.000000000,0.000000000,0.000000000,1.000000000
1403715327.477143049,0.521336000,-0.868107000,1.453094000,0.000000000,0.000000000,0.000000000,1.000000000
1403715327.482143164,0.521013000,-0.865688000,1.452777000,0.000000000,0.000000000,0.000000000,1.000000000
1403715327.487143040,0.520671000,-0.863264000,1.452481000,0.000000000,0.000000000,0.000000000,1.000000000
1403715327.492142916,0.520316000,-0.860829000,1.452186000,0.000000000,0.000000000,0.000000000,1.000000000
1403715327.497143030,0.519945000,-0.858382000,1.451883000,0.000000000,0.000000000,0.000000000,1.000000000
1403715327.502143145,0.519591000,-0.855975000,1.451615000,0.000000000,0.000000000,0.000000000,1.000000000
1403715327.507143021,0.519199000,-0.853504000,1.451298000,0.000000000,0.000000000,0.000000000,1.000000000
1403715327.512142897,0.518794000,-0.851011000,1.450971000,0.000000000,0.000000000,0.000000000,1.000000000
1403715327.517143011,0.518367000,-0.848509000,1.450651000,0.000000000,0.000000000,0.000000000,1.000000000
1403715327.522143126,0.517919000,-0.846006000,1.450351000,0.000000000,0.000000000,0.000000000,1.000000000
1403715327.527143002,0.517455000,-0.843492000,1.450063000,0.000000000,0.000000000,0.000000000,1.000000000
1403715327.532143116,0.516969000,-0.840964000,1.449774000,0.000000000,0.000000000,0.000000000,1.000000000
1403715327.537143230,0.516459000,-0.838424000,1.449479000,0.000000000,0.000000000,0.000000000,1.000000000
1403715327.542143345,0.515935000,-0.835873000,1.449174000,0.000000000,0.000000000,0.000000000,1.000000000
1403715327.547142982,0.515400000,-0.833315000,1.448859000,0.000000000,0.000000000,0.000000000,1.000000000
1403715327.552143097,0.514871000,-0.830816000,1.448570000,0.000000000,0.000000000,0.000000000,1.000000000
1403715327.557143211,0.514297000,-0.828267000,1.448253000,0.000000000,0.000000000,0.000000000,1.000000000
1403715327.562143087,0.513704000,-0.825719000,1.447925000,0.000000000,0.000000000,0.000000000,1.000000000
1403715327.567142963,0.513092000,-0.823170000,1.447593000,0.000000000,0.000000000,0.000000000,1.000000000
1403715327.572143078,0.512463000,-0.820613000,1.447266000,0.000000000,0.000000000,0.000000000,1.000000000
1403715327.577143192,0.511821000,-0.818050000,1.446941000,0.000000000,0.000000000,0.000000000,1.000000000
1403715327.582143068,0.511159000,-0.815482000,1.446623000,0.000000000,0.000000000,0.000000000,1.000000000
1403715327.587142944,0.510473000,-0.812910000,1.446314000,0.000000000,0.000000000,0.000000000,1.000000000
1403715327.592143297,0.509770000,-0.810336000,1.446019000,0.000000000,0.000000000,0.000000000,1.000000000
1403715327.597143173,0.509054000,-0.807759000,1.445733000,0.000000000,0.000000000,0.000000000,1.000000000
1403715327.602143049,0.508350000,-0.805238000,1.445468000,0.000000000,0.000000000,0.000000000,1.000000000
1403715327.607142925,0.507615000,-0.802674000,1.445185000,0.000000000,0.000000000,0.000000000,1.000000000
1403715327.612143278,0.506874000,-0.800102000,1.444897000,0.000000000,0.000000000,0.000000000,1.000000000
1403715327.617143154,0.506126000,-0.797525000,1.444602000,0.000000000,0.000000000,0.000000000,1.000000000
1403715327.622143030,0.505362000,-0.794949000,1.444306000,0.000000000,0.000000000,0.000000000,1.000000000
1403715327.627142906,0.504583000,-0.792378000,1.444008000,0.000000000,0.000000000,0.000000000,1.000000000
1403715327.632143259,0.503797000,-0.789810000,1.443696000,0.000000000,0.000000000,0.000000000,1.000000000
1403715327.637142897,0.503007000,-0.787243000,1.443372000,0.000000000,0.000000000,0.000000000,1.000000000
1403715327.642143011,0.502210000,-0.784672000,1.443036000,0.000000000,0.000000000,0.000000000,1.000000000
1403715327.647142887,0.501400000,-0.782098000,1.442695000,0.000000000,0.000000000,0.000000000,1.000000000
1403715327.652143240,0.500596000,-0.779568000,1.442377000,0.000000000,0.000000000,0.000000000,1.000000000
1403715327.657143116,0.499759000,-0.776996000,1.442052000,0.000000000,0.000000000,0.000000000,1.000000000
1403715327.662142992,0.498902000,-0.774424000,1.441728000,0.000000000,0.000000000,0.000000000,1.000000000
1403715327.667143345,0.498036000,-0.771850000,1.441405000,0.000000000,0.000000000,0.000000000,1.000000000
1403715327.672143221,0.497170000,-0.769272000,1.441083000,0.000000000,0.000000000,0.000000000,1.000000000
1403715327.677143097,0.496293000,-0.766698000,1.440760000,0.000000000,0.000000000,0.000000000,1.000000000
1403715327.682142973,0.495400000,-0.764127000,1.440436000,0.000000000,0.000000000,0.000000000,1.000000000
1403715327.687143326,0.494488000,-0.761550000,1.440110000,0.000000000,0.000000000,0.000000000,1.000000000
1403715327.692142963,0.493562000,-0.758961000,1.439787000,0.000000000,0.000000000,0.000000000,1.000000000
1403715327.697143078,0.492623000,-0.756371000,1.439468000,0.000000000,0.000000000,0.000000000,1.000000000
1403715327.702142954,0.491690000,-0.753834000,1.439164000,0.000000000,0.000000000,0.000000000,1.000000000
1403715327.707143307,0.490745000,-0.751276000,1.438866000,0.000000000,0.000000000,0.000000000,1.000000000
1403715327.712142944,0.489796000,-0.748732000,1.438578000,0.000000000,0.000000000,0.000000000,1.000000000
1403715327.717143059,0.488835000,-0.746195000,1.438301000,0.000000000,0.000000000,0.000000000,1.000000000
1403715327.722143173,0.487865000,-0.743654000,1.438019000,0.000000000,0.000000000,0.000000000,1.000000000
1403715327.727143288,0.486879000,-0.741108000,1.437720000,0.000000000,0.000000000,0.000000000,1.000000000
1403715327.732142925,0.485882000,-0.738557000,1.437417000,0.000000000,0.000000000,0.000000000,1.000000000
1403715327.737143040,0.484887000,-0.736003000,1.437109000,0.000000000,0.000000000,0.000000000,1.000000000
1403715327.742143154,0.483884000,-0.733460000,1.436795000,0.000000000,0.000000000,0.000000000,1.000000000
1403715327.747143030,0.482874000,-0.730933000,1.436480000,0.000000000,0.000000000,0.000000000,1.000000000
1403715327.752142906,0.481878000,-0.728446000,1.436160000,0.000000000,0.000000000,0.000000000,1.000000000
1403715327.757143021,0.480864000,-0.725940000,1.435816000,0.000000000,0.000000000,0.000000000,1.000000000
1403715327.762143135,0.479836000,-0.723432000,1.435468000,0.000000000,0.000000000,0.000000000,1.000000000
1403715327.767143011,0.478798000,-0.720917000,1.435127000,0.000000000,0.000000000,0.000000000,1.000000000
1403715327.772142887,0.477748000,-0.718400000,1.434784000,0.000000000,0.000000000,0.000000000,1.000000000
1403715327.777143240,0.476683000,-0.715888000,1.434442000,0.000000000,0.000000000,0.000000000,1.000000000
1403715327.782143354,0.475615000,-0.713378000,1.434096000,0.000000000,0.000000000,0.000000000,1.000000000
1403715327.787142992,0.474547000,-0.710861000,1.433736000,0.000000000,0.000000000,0.000000000,1.000000000
1403715327.792143106,0.473470000,-0.708340000,1.433366000,0.000000000,0.000000000,0.000000000,1.000000000
1403715327.797143221,0.472371000,-0.705823000,1.432998000,0.000000000,0.000000000,0.000000000,1.000000000
1403715327.802143097,0.471270000,-0.703332000,1.432629000,0.000000000,0.000000000,0.000000000,1.000000000
1403715327.807142973,0.470140000,-0.700825000,1.432251000,0.000000000,0.000000000,0.000000000,1.000000000
1403715327.812143087,0.469000000,-0.698321000,1.431865000,0.000000000,0.000000000,0.000000000,1.000000000
1403715327.817143202,0.467858000,-0.695823000,1.431480000,0.000000000,0.000000000,0.000000000,1.000000000
1403715327.822143078,0.466711000,-0.693333000,1.431106000,0.000000000,0.000000000,0.000000000,1.000000000
1403715327.827142954,0.465554000,-0.690850000,1.430733000,0.000000000,0.000000000,0.000000000,1.000000000
1403715327.832143307,0.464390000,-0.688374000,1.430348000,0.000000000,0.000000000,0.000000000,1.000000000
1403715327.837143183,0.463225000,-0.685906000,1.429952000,0.000000000,0.000000000,0.000000000,1.000000000
1403715327.842143059,0.462064000,-0.683443000,1.429551000,0.000000000,0.000000000,0.000000000,1.000000000
1403715327.847142935,0.460904000,-0.680990000,1.429147000,0.000000000,0.000000000,0.000000000,1.000000000
1403715327.852143288,0.459776000,-0.678564000,1.428751000,0.000000000,0.000000000,0.000000000,1.000000000
1403715327.857143164,0.458624000,-0.676127000,1.428342000,0.000000000,0.000000000,0.000000000,1.000000000
1403715327.862143040,0.457469000,-0.673684000,1.427935000,0.000000000,0.000000000,0.000000000,1.000000000
1403715327.867142916,0.456297000,-0.671243000,1.427538000,0.000000000,0.000000000,0.000000000,1.000000000
1403715327.872143269,0.455105000,-0.668811000,1.427145000,0.000000000,0.000000000,0.000000000,1.000000000
1403715327.877142906,0.453907000,-0.666393000,1.426737000,0.000000000,0.000000000,0.000000000,1.000000000
1403715327.882143021,0.452702000,-0.663990000,1.426312000,0.000000000,0.000000000,0.000000000,1.000000000
1403715327.887142897,0.451490000,-0.661604000,1.425891000,0.000000000,0.000000000,0.000000000,1.000000000
1403715327.892143250,0.450274000,-0.659231000,1.425479000,0.000000000,0.000000000,0.000000000,1.000000000
1403715327.897142887,0.449041000,-0.656863000,1.425073000,0.000000000,0.000000000,0.000000000,1.000000000
1403715327.902143002,0.447819000,-0.654503000,1.424679000,0.000000000,0.000000000,0.000000000,1.000000000
1403715327.907143354,0.446564000,-0.652137000,1.424273000,0.000000000,0.000000000,0.000000000,1.000000000
1403715327.912143230,0.445304000,-0.649767000,1.423868000,0.000000000,0.000000000,0.000000000,1.000000000
1403715327.917143106,0.444034000,-0.647400000,1.423460000,0.000000000,0.000000000,0.000000000,1.000000000
1403715327.922142982,0.442749000,-0.645044000,1.423041000,0.000000000,0.000000000,0.000000000,1.000000000
1403715327.927143335,0.441460000,-0.642697000,1.422616000,0.000000000,0.000000000,0.000000000,1.000000000
1403715327.932142973,0.440174000,-0.640353000,1.422184000,0.000000000,0.000000000,0.000000000,1.000000000
1403715327.937143087,0.438884000,-0.638013000,1.421742000,0.000000000,0.000000000,0.000000000,1.000000000
1403715327.942142963,0.437581000,-0.635680000,1.421304000,0.000000000,0.000000000,0.000000000,1.000000000
1403715327.947143316,0.436268000,-0.633347000,1.420867000,0.000000000,0.000000000,0.000000000,1.000000000
1403715327.952142954,0.434988000,-0.631005000,1.420429000,0.000000000,0.000000000,0.000000000,1.000000000
1403715327.957143068,0.433669000,-0.628671000,1.419992000,0.000000000,0.000000000,0.000000000,1.000000000
1403715327.962142944,0.432347000,-0.626343000,1.419568000,0.000000000,0.000000000,0.000000000,1.000000000
1403715327.967143297,0.431024000,-0.624016000,1.419150000,0.000000000,0.000000000,0.000000000,1.000000000
1403715327.972142935,0.429695000,-0.621689000,1.418732000,0.000000000,0.000000000,0.000000000,1.000000000
1403715327.977143049,0.428355000,-0.619365000,1.418322000,0.000000000,0.000000000,0.000000000,1.000000000
1403715327.982143164,0.427006000,-0.617037000,1.417919000,0.000000000,0.000000000,0.000000000,1.000000000
1403715327.987143040,0.425647000,-0.614709000,1.417519000,0.000000000,0.000000000,0.000000000,1.000000000
1403715327.992142916,0.424280000,-0.612387000,1.417114000,0.000000000,0.000000000,0.000000000,1.000000000
1403715327.997143030,0.422911000,-0.610062000,1.416706000,0.000000000,0.000000000,0.000000000,1.000000000
1403715328.002143145,0.421584000,-0.607716000,1.416303000,0.000000000,0.000000000,0.000000000,1.000000000
1403715328.007143021,0.420219000,-0.605382000,1.415901000,0.000000000,0.000000000,0.000000000,1.000000000
1403715328.012142897,0.418851000,-0.603047000,1.415501000,0.000000000,0.000000000,0.000000000,1.000000000
1403715328.017143011,0.417481000,-0.600711000,1.415098000,0.000000000,0.000000000,0.000000000,1.000000000
1403715328.022143126,0.416109000,-0.598374000,1.414707000,0.000000000,0.000000000,0.000000000,1.000000000
1403715328.027143002,0.414732000,-0.596039000,1.414319000,0.000000000,0.000000000,0.000000000,1.000000000
1403715328.032143116,0.413346000,-0.593709000,1.413919000,0.000000000,0.000000000,0.000000000,1.000000000
1403715328.037143230,0.411954000,-0.591384000,1.413505000,0.000000000,0.000000000,0.000000000,1.000000000
1403715328.042143345,0.410562000,-0.589064000,1.413078000,0.000000000,0.000000000,0.000000000,1.000000000
1403715328.047142982,0.409160000,-0.586748000,1.412643000,0.000000000,0.000000000,0.000000000,1.000000000
1403715328.052143097,0.407793000,-0.584408000,1.412225000,0.000000000,0.000000000,0.000000000,1.000000000
1403715328.057143211,0.406375000,-0.582093000,1.411822000,0.000000000,0.000000000,0.000000000,1.000000000
1403715328.062143087,0.404948000,-0.579785000,1.411426000,0.000000000,0.000000000,0.000000000,1.000000000
1403715328.067142963,0.403517000,-0.577481000,1.411043000,0.000000000,0.000000000,0.000000000,1.000000000
1403715328.072143078,0.402085000,-0.575181000,1.410668000,0.000000000,0.000000000,0.000000000,1.000000000
1403715328.077143192,0.400647000,-0.572883000,1.410299000,0.000000000,0.000000000,0.000000000,1.000000000
1403715328.082143068,0.399196000,-0.570591000,1.409941000,0.000000000,0.000000000,0.000000000,1.000000000
1403715328.087142944,0.397739000,-0.568300000,1.409593000,0.000000000,0.000000000,0.000000000,1.000000000
1403715328.092143297,0.396283000,-0.566002000,1.409248000,0.000000000,0.000000000,0.000000000,1.000000000
1403715328.097143173,0.394829000,-0.563711000,1.408901000,0.000000000,0.000000000,0.000000000,1.000000000
1403715328.102143049,0.393434000,-0.561403000,1.408556000,0.000000000,0.000000000,0.000000000,1.000000000
1403715328.107142925,0.391997000,-0.559128000,1.408218000,0.000000000,0.000000000,0.000000000,1.000000000
1403715328.112143278,0.390558000,-0.556852000,1.407883000,0.000000000,0.000000000,0.000000000,1.000000000
1403715328.117143154,0.389109000,-0.554574000,1.407563000,0.000000000,0.000000000,0.000000000,1.000000000
1403715328.122143030,0.387652000,-0.552291000,1.407259000,0.000000000,0.000000000,0.000000000,1.000000000
1403715328.127142906,0.386193000,-0.550010000,1.406964000,0.000000000,0.000000000,0.000000000,1.000000000
1403715328.132143259,0.384742000,-0.547740000,1.406676000,0.000000000,0.000000000,0.000000000,1.000000000
1403715328.137142897,0.383300000,-0.545485000,1.406395000,0.000000000,0.000000000,0.000000000,1.000000000
1403715328.142143011,0.381862000,-0.543246000,1.406124000,0.000000000,0.000000000,0.000000000,1.000000000
1403715328.147142887,0.380427000,-0.541012000,1.405867000,0.000000000,0.000000000,0.000000000,1.000000000
1403715328.152143240,0.379042000,-0.538737000,1.405614000,0.000000000,0.000000000,0.000000000,1.000000000
1403715328.157143116,0.377601000,-0.536490000,1.405369000,0.000000000,0.000000000,0.000000000,1.000000000
1403715328.162142992,0.376152000,-0.534243000,1.405132000,0.000000000,0.000000000,0.000000000,1.000000000
1403715328.167143345,0.374704000,-0.531998000,1.404899000,0.000000000,0.000000000,0.000000000,1.000000000
1403715328.172143221,0.373266000,-0.529765000,1.404673000,0.000000000,0.000000000,0.000000000,1.000000000
1403715328.177143097,0.371834000,-0.527547000,1.404450000,0.000000000,0.000000000,0.000000000,1.000000000
1403715328.182142973,0.370404000,-0.525339000,1.404233000,0.000000000,0.000000000,0.000000000,1.000000000
1403715328.187143326,0.368978000,-0.523129000,1.404024000,0.000000000,0.000000000,0.000000000,1.000000000
1403715328.192142963,0.367565000,-0.520909000,1.403829000,0.000000000,0.000000000,0.000000000,1.000000000
1403715328.197143078,0.366159000,-0.518683000,1.403639000,0.000000000,0.000000000,0.000000000,1.000000000
1403715328.202142954,0.364811000,-0.516421000,1.403442000,0.000000000,0.000000000,0.000000000,1.000000000
1403715328.207143307,0.363428000,-0.514195000,1.403264000,0.000000000,0.000000000,0.000000000,1.000000000
1403715328.212142944,0.362063000,-0.511978000,1.403085000,0.000000000,0.000000000,0.000000000,1.000000000
1403715328.217143059,0.360711000,-0.509765000,1.402904000,0.000000000,0.000000000,0.000000000,1.000000000
1403715328.222143173,0.359369000,-0.507551000,1.402723000,0.000000000,0.000000000,0.000000000,1.000000000
1403715328.227143288,0.358036000,-0.505333000,1.402543000,0.000000000,0.000000000,0.000000000,1.000000000
1403715328.232142925,0.356709000,-0.503112000,1.402367000,0.000000000,0.000000000,0.000000000,1.000000000
1403715328.237143040,0.355386000,-0.500896000,1.402204000,0.000000000,0.000000000,0.000000000,1.000000000
1403715328.242143154,0.354065000,-0.498687000,1.402059000,0.000000000,0.000000000,0.000000000,1.000000000
1403715328.247143030,0.352745000,-0.496484000,1.401913000,0.000000000,0.000000000,0.000000000,1.000000000
1403715328.252142906,0.351473000,-0.494248000,1.401740000,0.000000000,0.000000000,0.000000000,1.000000000
1403715328.257143021,0.350167000,-0.492035000,1.401575000,0.000000000,0.000000000,0.000000000,1.000000000
1403715328.262143135,0.348868000,-0.489813000,1.401407000,0.000000000,0.000000000,0.000000000,1.000000000
1403715328.267143011,0.347582000,-0.487591000,1.401235000,0.000000000,0.000000000,0.000000000,1.000000000
1403715328.272142887,0.346314000,-0.485369000,1.401067000,0.000000000,0.000000000,0.000000000,1.000000000
1403715328.277143240,0.345065000,-0.483145000,1.400904000,0.000000000,0.000000000,0.000000000,1.000000000
1403715328.282143354,0.343828000,-0.480924000,1.400745000,0.000000000,0.000000000,0.000000000,1.000000000
1403715328.287142992,0.342601000,-0.478708000,1.400594000,0.000000000,0.000000000,0.000000000,1.000000000
1403715328.292143106,0.341380000,-0.476491000,1.400451000,0.000000000,0.000000000,0.000000000,1.000000000
1403715328.297143221,0.340159000,-0.474274000,1.400323000,0.000000000,0.000000000,0.000000000,1.000000000
1403715328.302143097,0.338993000,-0.472026000,1.400194000,0.000000000,0.000000000,0.000000000,1.000000000
1403715328.307142973,0.337807000,-0.469795000,1.400054000,0.000000000,0.000000000,0.000000000,1.000000000
1403715328.312143087,0.336633000,-0.467560000,1.399898000,0.000000000,0.000000000,0.000000000,1.000000000
1403715328.317143202,0.335472000,-0.465326000,1.399734000,0.000000000,0.000000000,0.000000000,1.000000000
1403715328.322143078,0.334326000,-0.463101000,1.399574000,0.000000000,0.000000000,0.000000000,1.000000000
1403715328.327142954,0.333193000,-0.460888000,1.399415000,0.000000000,0.000000000,0.000000000,1.000000000
1403715328.332143307,0.332073000,-0.458682000,1.399253000,0.000000000,0.000000000,0.000000000,1.000000000
1403715328.337143183,0.330962000,-0.456481000,1.399092000,0.000000000,0.000000000,0.000000000,1.000000000
1403715328.342143059,0.329853000,-0.454282000,1.398936000,0.000000000,0.000000000,0.000000000,1.000000000
1403715328.347142935,0.328742000,-0.452092000,1.398791000,0.000000000,0.000000000,0.000000000,1.000000000
1403715328.352143288,0.327676000,-0.449884000,1.398650000,0.000000000,0.000000000,0.000000000,1.000000000
1403715328.357143164,0.326603000,-0.447694000,1.398512000,0.000000000,0.000000000,0.000000000,1.000000000
1403715328.362143040,0.325553000,-0.445501000,1.398372000,0.000000000,0.000000000,0.000000000,1.000000000
1403715328.367142916,0.324525000,-0.443306000,1.398235000,0.000000000,0.000000000,0.000000000,1.000000000
1403715328.372143269,0.323515000,-0.441109000,1.398088000,0.000000000,0.000000000,0.000000000,1.000000000
1403715328.377142906,0.322517000,-0.438910000,1.397944000,0.000000000,0.000000000,0.000000000,1.000000000
1403715328.382143021,0.321535000,-0.436706000,1.397822000,0.000000000,0.000000000,0.000000000,1.000000000
1403715328.387142897,0.320571000,-0.434500000,1.397709000,0.000000000,0.000000000,0.000000000,1.000000000
1403715328.392143250,0.319623000,-0.432296000,1.397595000,0.000000000,0.000000000,0.000000000,1.000000000
1403715328.397142887,0.318690000,-0.430100000,1.397483000,0.000000000,0.000000000,0.000000000,1.000000000
1403715328.402143002,0.317802000,-0.427880000,1.397363000,0.000000000,0.000000000,0.000000000,1.000000000
1403715328.407143354,0.316906000,-0.425680000,1.397246000,0.000000000,0.000000000,0.000000000,1.000000000
1403715328.412143230,0.316027000,-0.423481000,1.397124000,0.000000000,0.000000000,0.000000000,1.000000000
1403715328.417143106,0.315164000,-0.421286000,1.396995000,0.000000000,0.000000000,0.000000000,1.000000000
1403715328.422142982,0.314322000,-0.419095000,1.396860000,0.000000000,0.000000000,0.000000000,1.000000000
1403715328.427143335,0.313503000,-0.416900000,1.396716000,0.000000000,0.000000000,0.000000000,1.000000000
1403715328.432142973,0.312700000,-0.414696000,1.396575000,0.000000000,0.000000000,0.000000000,1.000000000
1403715328.437143087,0.311911000,-0.412492000,1.396448000,0.000000000,0.000000000,0.000000000,1.000000000
1403715328.442142963,0.311134000,-0.410296000,1.396326000,0.000000000,0.000000000,0.000000000,1.000000000
1403715328.447143316,0.310374000,-0.408112000,1.396210000,0.000000000,0.000000000,0.000000000,1.000000000
1403715328.452142954,0.309659000,-0.405916000,1.396089000,0.000000000,0.000000000,0.000000000,1.000000000
1403715328.457143068,0.308934000,-0.403746000,1.395964000,0.000000000,0.000000000,0.000000000,1.000000000
1403715328.462142944,0.308224000,-0.401580000,1.395832000,0.000000000,0.000000000,0.000000000,1.000000000
1403715328.467143297,0.307530000,-0.399415000,1.395694000,0.000000000,0.000000000,0.000000000,1.000000000
1403715328.472142935,0.306847000,-0.397244000,1.395549000,0.000000000,0.000000000,0.000000000,1.000000000
1403715328.477143049,0.306177000,-0.395070000,1.395398000,0.000000000,0.000000000,0.000000000,1.000000000
1403715328.482143164,0.305527000,-0.392899000,1.395237000,0.000000000,0.000000000,0.000000000,1.000000000
1403715328.487143040,0.304897000,-0.390737000,1.395070000,0.000000000,0.000000000,0.000000000,1.000000000
1403715328.492142916,0.304282000,-0.388591000,1.394917000,0.000000000,0.000000000,0.000000000,1.000000000
1403715328.497143030,0.303682000,-0.386461000,1.394784000,0.000000000,0.000000000,0.000000000,1.000000000
1403715328.502143145,0.303125000,-0.384307000,1.394658000,0.000000000,0.000000000,0.000000000,1.000000000
1403715328.507143021,0.302558000,-0.382167000,1.394548000,0.000000000,0.000000000,0.000000000,1.000000000
1403715328.512142897,0.302000000,-0.380017000,1.394444000,0.000000000,0.000000000,0.000000000,1.000000000
1403715328.517143011,0.301454000,-0.377861000,1.394337000,0.000000000,0.000000000,0.000000000,1.000000000
1403715328.522143126,0.300923000,-0.375709000,1.394210000,0.000000000,0.000000000,0.000000000,1.000000000
1403715328.527143002,0.300408000,-0.373567000,1.394060000,0.000000000,0.000000000,0.000000000,1.000000000
1403715328.532143116,0.299915000,-0.371440000,1.393893000,0.000000000,0.000000000,0.000000000,1.000000000
1403715328.537143230,0.299450000,-0.369321000,1.393701000,0.000000000,0.000000000,0.000000000,1.000000000
1403715328.542143345,0.299003000,-0.367208000,1.393481000,0.000000000,0.000000000,0.000000000,1.000000000
1403715328.547142982,0.298570000,-0.365099000,1.393243000,0.000000000,0.000000000,0.000000000,1.000000000
1403715328.552143097,0.298172000,-0.362965000,1.392983000,0.000000000,0.000000000,0.000000000,1.000000000
1403715328.557143211,0.297774000,-0.360851000,1.392736000,0.000000000,0.000000000,0.000000000,1.000000000
1403715328.562143087,0.297386000,-0.358741000,1.392488000,0.000000000,0.000000000,0.000000000,1.000000000
1403715328.567142963,0.297011000,-0.356642000,1.392247000,0.000000000,0.000000000,0.000000000,1.000000000
1403715328.572143078,0.296653000,-0.354557000,1.392018000,0.000000000,0.000000000,0.000000000,1.000000000
1403715328.577143192,0.296311000,-0.352482000,1.391790000,0.000000000,0.000000000,0.000000000,1.000000000
1403715328.582143068,0.295975000,-0.350421000,1.391552000,0.000000000,0.000000000,0.000000000,1.000000000
1403715328.587142944,0.295647000,-0.348364000,1.391315000,0.000000000,0.000000000,0.000000000,1.000000000
1403715328.592143297,0.295334000,-0.346308000,1.391083000,0.000000000,0.000000000,0.000000000,1.000000000
1403715328.597143173,0.295032000,-0.344265000,1.390849000,0.000000000,0.000000000,0.000000000,1.000000000
1403715328.602143049,0.294750000,-0.342213000,1.390593000,0.000000000,0.000000000,0.000000000,1.000000000
1403715328.607142925,0.294477000,-0.340186000,1.390344000,0.000000000,0.000000000,0.000000000,1.000000000
1403715328.612143278,0.294224000,-0.338160000,1.390091000,0.000000000,0.000000000,0.000000000,1.000000000
1403715328.617143154,0.293981000,-0.336138000,1.389855000,0.000000000,0.000000000,0.000000000,1.000000000
1403715328.622143030,0.293744000,-0.334126000,1.389636000,0.000000000,0.000000000,0.000000000,1.000000000
1403715328.627142906,0.293516000,-0.332128000,1.389408000,0.000000000,0.000000000,0.000000000,1.000000000
1403715328.632143259,0.293303000,-0.330141000,1.389165000,0.000000000,0.000000000,0.000000000,1.000000000
1403715328.637142897,0.293108000,-0.328172000,1.388918000,0.000000000,0.000000000,0.000000000,1.000000000
1403715328.642143011,0.292926000,-0.326223000,1.388684000,0.000000000,0.000000000,0.000000000,1.000000000
1403715328.647142887,0.292758000,-0.324293000,1.388457000,0.000000000,0.000000000,0.000000000,1.000000000
1403715328.652143240,0.292618000,-0.322356000,1.388210000,0.000000000,0.000000000,0.000000000,1.000000000
1403715328.657143116,0.292480000,-0.320453000,1.387960000,0.000000000,0.000000000,0.000000000,1.000000000
1403715328.662142992,0.292355000,-0.318557000,1.387705000,0.000000000,0.000000000,0.000000000,1.000000000
1403715328.667143345,0.292239000,-0.316662000,1.387446000,0.000000000,0.000000000,0.000000000,1.000000000
1403715328.672143221,0.292125000,-0.314770000,1.387194000,0.000000000,0.000000000,0.000000000,1.000000000
1403715328.677143097,0.292023000,-0.312884000,1.386957000,0.000000000,0.000000000,0.000000000,1.000000000
1403715328.682142973,0.291937000,-0.311010000,1.386735000,0.000000000,0.000000000,0.000000000,1.000000000
1403715328.687143326,0.291869000,-0.309157000,1.386529000,0.000000000,0.000000000,0.000000000,1.000000000
1403715328.692142963,0.291819000,-0.307331000,1.386340000,0.000000000,0.000000000,0.000000000,1.000000000
1403715328.697143078,0.291782000,-0.305529000,1.386165000,0.000000000,0.000000000,0.000000000,1.000000000
1403715328.702142954,0.291757000,-0.303715000,1.385977000,0.000000000,0.000000000,0.000000000,1.000000000
1403715328.707143307,0.291732000,-0.301922000,1.385800000,0.000000000,0.000000000,0.000000000,1.000000000
1403715328.712142944,0.291716000,-0.300134000,1.385610000,0.000000000,0.000000000,0.000000000,1.000000000
1403715328.717143059,0.291713000,-0.298361000,1.385412000,0.000000000,0.000000000,0.000000000,1.000000000
1403715328.722143173,0.291728000,-0.296617000,1.385204000,0.000000000,0.000000000,0.000000000,1.000000000
1403715328.727143288,0.291760000,-0.294899000,1.384981000,0.000000000,0.000000000,0.000000000,1.000000000
1403715328.732142925,0.291804000,-0.293200000,1.384737000,0.000000000,0.000000000,0.000000000,1.000000000
1403715328.737143040,0.291851000,-0.291509000,1.384476000,0.000000000,0.000000000,0.000000000,1.000000000
1403715328.742143154,0.291898000,-0.289826000,1.384211000,0.000000000,0.000000000,0.000000000,1.000000000
1403715328.747143030,0.291954000,-0.288159000,1.383949000,0.000000000,0.000000000,0.000000000,1.000000000
1403715328.752142906,0.292024000,-0.286499000,1.383647000,0.000000000,0.000000000,0.000000000,1.000000000
1403715328.757143021,0.292106000,-0.284879000,1.383362000,0.000000000,0.000000000,0.000000000,1.000000000
1403715328.762143135,0.292209000,-0.283281000,1.383086000,0.000000000,0.000000000,0.000000000,1.000000000
1403715328.767143011,0.292330000,-0.281696000,1.382824000,0.000000000,0.000000000,0.000000000,1.000000000
1403715328.772142887,0.292459000,-0.280116000,1.382583000,0.000000000,0.000000000,0.000000000,1.000000000
1403715328.777143240,0.292589000,-0.278537000,1.382351000,0.000000000,0.000000000,0.000000000,1.000000000
1403715328.782143354,0.292715000,-0.276966000,1.382115000,0.000000000,0.000000000,0.000000000,1.000000000
1403715328.787142992,0.292843000,-0.275411000,1.381885000,0.000000000,0.000000000,0.000000000,1.000000000
1403715328.792143106,0.292990000,-0.273877000,1.381660000,0.000000000,0.000000000,0.000000000,1.000000000
1403715328.797143221,0.293155000,-0.272370000,1.381430000,0.000000000,0.000000000,0.000000000,1.000000000
1403715328.802143097,0.293326000,-0.270878000,1.381174000,0.000000000,0.000000000,0.000000000,1.000000000
1403715328.807142973,0.293503000,-0.269419000,1.380925000,0.000000000,0.000000000,0.000000000,1.000000000
1403715328.812143087,0.293684000,-0.267968000,1.380663000,0.000000000,0.000000000,0.000000000,1.000000000
1403715328.817143202,0.293871000,-0.266525000,1.380400000,0.000000000,0.000000000,0.000000000,1.000000000
1403715328.822143078,0.294067000,-0.265095000,1.380148000,0.000000000,0.000000000,0.000000000,1.000000000
1403715328.827142954,0.294269000,-0.263680000,1.379918000,0.000000000,0.000000000,0.000000000,1.000000000
1403715328.832143307,0.294481000,-0.262273000,1.379711000,0.000000000,0.000000000,0.000000000,1.000000000
1403715328.837143183,0.294710000,-0.260871000,1.379512000,0.000000000,0.000000000,0.000000000,1.000000000
1403715328.842143059,0.294944000,-0.259487000,1.379313000,0.000000000,0.000000000,0.000000000,1.000000000
1403715328.847142935,0.295173000,-0.258130000,1.379118000,0.000000000,0.000000000,0.000000000,1.000000000
1403715328.852143288,0.295392000,-0.256798000,1.378892000,0.000000000,0.000000000,0.000000000,1.000000000
1403715328.857143164,0.295618000,-0.255490000,1.378667000,0.000000000,0.000000000,0.000000000,1.000000000
1403715328.862143040,0.295842000,-0.254188000,1.378429000,0.000000000,0.000000000,0.000000000,1.000000000
1403715328.867142916,0.296066000,-0.252897000,1.378188000,0.000000000,0.000000000,0.000000000,1.000000000
1403715328.872143269,0.296290000,-0.251625000,1.377951000,0.000000000,0.000000000,0.000000000,1.000000000
1403715328.877142906,0.296522000,-0.250368000,1.377718000,0.000000000,0.000000000,0.000000000,1.000000000
1403715328.882143021,0.296767000,-0.249126000,1.377482000,0.000000000,0.000000000,0.000000000,1.000000000
1403715328.887142897,0.297019000,-0.247896000,1.377247000,0.000000000,0.000000000,0.000000000,1.000000000
1403715328.892143250,0.297277000,-0.246670000,1.377020000,0.000000000,0.000000000,0.000000000,1.000000000
1403715328.897142887,0.297544000,-0.245445000,1.376803000,0.000000000,0.000000000,0.000000000,1.000000000
1403715328.902143002,0.297811000,-0.244223000,1.376560000,0.000000000,0.000000000,0.000000000,1.000000000
1403715328.907143354,0.298087000,-0.243017000,1.376346000,0.000000000,0.000000000,0.000000000,1.000000000
1403715328.912143230,0.298375000,-0.241830000,1.376133000,0.000000000,0.000000000,0.000000000,1.000000000
1403715328.917143106,0.298674000,-0.240661000,1.375924000,0.000000000,0.000000000,0.000000000,1.000000000
1403715328.922142982,0.298984000,-0.239503000,1.375719000,0.000000000,0.000000000,0.000000000,1.000000000
1403715328.927143335,0.299307000,-0.238352000,1.375511000,0.000000000,0.000000000,0.000000000,1.000000000
1403715328.932142973,0.299631000,-0.237212000,1.375288000,0.000000000,0.000000000,0.000000000,1.000000000
1403715328.937143087,0.299953000,-0.236087000,1.375054000,0.000000000,0.000000000,0.000000000,1.000000000
1403715328.942142963,0.300285000,-0.234973000,1.374816000,0.000000000,0.000000000,0.000000000,1.000000000
1403715328.947143316,0.300633000,-0.233866000,1.374574000,0.000000000,0.000000000,0.000000000,1.000000000
1403715328.952142954,0.300987000,-0.232786000,1.374293000,0.000000000,0.000000000,0.000000000,1.000000000
1403715328.957143068,0.301351000,-0.231716000,1.374049000,0.000000000,0.000000000,0.000000000,1.000000000
1403715328.962142944,0.301715000,-0.230664000,1.373822000,0.000000000,0.000000000,0.000000000,1.000000000
1403715328.967143297,0.302075000,-0.229624000,1.373611000,0.000000000,0.000000000,0.000000000,1.000000000
1403715328.972142935,0.302433000,-0.228587000,1.373404000,0.000000000,0.000000000,0.000000000,1.000000000
1403715328.977143049,0.302794000,-0.227559000,1.373197000,0.000000000,0.000000000,0.000000000,1.000000000
1403715328.982143164,0.303166000,-0.226539000,1.373000000,0.000000000,0.000000000,0.000000000,1.000000000
1403715328.987143040,0.303552000,-0.225526000,1.372797000,0.000000000,0.000000000,0.000000000,1.000000000
1403715328.992142916,0.303950000,-0.224528000,1.372579000,0.000000000,0.000000000,0.000000000,1.000000000
1403715328.997143030,0.304356000,-0.223543000,1.372348000,0.000000000,0.000000000,0.000000000,1.000000000
1403715329.002143145,0.304765000,-0.222575000,1.372091000,0.000000000,0.000000000,0.000000000,1.000000000
1403715329.007143021,0.305177000,-0.221590000,1.371846000,0.000000000,0.000000000,0.000000000,1.000000000
1403715329.012142897,0.305591000,-0.220609000,1.371597000,0.000000000,0.000000000,0.000000000,1.000000000
1403715329.017143011,0.306012000,-0.219638000,1.371350000,0.000000000,0.000000000,0.000000000,1.000000000
1403715329.022143126,0.306446000,-0.218677000,1.371099000,0.000000000,0.000000000,0.000000000,1.000000000
1403715329.027143002,0.306893000,-0.217722000,1.370837000,0.000000000,0.000000000,0.000000000,1.000000000
1403715329.032143116,0.307348000,-0.216774000,1.370568000,0.000000000,0.000000000,0.000000000,1.000000000
1403715329.037143230,0.307807000,-0.215831000,1.370290000,0.000000000,0.000000000,0.000000000,1.000000000
1403715329.042143345,0.308270000,-0.214892000,1.370007000,0.000000000,0.000000000,0.000000000,1.000000000
1403715329.047142982,0.308736000,-0.213963000,1.369726000,0.000000000,0.000000000,0.000000000,1.000000000
1403715329.052143097,0.309212000,-0.213069000,1.369446000,0.000000000,0.000000000,0.000000000,1.000000000
1403715329.057143211,0.309688000,-0.212165000,1.369173000,0.000000000,0.000000000,0.000000000,1.000000000
1403715329.062143087,0.310171000,-0.211273000,1.368913000,0.000000000,0.000000000,0.000000000,1.000000000
1403715329.067142963,0.310653000,-0.210395000,1.368665000,0.000000000,0.000000000,0.000000000,1.000000000
1403715329.072143078,0.311131000,-0.209532000,1.368423000,0.000000000,0.000000000,0.000000000,1.000000000
1403715329.077143192,0.311610000,-0.208674000,1.368178000,0.000000000,0.000000000,0.000000000,1.000000000
1403715329.082143068,0.312094000,-0.207813000,1.367922000,0.000000000,0.000000000,0.000000000,1.000000000
1403715329.087142944,0.312583000,-0.206952000,1.367649000,0.000000000,0.000000000,0.000000000,1.000000000
1403715329.092143297,0.313076000,-0.206093000,1.367364000,0.000000000,0.000000000,0.000000000,1.000000000
1403715329.097143173,0.313575000,-0.205238000,1.367078000,0.000000000,0.000000000,0.000000000,1.000000000
1403715329.102143049,0.314090000,-0.204424000,1.366798000,0.000000000,0.000000000,0.000000000,1.000000000
1403715329.107142925,0.314596000,-0.203596000,1.366501000,0.000000000,0.000000000,0.000000000,1.000000000
1403715329.112143278,0.315100000,-0.202782000,1.366205000,0.000000000,0.000000000,0.000000000,1.000000000
1403715329.117143154,0.315604000,-0.201976000,1.365911000,0.000000000,0.000000000,0.000000000,1.000000000
1403715329.122143030,0.316107000,-0.201178000,1.365617000,0.000000000,0.000000000,0.000000000,1.000000000
1403715329.127142906,0.316608000,-0.200390000,1.365322000,0.000000000,0.000000000,0.000000000,1.000000000
1403715329.132143259,0.317105000,-0.199606000,1.365015000,0.000000000,0.000000000,0.000000000,1.000000000
1403715329.137142897,0.317598000,-0.198830000,1.364691000,0.000000000,0.000000000,0.000000000,1.000000000
1403715329.142143011,0.318091000,-0.198066000,1.364362000,0.000000000,0.000000000,0.000000000,1.000000000
1403715329.147142887,0.318586000,-0.197315000,1.364035000,0.000000000,0.000000000,0.000000000,1.000000000
1403715329.152143240,0.319098000,-0.196610000,1.363738000,0.000000000,0.000000000,0.000000000,1.000000000
1403715329.157143116,0.319600000,-0.195863000,1.363418000,0.000000000,0.000000000,0.000000000,1.000000000
1403715329.162142992,0.320099000,-0.195116000,1.363094000,0.000000000,0.000000000,0.000000000,1.000000000
1403715329.167143345,0.320594000,-0.194371000,1.362764000,0.000000000,0.000000000,0.000000000,1.000000000
1403715329.172143221,0.321078000,-0.193634000,1.362423000,0.000000000,0.000000000,0.000000000,1.000000000
1403715329.177143097,0.321561000,-0.192903000,1.362068000,0.000000000,0.000000000,0.000000000,1.000000000
1403715329.182142973,0.322059000,-0.192170000,1.361689000,0.000000000,0.000000000,0.000000000,1.000000000
1403715329.187143326,0.322568000,-0.191438000,1.361292000,0.000000000,0.000000000,0.000000000,1.000000000
1403715329.192142963,0.323079000,-0.190712000,1.360895000,0.000000000,0.000000000,0.000000000,1.000000000
1403715329.197143078,0.323589000,-0.189987000,1.360495000,0.000000000,0.000000000,0.000000000,1.000000000
1403715329.202142954,0.324113000,-0.189320000,1.360134000,0.000000000,0.000000000,0.000000000,1.000000000
1403715329.207143307,0.324621000,-0.188605000,1.359748000,0.000000000,0.000000000,0.000000000,1.000000000
1403715329.212142944,0.325127000,-0.187887000,1.359365000,0.000000000,0.000000000,0.000000000,1.000000000
1403715329.217143059,0.325636000,-0.187170000,1.358979000,0.000000000,0.000000000,0.000000000,1.000000000
1403715329.222143173,0.326148000,-0.186458000,1.358584000,0.000000000,0.000000000,0.000000000,1.000000000
1403715329.227143288,0.326657000,-0.185755000,1.358173000,0.000000000,0.000000000,0.000000000,1.000000000
1403715329.232142925,0.327163000,-0.185052000,1.357748000,0.000000000,0.000000000,0.000000000,1.000000000
1403715329.237143040,0.327664000,-0.184344000,1.357312000,0.000000000,0.000000000,0.000000000,1.000000000
1403715329.242143154,0.328160000,-0.183637000,1.356871000,0.000000000,0.000000000,0.000000000,1.000000000
1403715329.247143030,0.328654000,-0.182931000,1.356428000,0.000000000,0.000000000,0.000000000,1.000000000
1403715329.252142906,0.329165000,-0.182293000,1.356037000,0.000000000,0.000000000,0.000000000,1.000000000
1403715329.257143021,0.329662000,-0.181604000,1.355608000,0.000000000,0.000000000,0.000000000,1.000000000
1403715329.262143135,0.330154000,-0.180916000,1.355192000,0.000000000,0.000000000,0.000000000,1.000000000
1403715329.267143011,0.330638000,-0.180226000,1.354788000,0.000000000,0.000000000,0.000000000,1.000000000
1403715329.272142887,0.331117000,-0.179537000,1.354387000,0.000000000,0.000000000,0.000000000,1.000000000
1403715329.277143240,0.331593000,-0.178848000,1.353981000,0.000000000,0.000000000,0.000000000,1.000000000
1403715329.282143354,0.332069000,-0.178159000,1.353567000,0.000000000,0.000000000,0.000000000,1.000000000
1403715329.287142992,0.332541000,-0.177472000,1.353155000,0.000000000,0.000000000,0.000000000,1.000000000
1403715329.292143106,0.333010000,-0.176786000,1.352749000,0.000000000,0.000000000,0.000000000,1.000000000
1403715329.297143221,0.333478000,-0.176101000,1.352332000,0.000000000,0.000000000,0.000000000,1.000000000
1403715329.302143097,0.333949000,-0.175499000,1.351969000,0.000000000,0.000000000,0.000000000,1.000000000
1403715329.307142973,0.334414000,-0.174840000,1.351567000,0.000000000,0.000000000,0.000000000,1.000000000
1403715329.312143087,0.334870000,-0.174186000,1.351165000,0.000000000,0.000000000,0.000000000,1.000000000
1403715329.317143202,0.335319000,-0.173535000,1.350758000,0.000000000,0.000000000,0.000000000,1.000000000
1403715329.322143078,0.335770000,-0.172884000,1.350342000,0.000000000,0.000000000,0.000000000,1.000000000
1403715329.327142954,0.336229000,-0.172228000,1.349912000,0.000000000,0.000000000,0.000000000,1.000000000
1403715329.332143307,0.336696000,-0.171569000,1.349466000,0.000000000,0.000000000,0.000000000,1.000000000
1403715329.337143183,0.337168000,-0.170903000,1.349007000,0.000000000,0.000000000,0.000000000,1.000000000
1403715329.342143059,0.337637000,-0.170227000,1.348530000,0.000000000,0.000000000,0.000000000,1.000000000
1403715329.347142935,0.338100000,-0.169546000,1.348040000,0.000000000,0.000000000,0.000000000,1.000000000
1403715329.352143288,0.338551000,-0.168951000,1.347625000,0.000000000,0.000000000,0.000000000,1.000000000
1403715329.357143164,0.339003000,-0.168284000,1.347150000,0.000000000,0.000000000,0.000000000,1.000000000
1403715329.362143040,0.339458000,-0.167617000,1.346670000,0.000000000,0.000000000,0.000000000,1.000000000
1403715329.367142916,0.339919000,-0.166956000,1.346176000,0.000000000,0.000000000,0.000000000,1.000000000
1403715329.372143269,0.340380000,-0.166297000,1.345664000,0.000000000,0.000000000,0.000000000,1.000000000
1403715329.377142906,0.340838000,-0.165637000,1.345138000,0.000000000,0.000000000,0.000000000,1.000000000
1403715329.382143021,0.341292000,-0.164971000,1.344602000,0.000000000,0.000000000,0.000000000,1.000000000
1403715329.387142897,0.341742000,-0.164300000,1.344053000,0.000000000,0.000000000,0.000000000,1.000000000
1403715329.392143250,0.342190000,-0.163630000,1.343483000,0.000000000,0.000000000,0.000000000,1.000000000
1403715329.397142887,0.342638000,-0.162959000,1.342887000,0.000000000,0.000000000,0.000000000,1.000000000
1403715329.402143002,0.343076000,-0.162389000,1.342349000,0.000000000,0.000000000,0.000000000,1.000000000
1403715329.407143354,0.343528000,-0.161743000,1.341723000,0.000000000,0.000000000,0.000000000,1.000000000
1403715329.412143230,0.343975000,-0.161094000,1.341072000,0.000000000,0.000000000,0.000000000,1.000000000
1403715329.417143106,0.344412000,-0.160436000,1.340395000,0.000000000,0.000000000,0.000000000,1.000000000
1403715329.422142982,0.344845000,-0.159770000,1.339700000,0.000000000,0.000000000,0.000000000,1.000000000
1403715329.427143335,0.345279000,-0.159103000,1.338992000,0.000000000,0.000000000,0.000000000,1.000000000
1403715329.432142973,0.345711000,-0.158437000,1.338277000,0.000000000,0.000000000,0.000000000,1.000000000
1403715329.437143087,0.346137000,-0.157776000,1.337565000,0.000000000,0.000000000,0.000000000,1.000000000
1403715329.442142963,0.346565000,-0.157116000,1.336859000,0.000000000,0.000000000,0.000000000,1.000000000
1403715329.447143316,0.346998000,-0.156455000,1.336155000,0.000000000,0.000000000,0.000000000,1.000000000
1403715329.452142954,0.347403000,-0.155902000,1.335552000,0.000000000,0.000000000,0.000000000,1.000000000
1403715329.457143068,0.347829000,-0.155260000,1.334881000,0.000000000,0.000000000,0.000000000,1.000000000
1403715329.462142944,0.348248000,-0.154611000,1.334213000,0.000000000,0.000000000,0.000000000,1.000000000
1403715329.467143297,0.348659000,-0.153958000,1.333552000,0.000000000,0.000000000,0.000000000,1.000000000
1403715329.472142935,0.349067000,-0.153304000,1.332886000,0.000000000,0.000000000,0.000000000,1.000000000
1403715329.477143049,0.349479000,-0.152663000,1.332210000,0.000000000,0.000000000,0.000000000,1.000000000
1403715329.482143164,0.349897000,-0.152039000,1.331531000,0.000000000,0.000000000,0.000000000,1.000000000
1403715329.487143040,0.350317000,-0.151426000,1.330852000,0.000000000,0.000000000,0.000000000,1.000000000
1403715329.492142916,0.350731000,-0.150811000,1.330168000,0.000000000,0.000000000,0.000000000,1.000000000
1403715329.497143030,0.351131000,-0.150192000,1.329488000,0.000000000,0.000000000,0.000000000,1.000000000
1403715329.502143145,0.351483000,-0.149687000,1.328920000,0.000000000,0.000000000,0.000000000,1.000000000
1403715329.507143021,0.351870000,-0.149100000,1.328271000,0.000000000,0.000000000,0.000000000,1.000000000
1403715329.512142897,0.352260000,-0.148515000,1.327600000,0.000000000,0.000000000,0.000000000,1.000000000
1403715329.517143011,0.352650000,-0.147934000,1.326907000,0.000000000,0.000000000,0.000000000,1.000000000
1403715329.522143126,0.353039000,-0.147357000,1.326200000,0.000000000,0.000000000,0.000000000,1.000000000
1403715329.527143002,0.353436000,-0.146781000,1.325485000,0.000000000,0.000000000,0.000000000,1.000000000
1403715329.532143116,0.353845000,-0.146206000,1.324759000,0.000000000,0.000000000,0.000000000,1.000000000
1403715329.537143230,0.354255000,-0.145633000,1.324020000,0.000000000,0.000000000,0.000000000,1.000000000
1403715329.542143345,0.354661000,-0.145062000,1.323272000,0.000000000,0.000000000,0.000000000,1.000000000
1403715329.547142982,0.355060000,-0.144490000,1.322538000,0.000000000,0.000000000,0.000000000,1.000000000
1403715329.552143097,0.355391000,-0.144007000,1.321936000,0.000000000,0.000000000,0.000000000,1.000000000
1403715329.557143211,0.355754000,-0.143420000,1.321266000,0.000000000,0.000000000,0.000000000,1.000000000
1403715329.562143087,0.356115000,-0.142822000,1.320602000,0.000000000,0.000000000,0.000000000,1.000000000
1403715329.567142963,0.356480000,-0.142222000,1.319945000,0.000000000,0.000000000,0.000000000,1.000000000
1403715329.572143078,0.356853000,-0.141629000,1.319301000,0.000000000,0.000000000,0.000000000,1.000000000
1403715329.577143192,0.357230000,-0.141047000,1.318666000,0.000000000,0.000000000,0.000000000,1.000000000
1403715329.582143068,0.357607000,-0.140472000,1.318020000,0.000000000,0.000000000,0.000000000,1.000000000
1403715329.587142944,0.357980000,-0.139898000,1.317371000,0.000000000,0.000000000,0.000000000,1.000000000
1403715329.592143297,0.358350000,-0.139316000,1.316729000,0.000000000,0.000000000,0.000000000,1.000000000
1403715329.597143173,0.358720000,-0.138731000,1.316102000,0.000000000,0.000000000,0.000000000,1.000000000
1403715329.602143049,0.359026000,-0.138260000,1.315594000,0.000000000,0.000000000,0.000000000,1.000000000
1403715329.607142925,0.359369000,-0.137708000,1.315007000,0.000000000,0.000000000,0.000000000,1.000000000
1403715329.612143278,0.359704000,-0.137160000,1.314439000,0.000000000,0.000000000,0.000000000,1.000000000
1403715329.617143154,0.360036000,-0.136616000,1.313893000,0.000000000,0.000000000,0.000000000,1.000000000
1403715329.622143030,0.360362000,-0.136069000,1.313350000,0.000000000,0.000000000,0.000000000,1.000000000
1403715329.627142906,0.360680000,-0.135525000,1.312804000,0.000000000,0.000000000,0.000000000,1.000000000
1403715329.632143259,0.360990000,-0.134988000,1.312253000,0.000000000,0.000000000,0.000000000,1.000000000
1403715329.637142897,0.361293000,-0.134455000,1.311699000,0.000000000,0.000000000,0.000000000,1.000000000
1403715329.642143011,0.361589000,-0.133927000,1.311148000,0.000000000,0.000000000,0.000000000,1.000000000
1403715329.647142887,0.361884000,-0.133406000,1.310605000,0.000000000,0.000000000,0.000000000,1.000000000
1403715329.652143240,0.362109000,-0.132992000,1.310184000,0.000000000,0.000000000,0.000000000,1.000000000
1403715329.657143116,0.362384000,-0.132511000,1.309674000,0.000000000,0.000000000,0.000000000,1.000000000
1403715329.662142992,0.362652000,-0.132032000,1.309157000,0.000000000,0.000000000,0.000000000,1.000000000
1403715329.667143345,0.362917000,-0.131557000,1.308636000,0.000000000,0.000000000,0.000000000,1.000000000
1403715329.672143221,0.363178000,-0.131086000,1.308100000,0.000000000,0.000000000,0.000000000,1.000000000
1403715329.677143097,0.363438000,-0.130615000,1.307547000,0.000000000,0.000000000,0.000000000,1.000000000
1403715329.682142973,0.363700000,-0.130141000,1.306987000,0.000000000,0.000000000,0.000000000,1.000000000
1403715329.687143326,0.363968000,-0.129664000,1.306415000,0.000000000,0.000000000,0.000000000,1.000000000
1403715329.692142963,0.364243000,-0.129189000,1.305835000,0.000000000,0.000000000,0.000000000,1.000000000
1403715329.697143078,0.364530000,-0.128718000,1.305248000,0.000000000,0.000000000,0.000000000,1.000000000
1403715329.702142954,0.364755000,-0.128330000,1.304753000,0.000000000,0.000000000,0.000000000,1.000000000
1403715329.707143307,0.365043000,-0.127874000,1.304168000,0.000000000,0.000000000,0.000000000,1.000000000
1403715329.712142944,0.365329000,-0.127419000,1.303576000,0.000000000,0.000000000,0.000000000,1.000000000
1403715329.717143059,0.365614000,-0.126969000,1.302974000,0.000000000,0.000000000,0.000000000,1.000000000
1403715329.722143173,0.365906000,-0.126519000,1.302367000,0.000000000,0.000000000,0.000000000,1.000000000
1403715329.727143288,0.366207000,-0.126064000,1.301746000,0.000000000,0.000000000,0.000000000,1.000000000
1403715329.732142925,0.366514000,-0.125601000,1.301103000,0.000000000,0.000000000,0.000000000,1.000000000
1403715329.737143040,0.366823000,-0.125136000,1.300439000,0.000000000,0.000000000,0.000000000,1.000000000
1403715329.742143154,0.367131000,-0.124676000,1.299761000,0.000000000,0.000000000,0.000000000,1.000000000
1403715329.747143030,0.367438000,-0.124223000,1.299067000,0.000000000,0.000000000,0.000000000,1.000000000
1403715329.752142906,0.367664000,-0.123856000,1.298460000,0.000000000,0.000000000,0.000000000,1.000000000
1403715329.757143021,0.367955000,-0.123432000,1.297765000,0.000000000,0.000000000,0.000000000,1.000000000
1403715329.762143135,0.368247000,-0.123010000,1.297062000,0.000000000,0.000000000,0.000000000,1.000000000
1403715329.767143011,0.368537000,-0.122590000,1.296345000,0.000000000,0.000000000,0.000000000,1.000000000
1403715329.772142887,0.368824000,-0.122172000,1.295613000,0.000000000,0.000000000,0.000000000,1.000000000
1403715329.777143240,0.369111000,-0.121759000,1.294885000,0.000000000,0.000000000,0.000000000,1.000000000
1403715329.782143354,0.369399000,-0.121345000,1.294156000,0.000000000,0.000000000,0.000000000,1.000000000
1403715329.787142992,0.369686000,-0.120926000,1.293411000,0.000000000,0.000000000,0.000000000,1.000000000
1403715329.792143106,0.369966000,-0.120507000,1.292657000,0.000000000,0.000000000,0.000000000,1.000000000
1403715329.797143221,0.370249000,-0.120095000,1.291895000,0.000000000,0.000000000,0.000000000,1.000000000
1403715329.802143097,0.370460000,-0.119757000,1.291217000,0.000000000,0.000000000,0.000000000,1.000000000
1403715329.807142973,0.370738000,-0.119373000,1.290457000,0.000000000,0.000000000,0.000000000,1.000000000
1403715329.812143087,0.371021000,-0.118988000,1.289681000,0.000000000,0.000000000,0.000000000,1.000000000
1403715329.817143202,0.371309000,-0.118598000,1.288889000,0.000000000,0.000000000,0.000000000,1.000000000
1403715329.822143078,0.371601000,-0.118205000,1.288081000,0.000000000,0.000000000,0.000000000,1.000000000
1403715329.827142954,0.371893000,-0.117814000,1.287266000,0.000000000,0.000000000,0.000000000,1.000000000
1403715329.832143307,0.372183000,-0.117433000,1.286447000,0.000000000,0.000000000,0.000000000,1.000000000
1403715329.837143183,0.372478000,-0.117066000,1.285624000,0.000000000,0.000000000,0.000000000,1.000000000
1403715329.842143059,0.372779000,-0.116706000,1.284808000,0.000000000,0.000000000,0.000000000,1.000000000
1403715329.847142935,0.373080000,-0.116347000,1.283999000,0.000000000,0.000000000,0.000000000,1.000000000
1403715329.852143288,0.373290000,-0.116034000,1.283278000,0.000000000,0.000000000,0.000000000,1.000000000
1403715329.857143164,0.373549000,-0.115681000,1.282495000,0.000000000,0.000000000,0.000000000,1.000000000
1403715329.862143040,0.373800000,-0.115331000,1.281707000,0.000000000,0.000000000,0.000000000,1.000000000
1403715329.867142916,0.374050000,-0.114983000,1.280899000,0.000000000,0.000000000,0.000000000,1.000000000
1403715329.872143269,0.374306000,-0.114646000,1.280077000,0.000000000,0.000000000,0.000000000,1.000000000
1403715329.877142906,0.374566000,-0.114322000,1.279250000,0.000000000,0.000000000,0.000000000,1.000000000
1403715329.882143021,0.374824000,-0.114008000,1.278407000,0.000000000,0.000000000,0.000000000,1.000000000
1403715329.887142897,0.375076000,-0.113697000,1.277545000,0.000000000,0.000000000,0.000000000,1.000000000
1403715329.892143250,0.375324000,-0.113388000,1.276674000,0.000000000,0.000000000,0.000000000,1.000000000
1403715329.897142887,0.375570000,-0.113079000,1.275802000,0.000000000,0.000000000,0.000000000,1.000000000
1403715329.902143002,0.375747000,-0.112815000,1.274993000,0.000000000,0.000000000,0.000000000,1.000000000
1403715329.907143354,0.375983000,-0.112530000,1.274126000,0.000000000,0.000000000,0.000000000,1.000000000
1403715329.912143230,0.376221000,-0.112253000,1.273257000,0.000000000,0.000000000,0.000000000,1.000000000
1403715329.917143106,0.376459000,-0.111980000,1.272397000,0.000000000,0.000000000,0.000000000,1.000000000
1403715329.922142982,0.376695000,-0.111704000,1.271548000,0.000000000,0.000000000,0.000000000,1.000000000
1403715329.927143335,0.376925000,-0.111434000,1.270698000,0.000000000,0.000000000,0.000000000,1.000000000
1403715329.932142973,0.377149000,-0.111177000,1.269838000,0.000000000,0.000000000,0.000000000,1.000000000
1403715329.937143087,0.377367000,-0.110925000,1.268971000,0.000000000,0.000000000,0.000000000,1.000000000
1403715329.942142963,0.377584000,-0.110670000,1.268090000,0.000000000,0.000000000,0.000000000,1.000000000
1403715329.947143316,0.377806000,-0.110419000,1.267199000,0.000000000,0.000000000,0.000000000,1.000000000
1403715329.952142954,0.377964000,-0.110195000,1.266356000,0.000000000,0.000000000,0.000000000,1.000000000
1403715329.957143068,0.378189000,-0.109954000,1.265461000,0.000000000,0.000000000,0.000000000,1.000000000
1403715329.962142944,0.378423000,-0.109708000,1.264559000,0.000000000,0.000000000,0.000000000,1.000000000
1403715329.967143297,0.378659000,-0.109461000,1.263650000,0.000000000,0.000000000,0.000000000,1.000000000
1403715329.972142935,0.378892000,-0.109212000,1.262741000,0.000000000,0.000000000,0.000000000,1.000000000
1403715329.977143049,0.379122000,-0.108958000,1.261824000,0.000000000,0.000000000,0.000000000,1.000000000
1403715329.982143164,0.379361000,-0.108701000,1.260896000,0.000000000,0.000000000,0.000000000,1.000000000
1403715329.987143040,0.379609000,-0.108445000,1.259951000,0.000000000,0.000000000,0.000000000,1.000000000
1403715329.992142916,0.379864000,-0.108193000,1.258991000,0.000000000,0.000000000,0.000000000,1.000000000
1403715329.997143030,0.380119000,-0.107947000,1.258021000,0.000000000,0.000000000,0.000000000,1.000000000
1403715330.002143145,0.380308000,-0.107724000,1.257087000,0.000000000,0.000000000,0.000000000,1.000000000
1403715330.007143021,0.380553000,-0.107489000,1.256112000,0.000000000,0.000000000,0.000000000,1.000000000
1403715330.012142897,0.380808000,-0.107261000,1.255131000,0.000000000,0.000000000,0.000000000,1.000000000
1403715330.017143011,0.381067000,-0.107040000,1.254149000,0.000000000,0.000000000,0.000000000,1.000000000
1403715330.022143126,0.381323000,-0.106827000,1.253169000,0.000000000,0.000000000,0.000000000,1.000000000
1403715330.027143002,0.381578000,-0.106621000,1.252182000,0.000000000,0.000000000,0.000000000,1.000000000
1403715330.032143116,0.381832000,-0.106420000,1.251175000,0.000000000,0.000000000,0.000000000,1.000000000
1403715330.037143230,0.382089000,-0.106219000,1.250145000,0.000000000,0.000000000,0.000000000,1.000000000
1403715330.042143345,0.382353000,-0.106013000,1.249099000,0.000000000,0.000000000,0.000000000,1.000000000
1403715330.047142982,0.382623000,-0.105795000,1.248050000,0.000000000,0.000000000,0.000000000,1.000000000
1403715330.052143097,0.382839000,-0.105585000,1.247038000,0.000000000,0.000000000,0.000000000,1.000000000
1403715330.057143211,0.383094000,-0.105360000,1.246002000,0.000000000,0.000000000,0.000000000,1.000000000
1403715330.062143087,0.383343000,-0.105134000,1.244960000,0.000000000,0.000000000,0.000000000,1.000000000
1403715330.067142963,0.383584000,-0.104906000,1.243896000,0.000000000,0.000000000,0.000000000,1.000000000
1403715330.072143078,0.383822000,-0.104675000,1.242814000,0.000000000,0.000000000,0.000000000,1.000000000
1403715330.077143192,0.384065000,-0.104441000,1.241711000,0.000000000,0.000000000,0.000000000,1.000000000
1403715330.082143068,0.384314000,-0.104207000,1.240579000,0.000000000,0.000000000,0.000000000,1.000000000
1403715330.087142944,0.384564000,-0.103976000,1.239420000,0.000000000,0.000000000,0.000000000,1.000000000
1403715330.092143297,0.384816000,-0.103744000,1.238230000,0.000000000,0.000000000,0.000000000,1.000000000
1403715330.097143173,0.385070000,-0.103507000,1.237027000,0.000000000,0.000000000,0.000000000,1.000000000
1403715330.102143049,0.385271000,-0.103271000,1.235853000,0.000000000,0.000000000,0.000000000,1.000000000
1403715330.107142925,0.385496000,-0.103020000,1.234664000,0.000000000,0.000000000,0.000000000,1.000000000
1403715330.112143278,0.385714000,-0.102774000,1.233487000,0.000000000,0.000000000,0.000000000,1.000000000
1403715330.117143154,0.385924000,-0.102536000,1.232315000,0.000000000,0.000000000,0.000000000,1.000000000
1403715330.122143030,0.386131000,-0.102308000,1.231141000,0.000000000,0.000000000,0.000000000,1.000000000
1403715330.127142906,0.386334000,-0.102083000,1.229958000,0.000000000,0.000000000,0.000000000,1.000000000
1403715330.132143259,0.386532000,-0.101853000,1.228762000,0.000000000,0.000000000,0.000000000,1.000000000
1403715330.137142897,0.386724000,-0.101616000,1.227555000,0.000000000,0.000000000,0.000000000,1.000000000
1403715330.142143011,0.386916000,-0.101375000,1.226341000,0.000000000,0.000000000,0.000000000,1.000000000
1403715330.147142887,0.387113000,-0.101136000,1.225129000,0.000000000,0.000000000,0.000000000,1.000000000
1403715330.152143240,0.387270000,-0.100910000,1.223953000,0.000000000,0.000000000,0.000000000,1.000000000
1403715330.157143116,0.387451000,-0.100681000,1.222771000,0.000000000,0.000000000,0.000000000,1.000000000
1403715330.162142992,0.387629000,-0.100461000,1.221603000,0.000000000,0.000000000,0.000000000,1.000000000
1403715330.167143345,0.387803000,-0.100248000,1.220446000,0.000000000,0.000000000,0.000000000,1.000000000
1403715330.172143221,0.387972000,-0.100037000,1.219297000,0.000000000,0.000000000,0.000000000,1.000000000
1403715330.177143097,0.388136000,-0.099826000,1.218149000,0.000000000,0.000000000,0.000000000,1.000000000
1403715330.182142973,0.388295000,-0.099619000,1.217009000,0.000000000,0.000000000,0.000000000,1.000000000
1403715330.187143326,0.388452000,-0.099410000,1.215878000,0.000000000,0.000000000,0.000000000,1.000000000
1403715330.192142963,0.388613000,-0.099203000,1.214748000,0.000000000,0.000000000,0.000000000,1.000000000
1403715330.197143078,0.388773000,-0.099008000,1.213617000,0.000000000,0.000000000,0.000000000,1.000000000
1403715330.202142954,0.388902000,-0.098832000,1.212494000,0.000000000,0.000000000,0.000000000,1.000000000
1403715330.207143307,0.389047000,-0.098653000,1.211347000,0.000000000,0.000000000,0.000000000,1.000000000
1403715330.212142944,0.389187000,-0.098481000,1.210205000,0.000000000,0.000000000,0.000000000,1.000000000
1403715330.217143059,0.389326000,-0.098318000,1.209073000,0.000000000,0.000000000,0.000000000,1.000000000
1403715330.222143173,0.389465000,-0.098164000,1.207951000,0.000000000,0.000000000,0.000000000,1.000000000
1403715330.227143288,0.389604000,-0.098015000,1.206835000,0.000000000,0.000000000,0.000000000,1.000000000
1403715330.232142925,0.389748000,-0.097871000,1.205724000,0.000000000,0.000000000,0.000000000,1.000000000
1403715330.237143040,0.389891000,-0.097734000,1.204613000,0.000000000,0.000000000,0.000000000,1.000000000
1403715330.242143154,0.390029000,-0.097609000,1.203504000,0.000000000,0.000000000,0.000000000,1.000000000
1403715330.247143030,0.390166000,-0.097487000,1.202403000,0.000000000,0.000000000,0.000000000,1.000000000
1403715330.252142906,0.390286000,-0.097387000,1.201339000,0.000000000,0.000000000,0.000000000,1.000000000
1403715330.257143021,0.390415000,-0.097275000,1.200264000,0.000000000,0.000000000,0.000000000,1.000000000
1403715330.262143135,0.390541000,-0.097165000,1.199193000,0.000000000,0.000000000,0.000000000,1.000000000
1403715330.267143011,0.390669000,-0.097058000,1.198127000,0.000000000,0.000000000,0.000000000,1.000000000
1403715330.272142887,0.390797000,-0.096951000,1.197073000,0.000000000,0.000000000,0.000000000,1.000000000
1403715330.277143240,0.390923000,-0.096844000,1.196029000,0.000000000,0.000000000,0.000000000,1.000000000
1403715330.282143354,0.391048000,-0.096736000,1.194994000,0.000000000,0.000000000,0.000000000,1.000000000
1403715330.287142992,0.391168000,-0.096624000,1.193965000,0.000000000,0.000000000,0.000000000,1.000000000
1403715330.292143106,0.391283000,-0.096506000,1.192940000,0.000000000,0.000000000,0.000000000,1.000000000
1403715330.297143221,0.391398000,-0.096387000,1.191915000,0.000000000,0.000000000,0.000000000,1.000000000
1403715330.302143097,0.391501000,-0.096305000,1.190919000,0.000000000,0.000000000,0.000000000,1.000000000
1403715330.307142973,0.391616000,-0.096215000,1.189912000,0.000000000,0.000000000,0.000000000,1.000000000
1403715330.312143087,0.391730000,-0.096133000,1.188909000,0.000000000,0.000000000,0.000000000,1.000000000
1403715330.317143202,0.391842000,-0.096049000,1.187902000,0.000000000,0.000000000,0.000000000,1.000000000
1403715330.322143078,0.391948000,-0.095962000,1.186891000,0.000000000,0.000000000,0.000000000,1.000000000
1403715330.327142954,0.392051000,-0.095884000,1.185877000,0.000000000,0.000000000,0.000000000,1.000000000
1403715330.332143307,0.392160000,-0.095816000,1.184865000,0.000000000,0.000000000,0.000000000,1.000000000
1403715330.337143183,0.392283000,-0.095751000,1.183848000,0.000000000,0.000000000,0.000000000,1.000000000
1403715330.342143059,0.392414000,-0.095691000,1.182837000,0.000000000,0.000000000,0.000000000,1.000000000
1403715330.347142935,0.392547000,-0.095638000,1.181842000,0.000000000,0.000000000,0.000000000,1.000000000
1403715330.352143288,0.392662000,-0.095637000,1.180901000,0.000000000,0.000000000,0.000000000,1.000000000
1403715330.357143164,0.392777000,-0.095607000,1.179939000,0.000000000,0.000000000,0.000000000,1.000000000
1403715330.362143040,0.392887000,-0.095576000,1.178975000,0.000000000,0.000000000,0.000000000,1.000000000
1403715330.367142916,0.393001000,-0.095549000,1.178011000,0.000000000,0.000000000,0.000000000,1.000000000
1403715330.372143269,0.393121000,-0.095535000,1.177050000,0.000000000,0.000000000,0.000000000,1.000000000
1403715330.377142906,0.393248000,-0.095531000,1.176100000,0.000000000,0.000000000,0.000000000,1.000000000
1403715330.382143021,0.393376000,-0.095538000,1.175166000,0.000000000,0.000000000,0.000000000,1.000000000
1403715330.387142897,0.393497000,-0.095553000,1.174245000,0.000000000,0.000000000,0.000000000,1.000000000
1403715330.392143250,0.393606000,-0.095569000,1.173340000,0.000000000,0.000000000,0.000000000,1.000000000
1403715330.397142887,0.393709000,-0.095585000,1.172450000,0.000000000,0.000000000,0.000000000,1.000000000
1403715330.402143002,0.393804000,-0.095666000,1.171636000,0.000000000,0.000000000,0.000000000,1.000000000
1403715330.407143354,0.393910000,-0.095706000,1.170804000,0.000000000,0.000000000,0.000000000,1.000000000
1403715330.412143230,0.394018000,-0.095754000,1.169998000,0.000000000,0.000000000,0.000000000,1.000000000
1403715330.417143106,0.394123000,-0.095801000,1.169215000,0.000000000,0.000000000,0.000000000,1.000000000
1403715330.422142982,0.394227000,-0.095835000,1.168448000,0.000000000,0.000000000,0.000000000,1.000000000
1403715330.427143335,0.394338000,-0.095853000,1.167707000,0.000000000,0.000000000,0.000000000,1.000000000
1403715330.432142973,0.394453000,-0.095862000,1.166993000,0.000000000,0.000000000,0.000000000,1.000000000
1403715330.437143087,0.394569000,-0.095879000,1.166300000,0.000000000,0.000000000,0.000000000,1.000000000
1403715330.442142963,0.394688000,-0.095906000,1.165642000,0.000000000,0.000000000,0.000000000,1.000000000
1403715330.447143316,0.394811000,-0.095933000,1.165021000,0.000000000,0.000000000,0.000000000,1.000000000
1403715330.452142954,0.394924000,-0.096032000,1.164511000,0.000000000,0.000000000,0.000000000,1.000000000
1403715330.457143068,0.395035000,-0.096064000,1.163977000,0.000000000,0.000000000,0.000000000,1.000000000
1403715330.462142944,0.395139000,-0.096096000,1.163454000,0.000000000,0.000000000,0.000000000,1.000000000
1403715330.467143297,0.395235000,-0.096125000,1.162942000,0.000000000,0.000000000,0.000000000,1.000000000
1403715330.472142935,0.395325000,-0.096157000,1.162425000,0.000000000,0.000000000,0.000000000,1.000000000
1403715330.477143049,0.395417000,-0.096201000,1.161909000,0.000000000,0.000000000,0.000000000,1.000000000
1403715330.482143164,0.395510000,-0.096248000,1.161412000,0.000000000,0.000000000,0.000000000,1.000000000
1403715330.487143040,0.395600000,-0.096301000,1.160932000,0.000000000,0.000000000,0.000000000,1.000000000
1403715330.492142916,0.395682000,-0.096361000,1.160483000,0.000000000,0.000000000,0.000000000,1.000000000
1403715330.497143030,0.395758000,-0.096425000,1.160080000,0.000000000,0.000000000,0.000000000,1.000000000
1403715330.502143145,0.395827000,-0.096596000,1.159806000,0.000000000,0.000000000,0.000000000,1.000000000
1403715330.507143021,0.395896000,-0.096697000,1.159536000,0.000000000,0.000000000,0.000000000,1.000000000
1403715330.512142897,0.395961000,-0.096807000,1.159311000,0.000000000,0.000000000,0.000000000,1.000000000
1403715330.517143011,0.396023000,-0.096922000,1.159112000,0.000000000,0.000000000,0.000000000,1.000000000
1403715330.522143126,0.396077000,-0.097036000,1.158932000,0.000000000,0.000000000,0.000000000,1.000000000
1403715330.527143002,0.396128000,-0.097153000,1.158765000,0.000000000,0.000000000,0.000000000,1.000000000
1403715330.532143116,0.396177000,-0.097275000,1.158612000,0.000000000,0.000000000,0.000000000,1.000000000
1403715330.537143230,0.396218000,-0.097399000,1.158474000,0.000000000,0.000000000,0.000000000,1.000000000
1403715330.542143345,0.396254000,-0.097520000,1.158352000,0.000000000,0.000000000,0.000000000,1.000000000
1403715330.547142982,0.396280000,-0.097643000,1.158257000,0.000000000,0.000000000,0.000000000,1.000000000
1403715330.552143097,0.396288000,-0.097896000,1.158279000,0.000000000,0.000000000,0.000000000,1.000000000
1403715330.557143211,0.396309000,-0.098076000,1.158274000,0.000000000,0.000000000,0.000000000,1.000000000
1403715330.562143087,0.396331000,-0.098266000,1.158304000,0.000000000,0.000000000,0.000000000,1.000000000
1403715330.567142963,0.396348000,-0.098459000,1.158380000,0.000000000,0.000000000,0.000000000,1.000000000
1403715330.572143078,0.396356000,-0.098652000,1.158505000,0.000000000,0.000000000,0.000000000,1.000000000
1403715330.577143192,0.396361000,-0.098851000,1.158663000,0.000000000,0.000000000,0.000000000,1.000000000
1403715330.582143068,0.396369000,-0.099049000,1.158848000,0.000000000,0.000000000,0.000000000,1.000000000
1403715330.587142944,0.396375000,-0.099242000,1.159067000,0.000000000,0.000000000,0.000000000,1.000000000
1403715330.592143297,0.396381000,-0.099435000,1.159320000,0.000000000,0.000000000,0.000000000,1.000000000
1403715330.597143173,0.396384000,-0.099625000,1.159607000,0.000000000,0.000000000,0.000000000,1.000000000
1403715330.602143049,0.396363000,-0.099928000,1.160022000,0.000000000,0.000000000,0.000000000,1.000000000
1403715330.607142925,0.396351000,-0.100119000,1.160396000,0.000000000,0.000000000,0.000000000,1.000000000
1403715330.612143278,0.396333000,-0.100296000,1.160809000,0.000000000,0.000000000,0.000000000,1.000000000
1403715330.617143154,0.396319000,-0.100475000,1.161262000,0.000000000,0.000000000,0.000000000,1.000000000
1403715330.622143030,0.396311000,-0.100659000,1.161752000,0.000000000,0.000000000,0.000000000,1.000000000
1403715330.627142906,0.396309000,-0.100848000,1.162280000,0.000000000,0.000000000,0.000000000,1.000000000
1403715330.632143259,0.396315000,-0.101039000,1.162846000,0.000000000,0.000000000,0.000000000,1.000000000
1403715330.637142897,0.396318000,-0.101229000,1.163442000,0.000000000,0.000000000,0.000000000,1.000000000
1403715330.642143011,0.396320000,-0.101409000,1.164057000,0.000000000,0.000000000,0.000000000,1.000000000
1403715330.647142887,0.396323000,-0.101570000,1.164685000,0.000000000,0.000000000,0.000000000,1.000000000
1403715330.652143240,0.396295000,-0.101859000,1.165436000,0.000000000,0.000000000,0.000000000,1.000000000
1403715330.657143116,0.396289000,-0.102045000,1.166149000,0.000000000,0.000000000,0.000000000,1.000000000
1403715330.662142992,0.396290000,-0.102232000,1.166890000,0.000000000,0.000000000,0.000000000,1.000000000
1403715330.667143345,0.396298000,-0.102417000,1.167661000,0.000000000,0.000000000,0.000000000,1.000000000
1403715330.672143221,0.396311000,-0.102592000,1.168464000,0.000000000,0.000000000,0.000000000,1.000000000
1403715330.677143097,0.396322000,-0.102749000,1.169290000,0.000000000,0.000000000,0.000000000,1.000000000
1403715330.682142973,0.396326000,-0.102895000,1.170126000,0.000000000,0.000000000,0.000000000,1.000000000
1403715330.687143326,0.396323000,-0.103032000,1.170972000,0.000000000,0.000000000,0.000000000,1.000000000
1403715330.692142963,0.396316000,-0.103160000,1.171829000,0.000000000,0.000000000,0.000000000,1.000000000
1403715330.697143078,0.396315000,-0.103280000,1.172688000,0.000000000,0.000000000,0.000000000,1.000000000
1403715330.702142954,0.396295000,-0.103535000,1.173636000,0.000000000,0.000000000,0.000000000,1.000000000
1403715330.707143307,0.396321000,-0.103683000,1.174524000,0.000000000,0.000000000,0.000000000,1.000000000
1403715330.712142944,0.396352000,-0.103821000,1.175418000,0.000000000,0.000000000,0.000000000,1.000000000
1403715330.717143059,0.396378000,-0.103948000,1.176316000,0.000000000,0.000000000,0.000000000,1.000000000
1403715330.722143173,0.396397000,-0.104076000,1.177223000,0.000000000,0.000000000,0.000000000,1.000000000
1403715330.727143288,0.396414000,-0.104211000,1.178141000,0.000000000,0.000000000,0.000000000,1.000000000
1403715330.732142925,0.396435000,-0.104353000,1.179081000,0.000000000,0.000000000,0.000000000,1.000000000
1403715330.737143040,0.396450000,-0.104487000,1.180034000,0.000000000,0.000000000,0.000000000,1.000000000
1403715330.742143154,0.396457000,-0.104615000,1.180993000,0.000000000,0.000000000,0.000000000,1.000000000
1403715330.747143030,0.396461000,-0.104748000,1.181957000,0.000000000,0.000000000,0.000000000,1.000000000
1403715330.752142906,0.396420000,-0.105033000,1.182995000,0.000000000,0.000000000,0.000000000,1.000000000
1403715330.757143021,0.396422000,-0.105203000,1.183972000,0.000000000,0.000000000,0.000000000,1.000000000
1403715330.762143135,0.396432000,-0.105363000,1.184942000,0.000000000,0.000000000,0.000000000,1.000000000
1403715330.767143011,0.396446000,-0.105513000,1.185894000,0.000000000,0.000000000,0.000000000,1.000000000
1403715330.772142887,0.396464000,-0.105658000,1.186828000,0.000000000,0.000000000,0.000000000,1.000000000
1403715330.777143240,0.396485000,-0.105796000,1.187755000,0.000000000,0.000000000,0.000000000,1.000000000
1403715330.782143354,0.396510000,-0.105921000,1.188693000,0.000000000,0.000000000,0.000000000,1.000000000
1403715330.787142992,0.396539000,-0.106042000,1.189637000,0.000000000,0.000000000,0.000000000,1.000000000
1403715330.792143106,0.396572000,-0.106166000,1.190590000,0.000000000,0.000000000,0.000000000,1.000000000
1403715330.797143221,0.396608000,-0.106288000,1.191560000,0.000000000,0.000000000,0.000000000,1.000000000
1403715330.802143097,0.396600000,-0.106551000,1.192605000,0.000000000,0.000000000,0.000000000,1.000000000
1403715330.807142973,0.396627000,-0.106695000,1.193600000,0.000000000,0.000000000,0.000000000,1.000000000
1403715330.812143087,0.396650000,-0.106830000,1.194590000,0.000000000,0.000000000,0.000000000,1.000000000
1403715330.817143202,0.396677000,-0.106955000,1.195570000,0.000000000,0.000000000,0.000000000,1.000000000
1403715330.822143078,0.396707000,-0.107073000,1.196542000,0.000000000,0.000000000,0.000000000,1.000000000
1403715330.827142954,0.396738000,-0.107181000,1.197509000,0.000000000,0.000000000,0.000000000,1.000000000
1403715330.832143307,0.396772000,-0.107279000,1.198471000,0.000000000,0.000000000,0.000000000,1.000000000
1403715330.837143183,0.396810000,-0.107368000,1.199427000,0.000000000,0.000000000,0.000000000,1.000000000
1403715330.842143059,0.396847000,-0.107451000,1.200377000,0.000000000,0.000000000,0.000000000,1.000000000
1403715330.847142935,0.396878000,-0.107530000,1.201321000,0.000000000,0.000000000,0.000000000,1.000000000
1403715330.852143288,0.396858000,-0.107748000,1.202310000,0.000000000,0.000000000,0.000000000,1.000000000
1403715330.857143164,0.396870000,-0.107850000,1.203247000,0.000000000,0.000000000,0.000000000,1.000000000
1403715330.862143040,0.396879000,-0.107954000,1.204172000,0.000000000,0.000000000,0.000000000,1.000000000
1403715330.867142916,0.396892000,-0.108060000,1.205095000,0.000000000,0.000000000,0.000000000,1.000000000
1403715330.872143269,0.396909000,-0.108160000,1.206012000,0.000000000,0.000000000,0.000000000,1.000000000
1403715330.877142906,0.396929000,-0.108254000,1.206921000,0.000000000,0.000000000,0.000000000,1.000000000
1403715330.882143021,0.396950000,-0.108335000,1.207821000,0.000000000,0.000000000,0.000000000,1.000000000
1403715330.887142897,0.396963000,-0.108407000,1.208709000,0.000000000,0.000000000,0.000000000,1.000000000
1403715330.892143250,0.396971000,-0.108482000,1.209583000,0.000000000,0.000000000,0.000000000,1.000000000
1403715330.897142887,0.396983000,-0.108560000,1.210436000,0.000000000,0.000000000,0.000000000,1.000000000
1403715330.902143002,0.396955000,-0.108780000,1.211307000,0.000000000,0.000000000,0.000000000,1.000000000
1403715330.907143354,0.396961000,-0.108884000,1.212148000,0.000000000,0.000000000,0.000000000,1.000000000
1403715330.912143230,0.396958000,-0.108985000,1.213003000,0.000000000,0.000000000,0.000000000,1.000000000
1403715330.917143106,0.396942000,-0.109081000,1.213874000,0.000000000,0.000000000,0.000000000,1.000000000
1403715330.922142982,0.396913000,-0.109180000,1.214754000,0.000000000,0.000000000,0.000000000,1.000000000
1403715330.927143335,0.396870000,-0.109286000,1.215646000,0.000000000,0.000000000,0.000000000,1.000000000
1403715330.932142973,0.396822000,-0.109387000,1.216545000,0.000000000,0.000000000,0.000000000,1.000000000
1403715330.937143087,0.396776000,-0.109474000,1.217428000,0.000000000,0.000000000,0.000000000,1.000000000
1403715330.942142963,0.396733000,-0.109555000,1.218288000,0.000000000,0.000000000,0.000000000,1.000000000
1403715330.947143316,0.396681000,-0.109632000,1.219134000,0.000000000,0.000000000,0.000000000,1.000000000
1403715330.952142954,0.396573000,-0.109841000,1.219999000,0.000000000,0.000000000,0.000000000,1.000000000
1403715330.957143068,0.396494000,-0.109932000,1.220865000,0.000000000,0.000000000,0.000000000,1.000000000
1403715330.962142944,0.396404000,-0.110009000,1.221739000,0.000000000,0.000000000,0.000000000,1.000000000
1403715330.967143297,0.396305000,-0.110074000,1.222623000,0.000000000,0.000000000,0.000000000,1.000000000
1403715330.972142935,0.396201000,-0.110127000,1.223511000,0.000000000,0.000000000,0.000000000,1.000000000
1403715330.977143049,0.396092000,-0.110173000,1.224394000,0.000000000,0.000000000,0.000000000,1.000000000
1403715330.982143164,0.395978000,-0.110211000,1.225278000,0.000000000,0.000000000,0.000000000,1.000000000
1403715330.987143040,0.395862000,-0.110235000,1.226159000,0.000000000,0.000000000,0.000000000,1.000000000
1403715330.992142916,0.395745000,-0.110244000,1.227027000,0.000000000,0.000000000,0.000000000,1.000000000
1403715330.997143030,0.395623000,-0.110247000,1.227891000,0.000000000,0.000000000,0.000000000,1.000000000
1403715331.002143145,0.395456000,-0.110382000,1.228758000,0.000000000,0.000000000,0.000000000,1.000000000
1403715331.007143021,0.395314000,-0.110405000,1.229625000,0.000000000,0.000000000,0.000000000,1.000000000
1403715331.012142897,0.395166000,-0.110414000,1.230499000,0.000000000,0.000000000,0.000000000,1.000000000
1403715331.017143011,0.395008000,-0.110408000,1.231384000,0.000000000,0.000000000,0.000000000,1.000000000
1403715331.022143126,0.394841000,-0.110382000,1.232280000,0.000000000,0.000000000,0.000000000,1.000000000
1403715331.027143002,0.394659000,-0.110334000,1.233178000,0.000000000,0.000000000,0.000000000,1.000000000
1403715331.032143116,0.394462000,-0.110270000,1.234077000,0.000000000,0.000000000,0.000000000,1.000000000
1403715331.037143230,0.394258000,-0.110201000,1.234971000,0.000000000,0.000000000,0.000000000,1.000000000
1403715331.042143345,0.394052000,-0.110129000,1.235864000,0.000000000,0.000000000,0.000000000,1.000000000
1403715331.047142982,0.393842000,-0.110059000,1.236765000,0.000000000,0.000000000,0.000000000,1.000000000
1403715331.052143097,0.393588000,-0.110105000,1.237681000,0.000000000,0.000000000,0.000000000,1.000000000
1403715331.057143211,0.393341000,-0.110041000,1.238602000,0.000000000,0.000000000,0.000000000,1.000000000
1403715331.062143087,0.393081000,-0.109961000,1.239534000,0.000000000,0.000000000,0.000000000,1.000000000
1403715331.067142963,0.392811000,-0.109868000,1.240480000,0.000000000,0.000000000,0.000000000,1.000000000
1403715331.072143078,0.392531000,-0.109768000,1.241442000,0.000000000,0.000000000,0.000000000,1.000000000
1403715331.077143192,0.392240000,-0.109657000,1.242432000,0.000000000,0.000000000,0.000000000,1.000000000
1403715331.082143068,0.391939000,-0.109530000,1.243439000,0.000000000,0.000000000,0.000000000,1.000000000
1403715331.087142944,0.391626000,-0.109392000,1.244464000,0.000000000,0.000000000,0.000000000,1.000000000
1403715331.092143297,0.391296000,-0.109240000,1.245504000,0.000000000,0.000000000,0.000000000,1.000000000
1403715331.097143173,0.390947000,-0.109069000,1.246538000,0.000000000,0.000000000,0.000000000,1.000000000
1403715331.102143049,0.390561000,-0.108990000,1.247555000,0.000000000,0.000000000,0.000000000,1.000000000
1403715331.107142925,0.390181000,-0.108815000,1.248580000,0.000000000,0.000000000,0.000000000,1.000000000
1403715331.112143278,0.389789000,-0.108641000,1.249629000,0.000000000,0.000000000,0.000000000,1.000000000
1403715331.117143154,0.389383000,-0.108463000,1.250699000,0.000000000,0.000000000,0.000000000,1.000000000
1403715331.122143030,0.388958000,-0.108287000,1.251774000,0.000000000,0.000000000,0.000000000,1.000000000
1403715331.127142906,0.388518000,-0.108113000,1.252860000,0.000000000,0.000000000,0.000000000,1.000000000
1403715331.132143259,0.388064000,-0.107932000,1.253952000,0.000000000,0.000000000,0.000000000,1.000000000
1403715331.137142897,0.387592000,-0.107738000,1.255050000,0.000000000,0.000000000,0.000000000,1.000000000
1403715331.142143011,0.387105000,-0.107531000,1.256166000,0.000000000,0.000000000,0.000000000,1.000000000
1403715331.147142887,0.386605000,-0.107316000,1.257307000,0.000000000,0.000000000,0.000000000,1.000000000
1403715331.152143240,0.386076000,-0.107201000,1.258473000,0.000000000,0.000000000,0.000000000,1.000000000
1403715331.157143116,0.385544000,-0.107007000,1.259663000,0.000000000,0.000000000,0.000000000,1.000000000
1403715331.162142992,0.384990000,-0.106806000,1.260876000,0.000000000,0.000000000,0.000000000,1.000000000
1403715331.167143345,0.384409000,-0.106599000,1.262102000,0.000000000,0.000000000,0.000000000,1.000000000
1403715331.172143221,0.383804000,-0.106389000,1.263341000,0.000000000,0.000000000,0.000000000,1.000000000
1403715331.177143097,0.383176000,-0.106171000,1.264592000,0.000000000,0.000000000,0.000000000,1.000000000
1403715331.182142973,0.382532000,-0.105939000,1.265853000,0.000000000,0.000000000,0.000000000,1.000000000
1403715331.187143326,0.381871000,-0.105703000,1.267129000,0.000000000,0.000000000,0.000000000,1.000000000
1403715331.192142963,0.381194000,-0.105465000,1.268409000,0.000000000,0.000000000,0.000000000,1.000000000
1403715331.197143078,0.380510000,-0.105217000,1.269685000,0.000000000,0.000000000,0.000000000,1.000000000
1403715331.202142954,0.379813000,-0.105037000,1.270954000,0.000000000,0.000000000,0.000000000,1.000000000
1403715331.207143307,0.379114000,-0.104793000,1.272236000,0.000000000,0.000000000,0.000000000,1.000000000
1403715331.212142944,0.378399000,-0.104546000,1.273527000,0.000000000,0.000000000,0.000000000,1.000000000
1403715331.217143059,0.377658000,-0.104289000,1.274825000,0.000000000,0.000000000,0.000000000,1.000000000
1403715331.222143173,0.376894000,-0.104029000,1.276141000,0.000000000,0.000000000,0.000000000,1.000000000
1403715331.227143288,0.376116000,-0.103763000,1.277485000,0.000000000,0.000000000,0.000000000,1.000000000
1403715331.232142925,0.375327000,-0.103491000,1.278863000,0.000000000,0.000000000,0.000000000,1.000000000
1403715331.237143040,0.374522000,-0.103212000,1.280270000,0.000000000,0.000000000,0.000000000,1.000000000
1403715331.242143154,0.373693000,-0.102928000,1.281695000,0.000000000,0.000000000,0.000000000,1.000000000
1403715331.247143030,0.372846000,-0.102638000,1.283147000,0.000000000,0.000000000,0.000000000,1.000000000
1403715331.252142906,0.371979000,-0.102404000,1.284614000,0.000000000,0.000000000,0.000000000,1.000000000
1403715331.257143021,0.371102000,-0.102107000,1.286081000,0.000000000,0.000000000,0.000000000,1.000000000
1403715331.262143135,0.370209000,-0.101796000,1.287544000,0.000000000,0.000000000,0.000000000,1.000000000
1403715331.267143011,0.369300000,-0.101474000,1.289006000,0.000000000,0.000000000,0.000000000,1.000000000
1403715331.272142887,0.368392000,-0.101155000,1.290472000,0.000000000,0.000000000,0.000000000,1.000000000
1403715331.277143240,0.367482000,-0.100844000,1.291960000,0.000000000,0.000000000,0.000000000,1.000000000
1403715331.282143354,0.366555000,-0.100532000,1.293474000,0.000000000,0.000000000,0.000000000,1.000000000
1403715331.287142992,0.365613000,-0.100204000,1.295011000,0.000000000,0.000000000,0.000000000,1.000000000
1403715331.292143106,0.364659000,-0.099862000,1.296554000,0.000000000,0.000000000,0.000000000,1.000000000
1403715331.297143221,0.363689000,-0.099516000,1.298108000,0.000000000,0.000000000,0.000000000,1.000000000
1403715331.302143097,0.362703000,-0.099220000,1.299680000,0.000000000,0.000000000,0.000000000,1.000000000
1403715331.307142973,0.361701000,-0.098873000,1.301256000,0.000000000,0.000000000,0.000000000,1.000000000
1403715331.312143087,0.360688000,-0.098524000,1.302843000,0.000000000,0.000000000,0.000000000,1.000000000
1403715331.317143202,0.359666000,-0.098171000,1.304452000,0.000000000,0.000000000,0.000000000,1.000000000
1403715331.322143078,0.358646000,-0.097816000,1.306084000,0.000000000,0.000000000,0.000000000,1.000000000
1403715331.327142954,0.357632000,-0.097467000,1.307740000,0.000000000,0.000000000,0.000000000,1.000000000
1403715331.332143307,0.356604000,-0.097123000,1.309414000,0.000000000,0.000000000,0.000000000,1.000000000
1403715331.337143183,0.355558000,-0.096783000,1.311109000,0.000000000,0.000000000,0.000000000,1.000000000
1403715331.342143059,0.354494000,-0.096439000,1.312828000,0.000000000,0.000000000,0.000000000,1.000000000
1403715331.347142935,0.353414000,-0.096090000,1.314566000,0.000000000,0.000000000,0.000000000,1.000000000
1403715331.352143288,0.352336000,-0.095790000,1.316322000,0.000000000,0.000000000,0.000000000,1.000000000
1403715331.357143164,0.351254000,-0.095446000,1.318103000,0.000000000,0.000000000,0.000000000,1.000000000
1403715331.362143040,0.350173000,-0.095099000,1.319904000,0.000000000,0.000000000,0.000000000,1.000000000
1403715331.367142916,0.349083000,-0.094745000,1.321714000,0.000000000,0.000000000,0.000000000,1.000000000
1403715331.372143269,0.347969000,-0.094376000,1.323516000,0.000000000,0.000000000,0.000000000,1.000000000
1403715331.377142906,0.346836000,-0.093998000,1.325317000,0.000000000,0.000000000,0.000000000,1.000000000
1403715331.382143021,0.345692000,-0.093616000,1.327126000,0.000000000,0.000000000,0.000000000,1.000000000
1403715331.387142897,0.344548000,-0.093238000,1.328941000,0.000000000,0.000000000,0.000000000,1.000000000
1403715331.392143250,0.343405000,-0.092865000,1.330773000,0.000000000,0.000000000,0.000000000,1.000000000
1403715331.397142887,0.342258000,-0.092496000,1.332635000,0.000000000,0.000000000,0.000000000,1.000000000
1403715331.402143002,0.341106000,-0.092170000,1.334515000,0.000000000,0.000000000,0.000000000,1.000000000
1403715331.407143354,0.339937000,-0.091815000,1.336419000,0.000000000,0.000000000,0.000000000,1.000000000
1403715331.412143230,0.338752000,-0.091455000,1.338319000,0.000000000,0.000000000,0.000000000,1.000000000
1403715331.417143106,0.337562000,-0.091087000,1.340211000,0.000000000,0.000000000,0.000000000,1.000000000
1403715331.422142982,0.336372000,-0.090707000,1.342104000,0.000000000,0.000000000,0.000000000,1.000000000
1403715331.427143335,0.335188000,-0.090320000,1.343996000,0.000000000,0.000000000,0.000000000,1.000000000
1403715331.432142973,0.334004000,-0.089934000,1.345885000,0.000000000,0.000000000,0.000000000,1.000000000
1403715331.437143087,0.332812000,-0.089554000,1.347781000,0.000000000,0.000000000,0.000000000,1.000000000
1403715331.442142963,0.331619000,-0.089187000,1.349685000,0.000000000,0.000000000,0.000000000,1.000000000
1403715331.447143316,0.330420000,-0.088827000,1.351592000,0.000000000,0.000000000,0.000000000,1.000000000
1403715331.452142954,0.329213000,-0.088491000,1.353486000,0.000000000,0.000000000,0.000000000,1.000000000
1403715331.457143068,0.327997000,-0.088130000,1.355396000,0.000000000,0.000000000,0.000000000,1.000000000
1403715331.462142944,0.326776000,-0.087766000,1.357322000,0.000000000,0.000000000,0.000000000,1.000000000
1403715331.467143297,0.325559000,-0.087409000,1.359257000,0.000000000,0.000000000,0.000000000,1.000000000
1403715331.472142935,0.324343000,-0.087057000,1.361189000,0.000000000,0.000000000,0.000000000,1.000000000
1403715331.477143049,0.323119000,-0.086706000,1.363099000,0.000000000,0.000000000,0.000000000,1.000000000
1403715331.482143164,0.321894000,-0.086354000,1.364993000,0.000000000,0.000000000,0.000000000,1.000000000
1403715331.487143040,0.320667000,-0.085999000,1.366885000,0.000000000,0.000000000,0.000000000,1.000000000
1403715331.492142916,0.319439000,-0.085643000,1.368780000,0.000000000,0.000000000,0.000000000,1.000000000
1403715331.497143030,0.318211000,-0.085281000,1.370687000,0.000000000,0.000000000,0.000000000,1.000000000
1403715331.502143145,0.316976000,-0.084932000,1.372599000,0.000000000,0.000000000,0.000000000,1.000000000
1403715331.507143021,0.315738000,-0.084576000,1.374525000,0.000000000,0.000000000,0.000000000,1.000000000
1403715331.512142897,0.314495000,-0.084228000,1.376450000,0.000000000,0.000000000,0.000000000,1.000000000
1403715331.517143011,0.313252000,-0.083879000,1.378370000,0.000000000,0.000000000,0.000000000,1.000000000
1403715331.522143126,0.312011000,-0.083526000,1.380297000,0.000000000,0.000000000,0.000000000,1.000000000
1403715331.527143002,0.310760000,-0.083170000,1.382234000,0.000000000,0.000000000,0.000000000,1.000000000
1403715331.532143116,0.309504000,-0.082822000,1.384167000,0.000000000,0.000000000,0.000000000,1.000000000
1403715331.537143230,0.308247000,-0.082481000,1.386093000,0.000000000,0.000000000,0.000000000,1.000000000
1403715331.542143345,0.306994000,-0.082137000,1.387999000,0.000000000,0.000000000,0.000000000,1.000000000
1403715331.547142982,0.305748000,-0.081791000,1.389876000,0.000000000,0.000000000,0.000000000,1.000000000
1403715331.552143097,0.304495000,-0.081452000,1.391732000,0.000000000,0.000000000,0.000000000,1.000000000
1403715331.557143211,0.303245000,-0.081105000,1.393591000,0.000000000,0.000000000,0.000000000,1.000000000
1403715331.562143087,0.301990000,-0.080751000,1.395436000,0.000000000,0.000000000,0.000000000,1.000000000
1403715331.567142963,0.300732000,-0.080395000,1.397262000,0.000000000,0.000000000,0.000000000,1.000000000
1403715331.572143078,0.299480000,-0.080046000,1.399072000,0.000000000,0.000000000,0.000000000,1.000000000
1403715331.577143192,0.298228000,-0.079700000,1.400878000,0.000000000,0.000000000,0.000000000,1.000000000
1403715331.582143068,0.296971000,-0.079352000,1.402681000,0.000000000,0.000000000,0.000000000,1.000000000
1403715331.587142944,0.295710000,-0.079002000,1.404483000,0.000000000,0.000000000,0.000000000,1.000000000
1403715331.592143297,0.294438000,-0.078644000,1.406286000,0.000000000,0.000000000,0.000000000,1.000000000
1403715331.597143173,0.293162000,-0.078285000,1.408079000,0.000000000,0.000000000,0.000000000,1.000000000
1403715331.602143049,0.291880000,-0.077935000,1.409846000,0.000000000,0.000000000,0.000000000,1.000000000
1403715331.607142925,0.290600000,-0.077585000,1.411625000,0.000000000,0.000000000,0.000000000,1.000000000
1403715331.612143278,0.289316000,-0.077234000,1.413402000,0.000000000,0.000000000,0.000000000,1.000000000
1403715331.617143154,0.288021000,-0.076878000,1.415191000,0.000000000,0.000000000,0.000000000,1.000000000
1403715331.622143030,0.286723000,-0.076525000,1.416986000,0.000000000,0.000000000,0.000000000,1.000000000
1403715331.627142906,0.285422000,-0.076173000,1.418779000,0.000000000,0.000000000,0.000000000,1.000000000
1403715331.632143259,0.284118000,-0.075820000,1.420571000,0.000000000,0.000000000,0.000000000,1.000000000
1403715331.637142897,0.282820000,-0.075468000,1.422367000,0.000000000,0.000000000,0.000000000,1.000000000
1403715331.642143011,0.281521000,-0.075117000,1.424160000,0.000000000,0.000000000,0.000000000,1.000000000
1403715331.647142887,0.280223000,-0.074765000,1.425932000,0.000000000,0.000000000,0.000000000,1.000000000
1403715331.652143240,0.278924000,-0.074409000,1.427658000,0.000000000,0.000000000,0.000000000,1.000000000
1403715331.657143116,0.277616000,-0.074052000,1.429405000,0.000000000,0.000000000,0.000000000,1.000000000
1403715331.662142992,0.276296000,-0.073700000,1.431149000,0.000000000,0.000000000,0.000000000,1.000000000
1403715331.667143345,0.274966000,-0.073350000,1.432892000,0.000000000,0.000000000,0.000000000,1.000000000
1403715331.672143221,0.273640000,-0.072998000,1.434635000,0.000000000,0.000000000,0.000000000,1.000000000
1403715331.677143097,0.272321000,-0.072644000,1.436381000,0.000000000,0.000000000,0.000000000,1.000000000
1403715331.682142973,0.271004000,-0.072284000,1.438130000,0.000000000,0.000000000,0.000000000,1.000000000
1403715331.687143326,0.269684000,-0.071923000,1.439874000,0.000000000,0.000000000,0.000000000,1.000000000
1403715331.692142963,0.268354000,-0.071560000,1.441615000,0.000000000,0.000000000,0.000000000,1.000000000
1403715331.697143078,0.267011000,-0.071193000,1.443346000,0.000000000,0.000000000,0.000000000,1.000000000
1403715331.702142954,0.265665000,-0.070837000,1.445027000,0.000000000,0.000000000,0.000000000,1.000000000
1403715331.707143307,0.264319000,-0.070493000,1.446731000,0.000000000,0.000000000,0.000000000,1.000000000
1403715331.712142944,0.262980000,-0.070158000,1.448419000,0.000000000,0.000000000,0.000000000,1.000000000
1403715331.717143059,0.261650000,-0.069827000,1.450095000,0.000000000,0.000000000,0.000000000,1.000000000
1403715331.722143173,0.260322000,-0.069492000,1.451769000,0.000000000,0.000000000,0.000000000,1.000000000
1403715331.727143288,0.258989000,-0.069153000,1.453437000,0.000000000,0.000000000,0.000000000,1.000000000
1403715331.732142925,0.257647000,-0.068811000,1.455099000,0.000000000,0.000000000,0.000000000,1.000000000
1403715331.737143040,0.256300000,-0.068461000,1.456759000,0.000000000,0.000000000,0.000000000,1.000000000
1403715331.742143154,0.254957000,-0.068110000,1.458415000,0.000000000,0.000000000,0.000000000,1.000000000
1403715331.747143030,0.253621000,-0.067762000,1.460064000,0.000000000,0.000000000,0.000000000,1.000000000
1403715331.752142906,0.252288000,-0.067422000,1.461647000,0.000000000,0.000000000,0.000000000,1.000000000
1403715331.757143021,0.250953000,-0.067102000,1.463255000,0.000000000,0.000000000,0.000000000,1.000000000
1403715331.762143135,0.249607000,-0.066780000,1.464849000,0.000000000,0.000000000,0.000000000,1.000000000
1403715331.767143011,0.248255000,-0.066449000,1.466428000,0.000000000,0.000000000,0.000000000,1.000000000
1403715331.772142887,0.246898000,-0.066111000,1.467999000,0.000000000,0.000000000,0.000000000,1.000000000
1403715331.777143240,0.245549000,-0.065780000,1.469571000,0.000000000,0.000000000,0.000000000,1.000000000
1403715331.782143354,0.244213000,-0.065460000,1.471137000,0.000000000,0.000000000,0.000000000,1.000000000
1403715331.787142992,0.242881000,-0.065135000,1.472678000,0.000000000,0.000000000,0.000000000,1.000000000
1403715331.792143106,0.241551000,-0.064799000,1.474195000,0.000000000,0.000000000,0.000000000,1.000000000
1403715331.797143221,0.240215000,-0.064453000,1.475704000,0.000000000,0.000000000,0.000000000,1.000000000
1403715331.802143097,0.238867000,-0.064089000,1.477153000,0.000000000,0.000000000,0.000000000,1.000000000
1403715331.807142973,0.237525000,-0.063737000,1.478642000,0.000000000,0.000000000,0.000000000,1.000000000
1403715331.812143087,0.236193000,-0.063387000,1.480130000,0.000000000,0.000000000,0.000000000,1.000000000
1403715331.817143202,0.234872000,-0.063045000,1.481605000,0.000000000,0.000000000,0.000000000,1.000000000
1403715331.822143078,0.233557000,-0.062708000,1.483062000,0.000000000,0.000000000,0.000000000,1.000000000
1403715331.827142954,0.232242000,-0.062373000,1.484511000,0.000000000,0.000000000,0.000000000,1.000000000
1403715331.832143307,0.230933000,-0.062046000,1.485971000,0.000000000,0.000000000,0.000000000,1.000000000
1403715331.837143183,0.229628000,-0.061723000,1.487450000,0.000000000,0.000000000,0.000000000,1.000000000
1403715331.842143059,0.228323000,-0.061408000,1.488937000,0.000000000,0.000000000,0.000000000,1.000000000
1403715331.847142935,0.227018000,-0.061101000,1.490424000,0.000000000,0.000000000,0.000000000,1.000000000
1403715331.852143288,0.225701000,-0.060801000,1.491838000,0.000000000,0.000000000,0.000000000,1.000000000
1403715331.857143164,0.224391000,-0.060508000,1.493268000,0.000000000,0.000000000,0.000000000,1.000000000
1403715331.862143040,0.223081000,-0.060212000,1.494672000,0.000000000,0.000000000,0.000000000,1.000000000
1403715331.867142916,0.221776000,-0.059911000,1.496053000,0.000000000,0.000000000,0.000000000,1.000000000
1403715331.872143269,0.220478000,-0.059602000,1.497408000,0.000000000,0.000000000,0.000000000,1.000000000
1403715331.877142906,0.219180000,-0.059284000,1.498753000,0.000000000,0.000000000,0.000000000,1.000000000
1403715331.882143021,0.217884000,-0.058964000,1.500098000,0.000000000,0.000000000,0.000000000,1.000000000
1403715331.887142897,0.216593000,-0.058647000,1.501441000,0.000000000,0.000000000,0.000000000,1.000000000
1403715331.892143250,0.215308000,-0.058336000,1.502770000,0.000000000,0.000000000,0.000000000,1.000000000
1403715331.897142887,0.214033000,-0.058027000,1.504085000,0.000000000,0.000000000,0.000000000,1.000000000
1403715331.902143002,0.212762000,-0.057722000,1.505324000,0.000000000,0.000000000,0.000000000,1.000000000
1403715331.907143354,0.211509000,-0.057409000,1.506580000,0.000000000,0.000000000,0.000000000,1.000000000
1403715331.912143230,0.210258000,-0.057090000,1.507814000,0.000000000,0.000000000,0.000000000,1.000000000
1403715331.917143106,0.209006000,-0.056770000,1.509024000,0.000000000,0.000000000,0.000000000,1.000000000
1403715331.922142982,0.207753000,-0.056452000,1.510210000,0.000000000,0.000000000,0.000000000,1.000000000
1403715331.927143335,0.206494000,-0.056137000,1.511360000,0.000000000,0.000000000,0.000000000,1.000000000
1403715331.932142973,0.205236000,-0.055824000,1.512474000,0.000000000,0.000000000,0.000000000,1.000000000
1403715331.937143087,0.203987000,-0.055512000,1.513558000,0.000000000,0.000000000,0.000000000,1.000000000
1403715331.942142963,0.202751000,-0.055204000,1.514617000,0.000000000,0.000000000,0.000000000,1.000000000
1403715331.947143316,0.201527000,-0.054903000,1.515652000,0.000000000,0.000000000,0.000000000,1.000000000
1403715331.952142954,0.200301000,-0.054623000,1.516602000,0.000000000,0.000000000,0.000000000,1.000000000
1403715331.957143068,0.199085000,-0.054330000,1.517572000,0.000000000,0.000000000,0.000000000,1.000000000
1403715331.962142944,0.197871000,-0.054039000,1.518518000,0.000000000,0.000000000,0.000000000,1.000000000
1403715331.967143297,0.196665000,-0.053751000,1.519441000,0.000000000,0.000000000,0.000000000,1.000000000
1403715331.972142935,0.195468000,-0.053459000,1.520340000,0.000000000,0.000000000,0.000000000,1.000000000
1403715331.977143049,0.194277000,-0.053160000,1.521213000,0.000000000,0.000000000,0.000000000,1.000000000
1403715331.982143164,0.193090000,-0.052859000,1.522055000,0.000000000,0.000000000,0.000000000,1.000000000
1403715331.987143040,0.191902000,-0.052564000,1.522865000,0.000000000,0.000000000,0.000000000,1.000000000
1403715331.992142916,0.190716000,-0.052274000,1.523650000,0.000000000,0.000000000,0.000000000,1.000000000
1403715331.997143030,0.189531000,-0.051990000,1.524404000,0.000000000,0.000000000,0.000000000,1.000000000
1403715332.002143145,0.188346000,-0.051738000,1.525059000,0.000000000,0.000000000,0.000000000,1.000000000
1403715332.007143021,0.187166000,-0.051466000,1.525732000,0.000000000,0.000000000,0.000000000,1.000000000
1403715332.012142897,0.185985000,-0.051195000,1.526379000,0.000000000,0.000000000,0.000000000,1.000000000
1403715332.017143011,0.184799000,-0.050924000,1.527008000,0.000000000,0.000000000,0.000000000,1.000000000
1403715332.022143126,0.183609000,-0.050656000,1.527606000,0.000000000,0.000000000,0.000000000,1.000000000
1403715332.027143002,0.182416000,-0.050391000,1.528175000,0.000000000,0.000000000,0.000000000,1.000000000
1403715332.032143116,0.181217000,-0.050124000,1.528715000,0.000000000,0.000000000,0.000000000,1.000000000
1403715332.037143230,0.180015000,-0.049856000,1.529216000,0.000000000,0.000000000,0.000000000,1.000000000
1403715332.042143345,0.178815000,-0.049592000,1.529674000,0.000000000,0.000000000,0.000000000,1.000000000
1403715332.047142982,0.177616000,-0.049327000,1.530093000,0.000000000,0.000000000,0.000000000,1.000000000
1403715332.052143097,0.176420000,-0.049098000,1.530430000,0.000000000,0.000000000,0.000000000,1.000000000
1403715332.057143211,0.175230000,-0.048847000,1.530790000,0.000000000,0.000000000,0.000000000,1.000000000
1403715332.062143087,0.174041000,-0.048603000,1.531131000,0.000000000,0.000000000,0.000000000,1.000000000
1403715332.067142963,0.172850000,-0.048364000,1.531452000,0.000000000,0.000000000,0.000000000,1.000000000
1403715332.072143078,0.171661000,-0.048128000,1.531750000,0.000000000,0.000000000,0.000000000,1.000000000
1403715332.077143192,0.170470000,-0.047893000,1.532019000,0.000000000,0.000000000,0.000000000,1.000000000
1403715332.082143068,0.169269000,-0.047660000,1.532256000,0.000000000,0.000000000,0.000000000,1.000000000
1403715332.087142944,0.168063000,-0.047429000,1.532468000,0.000000000,0.000000000,0.000000000,1.000000000
1403715332.092143297,0.166853000,-0.047198000,1.532657000,0.000000000,0.000000000,0.000000000,1.000000000
1403715332.097143173,0.165647000,-0.046970000,1.532822000,0.000000000,0.000000000,0.000000000,1.000000000
1403715332.102143049,0.164458000,-0.046793000,1.532909000,0.000000000,0.000000000,0.000000000,1.000000000
1403715332.107142925,0.163269000,-0.046586000,1.533000000,0.000000000,0.000000000,0.000000000,1.000000000
1403715332.112143278,0.162082000,-0.046378000,1.533061000,0.000000000,0.000000000,0.000000000,1.000000000
1403715332.117143154,0.160893000,-0.046167000,1.533099000,0.000000000,0.000000000,0.000000000,1.000000000
1403715332.122143030,0.159696000,-0.045955000,1.533112000,0.000000000,0.000000000,0.000000000,1.000000000
1403715332.127142906,0.158498000,-0.045750000,1.533103000,0.000000000,0.000000000,0.000000000,1.000000000
1403715332.132143259,0.157308000,-0.045557000,1.533095000,0.000000000,0.000000000,0.000000000,1.000000000
1403715332.137142897,0.156122000,-0.045371000,1.533097000,0.000000000,0.000000000,0.000000000,1.000000000
1403715332.142143011,0.154934000,-0.045194000,1.533100000,0.000000000,0.000000000,0.000000000,1.000000000
1403715332.147142887,0.153740000,-0.045028000,1.533099000,0.000000000,0.000000000,0.000000000,1.000000000
1403715332.152143240,0.152558000,-0.044930000,1.533051000,0.000000000,0.000000000,0.000000000,1.000000000
1403715332.157143116,0.151356000,-0.044797000,1.533022000,0.000000000,0.000000000,0.000000000,1.000000000
1403715332.162142992,0.150146000,-0.044676000,1.532986000,0.000000000,0.000000000,0.000000000,1.000000000
1403715332.167143345,0.148934000,-0.044567000,1.532949000,0.000000000,0.000000000,0.000000000,1.000000000
1403715332.172143221,0.147719000,-0.044465000,1.532909000,0.000000000,0.000000000,0.000000000,1.000000000
1403715332.177143097,0.146505000,-0.044374000,1.532855000,0.000000000,0.000000000,0.000000000,1.000000000
1403715332.182142973,0.145303000,-0.044304000,1.532799000,0.000000000,0.000000000,0.000000000,1.000000000
1403715332.187143326,0.144110000,-0.044253000,1.532744000,0.000000000,0.000000000,0.000000000,1.000000000
1403715332.192142963,0.142916000,-0.044213000,1.532687000,0.000000000,0.000000000,0.000000000,1.000000000
1403715332.197143078,0.141712000,-0.044180000,1.532637000,0.000000000,0.000000000,0.000000000,1.000000000
1403715332.202142954,0.140525000,-0.044222000,1.532558000,0.000000000,0.000000000,0.000000000,1.000000000
1403715332.207143307,0.139320000,-0.044221000,1.532522000,0.000000000,0.000000000,0.000000000,1.000000000
1403715332.212142944,0.138117000,-0.044225000,1.532505000,0.000000000,0.000000000,0.000000000,1.000000000
1403715332.217143059,0.136915000,-0.044240000,1.532499000,0.000000000,0.000000000,0.000000000,1.000000000
1403715332.222143173,0.135715000,-0.044263000,1.532504000,0.000000000,0.000000000,0.000000000,1.000000000
1403715332.227143288,0.134513000,-0.044292000,1.532531000,0.000000000,0.000000000,0.000000000,1.000000000
1403715332.232142925,0.133303000,-0.044321000,1.532572000,0.000000000,0.000000000,0.000000000,1.000000000
1403715332.237143040,0.132081000,-0.044353000,1.532613000,0.000000000,0.000000000,0.000000000,1.000000000
1403715332.242143154,0.130853000,-0.044391000,1.532655000,0.000000000,0.000000000,0.000000000,1.000000000
1403715332.247143030,0.129625000,-0.044434000,1.532703000,0.000000000,0.000000000,0.000000000,1.000000000
1403715332.252142906,0.128425000,-0.044548000,1.532743000,0.000000000,0.000000000,0.000000000,1.000000000
1403715332.257143021,0.127202000,-0.044599000,1.532811000,0.000000000,0.000000000,0.000000000,1.000000000
1403715332.262143135,0.125969000,-0.044652000,1.532886000,0.000000000,0.000000000,0.000000000,1.000000000
1403715332.267143011,0.124722000,-0.044714000,1.532969000,0.000000000,0.000000000,0.000000000,1.000000000
1403715332.272142887,0.123464000,-0.044782000,1.533054000,0.000000000,0.000000000,0.000000000,1.000000000
1403715332.277143240,0.122203000,-0.044854000,1.533153000,0.000000000,0.000000000,0.000000000,1.000000000
1403715332.282143354,0.120944000,-0.044926000,1.533269000,0.000000000,0.000000000,0.000000000,1.000000000
1403715332.287142992,0.119682000,-0.044997000,1.533389000,0.000000000,0.000000000,0.000000000,1.000000000
1403715332.292143106,0.118417000,-0.045070000,1.533507000,0.000000000,0.000000000,0.000000000,1.000000000
1403715332.297143221,0.117143000,-0.045148000,1.533634000,0.000000000,0.000000000,0.000000000,1.000000000
1403715332.302143097,0.115887000,-0.045314000,1.533758000,0.000000000,0.000000000,0.000000000,1.000000000
1403715332.307142973,0.114604000,-0.045422000,1.533888000,0.000000000,0.000000000,0.000000000,1.000000000
1403715332.312143087,0.113318000,-0.045536000,1.534015000,0.000000000,0.000000000,0.000000000,1.000000000
1403715332.317143202,0.112035000,-0.045658000,1.534134000,0.000000000,0.000000000,0.000000000,1.000000000
1403715332.322143078,0.110747000,-0.045785000,1.534255000,0.000000000,0.000000000,0.000000000,1.000000000
1403715332.327142954,0.109446000,-0.045908000,1.534376000,0.000000000,0.000000000,0.000000000,1.000000000
1403715332.332143307,0.108123000,-0.046025000,1.534495000,0.000000000,0.000000000,0.000000000,1.000000000
1403715332.337143183,0.106780000,-0.046143000,1.534625000,0.000000000,0.000000000,0.000000000,1.000000000
1403715332.342143059,0.105424000,-0.046263000,1.534773000,0.000000000,0.000000000,0.000000000,1.000000000
1403715332.347142935,0.104055000,-0.046383000,1.534926000,0.000000000,0.000000000,0.000000000,1.000000000
1403715332.352143288,0.102714000,-0.046592000,1.535084000,0.000000000,0.000000000,0.000000000,1.000000000
1403715332.357143164,0.101354000,-0.046740000,1.535250000,0.000000000,0.000000000,0.000000000,1.000000000
1403715332.362143040,0.099989000,-0.046893000,1.535419000,0.000000000,0.000000000,0.000000000,1.000000000
1403715332.367142916,0.098607000,-0.047046000,1.535592000,0.000000000,0.000000000,0.000000000,1.000000000
1403715332.372143269,0.097204000,-0.047196000,1.535759000,0.000000000,0.000000000,0.000000000,1.000000000
1403715332.377142906,0.095779000,-0.047346000,1.535923000,0.000000000,0.000000000,0.000000000,1.000000000
1403715332.382143021,0.094343000,-0.047502000,1.536090000,0.000000000,0.000000000,0.000000000,1.000000000
1403715332.387142897,0.092909000,-0.047668000,1.536260000,0.000000000,0.000000000,0.000000000,1.000000000
1403715332.392143250,0.091483000,-0.047850000,1.536433000,0.000000000,0.000000000,0.000000000,1.000000000
1403715332.397142887,0.090055000,-0.048050000,1.536611000,0.000000000,0.000000000,0.000000000,1.000000000
1403715332.402143002,0.088636000,-0.048343000,1.536792000,0.000000000,0.000000000,0.000000000,1.000000000
1403715332.407143354,0.087170000,-0.048564000,1.536972000,0.000000000,0.000000000,0.000000000,1.000000000
1403715332.412143230,0.085676000,-0.048784000,1.537158000,0.000000000,0.000000000,0.000000000,1.000000000
1403715332.417143106,0.084166000,-0.049010000,1.537359000,0.000000000,0.000000000,0.000000000,1.000000000
1403715332.422142982,0.082645000,-0.049242000,1.537574000,0.000000000,0.000000000,0.000000000,1.000000000
1403715332.427143335,0.081115000,-0.049482000,1.537789000,0.000000000,0.000000000,0.000000000,1.000000000
1403715332.432142973,0.079577000,-0.049730000,1.538004000,0.000000000,0.000000000,0.000000000,1.000000000
1403715332.437143087,0.078025000,-0.049983000,1.538225000,0.000000000,0.000000000,0.000000000,1.000000000
1403715332.442142963,0.076453000,-0.050240000,1.538451000,0.000000000,0.000000000,0.000000000,1.000000000
1403715332.447143316,0.074857000,-0.050500000,1.538680000,0.000000000,0.000000000,0.000000000,1.000000000
1403715332.452142954,0.073282000,-0.050854000,1.538925000,0.000000000,0.000000000,0.000000000,1.000000000
1403715332.457143068,0.071673000,-0.051151000,1.539167000,0.000000000,0.000000000,0.000000000,1.000000000
1403715332.462142944,0.070064000,-0.051451000,1.539409000,0.000000000,0.000000000,0.000000000,1.000000000
1403715332.467143297,0.068445000,-0.051759000,1.539655000,0.000000000,0.000000000,0.000000000,1.000000000
1403715332.472142935,0.066812000,-0.052076000,1.539908000,0.000000000,0.000000000,0.000000000,1.000000000
1403715332.477143049,0.065159000,-0.052399000,1.540158000,0.000000000,0.000000000,0.000000000,1.000000000
1403715332.482143164,0.063491000,-0.052729000,1.540403000,0.000000000,0.000000000,0.000000000,1.000000000
1403715332.487143040,0.061813000,-0.053062000,1.540642000,0.000000000,0.000000000,0.000000000,1.000000000
1403715332.492142916,0.060130000,-0.053405000,1.540873000,0.000000000,0.000000000,0.000000000,1.000000000
1403715332.497143030,0.058438000,-0.053771000,1.541101000,0.000000000,0.000000000,0.000000000,1.000000000
1403715332.502143145,0.056773000,-0.054224000,1.541334000,0.000000000,0.000000000,0.000000000,1.000000000
1403715332.507143021,0.055076000,-0.054606000,1.541543000,0.000000000,0.000000000,0.000000000,1.000000000
1403715332.512142897,0.053368000,-0.054996000,1.541741000,0.000000000,0.000000000,0.000000000,1.000000000
1403715332.517143011,0.051642000,-0.055399000,1.541944000,0.000000000,0.000000000,0.000000000,1.000000000
1403715332.522143126,0.049897000,-0.055810000,1.542152000,0.000000000,0.000000000,0.000000000,1.000000000
1403715332.527143002,0.048143000,-0.056232000,1.542367000,0.000000000,0.000000000,0.000000000,1.000000000
1403715332.532143116,0.046388000,-0.056662000,1.542577000,0.000000000,0.000000000,0.000000000,1.000000000
1403715332.537143230,0.044628000,-0.057110000,1.542772000,0.000000000,0.000000000,0.000000000,1.000000000
1403715332.542143345,0.042855000,-0.057580000,1.542959000,0.000000000,0.000000000,0.000000000,1.000000000
1403715332.547142982,0.041064000,-0.058068000,1.543141000,0.000000000,0.000000000,0.000000000,1.000000000
1403715332.552143097,0.039290000,-0.058656000,1.543339000,0.000000000,0.000000000,0.000000000,1.000000000
1403715332.557143211,0.037478000,-0.059182000,1.543522000,0.000000000,0.000000000,0.000000000,1.000000000
1403715332.562143087,0.035651000,-0.059719000,1.543715000,0.000000000,0.000000000,0.000000000,1.000000000
1403715332.567142963,0.033806000,-0.060263000,1.543928000,0.000000000,0.000000000,0.000000000,1.000000000
1403715332.572143078,0.031949000,-0.060816000,1.544157000,0.000000000,0.000000000,0.000000000,1.000000000
1403715332.577143192,0.030082000,-0.061384000,1.544388000,0.000000000,0.000000000,0.000000000,1.000000000
1403715332.582143068,0.028210000,-0.061976000,1.544624000,0.000000000,0.000000000,0.000000000,1.000000000
1403715332.587142944,0.026329000,-0.062581000,1.544866000,0.000000000,0.000000000,0.000000000,1.000000000
1403715332.592143297,0.024437000,-0.063190000,1.545112000,0.000000000,0.000000000,0.000000000,1.000000000
1403715332.597143173,0.022533000,-0.063802000,1.545366000,0.000000000,0.000000000,0.000000000,1.000000000
1403715332.602143049,0.020651000,-0.064493000,1.545633000,0.000000000,0.000000000,0.000000000,1.000000000
1403715332.607142925,0.018734000,-0.065120000,1.545886000,0.000000000,0.000000000,0.000000000,1.000000000
1403715332.612143278,0.016806000,-0.065755000,1.546149000,0.000000000,0.000000000,0.000000000,1.000000000
1403715332.617143154,0.014870000,-0.066404000,1.546425000,0.000000000,0.000000000,0.000000000,1.000000000
1403715332.622143030,0.012930000,-0.067066000,1.546707000,0.000000000,0.000000000,0.000000000,1.000000000
1403715332.627142906,0.010981000,-0.067739000,1.547001000,0.000000000,0.000000000,0.000000000,1.000000000
1403715332.632143259,0.009016000,-0.068423000,1.547311000,0.000000000,0.000000000,0.000000000,1.000000000
1403715332.637142897,0.007035000,-0.069120000,1.547627000,0.000000000,0.000000000,0.000000000,1.000000000
1403715332.642143011,0.005033000,-0.069834000,1.547943000,0.000000000,0.000000000,0.000000000,1.000000000
1403715332.647142887,0.003011000,-0.070566000,1.548256000,0.000000000,0.000000000,0.000000000,1.000000000
1403715332.652143240,0.001005000,-0.071386000,1.548570000,0.000000000,0.000000000,0.000000000,1.000000000
1403715332.657143116,-0.001033000,-0.072140000,1.548885000,0.000000000,0.000000000,0.000000000,1.000000000
1403715332.662142992,-0.003081000,-0.072893000,1.549212000,0.000000000,0.000000000,0.000000000,1.000000000
1403715332.667143345,-0.005144000,-0.073652000,1.549547000,0.000000000,0.000000000,0.000000000,1.000000000
1403715332.672143221,-0.007226000,-0.074414000,1.549888000,0.000000000,0.000000000,0.000000000,1.000000000
1403715332.677143097,-0.009321000,-0.075179000,1.550226000,0.000000000,0.000000000,0.000000000,1.000000000
1403715332.682142973,-0.011429000,-0.075961000,1.550545000,0.000000000,0.000000000,0.000000000,1.000000000
1403715332.687143326,-0.013543000,-0.076750000,1.550866000,0.000000000,0.000000000,0.000000000,1.000000000
1403715332.692142963,-0.015664000,-0.077534000,1.551200000,0.000000000,0.000000000,0.000000000,1.000000000
1403715332.697143078,-0.017798000,-0.078324000,1.551553000,0.000000000,0.000000000,0.000000000,1.000000000
1403715332.702142954,-0.019917000,-0.079194000,1.551932000,0.000000000,0.000000000,0.000000000,1.000000000
1403715332.707143307,-0.022081000,-0.080005000,1.552309000,0.000000000,0.000000000,0.000000000,1.000000000
1403715332.712142944,-0.024262000,-0.080823000,1.552685000,0.000000000,0.000000000,0.000000000,1.000000000
1403715332.717143059,-0.026450000,-0.081656000,1.553063000,0.000000000,0.000000000,0.000000000,1.000000000
1403715332.722143173,-0.028635000,-0.082502000,1.553444000,0.000000000,0.000000000,0.000000000,1.000000000
1403715332.727143288,-0.030822000,-0.083355000,1.553813000,0.000000000,0.000000000,0.000000000,1.000000000
1403715332.732142925,-0.033019000,-0.084217000,1.554167000,0.000000000,0.000000000,0.000000000,1.000000000
1403715332.737143040,-0.035235000,-0.085089000,1.554508000,0.000000000,0.000000000,0.000000000,1.000000000
1403715332.742143154,-0.037469000,-0.085965000,1.554840000,0.000000000,0.000000000,0.000000000,1.000000000
1403715332.747143030,-0.039713000,-0.086842000,1.555167000,0.000000000,0.000000000,0.000000000,1.000000000
1403715332.752142906,-0.041930000,-0.087795000,1.555493000,0.000000000,0.000000000,0.000000000,1.000000000
1403715332.757143021,-0.044169000,-0.088704000,1.555823000,0.000000000,0.000000000,0.000000000,1.000000000
1403715332.762143135,-0.046411000,-0.089628000,1.556159000,0.000000000,0.000000000,0.000000000,1.000000000
1403715332.767143011,-0.048660000,-0.090562000,1.556502000,0.000000000,0.000000000,0.000000000,1.000000000
1403715332.772142887,-0.050920000,-0.091510000,1.556850000,0.000000000,0.000000000,0.000000000,1.000000000
1403715332.777143240,-0.053188000,-0.092467000,1.557202000,0.000000000,0.000000000,0.000000000,1.000000000
1403715332.782143354,-0.055463000,-0.093432000,1.557543000,0.000000000,0.000000000,0.000000000,1.000000000
1403715332.787142992,-0.057750000,-0.094413000,1.557880000,0.000000000,0.000000000,0.000000000,1.000000000
1403715332.792143106,-0.060051000,-0.095417000,1.558230000,0.000000000,0.000000000,0.000000000,1.000000000
1403715332.797143221,-0.062363000,-0.096440000,1.558594000,0.000000000,0.000000000,0.000000000,1.000000000
1403715332.802143097,-0.064665000,-0.097542000,1.558964000,0.000000000,0.000000000,0.000000000,1.000000000
1403715332.807142973,-0.066989000,-0.098594000,1.559337000,0.000000000,0.000000000,0.000000000,1.000000000
1403715332.812143087,-0.069324000,-0.099650000,1.559710000,0.000000000,0.000000000,0.000000000,1.000000000
1403715332.817143202,-0.071672000,-0.100713000,1.560072000,0.000000000,0.000000000,0.000000000,1.000000000
1403715332.822143078,-0.074027000,-0.101788000,1.560406000,0.000000000,0.000000000,0.000000000,1.000000000
1403715332.827142954,-0.076386000,-0.102879000,1.560718000,0.000000000,0.000000000,0.000000000,1.000000000
1403715332.832143307,-0.078748000,-0.103998000,1.561028000,0.000000000,0.000000000,0.000000000,1.000000000
1403715332.837143183,-0.081107000,-0.105141000,1.561336000,0.000000000,0.000000000,0.000000000,1.000000000
1403715332.842143059,-0.083469000,-0.106297000,1.561646000,0.000000000,0.000000000,0.000000000,1.000000000
1403715332.847142935,-0.085835000,-0.107464000,1.561973000,0.000000000,0.000000000,0.000000000,1.000000000
1403715332.852143288,-0.088195000,-0.108699000,1.562319000,0.000000000,0.000000000,0.000000000,1.000000000
1403715332.857143164,-0.090565000,-0.109887000,1.562689000,0.000000000,0.000000000,0.000000000,1.000000000
1403715332.862143040,-0.092936000,-0.111083000,1.563080000,0.000000000,0.000000000,0.000000000,1.000000000
1403715332.867142916,-0.095304000,-0.112285000,1.563490000,0.000000000,0.000000000,0.000000000,1.000000000
1403715332.872143269,-0.097668000,-0.113487000,1.563919000,0.000000000,0.000000000,0.000000000,1.000000000
1403715332.877142906,-0.100035000,-0.114698000,1.564349000,0.000000000,0.000000000,0.000000000,1.000000000
1403715332.882143021,-0.102408000,-0.115922000,1.564783000,0.000000000,0.000000000,0.000000000,1.000000000
1403715332.887142897,-0.104788000,-0.117160000,1.565211000,0.000000000,0.000000000,0.000000000,1.000000000
1403715332.892143250,-0.107176000,-0.118415000,1.565636000,0.000000000,0.000000000,0.000000000,1.000000000
1403715332.897142887,-0.109569000,-0.119683000,1.566079000,0.000000000,0.000000000,0.000000000,1.000000000
1403715332.902143002,-0.111974000,-0.121024000,1.566535000,0.000000000,0.000000000,0.000000000,1.000000000
1403715332.907143354,-0.114382000,-0.122321000,1.567015000,0.000000000,0.000000000,0.000000000,1.000000000
1403715332.912143230,-0.116791000,-0.123616000,1.567504000,0.000000000,0.000000000,0.000000000,1.000000000
1403715332.917143106,-0.119207000,-0.124919000,1.567996000,0.000000000,0.000000000,0.000000000,1.000000000
1403715332.922142982,-0.121626000,-0.126238000,1.568500000,0.000000000,0.000000000,0.000000000,1.000000000
1403715332.927143335,-0.124046000,-0.127566000,1.569020000,0.000000000,0.000000000,0.000000000,1.000000000
1403715332.932142973,-0.126469000,-0.128898000,1.569544000,0.000000000,0.000000000,0.000000000,1.000000000
1403715332.937143087,-0.128891000,-0.130235000,1.570073000,0.000000000,0.000000000,0.000000000,1.000000000
1403715332.942142963,-0.131317000,-0.131574000,1.570611000,0.000000000,0.000000000,0.000000000,1.000000000
1403715332.947143316,-0.133751000,-0.132910000,1.571152000,0.000000000,0.000000000,0.000000000,1.000000000
1403715332.952142954,-0.136205000,-0.134293000,1.571703000,0.000000000,0.000000000,0.000000000,1.000000000
1403715332.957143068,-0.138646000,-0.135623000,1.572262000,0.000000000,0.000000000,0.000000000,1.000000000
1403715332.962142944,-0.141074000,-0.136950000,1.572819000,0.000000000,0.000000000,0.000000000,1.000000000
1403715332.967143297,-0.143486000,-0.138279000,1.573367000,0.000000000,0.000000000,0.000000000,1.000000000
1403715332.972142935,-0.145893000,-0.139607000,1.573904000,0.000000000,0.000000000,0.000000000,1.000000000
1403715332.977143049,-0.148310000,-0.140928000,1.574438000,0.000000000,0.000000000,0.000000000,1.000000000
1403715332.982143164,-0.150742000,-0.142246000,1.574990000,0.000000000,0.000000000,0.000000000,1.000000000
1403715332.987143040,-0.153189000,-0.143553000,1.575565000,0.000000000,0.000000000,0.000000000,1.000000000
1403715332.992142916,-0.155645000,-0.144859000,1.576158000,0.000000000,0.000000000,0.000000000,1.000000000
1403715332.997143030,-0.158098000,-0.146173000,1.576773000,0.000000000,0.000000000,0.000000000,1.000000000
1403715333.002143145,-0.160564000,-0.147537000,1.577410000,0.000000000,0.000000000,0.000000000,1.000000000
1403715333.007143021,-0.163016000,-0.148846000,1.578039000,0.000000000,0.000000000,0.000000000,1.000000000
1403715333.012142897,-0.165473000,-0.150144000,1.578659000,0.000000000,0.000000000,0.000000000,1.000000000
1403715333.017143011,-0.167942000,-0.151431000,1.579269000,0.000000000,0.000000000,0.000000000,1.000000000
1403715333.022143126,-0.170422000,-0.152711000,1.579854000,0.000000000,0.000000000,0.000000000,1.000000000
1403715333.027143002,-0.172910000,-0.153990000,1.580408000,0.000000000,0.000000000,0.000000000,1.000000000
1403715333.032143116,-0.175401000,-0.155266000,1.580934000,0.000000000,0.000000000,0.000000000,1.000000000
1403715333.037143230,-0.177890000,-0.156525000,1.581442000,0.000000000,0.000000000,0.000000000,1.000000000
1403715333.042143345,-0.180368000,-0.157758000,1.581941000,0.000000000,0.000000000,0.000000000,1.000000000
1403715333.047142982,-0.182841000,-0.158969000,1.582423000,0.000000000,0.000000000,0.000000000,1.000000000
1403715333.052143097,-0.185348000,-0.160207000,1.582912000,0.000000000,0.000000000,0.000000000,1.000000000
1403715333.057143211,-0.187842000,-0.161393000,1.583379000,0.000000000,0.000000000,0.000000000,1.000000000
1403715333.062143087,-0.190349000,-0.162565000,1.583840000,0.000000000,0.000000000,0.000000000,1.000000000
1403715333.067142963,-0.192866000,-0.163720000,1.584296000,0.000000000,0.000000000,0.000000000,1.000000000
1403715333.072143078,-0.195389000,-0.164860000,1.584743000,0.000000000,0.000000000,0.000000000,1.000000000
1403715333.077143192,-0.197913000,-0.165988000,1.585183000,0.000000000,0.000000000,0.000000000,1.000000000
1403715333.082143068,-0.200437000,-0.167097000,1.585608000,0.000000000,0.000000000,0.000000000,1.000000000
1403715333.087142944,-0.202963000,-0.168184000,1.586011000,0.000000000,0.000000000,0.000000000,1.000000000
1403715333.092143297,-0.205489000,-0.169254000,1.586403000,0.000000000,0.000000000,0.000000000,1.000000000
1403715333.097143173,-0.208010000,-0.170310000,1.586786000,0.000000000,0.000000000,0.000000000,1.000000000
1403715333.102143049,-0.210566000,-0.171389000,1.587187000,0.000000000,0.000000000,0.000000000,1.000000000
1403715333.107142925,-0.213089000,-0.172422000,1.587559000,0.000000000,0.000000000,0.000000000,1.000000000
1403715333.112143278,-0.215619000,-0.173446000,1.587926000,0.000000000,0.000000000,0.000000000,1.000000000
1403715333.117143154,-0.218153000,-0.174465000,1.588287000,0.000000000,0.000000000,0.000000000,1.000000000
1403715333.122143030,-0.220687000,-0.175478000,1.588636000,0.000000000,0.000000000,0.000000000,1.000000000
1403715333.127142906,-0.223216000,-0.176476000,1.588970000,0.000000000,0.000000000,0.000000000,1.000000000
1403715333.132143259,-0.225737000,-0.177460000,1.589289000,0.000000000,0.000000000,0.000000000,1.000000000
1403715333.137142897,-0.228254000,-0.178429000,1.589594000,0.000000000,0.000000000,0.000000000,1.000000000
1403715333.142143011,-0.230774000,-0.179380000,1.589887000,0.000000000,0.000000000,0.000000000,1.000000000
1403715333.147142887,-0.233303000,-0.180313000,1.590165000,0.000000000,0.000000000,0.000000000,1.000000000
1403715333.152143240,-0.235897000,-0.181260000,1.590459000,0.000000000,0.000000000,0.000000000,1.000000000
1403715333.157143116,-0.238447000,-0.182163000,1.590723000,0.000000000,0.000000000,0.000000000,1.000000000
1403715333.162142992,-0.240997000,-0.183050000,1.590968000,0.000000000,0.000000000,0.000000000,1.000000000
1403715333.167143345,-0.243543000,-0.183918000,1.591198000,0.000000000,0.000000000,0.000000000,1.000000000
1403715333.172143221,-0.246086000,-0.184765000,1.591411000,0.000000000,0.000000000,0.000000000,1.000000000
1403715333.177143097,-0.248631000,-0.185592000,1.591606000,0.000000000,0.000000000,0.000000000,1.000000000
1403715333.182142973,-0.251180000,-0.186398000,1.591783000,0.000000000,0.000000000,0.000000000,1.000000000
1403715333.187143326,-0.253733000,-0.187183000,1.591941000,0.000000000,0.000000000,0.000000000,1.000000000
1403715333.192142963,-0.256285000,-0.187944000,1.592084000,0.000000000,0.000000000,0.000000000,1.000000000
1403715333.197143078,-0.258831000,-0.188687000,1.592216000,0.000000000,0.000000000,0.000000000,1.000000000
1403715333.202142954,-0.261430000,-0.189436000,1.592356000,0.000000000,0.000000000,0.000000000,1.000000000
1403715333.207143307,-0.263973000,-0.190143000,1.592459000,0.000000000,0.000000000,0.000000000,1.000000000
1403715333.212142944,-0.266515000,-0.190831000,1.592540000,0.000000000,0.000000000,0.000000000,1.000000000
1403715333.217143059,-0.269055000,-0.191503000,1.592610000,0.000000000,0.000000000,0.000000000,1.000000000
1403715333.222143173,-0.271590000,-0.192154000,1.592669000,0.000000000,0.000000000,0.000000000,1.000000000
1403715333.227143288,-0.274123000,-0.192779000,1.592714000,0.000000000,0.000000000,0.000000000,1.000000000
1403715333.232142925,-0.276654000,-0.193379000,1.592748000,0.000000000,0.000000000,0.000000000,1.000000000
1403715333.237143040,-0.279186000,-0.193963000,1.592770000,0.000000000,0.000000000,0.000000000,1.000000000
1403715333.242143154,-0.281720000,-0.194530000,1.592779000,0.000000000,0.000000000,0.000000000,1.000000000
1403715333.247143030,-0.284259000,-0.195082000,1.592775000,0.000000000,0.000000000,0.000000000,1.000000000
1403715333.252142906,-0.286872000,-0.195645000,1.592763000,0.000000000,0.000000000,0.000000000,1.000000000
1403715333.257143021,-0.289418000,-0.196177000,1.592728000,0.000000000,0.000000000,0.000000000,1.000000000
1403715333.262143135,-0.291951000,-0.196693000,1.592682000,0.000000000,0.000000000,0.000000000,1.000000000
1403715333.267143011,-0.294476000,-0.197191000,1.592628000,0.000000000,0.000000000,0.000000000,1.000000000
1403715333.272142887,-0.296997000,-0.197670000,1.592563000,0.000000000,0.000000000,0.000000000,1.000000000
1403715333.277143240,-0.299524000,-0.198128000,1.592481000,0.000000000,0.000000000,0.000000000,1.000000000
1403715333.282143354,-0.302060000,-0.198572000,1.592395000,0.000000000,0.000000000,0.000000000,1.000000000
1403715333.287142992,-0.304600000,-0.199002000,1.592306000,0.000000000,0.000000000,0.000000000,1.000000000
1403715333.292143106,-0.307135000,-0.199419000,1.592206000,0.000000000,0.000000000,0.000000000,1.000000000
1403715333.297143221,-0.309658000,-0.199827000,1.592095000,0.000000000,0.000000000,0.000000000,1.000000000
1403715333.302143097,-0.312245000,-0.200241000,1.591978000,0.000000000,0.000000000,0.000000000,1.000000000
1403715333.307142973,-0.314771000,-0.200636000,1.591846000,0.000000000,0.000000000,0.000000000,1.000000000
1403715333.312143087,-0.317303000,-0.201019000,1.591705000,0.000000000,0.000000000,0.000000000,1.000000000
1403715333.317143202,-0.319836000,-0.201383000,1.591553000,0.000000000,0.000000000,0.000000000,1.000000000
1403715333.322143078,-0.322372000,-0.201728000,1.591391000,0.000000000,0.000000000,0.000000000,1.000000000
1403715333.327142954,-0.324903000,-0.202055000,1.591226000,0.000000000,0.000000000,0.000000000,1.000000000
1403715333.332143307,-0.327424000,-0.202360000,1.591054000,0.000000000,0.000000000,0.000000000,1.000000000
1403715333.337143183,-0.329934000,-0.202649000,1.590879000,0.000000000,0.000000000,0.000000000,1.000000000
1403715333.342143059,-0.332436000,-0.202925000,1.590708000,0.000000000,0.000000000,0.000000000,1.000000000
1403715333.347142935,-0.334935000,-0.203184000,1.590533000,0.000000000,0.000000000,0.000000000,1.000000000
1403715333.352143288,-0.337515000,-0.203439000,1.590344000,0.000000000,0.000000000,0.000000000,1.000000000
1403715333.357143164,-0.340034000,-0.203664000,1.590136000,0.000000000,0.000000000,0.000000000,1.000000000
1403715333.362143040,-0.342552000,-0.203870000,1.589908000,0.000000000,0.000000000,0.000000000,1.000000000
1403715333.367142916,-0.345061000,-0.204064000,1.589673000,0.000000000,0.000000000,0.000000000,1.000000000
1403715333.372143269,-0.347559000,-0.204244000,1.589434000,0.000000000,0.000000000,0.000000000,1.000000000
1403715333.377142906,-0.350048000,-0.204407000,1.589183000,0.000000000,0.000000000,0.000000000,1.000000000
1403715333.382143021,-0.352528000,-0.204556000,1.588929000,0.000000000,0.000000000,0.000000000,1.000000000
1403715333.387142897,-0.355000000,-0.204694000,1.588687000,0.000000000,0.000000000,0.000000000,1.000000000
1403715333.392143250,-0.357469000,-0.204816000,1.588453000,0.000000000,0.000000000,0.000000000,1.000000000
1403715333.397142887,-0.359936000,-0.204924000,1.588212000,0.000000000,0.000000000,0.000000000,1.000000000
1403715333.402143002,-0.362478000,-0.205032000,1.587954000,0.000000000,0.000000000,0.000000000,1.000000000
1403715333.407143354,-0.364957000,-0.205108000,1.587685000,0.000000000,0.000000000,0.000000000,1.000000000
1403715333.412143230,-0.367430000,-0.205166000,1.587399000,0.000000000,0.000000000,0.000000000,1.000000000
1403715333.417143106,-0.369890000,-0.205210000,1.587102000,0.000000000,0.000000000,0.000000000,1.000000000
1403715333.422142982,-0.372339000,-0.205240000,1.586795000,0.000000000,0.000000000,0.000000000,1.000000000
1403715333.427143335,-0.374789000,-0.205257000,1.586487000,0.000000000,0.000000000,0.000000000,1.000000000
1403715333.432142973,-0.377240000,-0.205257000,1.586182000,0.000000000,0.000000000,0.000000000,1.000000000
1403715333.437143087,-0.379691000,-0.205238000,1.585881000,0.000000000,0.000000000,0.000000000,1.000000000
1403715333.442142963,-0.382140000,-0.205200000,1.585583000,0.000000000,0.000000000,0.000000000,1.000000000
1403715333.447143316,-0.384583000,-0.205145000,1.585287000,0.000000000,0.000000000,0.000000000,1.000000000
1403715333.452142954,-0.387093000,-0.205094000,1.584986000,0.000000000,0.000000000,0.000000000,1.000000000
1403715333.457143068,-0.389547000,-0.205017000,1.584702000,0.000000000,0.000000000,0.000000000,1.000000000
1403715333.462142944,-0.392000000,-0.204916000,1.584418000,0.000000000,0.000000000,0.000000000,1.000000000
1403715333.467143297,-0.394452000,-0.204803000,1.584123000,0.000000000,0.000000000,0.000000000,1.000000000
1403715333.472142935,-0.396898000,-0.204683000,1.583831000,0.000000000,0.000000000,0.000000000,1.000000000
1403715333.477143049,-0.399335000,-0.204551000,1.583547000,0.000000000,0.000000000,0.000000000,1.000000000
1403715333.482143164,-0.401763000,-0.204405000,1.583261000,0.000000000,0.000000000,0.000000000,1.000000000
1403715333.487143040,-0.404182000,-0.204247000,1.582981000,0.000000000,0.000000000,0.000000000,1.000000000
1403715333.492142916,-0.406597000,-0.204082000,1.582704000,0.000000000,0.000000000,0.000000000,1.000000000
1403715333.497143030,-0.409015000,-0.203908000,1.582420000,0.000000000,0.000000000,0.000000000,1.000000000
1403715333.502143145,-0.411487000,-0.203734000,1.582107000,0.000000000,0.000000000,0.000000000,1.000000000
1403715333.507143021,-0.413913000,-0.203538000,1.581818000,0.000000000,0.000000000,0.000000000,1.000000000
1403715333.512142897,-0.416340000,-0.203333000,1.581529000,0.000000000,0.000000000,0.000000000,1.000000000
1403715333.517143011,-0.418766000,-0.203120000,1.581236000,0.000000000,0.000000000,0.000000000,1.000000000
1403715333.522143126,-0.421191000,-0.202900000,1.580932000,0.000000000,0.000000000,0.000000000,1.000000000
1403715333.527143002,-0.423611000,-0.202677000,1.580625000,0.000000000,0.000000000,0.000000000,1.000000000
1403715333.532143116,-0.426025000,-0.202447000,1.580321000,0.000000000,0.000000000,0.000000000,1.000000000
1403715333.537143230,-0.428437000,-0.202208000,1.580018000,0.000000000,0.000000000,0.000000000,1.000000000
1403715333.542143345,-0.430852000,-0.201958000,1.579725000,0.000000000,0.000000000,0.000000000,1.000000000
1403715333.547142982,-0.433270000,-0.201701000,1.579438000,0.000000000,0.000000000,0.000000000,1.000000000
1403715333.552143097,-0.435729000,-0.201457000,1.579130000,0.000000000,0.000000000,0.000000000,1.000000000
1403715333.557143211,-0.438147000,-0.201194000,1.578853000,0.000000000,0.000000000,0.000000000,1.000000000
1403715333.562143087,-0.440562000,-0.200926000,1.578577000,0.000000000,0.000000000,0.000000000,1.000000000
1403715333.567142963,-0.442975000,-0.200647000,1.578291000,0.000000000,0.000000000,0.000000000,1.000000000
1403715333.572143078,-0.445390000,-0.200357000,1.577996000,0.000000000,0.000000000,0.000000000,1.000000000
1403715333.577143192,-0.447804000,-0.200055000,1.577697000,0.000000000,0.000000000,0.000000000,1.000000000
1403715333.582143068,-0.450214000,-0.199741000,1.577391000,0.000000000,0.000000000,0.000000000,1.000000000
1403715333.587142944,-0.452617000,-0.199419000,1.577070000,0.000000000,0.000000000,0.000000000,1.000000000
1403715333.592143297,-0.455009000,-0.199090000,1.576734000,0.000000000,0.000000000,0.000000000,1.000000000
1403715333.597143173,-0.457396000,-0.198747000,1.576382000,0.000000000,0.000000000,0.000000000,1.000000000
1403715333.602143049,-0.459813000,-0.198407000,1.575987000,0.000000000,0.000000000,0.000000000,1.000000000
1403715333.607142925,-0.462212000,-0.198044000,1.575614000,0.000000000,0.000000000,0.000000000,1.000000000
1403715333.612143278,-0.464612000,-0.197669000,1.575227000,0.000000000,0.000000000,0.000000000,1.000000000
1403715333.617143154,-0.467010000,-0.197283000,1.574825000,0.000000000,0.000000000,0.000000000,1.000000000
1403715333.622143030,-0.469402000,-0.196882000,1.574409000,0.000000000,0.000000000,0.000000000,1.000000000
1403715333.627142906,-0.471787000,-0.196472000,1.573983000,0.000000000,0.000000000,0.000000000,1.000000000
1403715333.632143259,-0.474166000,-0.196060000,1.573548000,0.000000000,0.000000000,0.000000000,1.000000000
1403715333.637142897,-0.476544000,-0.195642000,1.573109000,0.000000000,0.000000000,0.000000000,1.000000000
1403715333.642143011,-0.478925000,-0.195211000,1.572670000,0.000000000,0.000000000,0.000000000,1.000000000
1403715333.647142887,-0.481302000,-0.194765000,1.572227000,0.000000000,0.000000000,0.000000000,1.000000000
1403715333.652143240,-0.483684000,-0.194324000,1.571741000,0.000000000,0.000000000,0.000000000,1.000000000
1403715333.657143116,-0.486054000,-0.193858000,1.571291000,0.000000000,0.000000000,0.000000000,1.000000000
1403715333.662142992,-0.488418000,-0.193384000,1.570843000,0.000000000,0.000000000,0.000000000,1.000000000
1403715333.667143345,-0.490780000,-0.192902000,1.570390000,0.000000000,0.000000000,0.000000000,1.000000000
1403715333.672143221,-0.493145000,-0.192412000,1.569932000,0.000000000,0.000000000,0.000000000,1.000000000
1403715333.677143097,-0.495514000,-0.191911000,1.569461000,0.000000000,0.000000000,0.000000000,1.000000000
1403715333.682142973,-0.497885000,-0.191393000,1.568977000,0.000000000,0.000000000,0.000000000,1.000000000
1403715333.687143326,-0.500255000,-0.190856000,1.568477000,0.000000000,0.000000000,0.000000000,1.000000000
1403715333.692142963,-0.502620000,-0.190305000,1.567961000,0.000000000,0.000000000,0.000000000,1.000000000
1403715333.697143078,-0.504978000,-0.189741000,1.567438000,0.000000000,0.000000000,0.000000000,1.000000000
1403715333.702142954,-0.507324000,-0.189179000,1.566886000,0.000000000,0.000000000,0.000000000,1.000000000
1403715333.707143307,-0.509683000,-0.188594000,1.566345000,0.000000000,0.000000000,0.000000000,1.000000000
1403715333.712142944,-0.512044000,-0.188004000,1.565801000,0.000000000,0.000000000,0.000000000,1.000000000
1403715333.717143059,-0.514404000,-0.187411000,1.565256000,0.000000000,0.000000000,0.000000000,1.000000000
1403715333.722143173,-0.516765000,-0.186810000,1.564699000,0.000000000,0.000000000,0.000000000,1.000000000
1403715333.727143288,-0.519126000,-0.186200000,1.564133000,0.000000000,0.000000000,0.000000000,1.000000000
1403715333.732142925,-0.521483000,-0.185578000,1.563565000,0.000000000,0.000000000,0.000000000,1.000000000
1403715333.737143040,-0.523833000,-0.184949000,1.563006000,0.000000000,0.000000000,0.000000000,1.000000000
1403715333.742143154,-0.526179000,-0.184324000,1.562458000,0.000000000,0.000000000,0.000000000,1.000000000
1403715333.747143030,-0.528529000,-0.183702000,1.561922000,0.000000000,0.000000000,0.000000000,1.000000000
1403715333.752142906,-0.530861000,-0.183104000,1.561369000,0.000000000,0.000000000,0.000000000,1.000000000
1403715333.757143021,-0.533226000,-0.182482000,1.560842000,0.000000000,0.000000000,0.000000000,1.000000000
1403715333.762143135,-0.535598000,-0.181846000,1.560311000,0.000000000,0.000000000,0.000000000,1.000000000
1403715333.767143011,-0.537963000,-0.181201000,1.559771000,0.000000000,0.000000000,0.000000000,1.000000000
1403715333.772142887,-0.540313000,-0.180551000,1.559227000,0.000000000,0.000000000,0.000000000,1.000000000
1403715333.777143240,-0.542649000,-0.179897000,1.558676000,0.000000000,0.000000000,0.000000000,1.000000000
1403715333.782143354,-0.544980000,-0.179242000,1.558127000,0.000000000,0.000000000,0.000000000,1.000000000
1403715333.787142992,-0.547313000,-0.178582000,1.557585000,0.000000000,0.000000000,0.000000000,1.000000000
1403715333.792143106,-0.549656000,-0.177911000,1.557051000,0.000000000,0.000000000,0.000000000,1.000000000
1403715333.797143221,-0.552008000,-0.177233000,1.556525000,0.000000000,0.000000000,0.000000000,1.000000000
1403715333.802143097,-0.554315000,-0.176561000,1.555976000,0.000000000,0.000000000,0.000000000,1.000000000
1403715333.807142973,-0.556646000,-0.175874000,1.555455000,0.000000000,0.000000000,0.000000000,1.000000000
1403715333.812143087,-0.558972000,-0.175189000,1.554950000,0.000000000,0.000000000,0.000000000,1.000000000
1403715333.817143202,-0.561298000,-0.174505000,1.554459000,0.000000000,0.000000000,0.000000000,1.000000000
1403715333.822143078,-0.563629000,-0.173825000,1.553974000,0.000000000,0.000000000,0.000000000,1.000000000
1403715333.827142954,-0.565960000,-0.173149000,1.553493000,0.000000000,0.000000000,0.000000000,1.000000000
1403715333.832143307,-0.568287000,-0.172472000,1.553013000,0.000000000,0.000000000,0.000000000,1.000000000
1403715333.837143183,-0.570611000,-0.171793000,1.552540000,0.000000000,0.000000000,0.000000000,1.000000000
1403715333.842143059,-0.572930000,-0.171120000,1.552074000,0.000000000,0.000000000,0.000000000,1.000000000
1403715333.847142935,-0.575247000,-0.170453000,1.551619000,0.000000000,0.000000000,0.000000000,1.000000000
1403715333.852143288,-0.577517000,-0.169797000,1.551139000,0.000000000,0.000000000,0.000000000,1.000000000
1403715333.857143164,-0.579827000,-0.169136000,1.550675000,0.000000000,0.000000000,0.000000000,1.000000000
1403715333.862143040,-0.582143000,-0.168479000,1.550215000,0.000000000,0.000000000,0.000000000,1.000000000
1403715333.867142916,-0.584464000,-0.167819000,1.549762000,0.000000000,0.000000000,0.000000000,1.000000000
1403715333.872143269,-0.586787000,-0.167158000,1.549323000,0.000000000,0.000000000,0.000000000,1.000000000
1403715333.877142906,-0.589109000,-0.166504000,1.548896000,0.000000000,0.000000000,0.000000000,1.000000000
1403715333.882143021,-0.591431000,-0.165859000,1.548487000,0.000000000,0.000000000,0.000000000,1.000000000
1403715333.887142897,-0.593755000,-0.165214000,1.548091000,0.000000000,0.000000000,0.000000000,1.000000000
1403715333.892143250,-0.596078000,-0.164572000,1.547707000,0.000000000,0.000000000,0.000000000,1.000000000
1403715333.897142887,-0.598400000,-0.163948000,1.547338000,0.000000000,0.000000000,0.000000000,1.000000000
1403715333.902143002,-0.600665000,-0.163339000,1.546976000,0.000000000,0.000000000,0.000000000,1.000000000
1403715333.907143354,-0.602982000,-0.162725000,1.546642000,0.000000000,0.000000000,0.000000000,1.000000000
1403715333.912143230,-0.605297000,-0.162122000,1.546315000,0.000000000,0.000000000,0.000000000,1.000000000
1403715333.917143106,-0.607612000,-0.161532000,1.546002000,0.000000000,0.000000000,0.000000000,1.000000000
1403715333.922142982,-0.609931000,-0.160953000,1.545702000,0.000000000,0.000000000,0.000000000,1.000000000
1403715333.927143335,-0.612250000,-0.160380000,1.545417000,0.000000000,0.000000000,0.000000000,1.000000000
1403715333.932142973,-0.614568000,-0.159811000,1.545148000,0.000000000,0.000000000,0.000000000,1.000000000
1403715333.937143087,-0.616882000,-0.159248000,1.544895000,0.000000000,0.000000000,0.000000000,1.000000000
1403715333.942142963,-0.619192000,-0.158690000,1.544649000,0.000000000,0.000000000,0.000000000,1.000000000
1403715333.947143316,-0.621497000,-0.158138000,1.544407000,0.000000000,0.000000000,0.000000000,1.000000000
1403715333.952142954,-0.623724000,-0.157607000,1.544135000,0.000000000,0.000000000,0.000000000,1.000000000
1403715333.957143068,-0.625998000,-0.157077000,1.543893000,0.000000000,0.000000000,0.000000000,1.000000000
1403715333.962142944,-0.628278000,-0.156552000,1.543663000,0.000000000,0.000000000,0.000000000,1.000000000
1403715333.967143297,-0.630564000,-0.156031000,1.543443000,0.000000000,0.000000000,0.000000000,1.000000000
1403715333.972142935,-0.632853000,-0.155511000,1.543228000,0.000000000,0.000000000,0.000000000,1.000000000
1403715333.977143049,-0.635144000,-0.154999000,1.543023000,0.000000000,0.000000000,0.000000000,1.000000000
1403715333.982143164,-0.637437000,-0.154498000,1.542841000,0.000000000,0.000000000,0.000000000,1.000000000
1403715333.987143040,-0.639735000,-0.154004000,1.542674000,0.000000000,0.000000000,0.000000000,1.000000000
1403715333.992142916,-0.642031000,-0.153519000,1.542519000,0.000000000,0.000000000,0.000000000,1.000000000
1403715333.997143030,-0.644322000,-0.153043000,1.542375000,0.000000000,0.000000000,0.000000000,1.000000000
1403715334.002143145,-0.646541000,-0.152573000,1.542216000,0.000000000,0.000000000,0.000000000,1.000000000
1403715334.007143021,-0.648806000,-0.152125000,1.542083000,0.000000000,0.000000000,0.000000000,1.000000000
1403715334.012142897,-0.651065000,-0.151701000,1.541959000,0.000000000,0.000000000,0.000000000,1.000000000
1403715334.017143011,-0.653324000,-0.151288000,1.541839000,0.000000000,0.000000000,0.000000000,1.000000000
1403715334.022143126,-0.655583000,-0.150880000,1.541719000,0.000000000,0.000000000,0.000000000,1.000000000
1403715334.027143002,-0.657846000,-0.150483000,1.541605000,0.000000000,0.000000000,0.000000000,1.000000000
1403715334.032143116,-0.660110000,-0.150096000,1.541495000,0.000000000,0.000000000,0.000000000,1.000000000
1403715334.037143230,-0.662371000,-0.149717000,1.541384000,0.000000000,0.000000000,0.000000000,1.000000000
1403715334.042143345,-0.664633000,-0.149344000,1.541274000,0.000000000,0.000000000,0.000000000,1.000000000
1403715334.047142982,-0.666902000,-0.148977000,1.541169000,0.000000000,0.000000000,0.000000000,1.000000000
1403715334.052143097,-0.669108000,-0.148617000,1.541053000,0.000000000,0.000000000,0.000000000,1.000000000
1403715334.057143211,-0.671374000,-0.148262000,1.540965000,0.000000000,0.000000000,0.000000000,1.000000000
1403715334.062143087,-0.673643000,-0.147903000,1.540885000,0.000000000,0.000000000,0.000000000,1.000000000
1403715334.067142963,-0.675916000,-0.147548000,1.540821000,0.000000000,0.000000000,0.000000000,1.000000000
1403715334.072143078,-0.678196000,-0.147203000,1.540775000,0.000000000,0.000000000,0.000000000,1.000000000
1403715334.077143192,-0.680482000,-0.146863000,1.540737000,0.000000000,0.000000000,0.000000000,1.000000000
1403715334.082143068,-0.682775000,-0.146524000,1.540702000,0.000000000,0.000000000,0.000000000,1.000000000
1403715334.087142944,-0.685068000,-0.146191000,1.540678000,0.000000000,0.000000000,0.000000000,1.000000000
1403715334.092143297,-0.687356000,-0.145868000,1.540666000,0.000000000,0.000000000,0.000000000,1.000000000
1403715334.097143173,-0.689640000,-0.145555000,1.540654000,0.000000000,0.000000000,0.000000000,1.000000000
1403715334.102143049,-0.691846000,-0.145252000,1.540607000,0.000000000,0.000000000,0.000000000,1.000000000
1403715334.107142925,-0.694120000,-0.144955000,1.540598000,0.000000000,0.000000000,0.000000000,1.000000000
1403715334.112143278,-0.696399000,-0.144665000,1.540602000,0.000000000,0.000000000,0.000000000,1.000000000
1403715334.117143154,-0.698683000,-0.144382000,1.540609000,0.000000000,0.000000000,0.000000000,1.000000000
1403715334.122143030,-0.700973000,-0.144104000,1.540617000,0.000000000,0.000000000,0.000000000,1.000000000
1403715334.127142906,-0.703277000,-0.143830000,1.540625000,0.000000000,0.000000000,0.000000000,1.000000000
1403715334.132143259,-0.705595000,-0.143563000,1.540637000,0.000000000,0.000000000,0.000000000,1.000000000
1403715334.137142897,-0.707919000,-0.143302000,1.540662000,0.000000000,0.000000000,0.000000000,1.000000000
1403715334.142143011,-0.710249000,-0.143039000,1.540700000,0.000000000,0.000000000,0.000000000,1.000000000
1403715334.147142887,-0.712586000,-0.142779000,1.540747000,0.000000000,0.000000000,0.000000000,1.000000000
1403715334.152143240,-0.714848000,-0.142529000,1.540777000,0.000000000,0.000000000,0.000000000,1.000000000
1403715334.157143116,-0.717181000,-0.142282000,1.540822000,0.000000000,0.000000000,0.000000000,1.000000000
1403715334.162142992,-0.719520000,-0.142035000,1.540863000,0.000000000,0.000000000,0.000000000,1.000000000
1403715334.167143345,-0.721865000,-0.141793000,1.540909000,0.000000000,0.000000000,0.000000000,1.000000000
1403715334.172143221,-0.724217000,-0.141562000,1.540969000,0.000000000,0.000000000,0.000000000,1.000000000
1403715334.177143097,-0.726574000,-0.141343000,1.541041000,0.000000000,0.000000000,0.000000000,1.000000000
1403715334.182142973,-0.728932000,-0.141130000,1.541111000,0.000000000,0.000000000,0.000000000,1.000000000
1403715334.187143326,-0.731294000,-0.140922000,1.541177000,0.000000000,0.000000000,0.000000000,1.000000000
1403715334.192142963,-0.733660000,-0.140716000,1.541243000,0.000000000,0.000000000,0.000000000,1.000000000
1403715334.197143078,-0.736028000,-0.140518000,1.541311000,0.000000000,0.000000000,0.000000000,1.000000000
1403715334.202142954,-0.738316000,-0.140345000,1.541355000,0.000000000,0.000000000,0.000000000,1.000000000
1403715334.207143307,-0.740666000,-0.140171000,1.541417000,0.000000000,0.000000000,0.000000000,1.000000000
1403715334.212142944,-0.743014000,-0.139997000,1.541473000,0.000000000,0.000000000,0.000000000,1.000000000
1403715334.217143059,-0.745364000,-0.139823000,1.541529000,0.000000000,0.000000000,0.000000000,1.000000000
1403715334.222143173,-0.747723000,-0.139653000,1.541586000,0.000000000,0.000000000,0.000000000,1.000000000
1403715334.227143288,-0.750093000,-0.139493000,1.541646000,0.000000000,0.000000000,0.000000000,1.000000000
1403715334.232142925,-0.752466000,-0.139340000,1.541711000,0.000000000,0.000000000,0.000000000,1.000000000
1403715334.237143040,-0.754838000,-0.139192000,1.541783000,0.000000000,0.000000000,0.000000000,1.000000000
1403715334.242143154,-0.757211000,-0.139051000,1.541866000,0.000000000,0.000000000,0.000000000,1.000000000
1403715334.247143030,-0.759586000,-0.138924000,1.541966000,0.000000000,0.000000000,0.000000000,1.000000000
1403715334.252142906,-0.761891000,-0.138824000,1.542061000,0.000000000,0.000000000,0.000000000,1.000000000
1403715334.257143021,-0.764266000,-0.138724000,1.542182000,0.000000000,0.000000000,0.000000000,1.000000000
1403715334.262143135,-0.766651000,-0.138627000,1.542305000,0.000000000,0.000000000,0.000000000,1.000000000
1403715334.267143011,-0.769039000,-0.138536000,1.542425000,0.000000000,0.000000000,0.000000000,1.000000000
1403715334.272142887,-0.771424000,-0.138445000,1.542545000,0.000000000,0.000000000,0.000000000,1.000000000
1403715334.277143240,-0.773811000,-0.138349000,1.542656000,0.000000000,0.000000000,0.000000000,1.000000000
1403715334.282143354,-0.776207000,-0.138258000,1.542750000,0.000000000,0.000000000,0.000000000,1.000000000
1403715334.287142992,-0.778615000,-0.138178000,1.542843000,0.000000000,0.000000000,0.000000000,1.000000000
1403715334.292143106,-0.781038000,-0.138107000,1.542938000,0.000000000,0.000000000,0.000000000,1.000000000
1403715334.297143221,-0.783469000,-0.138045000,1.543036000,0.000000000,0.000000000,0.000000000,1.000000000
1403715334.302143097,-0.785831000,-0.138006000,1.543123000,0.000000000,0.000000000,0.000000000,1.000000000
1403715334.307142973,-0.788244000,-0.137964000,1.543227000,0.000000000,0.000000000,0.000000000,1.000000000
1403715334.312143087,-0.790651000,-0.137927000,1.543326000,0.000000000,0.000000000,0.000000000,1.000000000
1403715334.317143202,-0.793062000,-0.137892000,1.543420000,0.000000000,0.000000000,0.000000000,1.000000000
1403715334.322143078,-0.795485000,-0.137859000,1.543518000,0.000000000,0.000000000,0.000000000,1.000000000
1403715334.327142954,-0.797923000,-0.137830000,1.543622000,0.000000000,0.000000000,0.000000000,1.000000000
1403715334.332143307,-0.800373000,-0.137806000,1.543720000,0.000000000,0.000000000,0.000000000,1.000000000
1403715334.337143183,-0.802825000,-0.137788000,1.543805000,0.000000000,0.000000000,0.000000000,1.000000000
1403715334.342143059,-0.805271000,-0.137778000,1.543888000,0.000000000,0.000000000,0.000000000,1.000000000
1403715334.347142935,-0.807710000,-0.137780000,1.543974000,0.000000000,0.000000000,0.000000000,1.000000000
1403715334.352143288,-0.810087000,-0.137814000,1.544036000,0.000000000,0.000000000,0.000000000,1.000000000
1403715334.357143164,-0.812524000,-0.137833000,1.544111000,0.000000000,0.000000000,0.000000000,1.000000000
1403715334.362143040,-0.814976000,-0.137858000,1.544185000,0.000000000,0.000000000,0.000000000,1.000000000
1403715334.367142916,-0.817441000,-0.137895000,1.544263000,0.000000000,0.000000000,0.000000000,1.000000000
1403715334.372143269,-0.819911000,-0.137949000,1.544345000,0.000000000,0.000000000,0.000000000,1.000000000
1403715334.377142906,-0.822377000,-0.138016000,1.544428000,0.000000000,0.000000000,0.000000000,1.000000000
1403715334.382143021,-0.824835000,-0.138094000,1.544516000,0.000000000,0.000000000,0.000000000,1.000000000
1403715334.387142897,-0.827295000,-0.138180000,1.544608000,0.000000000,0.000000000,0.000000000,1.000000000
1403715334.392143250,-0.829770000,-0.138271000,1.544701000,0.000000000,0.000000000,0.000000000,1.000000000
1403715334.397142887,-0.832257000,-0.138368000,1.544796000,0.000000000,0.000000000,0.000000000,1.000000000
1403715334.402143002,-0.834689000,-0.138503000,1.544880000,0.000000000,0.000000000,0.000000000,1.000000000
1403715334.407143354,-0.837168000,-0.138624000,1.544974000,0.000000000,0.000000000,0.000000000,1.000000000
1403715334.412143230,-0.839636000,-0.138753000,1.545066000,0.000000000,0.000000000,0.000000000,1.000000000
1403715334.417143106,-0.842091000,-0.138891000,1.545158000,0.000000000,0.000000000,0.000000000,1.000000000
1403715334.422142982,-0.844545000,-0.139037000,1.545248000,0.000000000,0.000000000,0.000000000,1.000000000
1403715334.427143335,-0.847007000,-0.139188000,1.545345000,0.000000000,0.000000000,0.000000000,1.000000000
1403715334.432142973,-0.849481000,-0.139346000,1.545449000,0.000000000,0.000000000,0.000000000,1.000000000
1403715334.437143087,-0.851965000,-0.139518000,1.545555000,0.000000000,0.000000000,0.000000000,1.000000000
1403715334.442142963,-0.854453000,-0.139700000,1.545669000,0.000000000,0.000000000,0.000000000,1.000000000
1403715334.447143316,-0.856941000,-0.139880000,1.545792000,0.000000000,0.000000000,0.000000000,1.000000000
1403715334.452142954,-0.859371000,-0.140091000,1.545913000,0.000000000,0.000000000,0.000000000,1.000000000
1403715334.457143068,-0.861843000,-0.140281000,1.546045000,0.000000000,0.000000000,0.000000000,1.000000000
1403715334.462142944,-0.864315000,-0.140477000,1.546167000,0.000000000,0.000000000,0.000000000,1.000000000
1403715334.467143297,-0.866793000,-0.140680000,1.546277000,0.000000000,0.000000000,0.000000000,1.000000000
1403715334.472142935,-0.869278000,-0.140884000,1.546383000,0.000000000,0.000000000,0.000000000,1.000000000
1403715334.477143049,-0.871770000,-0.141086000,1.546479000,0.000000000,0.000000000,0.000000000,1.000000000
1403715334.482143164,-0.874267000,-0.141291000,1.546570000,0.000000000,0.000000000,0.000000000,1.000000000
1403715334.487143040,-0.876763000,-0.141506000,1.546661000,0.000000000,0.000000000,0.000000000,1.000000000
1403715334.492142916,-0.879256000,-0.141738000,1.546762000,0.000000000,0.000000000,0.000000000,1.000000000
1403715334.497143030,-0.881750000,-0.141985000,1.546879000,0.000000000,0.000000000,0.000000000,1.000000000
1403715334.502143145,-0.884196000,-0.142277000,1.547003000,0.000000000,0.000000000,0.000000000,1.000000000
1403715334.507143021,-0.886690000,-0.142547000,1.547137000,0.000000000,0.000000000,0.000000000,1.000000000
1403715334.512142897,-0.889191000,-0.142824000,1.547277000,0.000000000,0.000000000,0.000000000,1.000000000
1403715334.517143011,-0.891698000,-0.143109000,1.547419000,0.000000000,0.000000000,0.000000000,1.000000000
1403715334.522143126,-0.894209000,-0.143397000,1.547549000,0.000000000,0.000000000,0.000000000,1.000000000
1403715334.527143002,-0.896723000,-0.143686000,1.547669000,0.000000000,0.000000000,0.000000000,1.000000000
1403715334.532143116,-0.899243000,-0.143977000,1.547786000,0.000000000,0.000000000,0.000000000,1.000000000
1403715334.537143230,-0.901766000,-0.144269000,1.547907000,0.000000000,0.000000000,0.000000000,1.000000000
1403715334.542143345,-0.904292000,-0.144557000,1.548038000,0.000000000,0.000000000,0.000000000,1.000000000
1403715334.547142982,-0.906823000,-0.144841000,1.548172000,0.000000000,0.000000000,0.000000000,1.000000000
1403715334.552143097,-0.909308000,-0.145165000,1.548294000,0.000000000,0.000000000,0.000000000,1.000000000
1403715334.557143211,-0.911831000,-0.145458000,1.548420000,0.000000000,0.000000000,0.000000000,1.000000000
1403715334.562143087,-0.914355000,-0.145758000,1.548537000,0.000000000,0.000000000,0.000000000,1.000000000
1403715334.567142963,-0.916880000,-0.146064000,1.548641000,0.000000000,0.000000000,0.000000000,1.000000000
1403715334.572143078,-0.919407000,-0.146374000,1.548736000,0.000000000,0.000000000,0.000000000,1.000000000
1403715334.577143192,-0.921934000,-0.146691000,1.548826000,0.000000000,0.000000000,0.000000000,1.000000000
1403715334.582143068,-0.924462000,-0.147018000,1.548909000,0.000000000,0.000000000,0.000000000,1.000000000
1403715334.587142944,-0.926988000,-0.147353000,1.548984000,0.000000000,0.000000000,0.000000000,1.000000000
1403715334.592143297,-0.929511000,-0.147696000,1.549060000,0.000000000,0.000000000,0.000000000,1.000000000
1403715334.597143173,-0.932032000,-0.148036000,1.549140000,0.000000000,0.000000000,0.000000000,1.000000000
1403715334.602143049,-0.934502000,-0.148416000,1.549208000,0.000000000,0.000000000,0.000000000,1.000000000
1403715334.607142925,-0.937007000,-0.148765000,1.549280000,0.000000000,0.000000000,0.000000000,1.000000000
1403715334.612143278,-0.939511000,-0.149121000,1.549361000,0.000000000,0.000000000,0.000000000,1.000000000
1403715334.617143154,-0.942022000,-0.149478000,1.549447000,0.000000000,0.000000000,0.000000000,1.000000000
1403715334.622143030,-0.944544000,-0.149833000,1.549535000,0.000000000,0.000000000,0.000000000,1.000000000
1403715334.627142906,-0.947073000,-0.150191000,1.549618000,0.000000000,0.000000000,0.000000000,1.000000000
1403715334.632143259,-0.949604000,-0.150558000,1.549687000,0.000000000,0.000000000,0.000000000,1.000000000
1403715334.637142897,-0.952135000,-0.150933000,1.549740000,0.000000000,0.000000000,0.000000000,1.000000000
1403715334.642143011,-0.954670000,-0.151310000,1.549777000,0.000000000,0.000000000,0.000000000,1.000000000
1403715334.647142887,-0.957209000,-0.151682000,1.549809000,0.000000000,0.000000000,0.000000000,1.000000000
1403715334.652143240,-0.959704000,-0.152091000,1.549822000,0.000000000,0.000000000,0.000000000,1.000000000
1403715334.657143116,-0.962237000,-0.152471000,1.549841000,0.000000000,0.000000000,0.000000000,1.000000000
1403715334.662142992,-0.964774000,-0.152850000,1.549866000,0.000000000,0.000000000,0.000000000,1.000000000
1403715334.667143345,-0.967312000,-0.153231000,1.549896000,0.000000000,0.000000000,0.000000000,1.000000000
1403715334.672143221,-0.969847000,-0.153623000,1.549928000,0.000000000,0.000000000,0.000000000,1.000000000
1403715334.677143097,-0.972374000,-0.154026000,1.549961000,0.000000000,0.000000000,0.000000000,1.000000000
1403715334.682142973,-0.974897000,-0.154432000,1.550003000,0.000000000,0.000000000,0.000000000,1.000000000
1403715334.687143326,-0.977418000,-0.154842000,1.550052000,0.000000000,0.000000000,0.000000000,1.000000000
1403715334.692142963,-0.979941000,-0.155262000,1.550099000,0.000000000,0.000000000,0.000000000,1.000000000
1403715334.697143078,-0.982468000,-0.155692000,1.550134000,0.000000000,0.000000000,0.000000000,1.000000000
1403715334.702142954,-0.984953000,-0.156157000,1.550152000,0.000000000,0.000000000,0.000000000,1.000000000
1403715334.707143307,-0.987474000,-0.156593000,1.550170000,0.000000000,0.000000000,0.000000000,1.000000000
1403715334.712142944,-0.989994000,-0.157030000,1.550185000,0.000000000,0.000000000,0.000000000,1.000000000
1403715334.717143059,-0.992513000,-0.157476000,1.550201000,0.000000000,0.000000000,0.000000000,1.000000000
1403715334.722143173,-0.995031000,-0.157935000,1.550222000,0.000000000,0.000000000,0.000000000,1.000000000
1403715334.727143288,-0.997550000,-0.158403000,1.550247000,0.000000000,0.000000000,0.000000000,1.000000000
1403715334.732142925,-1.000073000,-0.158876000,1.550267000,0.000000000,0.000000000,0.000000000,1.000000000
1403715334.737143040,-1.002595000,-0.159350000,1.550277000,0.000000000,0.000000000,0.000000000,1.000000000
1403715334.742143154,-1.005106000,-0.159822000,1.550283000,0.000000000,0.000000000,0.000000000,1.000000000
1403715334.747143030,-1.007605000,-0.160295000,1.550293000,0.000000000,0.000000000,0.000000000,1.000000000
1403715334.752142906,-1.010059000,-0.160807000,1.550288000,0.000000000,0.000000000,0.000000000,1.000000000
1403715334.757143021,-1.012544000,-0.161309000,1.550287000,0.000000000,0.000000000,0.000000000,1.000000000
1403715334.762143135,-1.015030000,-0.161819000,1.550280000,0.000000000,0.000000000,0.000000000,1.000000000
1403715334.767143011,-1.017517000,-0.162335000,1.550264000,0.000000000,0.000000000,0.000000000,1.000000000
1403715334.772142887,-1.020004000,-0.162854000,1.550248000,0.000000000,0.000000000,0.000000000,1.000000000
1403715334.777143240,-1.022484000,-0.163375000,1.550247000,0.000000000,0.000000000,0.000000000,1.000000000
1403715334.782143354,-1.024958000,-0.163902000,1.550261000,0.000000000,0.000000000,0.000000000,1.000000000
1403715334.787142992,-1.027429000,-0.164435000,1.550286000,0.000000000,0.000000000,0.000000000,1.000000000
1403715334.792143106,-1.029899000,-0.164970000,1.550315000,0.000000000,0.000000000,0.000000000,1.000000000
1403715334.797143221,-1.032372000,-0.165508000,1.550345000,0.000000000,0.000000000,0.000000000,1.000000000
1403715334.802143097,-1.034811000,-0.166071000,1.550361000,0.000000000,0.000000000,0.000000000,1.000000000
1403715334.807142973,-1.037281000,-0.166621000,1.550370000,0.000000000,0.000000000,0.000000000,1.000000000
1403715334.812143087,-1.039751000,-0.167175000,1.550366000,0.000000000,0.000000000,0.000000000,1.000000000
1403715334.817143202,-1.042219000,-0.167734000,1.550366000,0.000000000,0.000000000,0.000000000,1.000000000
1403715334.822143078,-1.044680000,-0.168299000,1.550372000,0.000000000,0.000000000,0.000000000,1.000000000
1403715334.827142954,-1.047135000,-0.168871000,1.550380000,0.000000000,0.000000000,0.000000000,1.000000000
1403715334.832143307,-1.049589000,-0.169450000,1.550385000,0.000000000,0.000000000,0.000000000,1.000000000
1403715334.837143183,-1.052049000,-0.170033000,1.550384000,0.000000000,0.000000000,0.000000000,1.000000000
1403715334.842143059,-1.054515000,-0.170616000,1.550378000,0.000000000,0.000000000,0.000000000,1.000000000
1403715334.847142935,-1.056984000,-0.171202000,1.550366000,0.000000000,0.000000000,0.000000000,1.000000000
1403715334.852143288,-1.059415000,-0.171813000,1.550330000,0.000000000,0.000000000,0.000000000,1.000000000
1403715334.857143164,-1.061859000,-0.172412000,1.550308000,0.000000000,0.000000000,0.000000000,1.000000000
1403715334.862143040,-1.064294000,-0.173003000,1.550280000,0.000000000,0.000000000,0.000000000,1.000000000
1403715334.867142916,-1.066733000,-0.173587000,1.550240000,0.000000000,0.000000000,0.000000000,1.000000000
1403715334.872143269,-1.069185000,-0.174176000,1.550208000,0.000000000,0.000000000,0.000000000,1.000000000
1403715334.877142906,-1.071647000,-0.174776000,1.550189000,0.000000000,0.000000000,0.000000000,1.000000000
1403715334.882143021,-1.074114000,-0.175390000,1.550171000,0.000000000,0.000000000,0.000000000,1.000000000
1403715334.887142897,-1.076574000,-0.176022000,1.550156000,0.000000000,0.000000000,0.000000000,1.000000000
1403715334.892143250,-1.079024000,-0.176665000,1.550136000,0.000000000,0.000000000,0.000000000,1.000000000
1403715334.897142887,-1.081467000,-0.177315000,1.550109000,0.000000000,0.000000000,0.000000000,1.000000000
1403715334.902143002,-1.083874000,-0.177977000,1.550072000,0.000000000,0.000000000,0.000000000,1.000000000
1403715334.907143354,-1.086316000,-0.178624000,1.550046000,0.000000000,0.000000000,0.000000000,1.000000000
1403715334.912143230,-1.088769000,-0.179270000,1.550012000,0.000000000,0.000000000,0.000000000,1.000000000
1403715334.917143106,-1.091228000,-0.179919000,1.549972000,0.000000000,0.000000000,0.000000000,1.000000000
1403715334.922142982,-1.093680000,-0.180570000,1.549922000,0.000000000,0.000000000,0.000000000,1.000000000
1403715334.927143335,-1.096117000,-0.181225000,1.549863000,0.000000000,0.000000000,0.000000000,1.000000000
1403715334.932142973,-1.098537000,-0.181888000,1.549803000,0.000000000,0.000000000,0.000000000,1.000000000
1403715334.937143087,-1.100949000,-0.182557000,1.549741000,0.000000000,0.000000000,0.000000000,1.000000000
1403715334.942142963,-1.103364000,-0.183231000,1.549671000,0.000000000,0.000000000,0.000000000,1.000000000
1403715334.947143316,-1.105784000,-0.183915000,1.549594000,0.000000000,0.000000000,0.000000000,1.000000000
1403715334.952142954,-1.108171000,-0.184613000,1.549496000,0.000000000,0.000000000,0.000000000,1.000000000
1403715334.957143068,-1.110586000,-0.185299000,1.549414000,0.000000000,0.000000000,0.000000000,1.000000000
1403715334.962142944,-1.112993000,-0.185983000,1.549331000,0.000000000,0.000000000,0.000000000,1.000000000
1403715334.967143297,-1.115389000,-0.186673000,1.549251000,0.000000000,0.000000000,0.000000000,1.000000000
1403715334.972142935,-1.117778000,-0.187367000,1.549179000,0.000000000,0.000000000,0.000000000,1.000000000
1403715334.977143049,-1.120173000,-0.188059000,1.549105000,0.000000000,0.000000000,0.000000000,1.000000000
1403715334.982143164,-1.122579000,-0.188746000,1.549028000,0.000000000,0.000000000,0.000000000,1.000000000
1403715334.987143040,-1.124985000,-0.189430000,1.548959000,0.000000000,0.000000000,0.000000000,1.000000000
1403715334.992142916,-1.127384000,-0.190115000,1.548906000,0.000000000,0.000000000,0.000000000,1.000000000
1403715334.997143030,-1.129771000,-0.190806000,1.548855000,0.000000000,0.000000000,0.000000000,1.000000000
1403715335.002143145,-1.132108000,-0.191502000,1.548787000,0.000000000,0.000000000,0.000000000,1.000000000
1403715335.007143021,-1.134466000,-0.192206000,1.548716000,0.000000000,0.000000000,0.000000000,1.000000000
1403715335.012142897,-1.136821000,-0.192916000,1.548644000,0.000000000,0.000000000,0.000000000,1.000000000
1403715335.017143011,-1.139176000,-0.193626000,1.548566000,0.000000000,0.000000000,0.000000000,1.000000000
1403715335.022143126,-1.141529000,-0.194341000,1.548481000,0.000000000,0.000000000,0.000000000,1.000000000
1403715335.027143002,-1.143872000,-0.195058000,1.548402000,0.000000000,0.000000000,0.000000000,1.000000000
1403715335.032143116,-1.146200000,-0.195781000,1.548314000,0.000000000,0.000000000,0.000000000,1.000000000
1403715335.037143230,-1.148520000,-0.196515000,1.548210000,0.000000000,0.000000000,0.000000000,1.000000000
1403715335.042143345,-1.150833000,-0.197255000,1.548097000,0.000000000,0.000000000,0.000000000,1.000000000
1403715335.047142982,-1.153148000,-0.197998000,1.547980000,0.000000000,0.000000000,0.000000000,1.000000000
1403715335.052143097,-1.155436000,-0.198740000,1.547873000,0.000000000,0.000000000,0.000000000,1.000000000
1403715335.057143211,-1.157753000,-0.199489000,1.547790000,0.000000000,0.000000000,0.000000000,1.000000000
1403715335.062143087,-1.160061000,-0.200241000,1.547705000,0.000000000,0.000000000,0.000000000,1.000000000
1403715335.067142963,-1.162355000,-0.200998000,1.547612000,0.000000000,0.000000000,0.000000000,1.000000000
1403715335.072143078,-1.164641000,-0.201757000,1.547516000,0.000000000,0.000000000,0.000000000,1.000000000
1403715335.077143192,-1.166923000,-0.202524000,1.547428000,0.000000000,0.000000000,0.000000000,1.000000000
1403715335.082143068,-1.169207000,-0.203300000,1.547354000,0.000000000,0.000000000,0.000000000,1.000000000
1403715335.087142944,-1.171497000,-0.204082000,1.547286000,0.000000000,0.000000000,0.000000000,1.000000000
1403715335.092143297,-1.173790000,-0.204874000,1.547221000,0.000000000,0.000000000,0.000000000,1.000000000
1403715335.097143173,-1.176075000,-0.205676000,1.547156000,0.000000000,0.000000000,0.000000000,1.000000000
1403715335.102143049,-1.178304000,-0.206474000,1.547070000,0.000000000,0.000000000,0.000000000,1.000000000
1403715335.107142925,-1.180556000,-0.207291000,1.546982000,0.000000000,0.000000000,0.000000000,1.000000000
1403715335.112143278,-1.182810000,-0.208108000,1.546889000,0.000000000,0.000000000,0.000000000,1.000000000
1403715335.117143154,-1.185070000,-0.208925000,1.546793000,0.000000000,0.000000000,0.000000000,1.000000000
1403715335.122143030,-1.187338000,-0.209749000,1.546706000,0.000000000,0.000000000,0.000000000,1.000000000
1403715335.127142906,-1.189611000,-0.210584000,1.546633000,0.000000000,0.000000000,0.000000000,1.000000000
1403715335.132143259,-1.191876000,-0.211427000,1.546565000,0.000000000,0.000000000,0.000000000,1.000000000
1403715335.137142897,-1.194130000,-0.212266000,1.546487000,0.000000000,0.000000000,0.000000000,1.000000000
1403715335.142143011,-1.196380000,-0.213102000,1.546397000,0.000000000,0.000000000,0.000000000,1.000000000
1403715335.147142887,-1.198622000,-0.213938000,1.546307000,0.000000000,0.000000000,0.000000000,1.000000000
1403715335.152143240,-1.200818000,-0.214752000,1.546221000,0.000000000,0.000000000,0.000000000,1.000000000
1403715335.157143116,-1.203037000,-0.215593000,1.546129000,0.000000000,0.000000000,0.000000000,1.000000000
1403715335.162142992,-1.205247000,-0.216444000,1.546037000,0.000000000,0.000000000,0.000000000,1.000000000
1403715335.167143345,-1.207453000,-0.217306000,1.545945000,0.000000000,0.000000000,0.000000000,1.000000000
1403715335.172143221,-1.209652000,-0.218171000,1.545851000,0.000000000,0.000000000,0.000000000,1.000000000
1403715335.177143097,-1.211846000,-0.219037000,1.545760000,0.000000000,0.000000000,0.000000000,1.000000000
1403715335.182142973,-1.214033000,-0.219908000,1.545669000,0.000000000,0.000000000,0.000000000,1.000000000
1403715335.187143326,-1.216211000,-0.220792000,1.545580000,0.000000000,0.000000000,0.000000000,1.000000000
1403715335.192142963,-1.218383000,-0.221687000,1.545488000,0.000000000,0.000000000,0.000000000,1.000000000
1403715335.197143078,-1.220554000,-0.222588000,1.545386000,0.000000000,0.000000000,0.000000000,1.000000000
1403715335.202142954,-1.222687000,-0.223464000,1.545288000,0.000000000,0.000000000,0.000000000,1.000000000
1403715335.207143307,-1.224854000,-0.224360000,1.545182000,0.000000000,0.000000000,0.000000000,1.000000000
1403715335.212142944,-1.227017000,-0.225258000,1.545075000,0.000000000,0.000000000,0.000000000,1.000000000
1403715335.217143059,-1.229173000,-0.226158000,1.544968000,0.000000000,0.000000000,0.000000000,1.000000000
1403715335.222143173,-1.231318000,-0.227060000,1.544855000,0.000000000,0.000000000,0.000000000,1.000000000
1403715335.227143288,-1.233452000,-0.227964000,1.544736000,0.000000000,0.000000000,0.000000000,1.000000000
1403715335.232142925,-1.235579000,-0.228873000,1.544621000,0.000000000,0.000000000,0.000000000,1.000000000
1403715335.237143040,-1.237703000,-0.229789000,1.544518000,0.000000000,0.000000000,0.000000000,1.000000000
1403715335.242143154,-1.239820000,-0.230713000,1.544423000,0.000000000,0.000000000,0.000000000,1.000000000
1403715335.247143030,-1.241933000,-0.231638000,1.544326000,0.000000000,0.000000000,0.000000000,1.000000000
1403715335.252142906,-1.243992000,-0.232530000,1.544241000,0.000000000,0.000000000,0.000000000,1.000000000
1403715335.257143021,-1.246085000,-0.233452000,1.544145000,0.000000000,0.000000000,0.000000000,1.000000000
1403715335.262143135,-1.248167000,-0.234380000,1.544047000,0.000000000,0.000000000,0.000000000,1.000000000
1403715335.267143011,-1.250239000,-0.235314000,1.543936000,0.000000000,0.000000000,0.000000000,1.000000000
1403715335.272142887,-1.252303000,-0.236250000,1.543818000,0.000000000,0.000000000,0.000000000,1.000000000
1403715335.277143240,-1.254364000,-0.237185000,1.543706000,0.000000000,0.000000000,0.000000000,1.000000000
1403715335.282143354,-1.256422000,-0.238125000,1.543601000,0.000000000,0.000000000,0.000000000,1.000000000
1403715335.287142992,-1.258476000,-0.239081000,1.543507000,0.000000000,0.000000000,0.000000000,1.000000000
1403715335.292143106,-1.260524000,-0.240049000,1.543414000,0.000000000,0.000000000,0.000000000,1.000000000
1403715335.297143221,-1.262569000,-0.241020000,1.543310000,0.000000000,0.000000000,0.000000000,1.000000000
1403715335.302143097,-1.264562000,-0.241951000,1.543211000,0.000000000,0.000000000,0.000000000,1.000000000
1403715335.307142973,-1.266587000,-0.242919000,1.543109000,0.000000000,0.000000000,0.000000000,1.000000000
1403715335.312143087,-1.268606000,-0.243900000,1.543017000,0.000000000,0.000000000,0.000000000,1.000000000
1403715335.317143202,-1.270618000,-0.244892000,1.542932000,0.000000000,0.000000000,0.000000000,1.000000000
1403715335.322143078,-1.272622000,-0.245892000,1.542847000,0.000000000,0.000000000,0.000000000,1.000000000
1403715335.327142954,-1.274620000,-0.246896000,1.542760000,0.000000000,0.000000000,0.000000000,1.000000000
1403715335.332143307,-1.276614000,-0.247899000,1.542668000,0.000000000,0.000000000,0.000000000,1.000000000
1403715335.337143183,-1.278605000,-0.248906000,1.542570000,0.000000000,0.000000000,0.000000000,1.000000000
1403715335.342143059,-1.280591000,-0.249918000,1.542471000,0.000000000,0.000000000,0.000000000,1.000000000
1403715335.347142935,-1.282570000,-0.250939000,1.542368000,0.000000000,0.000000000,0.000000000,1.000000000
1403715335.352143288,-1.284486000,-0.251926000,1.542294000,0.000000000,0.000000000,0.000000000,1.000000000
1403715335.357143164,-1.286431000,-0.252956000,1.542212000,0.000000000,0.000000000,0.000000000,1.000000000
1403715335.362143040,-1.288374000,-0.253990000,1.542128000,0.000000000,0.000000000,0.000000000,1.000000000
1403715335.367142916,-1.290314000,-0.255026000,1.542042000,0.000000000,0.000000000,0.000000000,1.000000000
1403715335.372143269,-1.292246000,-0.256061000,1.541952000,0.000000000,0.000000000,0.000000000,1.000000000
1403715335.377142906,-1.294173000,-0.257098000,1.541858000,0.000000000,0.000000000,0.000000000,1.000000000
1403715335.382143021,-1.296098000,-0.258136000,1.541766000,0.000000000,0.000000000,0.000000000,1.000000000
1403715335.387142897,-1.298019000,-0.259185000,1.541674000,0.000000000,0.000000000,0.000000000,1.000000000
1403715335.392143250,-1.299939000,-0.260250000,1.541581000,0.000000000,0.000000000,0.000000000,1.000000000
1403715335.397142887,-1.301858000,-0.261325000,1.541491000,0.000000000,0.000000000,0.000000000,1.000000000
1403715335.402143002,-1.303728000,-0.262359000,1.541425000,0.000000000,0.000000000,0.000000000,1.000000000
1403715335.407143354,-1.305626000,-0.263428000,1.541328000,0.000000000,0.000000000,0.000000000,1.000000000
1403715335.412143230,-1.307511000,-0.264493000,1.541211000,0.000000000,0.000000000,0.000000000,1.000000000
1403715335.417143106,-1.309389000,-0.265557000,1.541086000,0.000000000,0.000000000,0.000000000,1.000000000
1403715335.422142982,-1.311261000,-0.266631000,1.540960000,0.000000000,0.000000000,0.000000000,1.000000000
1403715335.427143335,-1.313127000,-0.267717000,1.540830000,0.000000000,0.000000000,0.000000000,1.000000000
1403715335.432142973,-1.314987000,-0.268806000,1.540692000,0.000000000,0.000000000,0.000000000,1.000000000
1403715335.437143087,-1.316840000,-0.269893000,1.540553000,0.000000000,0.000000000,0.000000000,1.000000000
1403715335.442142963,-1.318691000,-0.270982000,1.540425000,0.000000000,0.000000000,0.000000000,1.000000000
1403715335.447143316,-1.320539000,-0.272082000,1.540317000,0.000000000,0.000000000,0.000000000,1.000000000
1403715335.452142954,-1.322340000,-0.273152000,1.540235000,0.000000000,0.000000000,0.000000000,1.000000000
1403715335.457143068,-1.324176000,-0.274270000,1.540128000,0.000000000,0.000000000,0.000000000,1.000000000
1403715335.462142944,-1.326010000,-0.275388000,1.540003000,0.000000000,0.000000000,0.000000000,1.000000000
1403715335.467143297,-1.327837000,-0.276510000,1.539867000,0.000000000,0.000000000,0.000000000,1.000000000
1403715335.472142935,-1.329659000,-0.277643000,1.539733000,0.000000000,0.000000000,0.000000000,1.000000000
1403715335.477143049,-1.331475000,-0.278788000,1.539600000,0.000000000,0.000000000,0.000000000,1.000000000
1403715335.482143164,-1.333291000,-0.279938000,1.539463000,0.000000000,0.000000000,0.000000000,1.000000000
1403715335.487143040,-1.335108000,-0.281090000,1.539328000,0.000000000,0.000000000,0.000000000,1.000000000
1403715335.492142916,-1.336929000,-0.282250000,1.539195000,0.000000000,0.000000000,0.000000000,1.000000000
1403715335.497143030,-1.338757000,-0.283421000,1.539069000,0.000000000,0.000000000,0.000000000,1.000000000
1403715335.502143145,-1.340541000,-0.284542000,1.538966000,0.000000000,0.000000000,0.000000000,1.000000000
1403715335.507143021,-1.342362000,-0.285714000,1.538846000,0.000000000,0.000000000,0.000000000,1.000000000
1403715335.512142897,-1.344187000,-0.286894000,1.538730000,0.000000000,0.000000000,0.000000000,1.000000000
1403715335.517143011,-1.346007000,-0.288079000,1.538610000,0.000000000,0.000000000,0.000000000,1.000000000
1403715335.522143126,-1.347824000,-0.289268000,1.538481000,0.000000000,0.000000000,0.000000000,1.000000000
1403715335.527143002,-1.349639000,-0.290457000,1.538354000,0.000000000,0.000000000,0.000000000,1.000000000
1403715335.532143116,-1.351450000,-0.291650000,1.538234000,0.000000000,0.000000000,0.000000000,1.000000000
1403715335.537143230,-1.353259000,-0.292847000,1.538129000,0.000000000,0.000000000,0.000000000,1.000000000
1403715335.542143345,-1.355067000,-0.294046000,1.538036000,0.000000000,0.000000000,0.000000000,1.000000000
1403715335.547142982,-1.356874000,-0.295251000,1.537944000,0.000000000,0.000000000,0.000000000,1.000000000
1403715335.552143097,-1.358638000,-0.296408000,1.537876000,0.000000000,0.000000000,0.000000000,1.000000000
1403715335.557143211,-1.360430000,-0.297609000,1.537800000,0.000000000,0.000000000,0.000000000,1.000000000
1403715335.562143087,-1.362215000,-0.298818000,1.537730000,0.000000000,0.000000000,0.000000000,1.000000000
1403715335.567142963,-1.363994000,-0.300023000,1.537648000,0.000000000,0.000000000,0.000000000,1.000000000
1403715335.572143078,-1.365774000,-0.301225000,1.537540000,0.000000000,0.000000000,0.000000000,1.000000000
1403715335.577143192,-1.367552000,-0.302432000,1.537426000,0.000000000,0.000000000,0.000000000,1.000000000
1403715335.582143068,-1.369328000,-0.303646000,1.537314000,0.000000000,0.000000000,0.000000000,1.000000000
1403715335.587142944,-1.371098000,-0.304875000,1.537205000,0.000000000,0.000000000,0.000000000,1.000000000
1403715335.592143297,-1.372860000,-0.306116000,1.537093000,0.000000000,0.000000000,0.000000000,1.000000000
1403715335.597143173,-1.374614000,-0.307361000,1.536969000,0.000000000,0.000000000,0.000000000,1.000000000
1403715335.602143049,-1.376331000,-0.308563000,1.536847000,0.000000000,0.000000000,0.000000000,1.000000000
1403715335.607142925,-1.378077000,-0.309798000,1.536715000,0.000000000,0.000000000,0.000000000,1.000000000
1403715335.612143278,-1.379823000,-0.311034000,1.536578000,0.000000000,0.000000000,0.000000000,1.000000000
1403715335.617143154,-1.381564000,-0.312271000,1.536440000,0.000000000,0.000000000,0.000000000,1.000000000
1403715335.622143030,-1.383299000,-0.313511000,1.536310000,0.000000000,0.000000000,0.000000000,1.000000000
1403715335.627142906,-1.385025000,-0.314764000,1.536197000,0.000000000,0.000000000,0.000000000,1.000000000
1403715335.632143259,-1.386742000,-0.316029000,1.536093000,0.000000000,0.000000000,0.000000000,1.000000000
1403715335.637142897,-1.388459000,-0.317297000,1.535983000,0.000000000,0.000000000,0.000000000,1.000000000
1403715335.642143011,-1.390177000,-0.318568000,1.535862000,0.000000000,0.000000000,0.000000000,1.000000000
1403715335.647142887,-1.391894000,-0.319836000,1.535736000,0.000000000,0.000000000,0.000000000,1.000000000
1403715335.652143240,-1.393570000,-0.321051000,1.535632000,0.000000000,0.000000000,0.000000000,1.000000000
1403715335.657143116,-1.395263000,-0.322311000,1.535538000,0.000000000,0.000000000,0.000000000,1.000000000
1403715335.662142992,-1.396955000,-0.323590000,1.535460000,0.000000000,0.000000000,0.000000000,1.000000000
1403715335.667143345,-1.398651000,-0.324880000,1.535375000,0.000000000,0.000000000,0.000000000,1.000000000
1403715335.672143221,-1.400346000,-0.326180000,1.535278000,0.000000000,0.000000000,0.000000000,1.000000000
1403715335.677143097,-1.402040000,-0.327485000,1.535165000,0.000000000,0.000000000,0.000000000,1.000000000
1403715335.682142973,-1.403731000,-0.328787000,1.535037000,0.000000000,0.000000000,0.000000000,1.000000000
1403715335.687143326,-1.405411000,-0.330090000,1.534902000,0.000000000,0.000000000,0.000000000,1.000000000
1403715335.692142963,-1.407081000,-0.331407000,1.534766000,0.000000000,0.000000000,0.000000000,1.000000000
1403715335.697143078,-1.408744000,-0.332736000,1.534631000,0.000000000,0.000000000,0.000000000,1.000000000
1403715335.702142954,-1.410373000,-0.334035000,1.534511000,0.000000000,0.000000000,0.000000000,1.000000000
1403715335.707143307,-1.412024000,-0.335385000,1.534386000,0.000000000,0.000000000,0.000000000,1.000000000
1403715335.712142944,-1.413682000,-0.336741000,1.534275000,0.000000000,0.000000000,0.000000000,1.000000000
1403715335.717143059,-1.415344000,-0.338097000,1.534174000,0.000000000,0.000000000,0.000000000,1.000000000
1403715335.722143173,-1.417003000,-0.339454000,1.534079000,0.000000000,0.000000000,0.000000000,1.000000000
1403715335.727143288,-1.418658000,-0.340813000,1.533977000,0.000000000,0.000000000,0.000000000,1.000000000
1403715335.732142925,-1.420307000,-0.342173000,1.533861000,0.000000000,0.000000000,0.000000000,1.000000000
1403715335.737143040,-1.421950000,-0.343538000,1.533737000,0.000000000,0.000000000,0.000000000,1.000000000
1403715335.742143154,-1.423585000,-0.344915000,1.533612000,0.000000000,0.000000000,0.000000000,1.000000000
1403715335.747143030,-1.425218000,-0.346298000,1.533488000,0.000000000,0.000000000,0.000000000,1.000000000
1403715335.752142906,-1.426825000,-0.347646000,1.533380000,0.000000000,0.000000000,0.000000000,1.000000000
1403715335.757143021,-1.428454000,-0.349030000,1.533252000,0.000000000,0.000000000,0.000000000,1.000000000
1403715335.762143135,-1.430082000,-0.350419000,1.533116000,0.000000000,0.000000000,0.000000000,1.000000000
1403715335.767143011,-1.431712000,-0.351811000,1.532975000,0.000000000,0.000000000,0.000000000,1.000000000
1403715335.772142887,-1.433341000,-0.353206000,1.532824000,0.000000000,0.000000000,0.000000000,1.000000000
1403715335.777143240,-1.434975000,-0.354600000,1.532677000,0.000000000,0.000000000,0.000000000,1.000000000
1403715335.782143354,-1.436614000,-0.355993000,1.532531000,0.000000000,0.000000000,0.000000000,1.000000000
1403715335.787142992,-1.438250000,-0.357391000,1.532372000,0.000000000,0.000000000,0.000000000,1.000000000
1403715335.792143106,-1.439882000,-0.358798000,1.532207000,0.000000000,0.000000000,0.000000000,1.000000000
1403715335.797143221,-1.441516000,-0.360211000,1.532033000,0.000000000,0.000000000,0.000000000,1.000000000
1403715335.802143097,-1.443120000,-0.361599000,1.531867000,0.000000000,0.000000000,0.000000000,1.000000000
1403715335.807142973,-1.444761000,-0.363009000,1.531704000,0.000000000,0.000000000,0.000000000,1.000000000
1403715335.812143087,-1.446409000,-0.364420000,1.531546000,0.000000000,0.000000000,0.000000000,1.000000000
1403715335.817143202,-1.448059000,-0.365841000,1.531395000,0.000000000,0.000000000,0.000000000,1.000000000
1403715335.822143078,-1.449703000,-0.367273000,1.531250000,0.000000000,0.000000000,0.000000000,1.000000000
1403715335.827142954,-1.451333000,-0.368709000,1.531100000,0.000000000,0.000000000,0.000000000,1.000000000
1403715335.832143307,-1.452950000,-0.370148000,1.530940000,0.000000000,0.000000000,0.000000000,1.000000000
1403715335.837143183,-1.454568000,-0.371589000,1.530772000,0.000000000,0.000000000,0.000000000,1.000000000
1403715335.842143059,-1.456198000,-0.373032000,1.530597000,0.000000000,0.000000000,0.000000000,1.000000000
1403715335.847142935,-1.457842000,-0.374480000,1.530419000,0.000000000,0.000000000,0.000000000,1.000000000
1403715335.852143288,-1.459451000,-0.375909000,1.530257000,0.000000000,0.000000000,0.000000000,1.000000000
1403715335.857143164,-1.461095000,-0.377367000,1.530080000,0.000000000,0.000000000,0.000000000,1.000000000
1403715335.862143040,-1.462733000,-0.378829000,1.529903000,0.000000000,0.000000000,0.000000000,1.000000000
1403715335.867142916,-1.464367000,-0.380289000,1.529729000,0.000000000,0.000000000,0.000000000,1.000000000
1403715335.872143269,-1.466000000,-0.381749000,1.529561000,0.000000000,0.000000000,0.000000000,1.000000000
1403715335.877142906,-1.467633000,-0.383215000,1.529403000,0.000000000,0.000000000,0.000000000,1.000000000
1403715335.882143021,-1.469268000,-0.384683000,1.529248000,0.000000000,0.000000000,0.000000000,1.000000000
1403715335.887142897,-1.470904000,-0.386152000,1.529078000,0.000000000,0.000000000,0.000000000,1.000000000
1403715335.892143250,-1.472540000,-0.387620000,1.528889000,0.000000000,0.000000000,0.000000000,1.000000000
1403715335.897142887,-1.474173000,-0.389086000,1.528691000,0.000000000,0.000000000,0.000000000,1.000000000
1403715335.902143002,-1.475760000,-0.390533000,1.528513000,0.000000000,0.000000000,0.000000000,1.000000000
1403715335.907143354,-1.477388000,-0.392002000,1.528321000,0.000000000,0.000000000,0.000000000,1.000000000
1403715335.912143230,-1.479020000,-0.393477000,1.528127000,0.000000000,0.000000000,0.000000000,1.000000000
1403715335.917143106,-1.480653000,-0.394957000,1.527937000,0.000000000,0.000000000,0.000000000,1.000000000
1403715335.922142982,-1.482285000,-0.396437000,1.527764000,0.000000000,0.000000000,0.000000000,1.000000000
1403715335.927143335,-1.483915000,-0.397922000,1.527613000,0.000000000,0.000000000,0.000000000,1.000000000
1403715335.932142973,-1.485541000,-0.399418000,1.527481000,0.000000000,0.000000000,0.000000000,1.000000000
1403715335.937143087,-1.487167000,-0.400920000,1.527359000,0.000000000,0.000000000,0.000000000,1.000000000
1403715335.942142963,-1.488800000,-0.402420000,1.527235000,0.000000000,0.000000000,0.000000000,1.000000000
1403715335.947143316,-1.490442000,-0.403921000,1.527109000,0.000000000,0.000000000,0.000000000,1.000000000
1403715335.952142954,-1.492039000,-0.405407000,1.526997000,0.000000000,0.000000000,0.000000000,1.000000000
1403715335.957143068,-1.493675000,-0.406910000,1.526864000,0.000000000,0.000000000,0.000000000,1.000000000
1403715335.962142944,-1.495304000,-0.408417000,1.526728000,0.000000000,0.000000000,0.000000000,1.000000000
1403715335.967143297,-1.496933000,-0.409925000,1.526592000,0.000000000,0.000000000,0.000000000,1.000000000
1403715335.972142935,-1.498566000,-0.411433000,1.526454000,0.000000000,0.000000000,0.000000000,1.000000000
1403715335.977143049,-1.500206000,-0.412946000,1.526317000,0.000000000,0.000000000,0.000000000,1.000000000
1403715335.982143164,-1.501852000,-0.414462000,1.526181000,0.000000000,0.000000000,0.000000000,1.000000000
1403715335.987143040,-1.503501000,-0.415976000,1.526046000,0.000000000,0.000000000,0.000000000,1.000000000
1403715335.992142916,-1.505147000,-0.417489000,1.525912000,0.000000000,0.000000000,0.000000000,1.000000000
1403715335.997143030,-1.506788000,-0.419002000,1.525779000,0.000000000,0.000000000,0.000000000,1.000000000
1403715336.002143145,-1.508422000,-0.420515000,1.525643000,0.000000000,0.000000000,0.000000000,1.000000000
1403715336.007143021,-1.509993000,-0.422016000,1.525532000,0.000000000,0.000000000,0.000000000,1.000000000
1403715336.012142897,-1.511618000,-0.423532000,1.525397000,0.000000000,0.000000000,0.000000000,1.000000000
1403715336.017143011,-1.513249000,-0.425053000,1.525262000,0.000000000,0.000000000,0.000000000,1.000000000
1403715336.022143126,-1.514885000,-0.426578000,1.525132000,0.000000000,0.000000000,0.000000000,1.000000000
1403715336.027143002,-1.516523000,-0.428106000,1.525018000,0.000000000,0.000000000,0.000000000,1.000000000
1403715336.032143116,-1.518156000,-0.429631000,1.524921000,0.000000000,0.000000000,0.000000000,1.000000000
1403715336.037143230,-1.519779000,-0.431151000,1.524832000,0.000000000,0.000000000,0.000000000,1.000000000
1403715336.042143345,-1.521390000,-0.432676000,1.524747000,0.000000000,0.000000000,0.000000000,1.000000000
1403715336.047142982,-1.522995000,-0.434208000,1.524664000,0.000000000,0.000000000,0.000000000,1.000000000
1403715336.052143097,-1.524564000,-0.435723000,1.524573000,0.000000000,0.000000000,0.000000000,1.000000000
1403715336.057143211,-1.526177000,-0.437239000,1.524457000,0.000000000,0.000000000,0.000000000,1.000000000
1403715336.062143087,-1.527793000,-0.438756000,1.524344000,0.000000000,0.000000000,0.000000000,1.000000000
1403715336.067142963,-1.529408000,-0.440272000,1.524226000,0.000000000,0.000000000,0.000000000,1.000000000
1403715336.072143078,-1.531017000,-0.441786000,1.524096000,0.000000000,0.000000000,0.000000000,1.000000000
1403715336.077143192,-1.532622000,-0.443300000,1.523966000,0.000000000,0.000000000,0.000000000,1.000000000
1403715336.082143068,-1.534235000,-0.444815000,1.523848000,0.000000000,0.000000000,0.000000000,1.000000000
1403715336.087142944,-1.535852000,-0.446332000,1.523739000,0.000000000,0.000000000,0.000000000,1.000000000
1403715336.092143297,-1.537471000,-0.447851000,1.523638000,0.000000000,0.000000000,0.000000000,1.000000000
1403715336.097143173,-1.539087000,-0.449377000,1.523537000,0.000000000,0.000000000,0.000000000,1.000000000
1403715336.102143049,-1.540640000,-0.450906000,1.523453000,0.000000000,0.000000000,0.000000000,1.000000000
1403715336.107142925,-1.542241000,-0.452443000,1.523360000,0.000000000,0.000000000,0.000000000,1.000000000
1403715336.112143278,-1.543845000,-0.453971000,1.523258000,0.000000000,0.000000000,0.000000000,1.000000000
1403715336.117143154,-1.545447000,-0.455495000,1.523146000,0.000000000,0.000000000,0.000000000,1.000000000
1403715336.122143030,-1.547046000,-0.457022000,1.523028000,0.000000000,0.000000000,0.000000000,1.000000000
1403715336.127142906,-1.548644000,-0.458546000,1.522907000,0.000000000,0.000000000,0.000000000,1.000000000
1403715336.132143259,-1.550243000,-0.460060000,1.522781000,0.000000000,0.000000000,0.000000000,1.000000000
1403715336.137142897,-1.551844000,-0.461569000,1.522652000,0.000000000,0.000000000,0.000000000,1.000000000
1403715336.142143011,-1.553447000,-0.463077000,1.522529000,0.000000000,0.000000000,0.000000000,1.000000000
1403715336.147142887,-1.555054000,-0.464579000,1.522406000,0.000000000,0.000000000,0.000000000,1.000000000
1403715336.152143240,-1.556608000,-0.466064000,1.522277000,0.000000000,0.000000000,0.000000000,1.000000000
1403715336.157143116,-1.558208000,-0.467565000,1.522145000,0.000000000,0.000000000,0.000000000,1.000000000
1403715336.162142992,-1.559806000,-0.469062000,1.522012000,0.000000000,0.000000000,0.000000000,1.000000000
1403715336.167143345,-1.561401000,-0.470556000,1.521877000,0.000000000,0.000000000,0.000000000,1.000000000
1403715336.172143221,-1.562984000,-0.472048000,1.521745000,0.000000000,0.000000000,0.000000000,1.000000000
1403715336.177143097,-1.564559000,-0.473536000,1.521618000,0.000000000,0.000000000,0.000000000,1.000000000
1403715336.182142973,-1.566133000,-0.475028000,1.521496000,0.000000000,0.000000000,0.000000000,1.000000000
1403715336.187143326,-1.567708000,-0.476529000,1.521378000,0.000000000,0.000000000,0.000000000,1.000000000
1403715336.192142963,-1.569286000,-0.478027000,1.521260000,0.000000000,0.000000000,0.000000000,1.000000000
1403715336.197143078,-1.570863000,-0.479517000,1.521131000,0.000000000,0.000000000,0.000000000,1.000000000
1403715336.202142954,-1.572364000,-0.480975000,1.520995000,0.000000000,0.000000000,0.000000000,1.000000000
1403715336.207143307,-1.573912000,-0.482441000,1.520845000,0.000000000,0.000000000,0.000000000,1.000000000
1403715336.212142944,-1.575452000,-0.483894000,1.520686000,0.000000000,0.000000000,0.000000000,1.000000000
1403715336.217143059,-1.576996000,-0.485336000,1.520523000,0.000000000,0.000000000,0.000000000,1.000000000
1403715336.222143173,-1.578556000,-0.486768000,1.520350000,0.000000000,0.000000000,0.000000000,1.000000000
1403715336.227143288,-1.580135000,-0.488187000,1.520161000,0.000000000,0.000000000,0.000000000,1.000000000
1403715336.232142925,-1.581722000,-0.489592000,1.519955000,0.000000000,0.000000000,0.000000000,1.000000000
1403715336.237143040,-1.583303000,-0.490988000,1.519740000,0.000000000,0.000000000,0.000000000,1.000000000
1403715336.242143154,-1.584871000,-0.492375000,1.519527000,0.000000000,0.000000000,0.000000000,1.000000000
1403715336.247143030,-1.586431000,-0.493748000,1.519318000,0.000000000,0.000000000,0.000000000,1.000000000
1403715336.252142906,-1.587908000,-0.495094000,1.519108000,0.000000000,0.000000000,0.000000000,1.000000000
1403715336.257143021,-1.589440000,-0.496461000,1.518897000,0.000000000,0.000000000,0.000000000,1.000000000
1403715336.262143135,-1.590988000,-0.497829000,1.518681000,0.000000000,0.000000000,0.000000000,1.000000000
1403715336.267143011,-1.592555000,-0.499201000,1.518464000,0.000000000,0.000000000,0.000000000,1.000000000
1403715336.272142887,-1.594129000,-0.500571000,1.518251000,0.000000000,0.000000000,0.000000000,1.000000000
1403715336.277143240,-1.595704000,-0.501939000,1.518035000,0.000000000,0.000000000,0.000000000,1.000000000
1403715336.282143354,-1.597274000,-0.503298000,1.517822000,0.000000000,0.000000000,0.000000000,1.000000000
1403715336.287142992,-1.598842000,-0.504639000,1.517609000,0.000000000,0.000000000,0.000000000,1.000000000
1403715336.292143106,-1.600412000,-0.505966000,1.517388000,0.000000000,0.000000000,0.000000000,1.000000000
1403715336.297143221,-1.601993000,-0.507293000,1.517155000,0.000000000,0.000000000,0.000000000,1.000000000
1403715336.302143097,-1.603500000,-0.508592000,1.516918000,0.000000000,0.000000000,0.000000000,1.000000000
1403715336.307142973,-1.605076000,-0.509916000,1.516674000,0.000000000,0.000000000,0.000000000,1.000000000
1403715336.312143087,-1.606652000,-0.511237000,1.516425000,0.000000000,0.000000000,0.000000000,1.000000000
1403715336.317143202,-1.608224000,-0.512553000,1.516167000,0.000000000,0.000000000,0.000000000,1.000000000
1403715336.322143078,-1.609796000,-0.513869000,1.515910000,0.000000000,0.000000000,0.000000000,1.000000000
1403715336.327142954,-1.611376000,-0.515184000,1.515655000,0.000000000,0.000000000,0.000000000,1.000000000
1403715336.332143307,-1.612968000,-0.516496000,1.515395000,0.000000000,0.000000000,0.000000000,1.000000000
1403715336.337143183,-1.614570000,-0.517808000,1.515132000,0.000000000,0.000000000,0.000000000,1.000000000
1403715336.342143059,-1.616173000,-0.519118000,1.514873000,0.000000000,0.000000000,0.000000000,1.000000000
1403715336.347142935,-1.617771000,-0.520421000,1.514621000,0.000000000,0.000000000,0.000000000,1.000000000
1403715336.352143288,-1.619263000,-0.521678000,1.514385000,0.000000000,0.000000000,0.000000000,1.000000000
1403715336.357143164,-1.620823000,-0.522962000,1.514151000,0.000000000,0.000000000,0.000000000,1.000000000
1403715336.362143040,-1.622385000,-0.524250000,1.513923000,0.000000000,0.000000000,0.000000000,1.000000000
1403715336.367142916,-1.623959000,-0.525541000,1.513701000,0.000000000,0.000000000,0.000000000,1.000000000
1403715336.372143269,-1.625547000,-0.526827000,1.513482000,0.000000000,0.000000000,0.000000000,1.000000000
1403715336.377142906,-1.627142000,-0.528103000,1.513255000,0.000000000,0.000000000,0.000000000,1.000000000
1403715336.382143021,-1.628731000,-0.529370000,1.513032000,0.000000000,0.000000000,0.000000000,1.000000000
1403715336.387142897,-1.630305000,-0.530635000,1.512826000,0.000000000,0.000000000,0.000000000,1.000000000
1403715336.392143250,-1.631871000,-0.531899000,1.512635000,0.000000000,0.000000000,0.000000000,1.000000000
1403715336.397142887,-1.633439000,-0.533160000,1.512449000,0.000000000,0.000000000,0.000000000,1.000000000
1403715336.402143002,-1.634922000,-0.534381000,1.512259000,0.000000000,0.000000000,0.000000000,1.000000000
1403715336.407143354,-1.636499000,-0.535635000,1.512063000,0.000000000,0.000000000,0.000000000,1.000000000
1403715336.412143230,-1.638084000,-0.536894000,1.511874000,0.000000000,0.000000000,0.000000000,1.000000000
1403715336.417143106,-1.639665000,-0.538157000,1.511708000,0.000000000,0.000000000,0.000000000,1.000000000
1403715336.422142982,-1.641239000,-0.539416000,1.511565000,0.000000000,0.000000000,0.000000000,1.000000000
1403715336.427143335,-1.642807000,-0.540665000,1.511435000,0.000000000,0.000000000,0.000000000,1.000000000
1403715336.432142973,-1.644377000,-0.541921000,1.511311000,0.000000000,0.000000000,0.000000000,1.000000000
1403715336.437143087,-1.645951000,-0.543192000,1.511201000,0.000000000,0.000000000,0.000000000,1.000000000
1403715336.442142963,-1.647533000,-0.544464000,1.511092000,0.000000000,0.000000000,0.000000000,1.000000000
1403715336.447143316,-1.649116000,-0.545734000,1.510969000,0.000000000,0.000000000,0.000000000,1.000000000
1403715336.452142954,-1.650580000,-0.546955000,1.510834000,0.000000000,0.000000000,0.000000000,1.000000000
1403715336.457143068,-1.652121000,-0.548202000,1.510677000,0.000000000,0.000000000,0.000000000,1.000000000
1403715336.462142944,-1.653653000,-0.549444000,1.510516000,0.000000000,0.000000000,0.000000000,1.000000000
1403715336.467143297,-1.655179000,-0.550687000,1.510358000,0.000000000,0.000000000,0.000000000,1.000000000
1403715336.472142935,-1.656709000,-0.551934000,1.510208000,0.000000000,0.000000000,0.000000000,1.000000000
1403715336.477143049,-1.658242000,-0.553187000,1.510066000,0.000000000,0.000000000,0.000000000,1.000000000
1403715336.482143164,-1.659773000,-0.554440000,1.509928000,0.000000000,0.000000000,0.000000000,1.000000000
1403715336.487143040,-1.661299000,-0.555694000,1.509791000,0.000000000,0.000000000,0.000000000,1.000000000
1403715336.492142916,-1.662821000,-0.556947000,1.509665000,0.000000000,0.000000000,0.000000000,1.000000000
1403715336.497143030,-1.664341000,-0.558202000,1.509554000,0.000000000,0.000000000,0.000000000,1.000000000
1403715336.502143145,-1.665754000,-0.559417000,1.509468000,0.000000000,0.000000000,0.000000000,1.000000000
1403715336.507143021,-1.667260000,-0.560677000,1.509381000,0.000000000,0.000000000,0.000000000,1.000000000
1403715336.512142897,-1.668768000,-0.561934000,1.509289000,0.000000000,0.000000000,0.000000000,1.000000000
1403715336.517143011,-1.670280000,-0.563187000,1.509180000,0.000000000,0.000000000,0.000000000,1.000000000
1403715336.522143126,-1.671790000,-0.564444000,1.509074000,0.000000000,0.000000000,0.000000000,1.000000000
1403715336.527143002,-1.673295000,-0.565704000,1.508985000,0.000000000,0.000000000,0.000000000,1.000000000
1403715336.532143116,-1.674801000,-0.566966000,1.508911000,0.000000000,0.000000000,0.000000000,1.000000000
1403715336.537143230,-1.676310000,-0.568237000,1.508855000,0.000000000,0.000000000,0.000000000,1.000000000
1403715336.542143345,-1.677820000,-0.569509000,1.508810000,0.000000000,0.000000000,0.000000000,1.000000000
1403715336.547142982,-1.679332000,-0.570786000,1.508763000,0.000000000,0.000000000,0.000000000,1.000000000
1403715336.552143097,-1.680735000,-0.572020000,1.508720000,0.000000000,0.000000000,0.000000000,1.000000000
1403715336.557143211,-1.682224000,-0.573301000,1.508665000,0.000000000,0.000000000,0.000000000,1.000000000
1403715336.562143087,-1.683705000,-0.574577000,1.508595000,0.000000000,0.000000000,0.000000000,1.000000000
1403715336.567142963,-1.685172000,-0.575853000,1.508518000,0.000000000,0.000000000,0.000000000,1.000000000
1403715336.572143078,-1.686633000,-0.577127000,1.508444000,0.000000000,0.000000000,0.000000000,1.000000000
1403715336.577143192,-1.688105000,-0.578399000,1.508382000,0.000000000,0.000000000,0.000000000,1.000000000
1403715336.582143068,-1.689590000,-0.579671000,1.508334000,0.000000000,0.000000000,0.000000000,1.000000000
1403715336.587142944,-1.691086000,-0.580945000,1.508287000,0.000000000,0.000000000,0.000000000,1.000000000
1403715336.592143297,-1.692583000,-0.582225000,1.508236000,0.000000000,0.000000000,0.000000000,1.000000000
1403715336.597143173,-1.694064000,-0.583512000,1.508185000,0.000000000,0.000000000,0.000000000,1.000000000
1403715336.602143049,-1.695418000,-0.584737000,1.508147000,0.000000000,0.000000000,0.000000000,1.000000000
1403715336.607142925,-1.696852000,-0.586008000,1.508102000,0.000000000,0.000000000,0.000000000,1.000000000
1403715336.612143278,-1.698287000,-0.587280000,1.508062000,0.000000000,0.000000000,0.000000000,1.000000000
1403715336.617143154,-1.699729000,-0.588559000,1.508025000,0.000000000,0.000000000,0.000000000,1.000000000
1403715336.622143030,-1.701180000,-0.589846000,1.507989000,0.000000000,0.000000000,0.000000000,1.000000000
1403715336.627142906,-1.702636000,-0.591136000,1.507949000,0.000000000,0.000000000,0.000000000,1.000000000
1403715336.632143259,-1.704087000,-0.592424000,1.507897000,0.000000000,0.000000000,0.000000000,1.000000000
1403715336.637142897,-1.705527000,-0.593717000,1.507831000,0.000000000,0.000000000,0.000000000,1.000000000
1403715336.642143011,-1.706961000,-0.595015000,1.507758000,0.000000000,0.000000000,0.000000000,1.000000000
1403715336.647142887,-1.708396000,-0.596313000,1.507681000,0.000000000,0.000000000,0.000000000,1.000000000
1403715336.652143240,-1.709730000,-0.597551000,1.507617000,0.000000000,0.000000000,0.000000000,1.000000000
1403715336.657143116,-1.711158000,-0.598839000,1.507560000,0.000000000,0.000000000,0.000000000,1.000000000
1403715336.662142992,-1.712586000,-0.600125000,1.507503000,0.000000000,0.000000000,0.000000000,1.000000000
1403715336.667143345,-1.714010000,-0.601407000,1.507450000,0.000000000,0.000000000,0.000000000,1.000000000
1403715336.672143221,-1.715427000,-0.602687000,1.507405000,0.000000000,0.000000000,0.000000000,1.000000000
1403715336.677143097,-1.716839000,-0.603969000,1.507367000,0.000000000,0.000000000,0.000000000,1.000000000
1403715336.682142973,-1.718251000,-0.605255000,1.507331000,0.000000000,0.000000000,0.000000000,1.000000000
1403715336.687143326,-1.719665000,-0.606541000,1.507295000,0.000000000,0.000000000,0.000000000,1.000000000
1403715336.692142963,-1.721077000,-0.607831000,1.507250000,0.000000000,0.000000000,0.000000000,1.000000000
1403715336.697143078,-1.722488000,-0.609128000,1.507198000,0.000000000,0.000000000,0.000000000,1.000000000
1403715336.702142954,-1.723784000,-0.610363000,1.507136000,0.000000000,0.000000000,0.000000000,1.000000000
1403715336.707143307,-1.725163000,-0.611649000,1.507084000,0.000000000,0.000000000,0.000000000,1.000000000
1403715336.712142944,-1.726542000,-0.612936000,1.507043000,0.000000000,0.000000000,0.000000000,1.000000000
1403715336.717143059,-1.727922000,-0.614234000,1.507002000,0.000000000,0.000000000,0.000000000,1.000000000
1403715336.722143173,-1.729307000,-0.615545000,1.506968000,0.000000000,0.000000000,0.000000000,1.000000000
1403715336.727143288,-1.730695000,-0.616864000,1.506951000,0.000000000,0.000000000,0.000000000,1.000000000
1403715336.732142925,-1.732081000,-0.618185000,1.506940000,0.000000000,0.000000000,0.000000000,1.000000000
1403715336.737143040,-1.733470000,-0.619509000,1.506925000,0.000000000,0.000000000,0.000000000,1.000000000
1403715336.742143154,-1.734862000,-0.620833000,1.506914000,0.000000000,0.000000000,0.000000000,1.000000000
1403715336.747143030,-1.736254000,-0.622156000,1.506914000,0.000000000,0.000000000,0.000000000,1.000000000
1403715336.752142906,-1.737539000,-0.623415000,1.506925000,0.000000000,0.000000000,0.000000000,1.000000000
1403715336.757143021,-1.738902000,-0.624737000,1.506947000,0.000000000,0.000000000,0.000000000,1.000000000
1403715336.762143135,-1.740261000,-0.626069000,1.506972000,0.000000000,0.000000000,0.000000000,1.000000000
1403715336.767143011,-1.741619000,-0.627408000,1.507002000,0.000000000,0.000000000,0.000000000,1.000000000
1403715336.772142887,-1.742979000,-0.628753000,1.507038000,0.000000000,0.000000000,0.000000000,1.000000000
1403715336.777143240,-1.744343000,-0.630102000,1.507077000,0.000000000,0.000000000,0.000000000,1.000000000
1403715336.782143354,-1.745709000,-0.631454000,1.507117000,0.000000000,0.000000000,0.000000000,1.000000000
1403715336.787142992,-1.747072000,-0.632807000,1.507155000,0.000000000,0.000000000,0.000000000,1.000000000
1403715336.792143106,-1.748424000,-0.634161000,1.507198000,0.000000000,0.000000000,0.000000000,1.000000000
1403715336.797143221,-1.749764000,-0.635519000,1.507259000,0.000000000,0.000000000,0.000000000,1.000000000
1403715336.802143097,-1.750998000,-0.636813000,1.507316000,0.000000000,0.000000000,0.000000000,1.000000000
1403715336.807142973,-1.752318000,-0.638166000,1.507384000,0.000000000,0.000000000,0.000000000,1.000000000
1403715336.812143087,-1.753644000,-0.639527000,1.507455000,0.000000000,0.000000000,0.000000000,1.000000000
1403715336.817143202,-1.754972000,-0.640888000,1.507529000,0.000000000,0.000000000,0.000000000,1.000000000
1403715336.822143078,-1.756296000,-0.642249000,1.507606000,0.000000000,0.000000000,0.000000000,1.000000000
1403715336.827142954,-1.757611000,-0.643613000,1.507693000,0.000000000,0.000000000,0.000000000,1.000000000
1403715336.832143307,-1.758920000,-0.644980000,1.507788000,0.000000000,0.000000000,0.000000000,1.000000000
1403715336.837143183,-1.760228000,-0.646350000,1.507896000,0.000000000,0.000000000,0.000000000,1.000000000
1403715336.842143059,-1.761542000,-0.647719000,1.508018000,0.000000000,0.000000000,0.000000000,1.000000000
1403715336.847142935,-1.762860000,-0.649086000,1.508146000,0.000000000,0.000000000,0.000000000,1.000000000
1403715336.852143288,-1.764074000,-0.650395000,1.508261000,0.000000000,0.000000000,0.000000000,1.000000000
1403715336.857143164,-1.765357000,-0.651768000,1.508396000,0.000000000,0.000000000,0.000000000,1.000000000
1403715336.862143040,-1.766632000,-0.653148000,1.508535000,0.000000000,0.000000000,0.000000000,1.000000000
1403715336.867142916,-1.767899000,-0.654533000,1.508679000,0.000000000,0.000000000,0.000000000,1.000000000
1403715336.872143269,-1.769164000,-0.655924000,1.508824000,0.000000000,0.000000000,0.000000000,1.000000000
1403715336.877142906,-1.770426000,-0.657321000,1.508978000,0.000000000,0.000000000,0.000000000,1.000000000
1403715336.882143021,-1.771689000,-0.658718000,1.509143000,0.000000000,0.000000000,0.000000000,1.000000000
1403715336.887142897,-1.772950000,-0.660116000,1.509315000,0.000000000,0.000000000,0.000000000,1.000000000
1403715336.892143250,-1.774204000,-0.661516000,1.509492000,0.000000000,0.000000000,0.000000000,1.000000000
1403715336.897142887,-1.775454000,-0.662920000,1.509676000,0.000000000,0.000000000,0.000000000,1.000000000
1403715336.902143002,-1.776607000,-0.664268000,1.509841000,0.000000000,0.000000000,0.000000000,1.000000000
1403715336.907143354,-1.777830000,-0.665668000,1.510049000,0.000000000,0.000000000,0.000000000,1.000000000
1403715336.912143230,-1.779055000,-0.667071000,1.510268000,0.000000000,0.000000000,0.000000000,1.000000000
1403715336.917143106,-1.780286000,-0.668476000,1.510499000,0.000000000,0.000000000,0.000000000,1.000000000
1403715336.922142982,-1.781514000,-0.669880000,1.510744000,0.000000000,0.000000000,0.000000000,1.000000000
1403715336.927143335,-1.782733000,-0.671282000,1.511005000,0.000000000,0.000000000,0.000000000,1.000000000
1403715336.932142973,-1.783940000,-0.672691000,1.511273000,0.000000000,0.000000000,0.000000000,1.000000000
1403715336.937143087,-1.785139000,-0.674108000,1.511547000,0.000000000,0.000000000,0.000000000,1.000000000
1403715336.942142963,-1.786343000,-0.675529000,1.511825000,0.000000000,0.000000000,0.000000000,1.000000000
1403715336.947143316,-1.787560000,-0.676951000,1.512115000,0.000000000,0.000000000,0.000000000,1.000000000
1403715336.952142954,-1.788698000,-0.678312000,1.512383000,0.000000000,0.000000000,0.000000000,1.000000000
1403715336.957143068,-1.789908000,-0.679714000,1.512685000,0.000000000,0.000000000,0.000000000,1.000000000
1403715336.962142944,-1.791100000,-0.681126000,1.512998000,0.000000000,0.000000000,0.000000000,1.000000000
1403715336.967143297,-1.792270000,-0.682549000,1.513330000,0.000000000,0.000000000,0.000000000,1.000000000
1403715336.972142935,-1.793433000,-0.683971000,1.513675000,0.000000000,0.000000000,0.000000000,1.000000000
1403715336.977143049,-1.794595000,-0.685392000,1.514015000,0.000000000,0.000000000,0.000000000,1.000000000
1403715336.982143164,-1.795761000,-0.686812000,1.514355000,0.000000000,0.000000000,0.000000000,1.000000000
1403715336.987143040,-1.796929000,-0.688225000,1.514688000,0.000000000,0.000000000,0.000000000,1.000000000
1403715336.992142916,-1.798096000,-0.689636000,1.515016000,0.000000000,0.000000000,0.000000000,1.000000000
1403715336.997143030,-1.799253000,-0.691043000,1.515344000,0.000000000,0.000000000,0.000000000,1.000000000
1403715337.002143145,-1.800307000,-0.692400000,1.515639000,0.000000000,0.000000000,0.000000000,1.000000000
1403715337.007143021,-1.801420000,-0.693793000,1.515967000,0.000000000,0.000000000,0.000000000,1.000000000
1403715337.012142897,-1.802527000,-0.695181000,1.516308000,0.000000000,0.000000000,0.000000000,1.000000000
1403715337.017143011,-1.803631000,-0.696557000,1.516669000,0.000000000,0.000000000,0.000000000,1.000000000
1403715337.022143126,-1.804730000,-0.697935000,1.517055000,0.000000000,0.000000000,0.000000000,1.000000000
1403715337.027143002,-1.805820000,-0.699321000,1.517466000,0.000000000,0.000000000,0.000000000,1.000000000
1403715337.032143116,-1.806898000,-0.700708000,1.517879000,0.000000000,0.000000000,0.000000000,1.000000000
1403715337.037143230,-1.807959000,-0.702096000,1.518291000,0.000000000,0.000000000,0.000000000,1.000000000
1403715337.042143345,-1.809014000,-0.703483000,1.518711000,0.000000000,0.000000000,0.000000000,1.000000000
1403715337.047142982,-1.810072000,-0.704869000,1.519139000,0.000000000,0.000000000,0.000000000,1.000000000
1403715337.052143097,-1.811042000,-0.706205000,1.519551000,0.000000000,0.000000000,0.000000000,1.000000000
1403715337.057143211,-1.812082000,-0.707583000,1.519998000,0.000000000,0.000000000,0.000000000,1.000000000
1403715337.062143087,-1.813121000,-0.708961000,1.520453000,0.000000000,0.000000000,0.000000000,1.000000000
1403715337.067142963,-1.814157000,-0.710327000,1.520911000,0.000000000,0.000000000,0.000000000,1.000000000
1403715337.072143078,-1.815183000,-0.711676000,1.521361000,0.000000000,0.000000000,0.000000000,1.000000000
1403715337.077143192,-1.816194000,-0.713019000,1.521797000,0.000000000,0.000000000,0.000000000,1.000000000
1403715337.082143068,-1.817190000,-0.714357000,1.522227000,0.000000000,0.000000000,0.000000000,1.000000000
1403715337.087142944,-1.818175000,-0.715695000,1.522650000,0.000000000,0.000000000,0.000000000,1.000000000
1403715337.092143297,-1.819155000,-0.717038000,1.523072000,0.000000000,0.000000000,0.000000000,1.000000000
1403715337.097143173,-1.820133000,-0.718388000,1.523496000,0.000000000,0.000000000,0.000000000,1.000000000
1403715337.102143049,-1.821005000,-0.719693000,1.523893000,0.000000000,0.000000000,0.000000000,1.000000000
1403715337.107142925,-1.821937000,-0.721033000,1.524329000,0.000000000,0.000000000,0.000000000,1.000000000
1403715337.112143278,-1.822856000,-0.722373000,1.524775000,0.000000000,0.000000000,0.000000000,1.000000000
1403715337.117143154,-1.823762000,-0.723717000,1.525233000,0.000000000,0.000000000,0.000000000,1.000000000
1403715337.122143030,-1.824660000,-0.725053000,1.525708000,0.000000000,0.000000000,0.000000000,1.000000000
1403715337.127142906,-1.825560000,-0.726379000,1.526180000,0.000000000,0.000000000,0.000000000,1.000000000
1403715337.132143259,-1.826462000,-0.727707000,1.526642000,0.000000000,0.000000000,0.000000000,1.000000000
1403715337.137142897,-1.827358000,-0.729037000,1.527104000,0.000000000,0.000000000,0.000000000,1.000000000
1403715337.142143011,-1.828242000,-0.730365000,1.527562000,0.000000000,0.000000000,0.000000000,1.000000000
1403715337.147142887,-1.829113000,-0.731692000,1.528023000,0.000000000,0.000000000,0.000000000,1.000000000
1403715337.152143240,-1.829878000,-0.732972000,1.528479000,0.000000000,0.000000000,0.000000000,1.000000000
1403715337.157143116,-1.830718000,-0.734300000,1.528956000,0.000000000,0.000000000,0.000000000,1.000000000
1403715337.162142992,-1.831561000,-0.735635000,1.529424000,0.000000000,0.000000000,0.000000000,1.000000000
1403715337.167143345,-1.832402000,-0.736970000,1.529882000,0.000000000,0.000000000,0.000000000,1.000000000
1403715337.172143221,-1.833231000,-0.738310000,1.530335000,0.000000000,0.000000000,0.000000000,1.000000000
1403715337.177143097,-1.834042000,-0.739657000,1.530787000,0.000000000,0.000000000,0.000000000,1.000000000
1403715337.182142973,-1.834836000,-0.741007000,1.531240000,0.000000000,0.000000000,0.000000000,1.000000000
1403715337.187143326,-1.835621000,-0.742358000,1.531694000,0.000000000,0.000000000,0.000000000,1.000000000
1403715337.192142963,-1.836402000,-0.743709000,1.532152000,0.000000000,0.000000000,0.000000000,1.000000000
1403715337.197143078,-1.837180000,-0.745063000,1.532612000,0.000000000,0.000000000,0.000000000,1.000000000
1403715337.202142954,-1.837841000,-0.746364000,1.533062000,0.000000000,0.000000000,0.000000000,1.000000000
1403715337.207143307,-1.838577000,-0.747717000,1.533544000,0.000000000,0.000000000,0.000000000,1.000000000
1403715337.212142944,-1.839302000,-0.749076000,1.534031000,0.000000000,0.000000000,0.000000000,1.000000000
1403715337.217143059,-1.840019000,-0.750442000,1.534508000,0.000000000,0.000000000,0.000000000,1.000000000
1403715337.222143173,-1.840731000,-0.751815000,1.534970000,0.000000000,0.000000000,0.000000000,1.000000000
1403715337.227143288,-1.841434000,-0.753199000,1.535419000,0.000000000,0.000000000,0.000000000,1.000000000
1403715337.232142925,-1.842130000,-0.754592000,1.535860000,0.000000000,0.000000000,0.000000000,1.000000000
1403715337.237143040,-1.842819000,-0.755989000,1.536300000,0.000000000,0.000000000,0.000000000,1.000000000
1403715337.242143154,-1.843502000,-0.757394000,1.536746000,0.000000000,0.000000000,0.000000000,1.000000000
1403715337.247143030,-1.844181000,-0.758807000,1.537204000,0.000000000,0.000000000,0.000000000,1.000000000
1403715337.252142906,-1.844745000,-0.760153000,1.537664000,0.000000000,0.000000000,0.000000000,1.000000000
1403715337.257143021,-1.845397000,-0.761553000,1.538138000,0.000000000,0.000000000,0.000000000,1.000000000
1403715337.262143135,-1.846042000,-0.762959000,1.538617000,0.000000000,0.000000000,0.000000000,1.000000000
1403715337.267143011,-1.846677000,-0.764365000,1.539098000,0.000000000,0.000000000,0.000000000,1.000000000
1403715337.272142887,-1.847304000,-0.765774000,1.539571000,0.000000000,0.000000000,0.000000000,1.000000000
1403715337.277143240,-1.847922000,-0.767191000,1.540033000,0.000000000,0.000000000,0.000000000,1.000000000
1403715337.282143354,-1.848537000,-0.768617000,1.540477000,0.000000000,0.000000000,0.000000000,1.000000000
1403715337.287142992,-1.849154000,-0.770048000,1.540910000,0.000000000,0.000000000,0.000000000,1.000000000
1403715337.292143106,-1.849767000,-0.771487000,1.541347000,0.000000000,0.000000000,0.000000000,1.000000000
1403715337.297143221,-1.850372000,-0.772932000,1.541795000,0.000000000,0.000000000,0.000000000,1.000000000
1403715337.302143097,-1.850856000,-0.774311000,1.542237000,0.000000000,0.000000000,0.000000000,1.000000000
1403715337.307142973,-1.851427000,-0.775756000,1.542694000,0.000000000,0.000000000,0.000000000,1.000000000
1403715337.312143087,-1.852000000,-0.777210000,1.543151000,0.000000000,0.000000000,0.000000000,1.000000000
1403715337.317143202,-1.852575000,-0.778671000,1.543597000,0.000000000,0.000000000,0.000000000,1.000000000
1403715337.322143078,-1.853154000,-0.780136000,1.544032000,0.000000000,0.000000000,0.000000000,1.000000000
1403715337.327142954,-1.853735000,-0.781606000,1.544459000,0.000000000,0.000000000,0.000000000,1.000000000
1403715337.332143307,-1.854316000,-0.783081000,1.544881000,0.000000000,0.000000000,0.000000000,1.000000000
1403715337.337143183,-1.854898000,-0.784573000,1.545294000,0.000000000,0.000000000,0.000000000,1.000000000
1403715337.342143059,-1.855483000,-0.786081000,1.545699000,0.000000000,0.000000000,0.000000000,1.000000000
1403715337.347142935,-1.856066000,-0.787591000,1.546103000,0.000000000,0.000000000,0.000000000,1.000000000
1403715337.352143288,-1.856531000,-0.789019000,1.546509000,0.000000000,0.000000000,0.000000000,1.000000000
1403715337.357143164,-1.857089000,-0.790522000,1.546930000,0.000000000,0.000000000,0.000000000,1.000000000
1403715337.362143040,-1.857649000,-0.792038000,1.547362000,0.000000000,0.000000000,0.000000000,1.000000000
1403715337.367142916,-1.858213000,-0.793563000,1.547791000,0.000000000,0.000000000,0.000000000,1.000000000
1403715337.372143269,-1.858776000,-0.795100000,1.548218000,0.000000000,0.000000000,0.000000000,1.000000000
1403715337.377142906,-1.859338000,-0.796643000,1.548643000,0.000000000,0.000000000,0.000000000,1.000000000
1403715337.382143021,-1.859901000,-0.798193000,1.549052000,0.000000000,0.000000000,0.000000000,1.000000000
1403715337.387142897,-1.860471000,-0.799753000,1.549447000,0.000000000,0.000000000,0.000000000,1.000000000
1403715337.392143250,-1.861051000,-0.801321000,1.549834000,0.000000000,0.000000000,0.000000000,1.000000000
1403715337.397142887,-1.861642000,-0.802892000,1.550219000,0.000000000,0.000000000,0.000000000,1.000000000
1403715337.402143002,-1.862124000,-0.804387000,1.550607000,0.000000000,0.000000000,0.000000000,1.000000000
1403715337.407143354,-1.862698000,-0.805966000,1.551006000,0.000000000,0.000000000,0.000000000,1.000000000
1403715337.412143230,-1.863270000,-0.807559000,1.551420000,0.000000000,0.000000000,0.000000000,1.000000000
1403715337.417143106,-1.863841000,-0.809159000,1.551846000,0.000000000,0.000000000,0.000000000,1.000000000
1403715337.422142982,-1.864413000,-0.810768000,1.552277000,0.000000000,0.000000000,0.000000000,1.000000000
1403715337.427143335,-1.864990000,-0.812392000,1.552712000,0.000000000,0.000000000,0.000000000,1.000000000
1403715337.432142973,-1.865576000,-0.814031000,1.553150000,0.000000000,0.000000000,0.000000000,1.000000000
1403715337.437143087,-1.866171000,-0.815685000,1.553575000,0.000000000,0.000000000,0.000000000,1.000000000
1403715337.442142963,-1.866770000,-0.817343000,1.553985000,0.000000000,0.000000000,0.000000000,1.000000000
1403715337.447143316,-1.867370000,-0.818998000,1.554383000,0.000000000,0.000000000,0.000000000,1.000000000
1403715337.452142954,-1.867844000,-0.820558000,1.554778000,0.000000000,0.000000000,0.000000000,1.000000000
1403715337.457143068,-1.868405000,-0.822197000,1.555167000,0.000000000,0.000000000,0.000000000,1.000000000
1403715337.462142944,-1.868967000,-0.823844000,1.555548000,0.000000000,0.000000000,0.000000000,1.000000000
1403715337.467143297,-1.869538000,-0.825501000,1.555922000,0.000000000,0.000000000,0.000000000,1.000000000
1403715337.472142935,-1.870124000,-0.827166000,1.556291000,0.000000000,0.000000000,0.000000000,1.000000000
1403715337.477143049,-1.870721000,-0.828842000,1.556667000,0.000000000,0.000000000,0.000000000,1.000000000
1403715337.482143164,-1.871320000,-0.830531000,1.557051000,0.000000000,0.000000000,0.000000000,1.000000000
1403715337.487143040,-1.871918000,-0.832237000,1.557434000,0.000000000,0.000000000,0.000000000,1.000000000
1403715337.492142916,-1.872513000,-0.833960000,1.557814000,0.000000000,0.000000000,0.000000000,1.000000000
1403715337.497143030,-1.873109000,-0.835684000,1.558201000,0.000000000,0.000000000,0.000000000,1.000000000
1403715337.502143145,-1.873596000,-0.837312000,1.558596000,0.000000000,0.000000000,0.000000000,1.000000000
1403715337.507143021,-1.874199000,-0.839027000,1.558990000,0.000000000,0.000000000,0.000000000,1.000000000
1403715337.512142897,-1.874815000,-0.840755000,1.559393000,0.000000000,0.000000000,0.000000000,1.000000000
1403715337.517143011,-1.875439000,-0.842491000,1.559792000,0.000000000,0.000000000,0.000000000,1.000000000
1403715337.522143126,-1.876064000,-0.844237000,1.560181000,0.000000000,0.000000000,0.000000000,1.000000000
1403715337.527143002,-1.876688000,-0.845996000,1.560561000,0.000000000,0.000000000,0.000000000,1.000000000
1403715337.532143116,-1.877315000,-0.847767000,1.560928000,0.000000000,0.000000000,0.000000000,1.000000000
1403715337.537143230,-1.877950000,-0.849556000,1.561285000,0.000000000,0.000000000,0.000000000,1.000000000
1403715337.542143345,-1.878597000,-0.851362000,1.561638000,0.000000000,0.000000000,0.000000000,1.000000000
1403715337.547142982,-1.879256000,-0.853176000,1.561984000,0.000000000,0.000000000,0.000000000,1.000000000
1403715337.552143097,-1.879790000,-0.854889000,1.562330000,0.000000000,0.000000000,0.000000000,1.000000000
1403715337.557143211,-1.880437000,-0.856690000,1.562686000,0.000000000,0.000000000,0.000000000,1.000000000
1403715337.562143087,-1.881091000,-0.858502000,1.563052000,0.000000000,0.000000000,0.000000000,1.000000000
1403715337.567142963,-1.881750000,-0.860328000,1.563424000,0.000000000,0.000000000,0.000000000,1.000000000
1403715337.572143078,-1.882411000,-0.862170000,1.563809000,0.000000000,0.000000000,0.000000000,1.000000000
1403715337.577143192,-1.883079000,-0.864025000,1.564196000,0.000000000,0.000000000,0.000000000,1.000000000
1403715337.582143068,-1.883756000,-0.865894000,1.564580000,0.000000000,0.000000000,0.000000000,1.000000000
1403715337.587142944,-1.884437000,-0.867781000,1.564960000,0.000000000,0.000000000,0.000000000,1.000000000
1403715337.592143297,-1.885126000,-0.869681000,1.565336000,0.000000000,0.000000000,0.000000000,1.000000000
1403715337.597143173,-1.885823000,-0.871587000,1.565712000,0.000000000,0.000000000,0.000000000,1.000000000
1403715337.602143049,-1.886395000,-0.873398000,1.566085000,0.000000000,0.000000000,0.000000000,1.000000000
1403715337.607142925,-1.887089000,-0.875296000,1.566465000,0.000000000,0.000000000,0.000000000,1.000000000
1403715337.612143278,-1.887794000,-0.877207000,1.566856000,0.000000000,0.000000000,0.000000000,1.000000000
1403715337.617143154,-1.888510000,-0.879129000,1.567257000,0.000000000,0.000000000,0.000000000,1.000000000
1403715337.622143030,-1.889233000,-0.881056000,1.567663000,0.000000000,0.000000000,0.000000000,1.000000000
1403715337.627142906,-1.889960000,-0.882986000,1.568069000,0.000000000,0.000000000,0.000000000,1.000000000
1403715337.632143259,-1.890689000,-0.884917000,1.568468000,0.000000000,0.000000000,0.000000000,1.000000000
1403715337.637142897,-1.891418000,-0.886851000,1.568856000,0.000000000,0.000000000,0.000000000,1.000000000
1403715337.642143011,-1.892152000,-0.888797000,1.569236000,0.000000000,0.000000000,0.000000000,1.000000000
1403715337.647142887,-1.892897000,-0.890759000,1.569614000,0.000000000,0.000000000,0.000000000,1.000000000
1403715337.652143240,-1.893507000,-0.892629000,1.569984000,0.000000000,0.000000000,0.000000000,1.000000000
1403715337.657143116,-1.894235000,-0.894591000,1.570354000,0.000000000,0.000000000,0.000000000,1.000000000
1403715337.662142992,-1.894966000,-0.896561000,1.570718000,0.000000000,0.000000000,0.000000000,1.000000000
1403715337.667143345,-1.895701000,-0.898534000,1.571064000,0.000000000,0.000000000,0.000000000,1.000000000
1403715337.672143221,-1.896440000,-0.900506000,1.571394000,0.000000000,0.000000000,0.000000000,1.000000000
1403715337.677143097,-1.897181000,-0.902479000,1.571702000,0.000000000,0.000000000,0.000000000,1.000000000
1403715337.682142973,-1.897926000,-0.904459000,1.571998000,0.000000000,0.000000000,0.000000000,1.000000000
1403715337.687143326,-1.898680000,-0.906446000,1.572296000,0.000000000,0.000000000,0.000000000,1.000000000
1403715337.692142963,-1.899443000,-0.908438000,1.572602000,0.000000000,0.000000000,0.000000000,1.000000000
1403715337.697143078,-1.900216000,-0.910440000,1.572919000,0.000000000,0.000000000,0.000000000,1.000000000
1403715337.702142954,-1.900861000,-0.912347000,1.573236000,0.000000000,0.000000000,0.000000000,1.000000000
1403715337.707143307,-1.901630000,-0.914343000,1.573565000,0.000000000,0.000000000,0.000000000,1.000000000
1403715337.712142944,-1.902399000,-0.916343000,1.573885000,0.000000000,0.000000000,0.000000000,1.000000000
1403715337.717143059,-1.903160000,-0.918349000,1.574205000,0.000000000,0.000000000,0.000000000,1.000000000
1403715337.722143173,-1.903926000,-0.920361000,1.574530000,0.000000000,0.000000000,0.000000000,1.000000000
1403715337.727143288,-1.904702000,-0.922377000,1.574854000,0.000000000,0.000000000,0.000000000,1.000000000
1403715337.732142925,-1.905490000,-0.924402000,1.575168000,0.000000000,0.000000000,0.000000000,1.000000000
1403715337.737143040,-1.906285000,-0.926436000,1.575484000,0.000000000,0.000000000,0.000000000,1.000000000
1403715337.742143154,-1.907082000,-0.928479000,1.575814000,0.000000000,0.000000000,0.000000000,1.000000000
1403715337.747143030,-1.907876000,-0.930530000,1.576154000,0.000000000,0.000000000,0.000000000,1.000000000
1403715337.752142906,-1.908524000,-0.932485000,1.576481000,0.000000000,0.000000000,0.000000000,1.000000000
1403715337.757143021,-1.909294000,-0.934526000,1.576820000,0.000000000,0.000000000,0.000000000,1.000000000
1403715337.762143135,-1.910077000,-0.936575000,1.577150000,0.000000000,0.000000000,0.000000000,1.000000000
1403715337.767143011,-1.910874000,-0.938631000,1.577475000,0.000000000,0.000000000,0.000000000,1.000000000
1403715337.772142887,-1.911678000,-0.940695000,1.577798000,0.000000000,0.000000000,0.000000000,1.000000000
1403715337.777143240,-1.912485000,-0.942765000,1.578124000,0.000000000,0.000000000,0.000000000,1.000000000
1403715337.782143354,-1.913294000,-0.944840000,1.578453000,0.000000000,0.000000000,0.000000000,1.000000000
1403715337.787142992,-1.914102000,-0.946919000,1.578786000,0.000000000,0.000000000,0.000000000,1.000000000
1403715337.792143106,-1.914910000,-0.949003000,1.579119000,0.000000000,0.000000000,0.000000000,1.000000000
1403715337.797143221,-1.915718000,-0.951093000,1.579450000,0.000000000,0.000000000,0.000000000,1.000000000
1403715337.802143097,-1.916388000,-0.953094000,1.579750000,0.000000000,0.000000000,0.000000000,1.000000000
1403715337.807142973,-1.917187000,-0.955176000,1.580069000,0.000000000,0.000000000,0.000000000,1.000000000
1403715337.812143087,-1.917997000,-0.957263000,1.580385000,0.000000000,0.000000000,0.000000000,1.000000000
1403715337.817143202,-1.918813000,-0.959350000,1.580697000,0.000000000,0.000000000,0.000000000,1.000000000
1403715337.822143078,-1.919637000,-0.961437000,1.581017000,0.000000000,0.000000000,0.000000000,1.000000000
1403715337.827142954,-1.920464000,-0.963526000,1.581341000,0.000000000,0.000000000,0.000000000,1.000000000
1403715337.832143307,-1.921289000,-0.965620000,1.581675000,0.000000000,0.000000000,0.000000000,1.000000000
1403715337.837143183,-1.922113000,-0.967721000,1.582020000,0.000000000,0.000000000,0.000000000,1.000000000
1403715337.842143059,-1.922942000,-0.969830000,1.582368000,0.000000000,0.000000000,0.000000000,1.000000000
1403715337.847142935,-1.923781000,-0.971952000,1.582704000,0.000000000,0.000000000,0.000000000,1.000000000
1403715337.852143288,-1.924493000,-0.973996000,1.582990000,0.000000000,0.000000000,0.000000000,1.000000000
1403715337.857143164,-1.925318000,-0.976119000,1.583308000,0.000000000,0.000000000,0.000000000,1.000000000
1403715337.862143040,-1.926142000,-0.978248000,1.583634000,0.000000000,0.000000000,0.000000000,1.000000000
1403715337.867142916,-1.926962000,-0.980376000,1.583966000,0.000000000,0.000000000,0.000000000,1.000000000
1403715337.872143269,-1.927775000,-0.982506000,1.584301000,0.000000000,0.000000000,0.000000000,1.000000000
1403715337.877142906,-1.928584000,-0.984643000,1.584650000,0.000000000,0.000000000,0.000000000,1.000000000
1403715337.882143021,-1.929398000,-0.986787000,1.584997000,0.000000000,0.000000000,0.000000000,1.000000000
1403715337.887142897,-1.930217000,-0.988936000,1.585340000,0.000000000,0.000000000,0.000000000,1.000000000
1403715337.892143250,-1.931040000,-0.991093000,1.585684000,0.000000000,0.000000000,0.000000000,1.000000000
1403715337.897142887,-1.931864000,-0.993249000,1.586021000,0.000000000,0.000000000,0.000000000,1.000000000
1403715337.902143002,-1.932555000,-0.995315000,1.586311000,0.000000000,0.000000000,0.000000000,1.000000000
1403715337.907143354,-1.933354000,-0.997447000,1.586642000,0.000000000,0.000000000,0.000000000,1.000000000
1403715337.912143230,-1.934149000,-0.999581000,1.586985000,0.000000000,0.000000000,0.000000000,1.000000000
1403715337.917143106,-1.934944000,-1.001718000,1.587337000,0.000000000,0.000000000,0.000000000,1.000000000
1403715337.922142982,-1.935743000,-1.003863000,1.587691000,0.000000000,0.000000000,0.000000000,1.000000000
1403715337.927143335,-1.936553000,-1.006020000,1.588041000,0.000000000,0.000000000,0.000000000,1.000000000
1403715337.932142973,-1.937374000,-1.008190000,1.588392000,0.000000000,0.000000000,0.000000000,1.000000000
1403715337.937143087,-1.938200000,-1.010371000,1.588741000,0.000000000,0.000000000,0.000000000,1.000000000
1403715337.942142963,-1.939024000,-1.012561000,1.589090000,0.000000000,0.000000000,0.000000000,1.000000000
1403715337.947143316,-1.939842000,-1.014749000,1.589446000,0.000000000,0.000000000,0.000000000,1.000000000
1403715337.952142954,-1.940525000,-1.016855000,1.589751000,0.000000000,0.000000000,0.000000000,1.000000000
1403715337.957143068,-1.941311000,-1.019016000,1.590088000,0.000000000,0.000000000,0.000000000,1.000000000
1403715337.962142944,-1.942096000,-1.021174000,1.590430000,0.000000000,0.000000000,0.000000000,1.000000000
1403715337.967143297,-1.942885000,-1.023330000,1.590780000,0.000000000,0.000000000,0.000000000,1.000000000
1403715337.972142935,-1.943678000,-1.025482000,1.591132000,0.000000000,0.000000000,0.000000000,1.000000000
1403715337.977143049,-1.944474000,-1.027630000,1.591481000,0.000000000,0.000000000,0.000000000,1.000000000
1403715337.982143164,-1.945277000,-1.029772000,1.591833000,0.000000000,0.000000000,0.000000000,1.000000000
1403715337.987143040,-1.946087000,-1.031914000,1.592194000,0.000000000,0.000000000,0.000000000,1.000000000
1403715337.992142916,-1.946904000,-1.034057000,1.592564000,0.000000000,0.000000000,0.000000000,1.000000000
1403715337.997143030,-1.947725000,-1.036205000,1.592935000,0.000000000,0.000000000,0.000000000,1.000000000
1403715338.002143145,-1.948420000,-1.038288000,1.593247000,0.000000000,0.000000000,0.000000000,1.000000000
1403715338.007143021,-1.949221000,-1.040422000,1.593582000,0.000000000,0.000000000,0.000000000,1.000000000
1403715338.012142897,-1.950023000,-1.042553000,1.593911000,0.000000000,0.000000000,0.000000000,1.000000000
1403715338.017143011,-1.950823000,-1.044681000,1.594238000,0.000000000,0.000000000,0.000000000,1.000000000
1403715338.022143126,-1.951620000,-1.046816000,1.594564000,0.000000000,0.000000000,0.000000000,1.000000000
1403715338.027143002,-1.952417000,-1.048957000,1.594891000,0.000000000,0.000000000,0.000000000,1.000000000
1403715338.032143116,-1.953224000,-1.051103000,1.595219000,0.000000000,0.000000000,0.000000000,1.000000000
1403715338.037143230,-1.954048000,-1.053252000,1.595553000,0.000000000,0.000000000,0.000000000,1.000000000
1403715338.042143345,-1.954880000,-1.055400000,1.595893000,0.000000000,0.000000000,0.000000000,1.000000000
1403715338.047142982,-1.955717000,-1.057546000,1.596238000,0.000000000,0.000000000,0.000000000,1.000000000
1403715338.052143097,-1.956426000,-1.059628000,1.596554000,0.000000000,0.000000000,0.000000000,1.000000000
1403715338.057143211,-1.957242000,-1.061758000,1.596907000,0.000000000,0.000000000,0.000000000,1.000000000
1403715338.062143087,-1.958062000,-1.063885000,1.597263000,0.000000000,0.000000000,0.000000000,1.000000000
1403715338.067142963,-1.958884000,-1.066009000,1.597616000,0.000000000,0.000000000,0.000000000,1.000000000
1403715338.072143078,-1.959701000,-1.068135000,1.597964000,0.000000000,0.000000000,0.000000000,1.000000000
1403715338.077143192,-1.960512000,-1.070262000,1.598297000,0.000000000,0.000000000,0.000000000,1.000000000
1403715338.082143068,-1.961324000,-1.072383000,1.598619000,0.000000000,0.000000000,0.000000000,1.000000000
1403715338.087142944,-1.962139000,-1.074494000,1.598940000,0.000000000,0.000000000,0.000000000,1.000000000
1403715338.092143297,-1.962961000,-1.076609000,1.599271000,0.000000000,0.000000000,0.000000000,1.000000000
1403715338.097143173,-1.963791000,-1.078733000,1.599621000,0.000000000,0.000000000,0.000000000,1.000000000
1403715338.102143049,-1.964493000,-1.080808000,1.599942000,0.000000000,0.000000000,0.000000000,1.000000000
1403715338.107142925,-1.965291000,-1.082927000,1.600306000,0.000000000,0.000000000,0.000000000,1.000000000
1403715338.112143278,-1.966079000,-1.085052000,1.600675000,0.000000000,0.000000000,0.000000000,1.000000000
1403715338.117143154,-1.966861000,-1.087177000,1.601042000,0.000000000,0.000000000,0.000000000,1.000000000
1403715338.122143030,-1.967647000,-1.089297000,1.601395000,0.000000000,0.000000000,0.000000000,1.000000000
1403715338.127142906,-1.968443000,-1.091417000,1.601735000,0.000000000,0.000000000,0.000000000,1.000000000
1403715338.132143259,-1.969253000,-1.093545000,1.602056000,0.000000000,0.000000000,0.000000000,1.000000000
1403715338.137142897,-1.970071000,-1.095674000,1.602362000,0.000000000,0.000000000,0.000000000,1.000000000
1403715338.142143011,-1.970887000,-1.097794000,1.602652000,0.000000000,0.000000000,0.000000000,1.000000000
1403715338.147142887,-1.971700000,-1.099908000,1.602933000,0.000000000,0.000000000,0.000000000,1.000000000
1403715338.152143240,-1.972380000,-1.101973000,1.603178000,0.000000000,0.000000000,0.000000000,1.000000000
1403715338.157143116,-1.973164000,-1.104091000,1.603449000,0.000000000,0.000000000,0.000000000,1.000000000
1403715338.162142992,-1.973954000,-1.106218000,1.603715000,0.000000000,0.000000000,0.000000000,1.000000000
1403715338.167143345,-1.974751000,-1.108349000,1.603967000,0.000000000,0.000000000,0.000000000,1.000000000
1403715338.172143221,-1.975552000,-1.110479000,1.604211000,0.000000000,0.000000000,0.000000000,1.000000000
1403715338.177143097,-1.976352000,-1.112605000,1.604454000,0.000000000,0.000000000,0.000000000,1.000000000
1403715338.182142973,-1.977145000,-1.114730000,1.604702000,0.000000000,0.000000000,0.000000000,1.000000000
1403715338.187143326,-1.977929000,-1.116860000,1.604961000,0.000000000,0.000000000,0.000000000,1.000000000
1403715338.192142963,-1.978701000,-1.118986000,1.605219000,0.000000000,0.000000000,0.000000000,1.000000000
1403715338.197143078,-1.979466000,-1.121105000,1.605463000,0.000000000,0.000000000,0.000000000,1.000000000
1403715338.202142954,-1.980096000,-1.123162000,1.605673000,0.000000000,0.000000000,0.000000000,1.000000000
1403715338.207143307,-1.980829000,-1.125251000,1.605896000,0.000000000,0.000000000,0.000000000,1.000000000
1403715338.212142944,-1.981568000,-1.127338000,1.606115000,0.000000000,0.000000000,0.000000000,1.000000000
1403715338.217143059,-1.982310000,-1.129428000,1.606334000,0.000000000,0.000000000,0.000000000,1.000000000
1403715338.222143173,-1.983053000,-1.131525000,1.606548000,0.000000000,0.000000000,0.000000000,1.000000000
1403715338.227143288,-1.983793000,-1.133632000,1.606749000,0.000000000,0.000000000,0.000000000,1.000000000
1403715338.232142925,-1.984530000,-1.135747000,1.606940000,0.000000000,0.000000000,0.000000000,1.000000000
1403715338.237143040,-1.985262000,-1.137858000,1.607129000,0.000000000,0.000000000,0.000000000,1.000000000
1403715338.242143154,-1.985990000,-1.139966000,1.607327000,0.000000000,0.000000000,0.000000000,1.000000000
1403715338.247143030,-1.986719000,-1.142080000,1.607543000,0.000000000,0.000000000,0.000000000,1.000000000
1403715338.252142906,-1.987316000,-1.144152000,1.607777000,0.000000000,0.000000000,0.000000000,1.000000000
1403715338.257143021,-1.988021000,-1.146276000,1.608029000,0.000000000,0.000000000,0.000000000,1.000000000
1403715338.262143135,-1.988731000,-1.148407000,1.608273000,0.000000000,0.000000000,0.000000000,1.000000000
1403715338.267143011,-1.989445000,-1.150538000,1.608494000,0.000000000,0.000000000,0.000000000,1.000000000
1403715338.272142887,-1.990161000,-1.152668000,1.608688000,0.000000000,0.000000000,0.000000000,1.000000000
1403715338.277143240,-1.990879000,-1.154792000,1.608861000,0.000000000,0.000000000,0.000000000,1.000000000
1403715338.282143354,-1.991596000,-1.156913000,1.609015000,0.000000000,0.000000000,0.000000000,1.000000000
1403715338.287142992,-1.992311000,-1.159035000,1.609172000,0.000000000,0.000000000,0.000000000,1.000000000
1403715338.292143106,-1.993024000,-1.161155000,1.609348000,0.000000000,0.000000000,0.000000000,1.000000000
1403715338.297143221,-1.993739000,-1.163276000,1.609547000,0.000000000,0.000000000,0.000000000,1.000000000
1403715338.302143097,-1.994318000,-1.165337000,1.609761000,0.000000000,0.000000000,0.000000000,1.000000000
1403715338.307142973,-1.995013000,-1.167450000,1.609992000,0.000000000,0.000000000,0.000000000,1.000000000
1403715338.312143087,-1.995715000,-1.169564000,1.610227000,0.000000000,0.000000000,0.000000000,1.000000000
1403715338.317143202,-1.996417000,-1.171674000,1.610453000,0.000000000,0.000000000,0.000000000,1.000000000
1403715338.322143078,-1.997115000,-1.173779000,1.610674000,0.000000000,0.000000000,0.000000000,1.000000000
1403715338.327142954,-1.997811000,-1.175880000,1.610898000,0.000000000,0.000000000,0.000000000,1.000000000
1403715338.332143307,-1.998506000,-1.177986000,1.611126000,0.000000000,0.000000000,0.000000000,1.000000000
1403715338.337143183,-1.999201000,-1.180104000,1.611355000,0.000000000,0.000000000,0.000000000,1.000000000
1403715338.342143059,-1.999901000,-1.182232000,1.611572000,0.000000000,0.000000000,0.000000000,1.000000000
1403715338.347142935,-2.000610000,-1.184364000,1.611781000,0.000000000,0.000000000,0.000000000,1.000000000
1403715338.352143288,-2.001176000,-1.186427000,1.612004000,0.000000000,0.000000000,0.000000000,1.000000000
1403715338.357143164,-2.001858000,-1.188551000,1.612230000,0.000000000,0.000000000,0.000000000,1.000000000
1403715338.362143040,-2.002540000,-1.190676000,1.612471000,0.000000000,0.000000000,0.000000000,1.000000000
1403715338.367142916,-2.003217000,-1.192805000,1.612730000,0.000000000,0.000000000,0.000000000,1.000000000
1403715338.372143269,-2.003897000,-1.194943000,1.613000000,0.000000000,0.000000000,0.000000000,1.000000000
1403715338.377142906,-2.004589000,-1.197087000,1.613271000,0.000000000,0.000000000,0.000000000,1.000000000
1403715338.382143021,-2.005299000,-1.199236000,1.613536000,0.000000000,0.000000000,0.000000000,1.000000000
1403715338.387142897,-2.006021000,-1.201390000,1.613792000,0.000000000,0.000000000,0.000000000,1.000000000
1403715338.392143250,-2.006750000,-1.203544000,1.614052000,0.000000000,0.000000000,0.000000000,1.000000000
1403715338.397142887,-2.007482000,-1.205692000,1.614322000,0.000000000,0.000000000,0.000000000,1.000000000
1403715338.402143002,-2.008058000,-1.207754000,1.614629000,0.000000000,0.000000000,0.000000000,1.000000000
1403715338.407143354,-2.008750000,-1.209883000,1.614928000,0.000000000,0.000000000,0.000000000,1.000000000
1403715338.412143230,-2.009455000,-1.212023000,1.615223000,0.000000000,0.000000000,0.000000000,1.000000000
1403715338.417143106,-2.010182000,-1.214172000,1.615516000,0.000000000,0.000000000,0.000000000,1.000000000
1403715338.422142982,-2.010926000,-1.216323000,1.615806000,0.000000000,0.000000000,0.000000000,1.000000000
1403715338.427143335,-2.011684000,-1.218478000,1.616088000,0.000000000,0.000000000,0.000000000,1.000000000
1403715338.432142973,-2.012444000,-1.220638000,1.616374000,0.000000000,0.000000000,0.000000000,1.000000000
1403715338.437143087,-2.013200000,-1.222800000,1.616671000,0.000000000,0.000000000,0.000000000,1.000000000
1403715338.442142963,-2.013959000,-1.224960000,1.616979000,0.000000000,0.000000000,0.000000000,1.000000000
1403715338.447143316,-2.014729000,-1.227121000,1.617285000,0.000000000,0.000000000,0.000000000,1.000000000
1403715338.452142954,-2.015361000,-1.229202000,1.617619000,0.000000000,0.000000000,0.000000000,1.000000000
1403715338.457143068,-2.016119000,-1.231368000,1.617916000,0.000000000,0.000000000,0.000000000,1.000000000
1403715338.462142944,-2.016875000,-1.233541000,1.618206000,0.000000000,0.000000000,0.000000000,1.000000000
1403715338.467143297,-2.017619000,-1.235715000,1.618495000,0.000000000,0.000000000,0.000000000,1.000000000
1403715338.472142935,-2.018369000,-1.237892000,1.618792000,0.000000000,0.000000000,0.000000000,1.000000000
1403715338.477143049,-2.019132000,-1.240070000,1.619092000,0.000000000,0.000000000,0.000000000,1.000000000
1403715338.482143164,-2.019902000,-1.242251000,1.619394000,0.000000000,0.000000000,0.000000000,1.000000000
1403715338.487143040,-2.020677000,-1.244438000,1.619692000,0.000000000,0.000000000,0.000000000,1.000000000
1403715338.492142916,-2.021457000,-1.246634000,1.619982000,0.000000000,0.000000000,0.000000000,1.000000000
1403715338.497143030,-2.022246000,-1.248834000,1.620280000,0.000000000,0.000000000,0.000000000,1.000000000
1403715338.502143145,-2.022889000,-1.250943000,1.620638000,0.000000000,0.000000000,0.000000000,1.000000000
1403715338.507143021,-2.023663000,-1.253134000,1.620957000,0.000000000,0.000000000,0.000000000,1.000000000
1403715338.512142897,-2.024441000,-1.255333000,1.621286000,0.000000000,0.000000000,0.000000000,1.000000000
1403715338.517143011,-2.025223000,-1.257551000,1.621626000,0.000000000,0.000000000,0.000000000,1.000000000
1403715338.522143126,-2.026014000,-1.259790000,1.621983000,0.000000000,0.000000000,0.000000000,1.000000000
1403715338.527143002,-2.026812000,-1.262040000,1.622346000,0.000000000,0.000000000,0.000000000,1.000000000
1403715338.532143116,-2.027619000,-1.264294000,1.622708000,0.000000000,0.000000000,0.000000000,1.000000000
1403715338.537143230,-2.028431000,-1.266549000,1.623073000,0.000000000,0.000000000,0.000000000,1.000000000
1403715338.542143345,-2.029248000,-1.268805000,1.623436000,0.000000000,0.000000000,0.000000000,1.000000000
1403715338.547142982,-2.030062000,-1.271056000,1.623801000,0.000000000,0.000000000,0.000000000,1.000000000
1403715338.552143097,-2.030730000,-1.273208000,1.624240000,0.000000000,0.000000000,0.000000000,1.000000000
1403715338.557143211,-2.031522000,-1.275438000,1.624653000,0.000000000,0.000000000,0.000000000,1.000000000
1403715338.562143087,-2.032327000,-1.277671000,1.625075000,0.000000000,0.000000000,0.000000000,1.000000000
1403715338.567142963,-2.033149000,-1.279910000,1.625500000,0.000000000,0.000000000,0.000000000,1.000000000
1403715338.572143078,-2.033978000,-1.282158000,1.625925000,0.000000000,0.000000000,0.000000000,1.000000000
1403715338.577143192,-2.034804000,-1.284407000,1.626356000,0.000000000,0.000000000,0.000000000,1.000000000
1403715338.582143068,-2.035625000,-1.286659000,1.626791000,0.000000000,0.000000000,0.000000000,1.000000000
1403715338.587142944,-2.036454000,-1.288916000,1.627222000,0.000000000,0.000000000,0.000000000,1.000000000
1403715338.592143297,-2.037300000,-1.291179000,1.627657000,0.000000000,0.000000000,0.000000000,1.000000000
1403715338.597143173,-2.038166000,-1.293452000,1.628102000,0.000000000,0.000000000,0.000000000,1.000000000
1403715338.602143049,-2.038918000,-1.295638000,1.628609000,0.000000000,0.000000000,0.000000000,1.000000000
1403715338.607142925,-2.039785000,-1.297908000,1.629090000,0.000000000,0.000000000,0.000000000,1.000000000
1403715338.612143278,-2.040656000,-1.300183000,1.629574000,0.000000000,0.000000000,0.000000000,1.000000000
1403715338.617143154,-2.041515000,-1.302463000,1.630055000,0.000000000,0.000000000,0.000000000,1.000000000
1403715338.622143030,-2.042366000,-1.304752000,1.630540000,0.000000000,0.000000000,0.000000000,1.000000000
1403715338.627142906,-2.043221000,-1.307044000,1.631023000,0.000000000,0.000000000,0.000000000,1.000000000
1403715338.632143259,-2.044087000,-1.309345000,1.631490000,0.000000000,0.000000000,0.000000000,1.000000000
1403715338.637142897,-2.044967000,-1.311660000,1.631949000,0.000000000,0.000000000,0.000000000,1.000000000
1403715338.642143011,-2.045863000,-1.313975000,1.632401000,0.000000000,0.000000000,0.000000000,1.000000000
1403715338.647142887,-2.046761000,-1.316281000,1.632861000,0.000000000,0.000000000,0.000000000,1.000000000
1403715338.652143240,-2.047534000,-1.318489000,1.633387000,0.000000000,0.000000000,0.000000000,1.000000000
1403715338.657143116,-2.048400000,-1.320769000,1.633884000,0.000000000,0.000000000,0.000000000,1.000000000
1403715338.662142992,-2.049276000,-1.323045000,1.634386000,0.000000000,0.000000000,0.000000000,1.000000000
1403715338.667143345,-2.050176000,-1.325330000,1.634886000,0.000000000,0.000000000,0.000000000,1.000000000
1403715338.672143221,-2.051104000,-1.327627000,1.635381000,0.000000000,0.000000000,0.000000000,1.000000000
1403715338.677143097,-2.052050000,-1.329937000,1.635870000,0.000000000,0.000000000,0.000000000,1.000000000
1403715338.682142973,-2.052990000,-1.332260000,1.636365000,0.000000000,0.000000000,0.000000000,1.000000000
1403715338.687143326,-2.053905000,-1.334577000,1.636865000,0.000000000,0.000000000,0.000000000,1.000000000
1403715338.692142963,-2.054808000,-1.336881000,1.637354000,0.000000000,0.000000000,0.000000000,1.000000000
1403715338.697143078,-2.055718000,-1.339180000,1.637834000,0.000000000,0.000000000,0.000000000,1.000000000
1403715338.702142954,-2.056540000,-1.341394000,1.638355000,0.000000000,0.000000000,0.000000000,1.000000000
1403715338.707143307,-2.057475000,-1.343684000,1.638844000,0.000000000,0.000000000,0.000000000,1.000000000
1403715338.712142944,-2.058427000,-1.345978000,1.639328000,0.000000000,0.000000000,0.000000000,1.000000000
1403715338.717143059,-2.059386000,-1.348268000,1.639801000,0.000000000,0.000000000,0.000000000,1.000000000
1403715338.722143173,-2.060343000,-1.350548000,1.640268000,0.000000000,0.000000000,0.000000000,1.000000000
1403715338.727143288,-2.061293000,-1.352829000,1.640733000,0.000000000,0.000000000,0.000000000,1.000000000
1403715338.732142925,-2.062237000,-1.355116000,1.641204000,0.000000000,0.000000000,0.000000000,1.000000000
1403715338.737143040,-2.063193000,-1.357405000,1.641673000,0.000000000,0.000000000,0.000000000,1.000000000
1403715338.742143154,-2.064170000,-1.359697000,1.642129000,0.000000000,0.000000000,0.000000000,1.000000000
1403715338.747143030,-2.065158000,-1.361993000,1.642589000,0.000000000,0.000000000,0.000000000,1.000000000
1403715338.752142906,-2.066046000,-1.364200000,1.643096000,0.000000000,0.000000000,0.000000000,1.000000000
1403715338.757143021,-2.067028000,-1.366465000,1.643573000,0.000000000,0.000000000,0.000000000,1.000000000
1403715338.762143135,-2.068012000,-1.368729000,1.644051000,0.000000000,0.000000000,0.000000000,1.000000000
1403715338.767143011,-2.069007000,-1.371002000,1.644527000,0.000000000,0.000000000,0.000000000,1.000000000
1403715338.772142887,-2.070016000,-1.373277000,1.644989000,0.000000000,0.000000000,0.000000000,1.000000000
1403715338.777143240,-2.071046000,-1.375549000,1.645430000,0.000000000,0.000000000,0.000000000,1.000000000
1403715338.782143354,-2.072094000,-1.377813000,1.645856000,0.000000000,0.000000000,0.000000000,1.000000000
1403715338.787142992,-2.073149000,-1.380065000,1.646267000,0.000000000,0.000000000,0.000000000,1.000000000
1403715338.792143106,-2.074199000,-1.382315000,1.646667000,0.000000000,0.000000000,0.000000000,1.000000000
1403715338.797143221,-2.075244000,-1.384562000,1.647064000,0.000000000,0.000000000,0.000000000,1.000000000
1403715338.802143097,-2.076187000,-1.386731000,1.647495000,0.000000000,0.000000000,0.000000000,1.000000000
1403715338.807142973,-2.077210000,-1.388971000,1.647910000,0.000000000,0.000000000,0.000000000,1.000000000
1403715338.812143087,-2.078245000,-1.391226000,1.648341000,0.000000000,0.000000000,0.000000000,1.000000000
1403715338.817143202,-2.079294000,-1.393488000,1.648768000,0.000000000,0.000000000,0.000000000,1.000000000
1403715338.822143078,-2.080350000,-1.395748000,1.649190000,0.000000000,0.000000000,0.000000000,1.000000000
1403715338.827142954,-2.081408000,-1.398008000,1.649598000,0.000000000,0.000000000,0.000000000,1.000000000
1403715338.832143307,-2.082463000,-1.400264000,1.649988000,0.000000000,0.000000000,0.000000000,1.000000000
1403715338.837143183,-2.083513000,-1.402524000,1.650379000,0.000000000,0.000000000,0.000000000,1.000000000
1403715338.842143059,-2.084563000,-1.404794000,1.650783000,0.000000000,0.000000000,0.000000000,1.000000000
1403715338.847142935,-2.085618000,-1.407073000,1.651203000,0.000000000,0.000000000,0.000000000,1.000000000
1403715338.852143288,-2.086577000,-1.409284000,1.651652000,0.000000000,0.000000000,0.000000000,1.000000000
1403715338.857143164,-2.087623000,-1.411561000,1.652079000,0.000000000,0.000000000,0.000000000,1.000000000
1403715338.862143040,-2.088676000,-1.413845000,1.652507000,0.000000000,0.000000000,0.000000000,1.000000000
1403715338.867142916,-2.089733000,-1.416141000,1.652932000,0.000000000,0.000000000,0.000000000,1.000000000
1403715338.872143269,-2.090792000,-1.418439000,1.653338000,0.000000000,0.000000000,0.000000000,1.000000000
1403715338.877142906,-2.091855000,-1.420733000,1.653720000,0.000000000,0.000000000,0.000000000,1.000000000
1403715338.882143021,-2.092925000,-1.423025000,1.654085000,0.000000000,0.000000000,0.000000000,1.000000000
1403715338.887142897,-2.094011000,-1.425315000,1.654436000,0.000000000,0.000000000,0.000000000,1.000000000
1403715338.892143250,-2.095117000,-1.427601000,1.654775000,0.000000000,0.000000000,0.000000000,1.000000000
1403715338.897142887,-2.096234000,-1.429883000,1.655101000,0.000000000,0.000000000,0.000000000,1.000000000
1403715338.902143002,-2.097234000,-1.432090000,1.655411000,0.000000000,0.000000000,0.000000000,1.000000000
1403715338.907143354,-2.098315000,-1.434347000,1.655705000,0.000000000,0.000000000,0.000000000,1.000000000
1403715338.912143230,-2.099396000,-1.436599000,1.655984000,0.000000000,0.000000000,0.000000000,1.000000000
1403715338.917143106,-2.100487000,-1.438850000,1.656250000,0.000000000,0.000000000,0.000000000,1.000000000
1403715338.922142982,-2.101596000,-1.441102000,1.656512000,0.000000000,0.000000000,0.000000000,1.000000000
1403715338.927143335,-2.102723000,-1.443359000,1.656771000,0.000000000,0.000000000,0.000000000,1.000000000
1403715338.932142973,-2.103864000,-1.445623000,1.657042000,0.000000000,0.000000000,0.000000000,1.000000000
1403715338.937143087,-2.105010000,-1.447889000,1.657332000,0.000000000,0.000000000,0.000000000,1.000000000
1403715338.942142963,-2.106155000,-1.450151000,1.657632000,0.000000000,0.000000000,0.000000000,1.000000000
1403715338.947143316,-2.107301000,-1.452408000,1.657936000,0.000000000,0.000000000,0.000000000,1.000000000
1403715338.952142954,-2.108332000,-1.454601000,1.658217000,0.000000000,0.000000000,0.000000000,1.000000000
1403715338.957143068,-2.109473000,-1.456849000,1.658490000,0.000000000,0.000000000,0.000000000,1.000000000
1403715338.962142944,-2.110628000,-1.459094000,1.658740000,0.000000000,0.000000000,0.000000000,1.000000000
1403715338.967143297,-2.111789000,-1.461334000,1.658972000,0.000000000,0.000000000,0.000000000,1.000000000
1403715338.972142935,-2.112945000,-1.463574000,1.659199000,0.000000000,0.000000000,0.000000000,1.000000000
1403715338.977143049,-2.114089000,-1.465811000,1.659424000,0.000000000,0.000000000,0.000000000,1.000000000
1403715338.982143164,-2.115223000,-1.468047000,1.659643000,0.000000000,0.000000000,0.000000000,1.000000000
1403715338.987143040,-2.116358000,-1.470289000,1.659850000,0.000000000,0.000000000,0.000000000,1.000000000
1403715338.992142916,-2.117503000,-1.472541000,1.660042000,0.000000000,0.000000000,0.000000000,1.000000000
1403715338.997143030,-2.118660000,-1.474799000,1.660230000,0.000000000,0.000000000,0.000000000,1.000000000
1403715339.002143145,-2.119684000,-1.476989000,1.660376000,0.000000000,0.000000000,0.000000000,1.000000000
1403715339.007143021,-2.120818000,-1.479226000,1.660535000,0.000000000,0.000000000,0.000000000,1.000000000
1403715339.012142897,-2.121949000,-1.481454000,1.660684000,0.000000000,0.000000000,0.000000000,1.000000000
1403715339.017143011,-2.123081000,-1.483676000,1.660825000,0.000000000,0.000000000,0.000000000,1.000000000
1403715339.022143126,-2.124219000,-1.485903000,1.660967000,0.000000000,0.000000000,0.000000000,1.000000000
1403715339.027143002,-2.125364000,-1.488144000,1.661117000,0.000000000,0.000000000,0.000000000,1.000000000
1403715339.032143116,-2.126512000,-1.490401000,1.661270000,0.000000000,0.000000000,0.000000000,1.000000000
1403715339.037143230,-2.127662000,-1.492668000,1.661422000,0.000000000,0.000000000,0.000000000,1.000000000
1403715339.042143345,-2.128819000,-1.494935000,1.661565000,0.000000000,0.000000000,0.000000000,1.000000000
1403715339.047142982,-2.129983000,-1.497197000,1.661694000,0.000000000,0.000000000,0.000000000,1.000000000
1403715339.052143097,-2.131005000,-1.499384000,1.661782000,0.000000000,0.000000000,0.000000000,1.000000000
1403715339.057143211,-2.132148000,-1.501638000,1.661894000,0.000000000,0.000000000,0.000000000,1.000000000
1403715339.062143087,-2.133297000,-1.503905000,1.662012000,0.000000000,0.000000000,0.000000000,1.000000000
1403715339.067142963,-2.134453000,-1.506182000,1.662125000,0.000000000,0.000000000,0.000000000,1.000000000
1403715339.072143078,-2.135612000,-1.508464000,1.662228000,0.000000000,0.000000000,0.000000000,1.000000000
1403715339.077143192,-2.136769000,-1.510746000,1.662321000,0.000000000,0.000000000,0.000000000,1.000000000
1403715339.082143068,-2.137923000,-1.513029000,1.662410000,0.000000000,0.000000000,0.000000000,1.000000000
1403715339.087142944,-2.139074000,-1.515314000,1.662493000,0.000000000,0.000000000,0.000000000,1.000000000
1403715339.092143297,-2.140223000,-1.517603000,1.662566000,0.000000000,0.000000000,0.000000000,1.000000000
1403715339.097143173,-2.141373000,-1.519897000,1.662627000,0.000000000,0.000000000,0.000000000,1.000000000
1403715339.102143049,-2.142531000,-1.522191000,1.662678000,0.000000000,0.000000000,0.000000000,1.000000000
1403715339.107142925,-2.143509000,-1.524378000,1.662671000,0.000000000,0.000000000,0.000000000,1.000000000
1403715339.112143278,-2.144627000,-1.526644000,1.662694000,0.000000000,0.000000000,0.000000000,1.000000000
1403715339.117143154,-2.145739000,-1.528914000,1.662721000,0.000000000,0.000000000,0.000000000,1.000000000
1403715339.122143030,-2.146848000,-1.531192000,1.662758000,0.000000000,0.000000000,0.000000000,1.000000000
1403715339.127142906,-2.147953000,-1.533482000,1.662796000,0.000000000,0.000000000,0.000000000,1.000000000
1403715339.132143259,-2.149056000,-1.535785000,1.662829000,0.000000000,0.000000000,0.000000000,1.000000000
1403715339.137142897,-2.150157000,-1.538093000,1.662857000,0.000000000,0.000000000,0.000000000,1.000000000
1403715339.142143011,-2.151253000,-1.540403000,1.662880000,0.000000000,0.000000000,0.000000000,1.000000000
1403715339.147142887,-2.152345000,-1.542716000,1.662897000,0.000000000,0.000000000,0.000000000,1.000000000
1403715339.152143240,-2.153312000,-1.544966000,1.662872000,0.000000000,0.000000000,0.000000000,1.000000000
1403715339.157143116,-2.154371000,-1.547275000,1.662873000,0.000000000,0.000000000,0.000000000,1.000000000
1403715339.162142992,-2.155430000,-1.549592000,1.662867000,0.000000000,0.000000000,0.000000000,1.000000000
1403715339.167143345,-2.156492000,-1.551917000,1.662857000,0.000000000,0.000000000,0.000000000,1.000000000
1403715339.172143221,-2.157555000,-1.554243000,1.662844000,0.000000000,0.000000000,0.000000000,1.000000000
1403715339.177143097,-2.158618000,-1.556563000,1.662823000,0.000000000,0.000000000,0.000000000,1.000000000
1403715339.182142973,-2.159679000,-1.558882000,1.662797000,0.000000000,0.000000000,0.000000000,1.000000000
1403715339.187143326,-2.160742000,-1.561201000,1.662765000,0.000000000,0.000000000,0.000000000,1.000000000
1403715339.192142963,-2.161807000,-1.563524000,1.662730000,0.000000000,0.000000000,0.000000000,1.000000000
1403715339.197143078,-2.162867000,-1.565853000,1.662692000,0.000000000,0.000000000,0.000000000,1.000000000
1403715339.202142954,-2.163775000,-1.568090000,1.662589000,0.000000000,0.000000000,0.000000000,1.000000000
1403715339.207143307,-2.164790000,-1.570403000,1.662527000,0.000000000,0.000000000,0.000000000,1.000000000
1403715339.212142944,-2.165801000,-1.572723000,1.662464000,0.000000000,0.000000000,0.000000000,1.000000000
1403715339.217143059,-2.166809000,-1.575046000,1.662400000,0.000000000,0.000000000,0.000000000,1.000000000
1403715339.222143173,-2.167813000,-1.577365000,1.662329000,0.000000000,0.000000000,0.000000000,1.000000000
1403715339.227143288,-2.168816000,-1.579679000,1.662256000,0.000000000,0.000000000,0.000000000,1.000000000
1403715339.232142925,-2.169815000,-1.581990000,1.662184000,0.000000000,0.000000000,0.000000000,1.000000000
1403715339.237143040,-2.170802000,-1.584301000,1.662113000,0.000000000,0.000000000,0.000000000,1.000000000
1403715339.242143154,-2.171779000,-1.586612000,1.662040000,0.000000000,0.000000000,0.000000000,1.000000000
1403715339.247143030,-2.172754000,-1.588926000,1.661962000,0.000000000,0.000000000,0.000000000,1.000000000
1403715339.252142906,-2.173586000,-1.591148000,1.661829000,0.000000000,0.000000000,0.000000000,1.000000000
1403715339.257143021,-2.174530000,-1.593457000,1.661733000,0.000000000,0.000000000,0.000000000,1.000000000
1403715339.262143135,-2.175474000,-1.595769000,1.661632000,0.000000000,0.000000000,0.000000000,1.000000000
1403715339.267143011,-2.176412000,-1.598088000,1.661529000,0.000000000,0.000000000,0.000000000,1.000000000
1403715339.272142887,-2.177343000,-1.600409000,1.661438000,0.000000000,0.000000000,0.000000000,1.000000000
1403715339.277143240,-2.178270000,-1.602731000,1.661368000,0.000000000,0.000000000,0.000000000,1.000000000
1403715339.282143354,-2.179194000,-1.605066000,1.661309000,0.000000000,0.000000000,0.000000000,1.000000000
1403715339.287142992,-2.180117000,-1.607413000,1.661248000,0.000000000,0.000000000,0.000000000,1.000000000
1403715339.292143106,-2.181041000,-1.609763000,1.661181000,0.000000000,0.000000000,0.000000000,1.000000000
1403715339.297143221,-2.181963000,-1.612110000,1.661113000,0.000000000,0.000000000,0.000000000,1.000000000
1403715339.302143097,-2.182738000,-1.614353000,1.660995000,0.000000000,0.000000000,0.000000000,1.000000000
1403715339.307142973,-2.183620000,-1.616682000,1.660915000,0.000000000,0.000000000,0.000000000,1.000000000
1403715339.312143087,-2.184496000,-1.619018000,1.660829000,0.000000000,0.000000000,0.000000000,1.000000000
1403715339.317143202,-2.185370000,-1.621363000,1.660734000,0.000000000,0.000000000,0.000000000,1.000000000
1403715339.322143078,-2.186239000,-1.623720000,1.660633000,0.000000000,0.000000000,0.000000000,1.000000000
1403715339.327142954,-2.187098000,-1.626090000,1.660538000,0.000000000,0.000000000,0.000000000,1.000000000
1403715339.332143307,-2.187956000,-1.628461000,1.660455000,0.000000000,0.000000000,0.000000000,1.000000000
1403715339.337143183,-2.188816000,-1.630829000,1.660374000,0.000000000,0.000000000,0.000000000,1.000000000
1403715339.342143059,-2.189677000,-1.633198000,1.660295000,0.000000000,0.000000000,0.000000000,1.000000000
1403715339.347142935,-2.190539000,-1.635571000,1.660210000,0.000000000,0.000000000,0.000000000,1.000000000
1403715339.352143288,-2.191260000,-1.637838000,1.660054000,0.000000000,0.000000000,0.000000000,1.000000000
1403715339.357143164,-2.192090000,-1.640182000,1.659921000,0.000000000,0.000000000,0.000000000,1.000000000
1403715339.362143040,-2.192918000,-1.642525000,1.659769000,0.000000000,0.000000000,0.000000000,1.000000000
1403715339.367142916,-2.193738000,-1.644871000,1.659607000,0.000000000,0.000000000,0.000000000,1.000000000
1403715339.372143269,-2.194560000,-1.647213000,1.659443000,0.000000000,0.000000000,0.000000000,1.000000000
1403715339.377142906,-2.195390000,-1.649546000,1.659271000,0.000000000,0.000000000,0.000000000,1.000000000
1403715339.382143021,-2.196224000,-1.651877000,1.659104000,0.000000000,0.000000000,0.000000000,1.000000000
1403715339.387142897,-2.197062000,-1.654209000,1.658950000,0.000000000,0.000000000,0.000000000,1.000000000
1403715339.392143250,-2.197901000,-1.656547000,1.658809000,0.000000000,0.000000000,0.000000000,1.000000000
1403715339.397142887,-2.198738000,-1.658892000,1.658676000,0.000000000,0.000000000,0.000000000,1.000000000
1403715339.402143002,-2.199434000,-1.661133000,1.658499000,0.000000000,0.000000000,0.000000000,1.000000000
1403715339.407143354,-2.200247000,-1.663452000,1.658340000,0.000000000,0.000000000,0.000000000,1.000000000
1403715339.412143230,-2.201063000,-1.665765000,1.658173000,0.000000000,0.000000000,0.000000000,1.000000000
1403715339.417143106,-2.201883000,-1.668073000,1.657997000,0.000000000,0.000000000,0.000000000,1.000000000
1403715339.422142982,-2.202706000,-1.670377000,1.657816000,0.000000000,0.000000000,0.000000000,1.000000000
1403715339.427143335,-2.203529000,-1.672678000,1.657635000,0.000000000,0.000000000,0.000000000,1.000000000
1403715339.432142973,-2.204360000,-1.674986000,1.657443000,0.000000000,0.000000000,0.000000000,1.000000000
1403715339.437143087,-2.205197000,-1.677299000,1.657238000,0.000000000,0.000000000,0.000000000,1.000000000
1403715339.442142963,-2.206030000,-1.679610000,1.657025000,0.000000000,0.000000000,0.000000000,1.000000000
1403715339.447143316,-2.206864000,-1.681927000,1.656811000,0.000000000,0.000000000,0.000000000,1.000000000
1403715339.452142954,-2.207562000,-1.684157000,1.656559000,0.000000000,0.000000000,0.000000000,1.000000000
1403715339.457143068,-2.208371000,-1.686470000,1.656331000,0.000000000,0.000000000,0.000000000,1.000000000
1403715339.462142944,-2.209183000,-1.688786000,1.656096000,0.000000000,0.000000000,0.000000000,1.000000000
1403715339.467143297,-2.209999000,-1.691101000,1.655861000,0.000000000,0.000000000,0.000000000,1.000000000
1403715339.472142935,-2.210815000,-1.693417000,1.655641000,0.000000000,0.000000000,0.000000000,1.000000000
1403715339.477143049,-2.211626000,-1.695735000,1.655439000,0.000000000,0.000000000,0.000000000,1.000000000
1403715339.482143164,-2.212432000,-1.698058000,1.655243000,0.000000000,0.000000000,0.000000000,1.000000000
1403715339.487143040,-2.213235000,-1.700390000,1.655044000,0.000000000,0.000000000,0.000000000,1.000000000
1403715339.492142916,-2.214039000,-1.702718000,1.654835000,0.000000000,0.000000000,0.000000000,1.000000000
1403715339.497143030,-2.214856000,-1.705042000,1.654600000,0.000000000,0.000000000,0.000000000,1.000000000
1403715339.502143145,-2.215559000,-1.707275000,1.654324000,0.000000000,0.000000000,0.000000000,1.000000000
1403715339.507143021,-2.216379000,-1.709581000,1.654055000,0.000000000,0.000000000,0.000000000,1.000000000
1403715339.512142897,-2.217206000,-1.711881000,1.653772000,0.000000000,0.000000000,0.000000000,1.000000000
1403715339.517143011,-2.218031000,-1.714171000,1.653480000,0.000000000,0.000000000,0.000000000,1.000000000
1403715339.522143126,-2.218848000,-1.716456000,1.653178000,0.000000000,0.000000000,0.000000000,1.000000000
1403715339.527143002,-2.219660000,-1.718736000,1.652866000,0.000000000,0.000000000,0.000000000,1.000000000
1403715339.532143116,-2.220484000,-1.721009000,1.652552000,0.000000000,0.000000000,0.000000000,1.000000000
1403715339.537143230,-2.221322000,-1.723278000,1.652244000,0.000000000,0.000000000,0.000000000,1.000000000
1403715339.542143345,-2.222156000,-1.725550000,1.651941000,0.000000000,0.000000000,0.000000000,1.000000000
1403715339.547142982,-2.222978000,-1.727828000,1.651635000,0.000000000,0.000000000,0.000000000,1.000000000
1403715339.552143097,-2.223663000,-1.730028000,1.651306000,0.000000000,0.000000000,0.000000000,1.000000000
1403715339.557143211,-2.224441000,-1.732285000,1.650982000,0.000000000,0.000000000,0.000000000,1.000000000
1403715339.562143087,-2.225218000,-1.734537000,1.650653000,0.000000000,0.000000000,0.000000000,1.000000000
1403715339.567142963,-2.225995000,-1.736796000,1.650331000,0.000000000,0.000000000,0.000000000,1.000000000
1403715339.572143078,-2.226780000,-1.739069000,1.650007000,0.000000000,0.000000000,0.000000000,1.000000000
1403715339.577143192,-2.227570000,-1.741354000,1.649664000,0.000000000,0.000000000,0.000000000,1.000000000
1403715339.582143068,-2.228362000,-1.743642000,1.649290000,0.000000000,0.000000000,0.000000000,1.000000000
1403715339.587142944,-2.229157000,-1.745919000,1.648875000,0.000000000,0.000000000,0.000000000,1.000000000
1403715339.592143297,-2.229957000,-1.748172000,1.648420000,0.000000000,0.000000000,0.000000000,1.000000000
1403715339.597143173,-2.230767000,-1.750406000,1.647937000,0.000000000,0.000000000,0.000000000,1.000000000
1403715339.602143049,-2.231460000,-1.752563000,1.647419000,0.000000000,0.000000000,0.000000000,1.000000000
1403715339.607142925,-2.232263000,-1.754785000,1.646918000,0.000000000,0.000000000,0.000000000,1.000000000
1403715339.612143278,-2.233086000,-1.757008000,1.646431000,0.000000000,0.000000000,0.000000000,1.000000000
1403715339.617143154,-2.233921000,-1.759230000,1.645956000,0.000000000,0.000000000,0.000000000,1.000000000
1403715339.622143030,-2.234752000,-1.761453000,1.645499000,0.000000000,0.000000000,0.000000000,1.000000000
1403715339.627142906,-2.235571000,-1.763673000,1.645063000,0.000000000,0.000000000,0.000000000,1.000000000
1403715339.632143259,-2.236375000,-1.765889000,1.644639000,0.000000000,0.000000000,0.000000000,1.000000000
1403715339.637142897,-2.237169000,-1.768104000,1.644219000,0.000000000,0.000000000,0.000000000,1.000000000
1403715339.642143011,-2.237964000,-1.770318000,1.643791000,0.000000000,0.000000000,0.000000000,1.000000000
1403715339.647142887,-2.238768000,-1.772537000,1.643349000,0.000000000,0.000000000,0.000000000,1.000000000
1403715339.652143240,-2.239450000,-1.774677000,1.642883000,0.000000000,0.000000000,0.000000000,1.000000000
1403715339.657143116,-2.240245000,-1.776883000,1.642403000,0.000000000,0.000000000,0.000000000,1.000000000
1403715339.662142992,-2.241038000,-1.779087000,1.641917000,0.000000000,0.000000000,0.000000000,1.000000000
1403715339.667143345,-2.241825000,-1.781290000,1.641438000,0.000000000,0.000000000,0.000000000,1.000000000
1403715339.672143221,-2.242608000,-1.783497000,1.640964000,0.000000000,0.000000000,0.000000000,1.000000000
1403715339.677143097,-2.243393000,-1.785710000,1.640487000,0.000000000,0.000000000,0.000000000,1.000000000
1403715339.682142973,-2.244185000,-1.787926000,1.640002000,0.000000000,0.000000000,0.000000000,1.000000000
1403715339.687143326,-2.244981000,-1.790145000,1.639513000,0.000000000,0.000000000,0.000000000,1.000000000
1403715339.692142963,-2.245776000,-1.792366000,1.639027000,0.000000000,0.000000000,0.000000000,1.000000000
1403715339.697143078,-2.246562000,-1.794589000,1.638543000,0.000000000,0.000000000,0.000000000,1.000000000
1403715339.702142954,-2.247200000,-1.796738000,1.638069000,0.000000000,0.000000000,0.000000000,1.000000000
1403715339.707143307,-2.247947000,-1.798958000,1.637606000,0.000000000,0.000000000,0.000000000,1.000000000
1403715339.712142944,-2.248696000,-1.801181000,1.637146000,0.000000000,0.000000000,0.000000000,1.000000000
1403715339.717143059,-2.249448000,-1.803408000,1.636683000,0.000000000,0.000000000,0.000000000,1.000000000
1403715339.722143173,-2.250200000,-1.805640000,1.636214000,0.000000000,0.000000000,0.000000000,1.000000000
1403715339.727143288,-2.250947000,-1.807871000,1.635746000,0.000000000,0.000000000,0.000000000,1.000000000
1403715339.732142925,-2.251686000,-1.810098000,1.635276000,0.000000000,0.000000000,0.000000000,1.000000000
1403715339.737143040,-2.252421000,-1.812325000,1.634803000,0.000000000,0.000000000,0.000000000,1.000000000
1403715339.742143154,-2.253154000,-1.814555000,1.634328000,0.000000000,0.000000000,0.000000000,1.000000000
1403715339.747143030,-2.253889000,-1.816783000,1.633843000,0.000000000,0.000000000,0.000000000,1.000000000
1403715339.752142906,-2.254490000,-1.818923000,1.633345000,0.000000000,0.000000000,0.000000000,1.000000000
1403715339.757143021,-2.255191000,-1.821119000,1.632843000,0.000000000,0.000000000,0.000000000,1.000000000
1403715339.762143135,-2.255882000,-1.823304000,1.632326000,0.000000000,0.000000000,0.000000000,1.000000000
1403715339.767143011,-2.256562000,-1.825477000,1.631796000,0.000000000,0.000000000,0.000000000,1.000000000
1403715339.772142887,-2.257235000,-1.827640000,1.631253000,0.000000000,0.000000000,0.000000000,1.000000000
1403715339.777143240,-2.257901000,-1.829802000,1.630712000,0.000000000,0.000000000,0.000000000,1.000000000
1403715339.782143354,-2.258560000,-1.831967000,1.630176000,0.000000000,0.000000000,0.000000000,1.000000000
1403715339.787142992,-2.259218000,-1.834136000,1.629640000,0.000000000,0.000000000,0.000000000,1.000000000
1403715339.792143106,-2.259877000,-1.836309000,1.629098000,0.000000000,0.000000000,0.000000000,1.000000000
1403715339.797143221,-2.260533000,-1.838481000,1.628557000,0.000000000,0.000000000,0.000000000,1.000000000
1403715339.802143097,-2.261040000,-1.840576000,1.627999000,0.000000000,0.000000000,0.000000000,1.000000000
1403715339.807142973,-2.261635000,-1.842732000,1.627438000,0.000000000,0.000000000,0.000000000,1.000000000
1403715339.812143087,-2.262216000,-1.844890000,1.626875000,0.000000000,0.000000000,0.000000000,1.000000000
1403715339.817143202,-2.262790000,-1.847044000,1.626314000,0.000000000,0.000000000,0.000000000,1.000000000
1403715339.822143078,-2.263368000,-1.849191000,1.625749000,0.000000000,0.000000000,0.000000000,1.000000000
1403715339.827142954,-2.263947000,-1.851329000,1.625173000,0.000000000,0.000000000,0.000000000,1.000000000
1403715339.832143307,-2.264514000,-1.853451000,1.624595000,0.000000000,0.000000000,0.000000000,1.000000000
1403715339.837143183,-2.265062000,-1.855558000,1.624020000,0.000000000,0.000000000,0.000000000,1.000000000
1403715339.842143059,-2.265591000,-1.857657000,1.623450000,0.000000000,0.000000000,0.000000000,1.000000000
1403715339.847142935,-2.266107000,-1.859752000,1.622886000,0.000000000,0.000000000,0.000000000,1.000000000
1403715339.852143288,-2.266482000,-1.861771000,1.622317000,0.000000000,0.000000000,0.000000000,1.000000000
1403715339.857143164,-2.266961000,-1.863843000,1.621761000,0.000000000,0.000000000,0.000000000,1.000000000
1403715339.862143040,-2.267437000,-1.865905000,1.621193000,0.000000000,0.000000000,0.000000000,1.000000000
1403715339.867142916,-2.267902000,-1.867958000,1.620613000,0.000000000,0.000000000,0.000000000,1.000000000
1403715339.872143269,-2.268348000,-1.869999000,1.620037000,0.000000000,0.000000000,0.000000000,1.000000000
1403715339.877142906,-2.268776000,-1.872026000,1.619469000,0.000000000,0.000000000,0.000000000,1.000000000
1403715339.882143021,-2.269187000,-1.874045000,1.618902000,0.000000000,0.000000000,0.000000000,1.000000000
1403715339.887142897,-2.269581000,-1.876067000,1.618341000,0.000000000,0.000000000,0.000000000,1.000000000
1403715339.892143250,-2.269956000,-1.878094000,1.617782000,0.000000000,0.000000000,0.000000000,1.000000000
1403715339.897142887,-2.270314000,-1.880123000,1.617211000,0.000000000,0.000000000,0.000000000,1.000000000
1403715339.902143002,-2.270516000,-1.882070000,1.616615000,0.000000000,0.000000000,0.000000000,1.000000000
1403715339.907143354,-2.270810000,-1.884061000,1.616018000,0.000000000,0.000000000,0.000000000,1.000000000
1403715339.912143230,-2.271083000,-1.886025000,1.615412000,0.000000000,0.000000000,0.000000000,1.000000000
1403715339.917143106,-2.271333000,-1.887976000,1.614802000,0.000000000,0.000000000,0.000000000,1.000000000
1403715339.922142982,-2.271566000,-1.889933000,1.614187000,0.000000000,0.000000000,0.000000000,1.000000000
1403715339.927143335,-2.271790000,-1.891896000,1.613558000,0.000000000,0.000000000,0.000000000,1.000000000
1403715339.932142973,-2.272005000,-1.893859000,1.612919000,0.000000000,0.000000000,0.000000000,1.000000000
1403715339.937143087,-2.272209000,-1.895817000,1.612286000,0.000000000,0.000000000,0.000000000,1.000000000
1403715339.942142963,-2.272390000,-1.897759000,1.611659000,0.000000000,0.000000000,0.000000000,1.000000000
1403715339.947143316,-2.272547000,-1.899686000,1.611038000,0.000000000,0.000000000,0.000000000,1.000000000
1403715339.952142954,-2.272541000,-1.901518000,1.610423000,0.000000000,0.000000000,0.000000000,1.000000000
1403715339.957143068,-2.272627000,-1.903411000,1.609832000,0.000000000,0.000000000,0.000000000,1.000000000
1403715339.962142944,-2.272696000,-1.905293000,1.609261000,0.000000000,0.000000000,0.000000000,1.000000000
1403715339.967143297,-2.272763000,-1.907160000,1.608698000,0.000000000,0.000000000,0.000000000,1.000000000
1403715339.972142935,-2.272823000,-1.909019000,1.608138000,0.000000000,0.000000000,0.000000000,1.000000000
1403715339.977143049,-2.272863000,-1.910867000,1.607583000,0.000000000,0.000000000,0.000000000,1.000000000
1403715339.982143164,-2.272880000,-1.912704000,1.607038000,0.000000000,0.000000000,0.000000000,1.000000000
1403715339.987143040,-2.272872000,-1.914532000,1.606503000,0.000000000,0.000000000,0.000000000,1.000000000
1403715339.992142916,-2.272845000,-1.916354000,1.605972000,0.000000000,0.000000000,0.000000000,1.000000000
1403715339.997143030,-2.272805000,-1.918170000,1.605455000,0.000000000,0.000000000,0.000000000,1.000000000
1403715340.002143145,-2.272607000,-1.919885000,1.604940000,0.000000000,0.000000000,0.000000000,1.000000000
1403715340.007143021,-2.272498000,-1.921668000,1.604449000,0.000000000,0.000000000,0.000000000,1.000000000
1403715340.012142897,-2.272361000,-1.923444000,1.603980000,0.000000000,0.000000000,0.000000000,1.000000000
1403715340.017143011,-2.272190000,-1.925213000,1.603515000,0.000000000,0.000000000,0.000000000,1.000000000
1403715340.022143126,-2.271971000,-1.926967000,1.603048000,0.000000000,0.000000000,0.000000000,1.000000000
1403715340.027143002,-2.271713000,-1.928702000,1.602575000,0.000000000,0.000000000,0.000000000,1.000000000
1403715340.032143116,-2.271444000,-1.930422000,1.602089000,0.000000000,0.000000000,0.000000000,1.000000000
1403715340.037143230,-2.271171000,-1.932128000,1.601596000,0.000000000,0.000000000,0.000000000,1.000000000
1403715340.042143345,-2.270894000,-1.933823000,1.601099000,0.000000000,0.000000000,0.000000000,1.000000000
1403715340.047142982,-2.270604000,-1.935504000,1.600617000,0.000000000,0.000000000,0.000000000,1.000000000
1403715340.052143097,-2.270140000,-1.937062000,1.600137000,0.000000000,0.000000000,0.000000000,1.000000000
1403715340.057143211,-2.269748000,-1.938665000,1.599686000,0.000000000,0.000000000,0.000000000,1.000000000
1403715340.062143087,-2.269323000,-1.940242000,1.599255000,0.000000000,0.000000000,0.000000000,1.000000000
1403715340.067142963,-2.268879000,-1.941807000,1.598832000,0.000000000,0.000000000,0.000000000,1.000000000
1403715340.072143078,-2.268431000,-1.943370000,1.598424000,0.000000000,0.000000000,0.000000000,1.000000000
1403715340.077143192,-2.267985000,-1.944932000,1.598032000,0.000000000,0.000000000,0.000000000,1.000000000
1403715340.082143068,-2.267530000,-1.946488000,1.597644000,0.000000000,0.000000000,0.000000000,1.000000000
1403715340.087142944,-2.267044000,-1.948025000,1.597273000,0.000000000,0.000000000,0.000000000,1.000000000
1403715340.092143297,-2.266524000,-1.949539000,1.596925000,0.000000000,0.000000000,0.000000000,1.000000000
1403715340.097143173,-2.265974000,-1.951033000,1.596603000,0.000000000,0.000000000,0.000000000,1.000000000
1403715340.102143049,-2.265255000,-1.952413000,1.596269000,0.000000000,0.000000000,0.000000000,1.000000000
1403715340.107142925,-2.264637000,-1.953867000,1.595968000,0.000000000,0.000000000,0.000000000,1.000000000
1403715340.112143278,-2.264017000,-1.955309000,1.595694000,0.000000000,0.000000000,0.000000000,1.000000000
1403715340.117143154,-2.263393000,-1.956737000,1.595440000,0.000000000,0.000000000,0.000000000,1.000000000
1403715340.122143030,-2.262754000,-1.958144000,1.595208000,0.000000000,0.000000000,0.000000000,1.000000000
1403715340.127142906,-2.262083000,-1.959523000,1.595011000,0.000000000,0.000000000,0.000000000,1.000000000
1403715340.132143259,-2.261384000,-1.960884000,1.594839000,0.000000000,0.000000000,0.000000000,1.000000000
1403715340.137142897,-2.260674000,-1.962234000,1.594686000,0.000000000,0.000000000,0.000000000,1.000000000
1403715340.142143011,-2.259960000,-1.963579000,1.594547000,0.000000000,0.000000000,0.000000000,1.000000000
1403715340.147142887,-2.259239000,-1.964915000,1.594416000,0.000000000,0.000000000,0.000000000,1.000000000
1403715340.152143240,-2.258349000,-1.966115000,1.594254000,0.000000000,0.000000000,0.000000000,1.000000000
1403715340.157143116,-2.257560000,-1.967382000,1.594108000,0.000000000,0.000000000,0.000000000,1.000000000
1403715340.162142992,-2.256748000,-1.968620000,1.593963000,0.000000000,0.000000000,0.000000000,1.000000000
1403715340.167143345,-2.255915000,-1.969836000,1.593824000,0.000000000,0.000000000,0.000000000,1.000000000
1403715340.172143221,-2.255057000,-1.971037000,1.593693000,0.000000000,0.000000000,0.000000000,1.000000000
1403715340.177143097,-2.254175000,-1.972226000,1.593576000,0.000000000,0.000000000,0.000000000,1.000000000
1403715340.182142973,-2.253286000,-1.973408000,1.593470000,0.000000000,0.000000000,0.000000000,1.000000000
1403715340.187143326,-2.252392000,-1.974584000,1.593391000,0.000000000,0.000000000,0.000000000,1.000000000
1403715340.192142963,-2.251478000,-1.975744000,1.593348000,0.000000000,0.000000000,0.000000000,1.000000000
1403715340.197143078,-2.250541000,-1.976887000,1.593327000,0.000000000,0.000000000,0.000000000,1.000000000
1403715340.202142954,-2.249429000,-1.977886000,1.593299000,0.000000000,0.000000000,0.000000000,1.000000000
1403715340.207143307,-2.248421000,-1.978967000,1.593319000,0.000000000,0.000000000,0.000000000,1.000000000
1403715340.212142944,-2.247398000,-1.980043000,1.593352000,0.000000000,0.000000000,0.000000000,1.000000000
1403715340.217143059,-2.246359000,-1.981112000,1.593393000,0.000000000,0.000000000,0.000000000,1.000000000
1403715340.222143173,-2.245309000,-1.982174000,1.593428000,0.000000000,0.000000000,0.000000000,1.000000000
1403715340.227143288,-2.244249000,-1.983228000,1.593465000,0.000000000,0.000000000,0.000000000,1.000000000
1403715340.232142925,-2.243172000,-1.984269000,1.593521000,0.000000000,0.000000000,0.000000000,1.000000000
1403715340.237143040,-2.242067000,-1.985292000,1.593602000,0.000000000,0.000000000,0.000000000,1.000000000
1403715340.242143154,-2.240934000,-1.986297000,1.593721000,0.000000000,0.000000000,0.000000000,1.000000000
1403715340.247143030,-2.239787000,-1.987295000,1.593863000,0.000000000,0.000000000,0.000000000,1.000000000
1403715340.252142906,-2.238486000,-1.988165000,1.593968000,0.000000000,0.000000000,0.000000000,1.000000000
1403715340.257143021,-2.237305000,-1.989132000,1.594136000,0.000000000,0.000000000,0.000000000,1.000000000
1403715340.262143135,-2.236111000,-1.990092000,1.594307000,0.000000000,0.000000000,0.000000000,1.000000000
1403715340.267143011,-2.234897000,-1.991044000,1.594488000,0.000000000,0.000000000,0.000000000,1.000000000
1403715340.272142887,-2.233663000,-1.991978000,1.594694000,0.000000000,0.000000000,0.000000000,1.000000000
1403715340.277143240,-2.232404000,-1.992893000,1.594922000,0.000000000,0.000000000,0.000000000,1.000000000
1403715340.282143354,-2.231118000,-1.993801000,1.595177000,0.000000000,0.000000000,0.000000000,1.000000000
1403715340.287142992,-2.229813000,-1.994721000,1.595455000,0.000000000,0.000000000,0.000000000,1.000000000
1403715340.292143106,-2.228505000,-1.995655000,1.595772000,0.000000000,0.000000000,0.000000000,1.000000000
1403715340.297143221,-2.227189000,-1.996586000,1.596137000,0.000000000,0.000000000,0.000000000,1.000000000
1403715340.302143097,-2.225684000,-1.997359000,1.596458000,0.000000000,0.000000000,0.000000000,1.000000000
1403715340.307142973,-2.224289000,-1.998229000,1.596847000,0.000000000,0.000000000,0.000000000,1.000000000
1403715340.312143087,-2.222875000,-1.999084000,1.597262000,0.000000000,0.000000000,0.000000000,1.000000000
1403715340.317143202,-2.221450000,-1.999928000,1.597678000,0.000000000,0.000000000,0.000000000,1.000000000
1403715340.322143078,-2.220017000,-2.000767000,1.598105000,0.000000000,0.000000000,0.000000000,1.000000000
1403715340.327142954,-2.218582000,-2.001607000,1.598549000,0.000000000,0.000000000,0.000000000,1.000000000
1403715340.332143307,-2.217147000,-2.002444000,1.599015000,0.000000000,0.000000000,0.000000000,1.000000000
1403715340.337143183,-2.215709000,-2.003274000,1.599497000,0.000000000,0.000000000,0.000000000,1.000000000
1403715340.342143059,-2.214268000,-2.004104000,1.599988000,0.000000000,0.000000000,0.000000000,1.000000000
1403715340.347142935,-2.212826000,-2.004929000,1.600514000,0.000000000,0.000000000,0.000000000,1.000000000
1403715340.352143288,-2.211207000,-2.005589000,1.601009000,0.000000000,0.000000000,0.000000000,1.000000000
1403715340.357143164,-2.209717000,-2.006363000,1.601555000,0.000000000,0.000000000,0.000000000,1.000000000
1403715340.362143040,-2.208229000,-2.007137000,1.602133000,0.000000000,0.000000000,0.000000000,1.000000000
1403715340.367142916,-2.206742000,-2.007907000,1.602734000,0.000000000,0.000000000,0.000000000,1.000000000
1403715340.372143269,-2.205246000,-2.008672000,1.603358000,0.000000000,0.000000000,0.000000000,1.000000000
1403715340.377142906,-2.203743000,-2.009428000,1.604004000,0.000000000,0.000000000,0.000000000,1.000000000
1403715340.382143021,-2.202235000,-2.010177000,1.604663000,0.000000000,0.000000000,0.000000000,1.000000000
1403715340.387142897,-2.200723000,-2.010914000,1.605336000,0.000000000,0.000000000,0.000000000,1.000000000
1403715340.392143250,-2.199218000,-2.011635000,1.605999000,0.000000000,0.000000000,0.000000000,1.000000000
1403715340.397142887,-2.197728000,-2.012353000,1.606652000,0.000000000,0.000000000,0.000000000,1.000000000
1403715340.402143002,-2.196057000,-2.012913000,1.607275000,0.000000000,0.000000000,0.000000000,1.000000000
1403715340.407143354,-2.194524000,-2.013579000,1.607942000,0.000000000,0.000000000,0.000000000,1.000000000
1403715340.412143230,-2.192982000,-2.014228000,1.608624000,0.000000000,0.000000000,0.000000000,1.000000000
1403715340.417143106,-2.191436000,-2.014871000,1.609333000,0.000000000,0.000000000,0.000000000,1.000000000
1403715340.422142982,-2.189888000,-2.015516000,1.610065000,0.000000000,0.000000000,0.000000000,1.000000000
1403715340.427143335,-2.188343000,-2.016163000,1.610812000,0.000000000,0.000000000,0.000000000,1.000000000
1403715340.432142973,-2.186800000,-2.016813000,1.611552000,0.000000000,0.000000000,0.000000000,1.000000000
1403715340.437143087,-2.185254000,-2.017460000,1.612302000,0.000000000,0.000000000,0.000000000,1.000000000
1403715340.442142963,-2.183709000,-2.018100000,1.613075000,0.000000000,0.000000000,0.000000000,1.000000000
1403715340.447143316,-2.182159000,-2.018740000,1.613855000,0.000000000,0.000000000,0.000000000,1.000000000
1403715340.452142954,-2.180403000,-2.019222000,1.614597000,0.000000000,0.000000000,0.000000000,1.000000000
1403715340.457143068,-2.178793000,-2.019807000,1.615389000,0.000000000,0.000000000,0.000000000,1.000000000
1403715340.462142944,-2.177186000,-2.020390000,1.616195000,0.000000000,0.000000000,0.000000000,1.000000000
1403715340.467143297,-2.175584000,-2.020976000,1.617010000,0.000000000,0.000000000,0.000000000,1.000000000
1403715340.472142935,-2.173992000,-2.021566000,1.617817000,0.000000000,0.000000000,0.000000000,1.000000000
1403715340.477143049,-2.172405000,-2.022156000,1.618609000,0.000000000,0.000000000,0.000000000,1.000000000
1403715340.482143164,-2.170808000,-2.022740000,1.619390000,0.000000000,0.000000000,0.000000000,1.000000000
1403715340.487143040,-2.169203000,-2.023320000,1.620171000,0.000000000,0.000000000,0.000000000,1.000000000
1403715340.492142916,-2.167597000,-2.023905000,1.620943000,0.000000000,0.000000000,0.000000000,1.000000000
1403715340.497143030,-2.165989000,-2.024495000,1.621698000,0.000000000,0.000000000,0.000000000,1.000000000
1403715340.502143145,-2.164177000,-2.024943000,1.622391000,0.000000000,0.000000000,0.000000000,1.000000000
1403715340.507143021,-2.162521000,-2.025497000,1.623106000,0.000000000,0.000000000,0.000000000,1.000000000
1403715340.512142897,-2.160879000,-2.026051000,1.623800000,0.000000000,0.000000000,0.000000000,1.000000000
1403715340.517143011,-2.159245000,-2.026609000,1.624478000,0.000000000,0.000000000,0.000000000,1.000000000
1403715340.522143126,-2.157611000,-2.027170000,1.625148000,0.000000000,0.000000000,0.000000000,1.000000000
1403715340.527143002,-2.155967000,-2.027725000,1.625821000,0.000000000,0.000000000,0.000000000,1.000000000
1403715340.532143116,-2.154318000,-2.028277000,1.626500000,0.000000000,0.000000000,0.000000000,1.000000000
1403715340.537143230,-2.152674000,-2.028831000,1.627174000,0.000000000,0.000000000,0.000000000,1.000000000
1403715340.542143345,-2.151042000,-2.029382000,1.627847000,0.000000000,0.000000000,0.000000000,1.000000000
1403715340.547142982,-2.149429000,-2.029936000,1.628522000,0.000000000,0.000000000,0.000000000,1.000000000
1403715340.552143097,-2.147627000,-2.030352000,1.629155000,0.000000000,0.000000000,0.000000000,1.000000000
1403715340.557143211,-2.145991000,-2.030880000,1.629832000,0.000000000,0.000000000,0.000000000,1.000000000
1403715340.562143087,-2.144351000,-2.031411000,1.630518000,0.000000000,0.000000000,0.000000000,1.000000000
1403715340.567142963,-2.142709000,-2.031940000,1.631210000,0.000000000,0.000000000,0.000000000,1.000000000
1403715340.572143078,-2.141071000,-2.032469000,1.631895000,0.000000000,0.000000000,0.000000000,1.000000000
1403715340.577143192,-2.139440000,-2.032998000,1.632561000,0.000000000,0.000000000,0.000000000,1.000000000
1403715340.582143068,-2.137823000,-2.033531000,1.633209000,0.000000000,0.000000000,0.000000000,1.000000000
1403715340.587142944,-2.136219000,-2.034070000,1.633842000,0.000000000,0.000000000,0.000000000,1.000000000
1403715340.592143297,-2.134629000,-2.034612000,1.634464000,0.000000000,0.000000000,0.000000000,1.000000000
1403715340.597143173,-2.133046000,-2.035156000,1.635075000,0.000000000,0.000000000,0.000000000,1.000000000
1403715340.602143049,-2.131252000,-2.035576000,1.635623000,0.000000000,0.000000000,0.000000000,1.000000000
1403715340.607142925,-2.129620000,-2.036103000,1.636205000,0.000000000,0.000000000,0.000000000,1.000000000
1403715340.612143278,-2.127988000,-2.036642000,1.636789000,0.000000000,0.000000000,0.000000000,1.000000000
1403715340.617143154,-2.126365000,-2.037187000,1.637372000,0.000000000,0.000000000,0.000000000,1.000000000
1403715340.622143030,-2.124751000,-2.037739000,1.637944000,0.000000000,0.000000000,0.000000000,1.000000000
1403715340.627142906,-2.123144000,-2.038300000,1.638507000,0.000000000,0.000000000,0.000000000,1.000000000
1403715340.632143259,-2.121540000,-2.038870000,1.639051000,0.000000000,0.000000000,0.000000000,1.000000000
1403715340.637142897,-2.119933000,-2.039444000,1.639578000,0.000000000,0.000000000,0.000000000,1.000000000
1403715340.642143011,-2.118324000,-2.040024000,1.640103000,0.000000000,0.000000000,0.000000000,1.000000000
1403715340.647142887,-2.116716000,-2.040610000,1.640637000,0.000000000,0.000000000,0.000000000,1.000000000
1403715340.652143240,-2.114886000,-2.041085000,1.641146000,0.000000000,0.000000000,0.000000000,1.000000000
1403715340.657143116,-2.113234000,-2.041662000,1.641700000,0.000000000,0.000000000,0.000000000,1.000000000
1403715340.662142992,-2.111589000,-2.042250000,1.642259000,0.000000000,0.000000000,0.000000000,1.000000000
1403715340.667143345,-2.109956000,-2.042847000,1.642805000,0.000000000,0.000000000,0.000000000,1.000000000
1403715340.672143221,-2.108336000,-2.043447000,1.643332000,0.000000000,0.000000000,0.000000000,1.000000000
1403715340.677143097,-2.106717000,-2.044048000,1.643850000,0.000000000,0.000000000,0.000000000,1.000000000
1403715340.682142973,-2.105098000,-2.044652000,1.644370000,0.000000000,0.000000000,0.000000000,1.000000000
1403715340.687143326,-2.103480000,-2.045258000,1.644890000,0.000000000,0.000000000,0.000000000,1.000000000
1403715340.692142963,-2.101865000,-2.045869000,1.645399000,0.000000000,0.000000000,0.000000000,1.000000000
1403715340.697143078,-2.100254000,-2.046486000,1.645892000,0.000000000,0.000000000,0.000000000,1.000000000
1403715340.702142954,-2.098421000,-2.047001000,1.646321000,0.000000000,0.000000000,0.000000000,1.000000000
1403715340.707143307,-2.096781000,-2.047601000,1.646771000,0.000000000,0.000000000,0.000000000,1.000000000
1403715340.712142944,-2.095143000,-2.048203000,1.647218000,0.000000000,0.000000000,0.000000000,1.000000000
1403715340.717143059,-2.093505000,-2.048812000,1.647669000,0.000000000,0.000000000,0.000000000,1.000000000
1403715340.722143173,-2.091868000,-2.049422000,1.648110000,0.000000000,0.000000000,0.000000000,1.000000000
1403715340.727143288,-2.090231000,-2.050035000,1.648537000,0.000000000,0.000000000,0.000000000,1.000000000
1403715340.732142925,-2.088593000,-2.050662000,1.648967000,0.000000000,0.000000000,0.000000000,1.000000000
1403715340.737143040,-2.086959000,-2.051302000,1.649412000,0.000000000,0.000000000,0.000000000,1.000000000
1403715340.742143154,-2.085341000,-2.051951000,1.649862000,0.000000000,0.000000000,0.000000000,1.000000000
1403715340.747143030,-2.083729000,-2.052611000,1.650310000,0.000000000,0.000000000,0.000000000,1.000000000
1403715340.752142906,-2.081872000,-2.053188000,1.650729000,0.000000000,0.000000000,0.000000000,1.000000000
1403715340.757143021,-2.080199000,-2.053837000,1.651179000,0.000000000,0.000000000,0.000000000,1.000000000
1403715340.762143135,-2.078525000,-2.054483000,1.651627000,0.000000000,0.000000000,0.000000000,1.000000000
1403715340.767143011,-2.076854000,-2.055133000,1.652080000,0.000000000,0.000000000,0.000000000,1.000000000
1403715340.772142887,-2.075192000,-2.055793000,1.652534000,0.000000000,0.000000000,0.000000000,1.000000000
1403715340.777143240,-2.073543000,-2.056472000,1.652977000,0.000000000,0.000000000,0.000000000,1.000000000
1403715340.782143354,-2.071904000,-2.057163000,1.653415000,0.000000000,0.000000000,0.000000000,1.000000000
1403715340.787142992,-2.070271000,-2.057860000,1.653854000,0.000000000,0.000000000,0.000000000,1.000000000
1403715340.792143106,-2.068638000,-2.058561000,1.654292000,0.000000000,0.000000000,0.000000000,1.000000000
1403715340.797143221,-2.067002000,-2.059267000,1.654732000,0.000000000,0.000000000,0.000000000,1.000000000
1403715340.802143097,-2.065129000,-2.059905000,1.655155000,0.000000000,0.000000000,0.000000000,1.000000000
1403715340.807142973,-2.063452000,-2.060617000,1.655592000,0.000000000,0.000000000,0.000000000,1.000000000
1403715340.812143087,-2.061786000,-2.061339000,1.656030000,0.000000000,0.000000000,0.000000000,1.000000000
1403715340.817143202,-2.060130000,-2.062067000,1.656471000,0.000000000,0.000000000,0.000000000,1.000000000
1403715340.822143078,-2.058490000,-2.062796000,1.656912000,0.000000000,0.000000000,0.000000000,1.000000000
1403715340.827142954,-2.056867000,-2.063528000,1.657337000,0.000000000,0.000000000,0.000000000,1.000000000
1403715340.832143307,-2.055253000,-2.064262000,1.657746000,0.000000000,0.000000000,0.000000000,1.000000000
1403715340.837143183,-2.053643000,-2.065000000,1.658153000,0.000000000,0.000000000,0.000000000,1.000000000
1403715340.842143059,-2.052036000,-2.065746000,1.658568000,0.000000000,0.000000000,0.000000000,1.000000000
1403715340.847142935,-2.050434000,-2.066501000,1.658992000,0.000000000,0.000000000,0.000000000,1.000000000
1403715340.852143288,-2.048593000,-2.067198000,1.659407000,0.000000000,0.000000000,0.000000000,1.000000000
1403715340.857143164,-2.046942000,-2.067962000,1.659834000,0.000000000,0.000000000,0.000000000,1.000000000
1403715340.862143040,-2.045290000,-2.068738000,1.660269000,0.000000000,0.000000000,0.000000000,1.000000000
1403715340.867142916,-2.043642000,-2.069519000,1.660712000,0.000000000,0.000000000,0.000000000,1.000000000
1403715340.872143269,-2.041994000,-2.070306000,1.661151000,0.000000000,0.000000000,0.000000000,1.000000000
1403715340.877142906,-2.040344000,-2.071094000,1.661575000,0.000000000,0.000000000,0.000000000,1.000000000
1403715340.882143021,-2.038698000,-2.071883000,1.661981000,0.000000000,0.000000000,0.000000000,1.000000000
1403715340.887142897,-2.037062000,-2.072680000,1.662378000,0.000000000,0.000000000,0.000000000,1.000000000
1403715340.892143250,-2.035438000,-2.073493000,1.662770000,0.000000000,0.000000000,0.000000000,1.000000000
1403715340.897142887,-2.033816000,-2.074325000,1.663150000,0.000000000,0.000000000,0.000000000,1.000000000
1403715340.902143002,-2.031951000,-2.075126000,1.663501000,0.000000000,0.000000000,0.000000000,1.000000000
1403715340.907143354,-2.030271000,-2.075971000,1.663849000,0.000000000,0.000000000,0.000000000,1.000000000
1403715340.912143230,-2.028604000,-2.076815000,1.664190000,0.000000000,0.000000000,0.000000000,1.000000000
1403715340.917143106,-2.026947000,-2.077664000,1.664537000,0.000000000,0.000000000,0.000000000,1.000000000
1403715340.922142982,-2.025289000,-2.078523000,1.664901000,0.000000000,0.000000000,0.000000000,1.000000000
1403715340.927143335,-2.023639000,-2.079392000,1.665277000,0.000000000,0.000000000,0.000000000,1.000000000
1403715340.932142973,-2.022004000,-2.080267000,1.665648000,0.000000000,0.000000000,0.000000000,1.000000000
1403715340.937143087,-2.020378000,-2.081149000,1.666014000,0.000000000,0.000000000,0.000000000,1.000000000
1403715340.942142963,-2.018754000,-2.082038000,1.666390000,0.000000000,0.000000000,0.000000000,1.000000000
1403715340.947143316,-2.017131000,-2.082935000,1.666773000,0.000000000,0.000000000,0.000000000,1.000000000
1403715340.952142954,-2.015276000,-2.083803000,1.667158000,0.000000000,0.000000000,0.000000000,1.000000000
1403715340.957143068,-2.013601000,-2.084718000,1.667532000,0.000000000,0.000000000,0.000000000,1.000000000
1403715340.962142944,-2.011930000,-2.085654000,1.667897000,0.000000000,0.000000000,0.000000000,1.000000000
1403715340.967143297,-2.010269000,-2.086610000,1.668262000,0.000000000,0.000000000,0.000000000,1.000000000
1403715340.972142935,-2.008622000,-2.087577000,1.668618000,0.000000000,0.000000000,0.000000000,1.000000000
1403715340.977143049,-2.006981000,-2.088547000,1.668960000,0.000000000,0.000000000,0.000000000,1.000000000
1403715340.982143164,-2.005342000,-2.089531000,1.669313000,0.000000000,0.000000000,0.000000000,1.000000000
1403715340.987143040,-2.003708000,-2.090531000,1.669685000,0.000000000,0.000000000,0.000000000,1.000000000
1403715340.992142916,-2.002084000,-2.091540000,1.670057000,0.000000000,0.000000000,0.000000000,1.000000000
1403715340.997143030,-2.000467000,-2.092561000,1.670421000,0.000000000,0.000000000,0.000000000,1.000000000
1403715341.002143145,-1.998632000,-2.093565000,1.670810000,0.000000000,0.000000000,0.000000000,1.000000000
1403715341.007143021,-1.996973000,-2.094606000,1.671202000,0.000000000,0.000000000,0.000000000,1.000000000
1403715341.012142897,-1.995318000,-2.095663000,1.671604000,0.000000000,0.000000000,0.000000000,1.000000000
1403715341.017143011,-1.993669000,-2.096741000,1.672009000,0.000000000,0.000000000,0.000000000,1.000000000
1403715341.022143126,-1.992030000,-2.097836000,1.672415000,0.000000000,0.000000000,0.000000000,1.000000000
1403715341.027143002,-1.990407000,-2.098948000,1.672821000,0.000000000,0.000000000,0.000000000,1.000000000
1403715341.032143116,-1.988794000,-2.100077000,1.673223000,0.000000000,0.000000000,0.000000000,1.000000000
1403715341.037143230,-1.987183000,-2.101220000,1.673625000,0.000000000,0.000000000,0.000000000,1.000000000
1403715341.042143345,-1.985565000,-2.102381000,1.674035000,0.000000000,0.000000000,0.000000000,1.000000000
1403715341.047142982,-1.983947000,-2.103558000,1.674460000,0.000000000,0.000000000,0.000000000,1.000000000
1403715341.052143097,-1.982117000,-2.104725000,1.674906000,0.000000000,0.000000000,0.000000000,1.000000000
1403715341.057143211,-1.980478000,-2.105935000,1.675346000,0.000000000,0.000000000,0.000000000,1.000000000
1403715341.062143087,-1.978852000,-2.107171000,1.675784000,0.000000000,0.000000000,0.000000000,1.000000000
1403715341.067142963,-1.977237000,-2.108422000,1.676220000,0.000000000,0.000000000,0.000000000,1.000000000
1403715341.072143078,-1.975629000,-2.109678000,1.676651000,0.000000000,0.000000000,0.000000000,1.000000000
1403715341.077143192,-1.974022000,-2.110933000,1.677069000,0.000000000,0.000000000,0.000000000,1.000000000
1403715341.082143068,-1.972413000,-2.112195000,1.677479000,0.000000000,0.000000000,0.000000000,1.000000000
1403715341.087142944,-1.970808000,-2.113476000,1.677887000,0.000000000,0.000000000,0.000000000,1.000000000
1403715341.092143297,-1.969215000,-2.114781000,1.678300000,0.000000000,0.000000000,0.000000000,1.000000000
1403715341.097143173,-1.967634000,-2.116108000,1.678721000,0.000000000,0.000000000,0.000000000,1.000000000
1403715341.102143049,-1.965839000,-2.117424000,1.679173000,0.000000000,0.000000000,0.000000000,1.000000000
1403715341.107142925,-1.964217000,-2.118767000,1.679628000,0.000000000,0.000000000,0.000000000,1.000000000
1403715341.112143278,-1.962595000,-2.120113000,1.680093000,0.000000000,0.000000000,0.000000000,1.000000000
1403715341.117143154,-1.960977000,-2.121465000,1.680558000,0.000000000,0.000000000,0.000000000,1.000000000
1403715341.122143030,-1.959374000,-2.122831000,1.681017000,0.000000000,0.000000000,0.000000000,1.000000000
1403715341.127142906,-1.957789000,-2.124215000,1.681479000,0.000000000,0.000000000,0.000000000,1.000000000
1403715341.132143259,-1.956212000,-2.125616000,1.681946000,0.000000000,0.000000000,0.000000000,1.000000000
1403715341.137142897,-1.954633000,-2.127033000,1.682416000,0.000000000,0.000000000,0.000000000,1.000000000
1403715341.142143011,-1.953049000,-2.128461000,1.682883000,0.000000000,0.000000000,0.000000000,1.000000000
1403715341.147142887,-1.951458000,-2.129895000,1.683349000,0.000000000,0.000000000,0.000000000,1.000000000
1403715341.152143240,-1.949649000,-2.131309000,1.683848000,0.000000000,0.000000000,0.000000000,1.000000000
1403715341.157143116,-1.948012000,-2.132751000,1.684323000,0.000000000,0.000000000,0.000000000,1.000000000
1403715341.162142992,-1.946395000,-2.134203000,1.684792000,0.000000000,0.000000000,0.000000000,1.000000000
1403715341.167143345,-1.944794000,-2.135668000,1.685261000,0.000000000,0.000000000,0.000000000,1.000000000
1403715341.172143221,-1.943197000,-2.137146000,1.685745000,0.000000000,0.000000000,0.000000000,1.000000000
1403715341.177143097,-1.941593000,-2.138632000,1.686252000,0.000000000,0.000000000,0.000000000,1.000000000
1403715341.182142973,-1.939983000,-2.140120000,1.686779000,0.000000000,0.000000000,0.000000000,1.000000000
1403715341.187143326,-1.938370000,-2.141610000,1.687312000,0.000000000,0.000000000,0.000000000,1.000000000
1403715341.192142963,-1.936764000,-2.143107000,1.687835000,0.000000000,0.000000000,0.000000000,1.000000000
1403715341.197143078,-1.935168000,-2.144616000,1.688345000,0.000000000,0.000000000,0.000000000,1.000000000
1403715341.202142954,-1.933376000,-2.146105000,1.688882000,0.000000000,0.000000000,0.000000000,1.000000000
1403715341.207143307,-1.931759000,-2.147629000,1.689380000,0.000000000,0.000000000,0.000000000,1.000000000
1403715341.212142944,-1.930145000,-2.149154000,1.689877000,0.000000000,0.000000000,0.000000000,1.000000000
1403715341.217143059,-1.928532000,-2.150683000,1.690368000,0.000000000,0.000000000,0.000000000,1.000000000
1403715341.222143173,-1.926921000,-2.152227000,1.690852000,0.000000000,0.000000000,0.000000000,1.000000000
1403715341.227143288,-1.925316000,-2.153786000,1.691333000,0.000000000,0.000000000,0.000000000,1.000000000
1403715341.232142925,-1.923722000,-2.155358000,1.691826000,0.000000000,0.000000000,0.000000000,1.000000000
1403715341.237143040,-1.922139000,-2.156942000,1.692340000,0.000000000,0.000000000,0.000000000,1.000000000
1403715341.242143154,-1.920561000,-2.158541000,1.692864000,0.000000000,0.000000000,0.000000000,1.000000000
1403715341.247143030,-1.918982000,-2.160161000,1.693398000,0.000000000,0.000000000,0.000000000,1.000000000
1403715341.252142906,-1.917209000,-2.161764000,1.693988000,0.000000000,0.000000000,0.000000000,1.000000000
1403715341.257143021,-1.915602000,-2.163406000,1.694540000,0.000000000,0.000000000,0.000000000,1.000000000
1403715341.262143135,-1.913998000,-2.165054000,1.695081000,0.000000000,0.000000000,0.000000000,1.000000000
1403715341.267143011,-1.912403000,-2.166707000,1.695602000,0.000000000,0.000000000,0.000000000,1.000000000
1403715341.272142887,-1.910818000,-2.168360000,1.696101000,0.000000000,0.000000000,0.000000000,1.000000000
1403715341.277143240,-1.909235000,-2.170010000,1.696596000,0.000000000,0.000000000,0.000000000,1.000000000
1403715341.282143354,-1.907653000,-2.171657000,1.697099000,0.000000000,0.000000000,0.000000000,1.000000000
1403715341.287142992,-1.906075000,-2.173308000,1.697619000,0.000000000,0.000000000,0.000000000,1.000000000
1403715341.292143106,-1.904507000,-2.174965000,1.698155000,0.000000000,0.000000000,0.000000000,1.000000000
1403715341.297143221,-1.902955000,-2.176629000,1.698690000,0.000000000,0.000000000,0.000000000,1.000000000
1403715341.302143097,-1.901240000,-2.178251000,1.699268000,0.000000000,0.000000000,0.000000000,1.000000000
1403715341.307142973,-1.899706000,-2.179897000,1.699792000,0.000000000,0.000000000,0.000000000,1.000000000
1403715341.312143087,-1.898187000,-2.181544000,1.700314000,0.000000000,0.000000000,0.000000000,1.000000000
1403715341.317143202,-1.896680000,-2.183188000,1.700854000,0.000000000,0.000000000,0.000000000,1.000000000
1403715341.322143078,-1.895189000,-2.184826000,1.701400000,0.000000000,0.000000000,0.000000000,1.000000000
1403715341.327142954,-1.893719000,-2.186461000,1.701945000,0.000000000,0.000000000,0.000000000,1.000000000
1403715341.332143307,-1.892268000,-2.188096000,1.702486000,0.000000000,0.000000000,0.000000000,1.000000000
1403715341.337143183,-1.890827000,-2.189735000,1.703027000,0.000000000,0.000000000,0.000000000,1.000000000
1403715341.342143059,-1.889389000,-2.191376000,1.703568000,0.000000000,0.000000000,0.000000000,1.000000000
1403715341.347142935,-1.887953000,-2.193013000,1.704120000,0.000000000,0.000000000,0.000000000,1.000000000
1403715341.352143288,-1.886336000,-2.194608000,1.704738000,0.000000000,0.000000000,0.000000000,1.000000000
1403715341.357143164,-1.884876000,-2.196243000,1.705305000,0.000000000,0.000000000,0.000000000,1.000000000
1403715341.362143040,-1.883421000,-2.197880000,1.705870000,0.000000000,0.000000000,0.000000000,1.000000000
1403715341.367142916,-1.881971000,-2.199501000,1.706425000,0.000000000,0.000000000,0.000000000,1.000000000
1403715341.372143269,-1.880517000,-2.201112000,1.706976000,0.000000000,0.000000000,0.000000000,1.000000000
1403715341.377142906,-1.879062000,-2.202721000,1.707538000,0.000000000,0.000000000,0.000000000,1.000000000
1403715341.382143021,-1.877616000,-2.204328000,1.708101000,0.000000000,0.000000000,0.000000000,1.000000000
1403715341.387142897,-1.876181000,-2.205942000,1.708661000,0.000000000,0.000000000,0.000000000,1.000000000
1403715341.392143250,-1.874758000,-2.207565000,1.709217000,0.000000000,0.000000000,0.000000000,1.000000000
1403715341.397142887,-1.873351000,-2.209191000,1.709763000,0.000000000,0.000000000,0.000000000,1.000000000
1403715341.402143002,-1.871772000,-2.210757000,1.710366000,0.000000000,0.000000000,0.000000000,1.000000000
1403715341.407143354,-1.870332000,-2.212358000,1.710895000,0.000000000,0.000000000,0.000000000,1.000000000
1403715341.412143230,-1.868907000,-2.213951000,1.711406000,0.000000000,0.000000000,0.000000000,1.000000000
1403715341.417143106,-1.867488000,-2.215541000,1.711924000,0.000000000,0.000000000,0.000000000,1.000000000
1403715341.422142982,-1.866071000,-2.217129000,1.712453000,0.000000000,0.000000000,0.000000000,1.000000000
1403715341.427143335,-1.864666000,-2.218711000,1.712969000,0.000000000,0.000000000,0.000000000,1.000000000
1403715341.432142973,-1.863272000,-2.220282000,1.713470000,0.000000000,0.000000000,0.000000000,1.000000000
1403715341.437143087,-1.861887000,-2.221842000,1.713967000,0.000000000,0.000000000,0.000000000,1.000000000
1403715341.442142963,-1.860517000,-2.223395000,1.714451000,0.000000000,0.000000000,0.000000000,1.000000000
1403715341.447143316,-1.859169000,-2.224946000,1.714939000,0.000000000,0.000000000,0.000000000,1.000000000
1403715341.452142954,-1.857690000,-2.226436000,1.715511000,0.000000000,0.000000000,0.000000000,1.000000000
1403715341.457143068,-1.856336000,-2.227975000,1.716046000,0.000000000,0.000000000,0.000000000,1.000000000
1403715341.462142944,-1.854977000,-2.229512000,1.716582000,0.000000000,0.000000000,0.000000000,1.000000000
1403715341.467143297,-1.853624000,-2.231049000,1.717124000,0.000000000,0.000000000,0.000000000,1.000000000
1403715341.472142935,-1.852284000,-2.232589000,1.717675000,0.000000000,0.000000000,0.000000000,1.000000000
1403715341.477143049,-1.850948000,-2.234131000,1.718222000,0.000000000,0.000000000,0.000000000,1.000000000
1403715341.482143164,-1.849614000,-2.235671000,1.718764000,0.000000000,0.000000000,0.000000000,1.000000000
1403715341.487143040,-1.848280000,-2.237208000,1.719286000,0.000000000,0.000000000,0.000000000,1.000000000
1403715341.492142916,-1.846946000,-2.238747000,1.719791000,0.000000000,0.000000000,0.000000000,1.000000000
1403715341.497143030,-1.845622000,-2.240297000,1.720307000,0.000000000,0.000000000,0.000000000,1.000000000
1403715341.502143145,-1.844179000,-2.241782000,1.720885000,0.000000000,0.000000000,0.000000000,1.000000000
1403715341.507143021,-1.842857000,-2.243323000,1.721431000,0.000000000,0.000000000,0.000000000,1.000000000
1403715341.512142897,-1.841541000,-2.244863000,1.721984000,0.000000000,0.000000000,0.000000000,1.000000000
1403715341.517143011,-1.840239000,-2.246396000,1.722547000,0.000000000,0.000000000,0.000000000,1.000000000
1403715341.522143126,-1.838953000,-2.247918000,1.723115000,0.000000000,0.000000000,0.000000000,1.000000000
1403715341.527143002,-1.837669000,-2.249441000,1.723687000,0.000000000,0.000000000,0.000000000,1.000000000
1403715341.532143116,-1.836389000,-2.250963000,1.724252000,0.000000000,0.000000000,0.000000000,1.000000000
1403715341.537143230,-1.835113000,-2.252477000,1.724787000,0.000000000,0.000000000,0.000000000,1.000000000
1403715341.542143345,-1.833840000,-2.253983000,1.725304000,0.000000000,0.000000000,0.000000000,1.000000000
1403715341.547142982,-1.832571000,-2.255487000,1.725811000,0.000000000,0.000000000,0.000000000,1.000000000
1403715341.552143097,-1.831179000,-2.256910000,1.726354000,0.000000000,0.000000000,0.000000000,1.000000000
1403715341.557143211,-1.829888000,-2.258390000,1.726881000,0.000000000,0.000000000,0.000000000,1.000000000
1403715341.562143087,-1.828598000,-2.259862000,1.727415000,0.000000000,0.000000000,0.000000000,1.000000000
1403715341.567142963,-1.827311000,-2.261321000,1.727954000,0.000000000,0.000000000,0.000000000,1.000000000
1403715341.572143078,-1.826025000,-2.262778000,1.728491000,0.000000000,0.000000000,0.000000000,1.000000000
1403715341.577143192,-1.824747000,-2.264254000,1.729019000,0.000000000,0.000000000,0.000000000,1.000000000
1403715341.582143068,-1.823485000,-2.265744000,1.729544000,0.000000000,0.000000000,0.000000000,1.000000000
1403715341.587142944,-1.822228000,-2.267232000,1.730062000,0.000000000,0.000000000,0.000000000,1.000000000
1403715341.592143297,-1.820979000,-2.268711000,1.730575000,0.000000000,0.000000000,0.000000000,1.000000000
1403715341.597143173,-1.819733000,-2.270183000,1.731089000,0.000000000,0.000000000,0.000000000,1.000000000
1403715341.602143049,-1.818381000,-2.271564000,1.731625000,0.000000000,0.000000000,0.000000000,1.000000000
1403715341.607142925,-1.817125000,-2.273010000,1.732143000,0.000000000,0.000000000,0.000000000,1.000000000
1403715341.612143278,-1.815878000,-2.274449000,1.732664000,0.000000000,0.000000000,0.000000000,1.000000000
1403715341.617143154,-1.814641000,-2.275883000,1.733194000,0.000000000,0.000000000,0.000000000,1.000000000
1403715341.622143030,-1.813407000,-2.277319000,1.733728000,0.000000000,0.000000000,0.000000000,1.000000000
1403715341.627142906,-1.812165000,-2.278747000,1.734251000,0.000000000,0.000000000,0.000000000,1.000000000
1403715341.632143259,-1.810923000,-2.280161000,1.734756000,0.000000000,0.000000000,0.000000000,1.000000000
1403715341.637142897,-1.809691000,-2.281571000,1.735242000,0.000000000,0.000000000,0.000000000,1.000000000
1403715341.642143011,-1.808471000,-2.282981000,1.735726000,0.000000000,0.000000000,0.000000000,1.000000000
1403715341.647142887,-1.807260000,-2.284387000,1.736212000,0.000000000,0.000000000,0.000000000,1.000000000
1403715341.652143240,-1.805951000,-2.285682000,1.736713000,0.000000000,0.000000000,0.000000000,1.000000000
1403715341.657143116,-1.804718000,-2.287034000,1.737196000,0.000000000,0.000000000,0.000000000,1.000000000
1403715341.662142992,-1.803483000,-2.288364000,1.737684000,0.000000000,0.000000000,0.000000000,1.000000000
1403715341.667143345,-1.802253000,-2.289692000,1.738170000,0.000000000,0.000000000,0.000000000,1.000000000
1403715341.672143221,-1.801020000,-2.291017000,1.738655000,0.000000000,0.000000000,0.000000000,1.000000000
1403715341.677143097,-1.799798000,-2.292336000,1.739136000,0.000000000,0.000000000,0.000000000,1.000000000
1403715341.682142973,-1.798591000,-2.293655000,1.739613000,0.000000000,0.000000000,0.000000000,1.000000000
1403715341.687143326,-1.797383000,-2.294977000,1.740093000,0.000000000,0.000000000,0.000000000,1.000000000
1403715341.692142963,-1.796163000,-2.296289000,1.740579000,0.000000000,0.000000000,0.000000000,1.000000000
1403715341.697143078,-1.794937000,-2.297590000,1.741061000,0.000000000,0.000000000,0.000000000,1.000000000
1403715341.702142954,-1.793629000,-2.298777000,1.741572000,0.000000000,0.000000000,0.000000000,1.000000000
1403715341.707143307,-1.792380000,-2.300039000,1.742056000,0.000000000,0.000000000,0.000000000,1.000000000
1403715341.712142944,-1.791145000,-2.301291000,1.742513000,0.000000000,0.000000000,0.000000000,1.000000000
1403715341.717143059,-1.789925000,-2.302525000,1.742935000,0.000000000,0.000000000,0.000000000,1.000000000
1403715341.722143173,-1.788711000,-2.303749000,1.743326000,0.000000000,0.000000000,0.000000000,1.000000000
1403715341.727143288,-1.787496000,-2.304968000,1.743710000,0.000000000,0.000000000,0.000000000,1.000000000
1403715341.732142925,-1.786257000,-2.306185000,1.744089000,0.000000000,0.000000000,0.000000000,1.000000000
1403715341.737143040,-1.784988000,-2.307401000,1.744470000,0.000000000,0.000000000,0.000000000,1.000000000
1403715341.742143154,-1.783714000,-2.308606000,1.744857000,0.000000000,0.000000000,0.000000000,1.000000000
1403715341.747143030,-1.782455000,-2.309802000,1.745234000,0.000000000,0.000000000,0.000000000,1.000000000
1403715341.752142906,-1.781142000,-2.310873000,1.745624000,0.000000000,0.000000000,0.000000000,1.000000000
1403715341.757143021,-1.779885000,-2.312016000,1.746006000,0.000000000,0.000000000,0.000000000,1.000000000
1403715341.762143135,-1.778630000,-2.313137000,1.746370000,0.000000000,0.000000000,0.000000000,1.000000000
1403715341.767143011,-1.777377000,-2.314225000,1.746728000,0.000000000,0.000000000,0.000000000,1.000000000
1403715341.772142887,-1.776134000,-2.315290000,1.747078000,0.000000000,0.000000000,0.000000000,1.000000000
1403715341.777143240,-1.774898000,-2.316340000,1.747411000,0.000000000,0.000000000,0.000000000,1.000000000
1403715341.782143354,-1.773658000,-2.317375000,1.747722000,0.000000000,0.000000000,0.000000000,1.000000000
1403715341.787142992,-1.772427000,-2.318389000,1.748024000,0.000000000,0.000000000,0.000000000,1.000000000
1403715341.792143106,-1.771209000,-2.319384000,1.748321000,0.000000000,0.000000000,0.000000000,1.000000000
1403715341.797143221,-1.770000000,-2.320378000,1.748595000,0.000000000,0.000000000,0.000000000,1.000000000
1403715341.802143097,-1.768727000,-2.321264000,1.748831000,0.000000000,0.000000000,0.000000000,1.000000000
1403715341.807142973,-1.767480000,-2.322220000,1.749066000,0.000000000,0.000000000,0.000000000,1.000000000
1403715341.812143087,-1.766214000,-2.323158000,1.749302000,0.000000000,0.000000000,0.000000000,1.000000000
1403715341.817143202,-1.764931000,-2.324077000,1.749550000,0.000000000,0.000000000,0.000000000,1.000000000
1403715341.822143078,-1.763641000,-2.324990000,1.749801000,0.000000000,0.000000000,0.000000000,1.000000000
1403715341.827142954,-1.762347000,-2.325887000,1.750056000,0.000000000,0.000000000,0.000000000,1.000000000
1403715341.832143307,-1.761045000,-2.326762000,1.750323000,0.000000000,0.000000000,0.000000000,1.000000000
1403715341.837143183,-1.759737000,-2.327624000,1.750606000,0.000000000,0.000000000,0.000000000,1.000000000
1403715341.842143059,-1.758433000,-2.328482000,1.750893000,0.000000000,0.000000000,0.000000000,1.000000000
1403715341.847142935,-1.757131000,-2.329340000,1.751177000,0.000000000,0.000000000,0.000000000,1.000000000
1403715341.852143288,-1.755774000,-2.330083000,1.751447000,0.000000000,0.000000000,0.000000000,1.000000000
1403715341.857143164,-1.754443000,-2.330881000,1.751710000,0.000000000,0.000000000,0.000000000,1.000000000
1403715341.862143040,-1.753092000,-2.331643000,1.751955000,0.000000000,0.000000000,0.000000000,1.000000000
1403715341.867142916,-1.751725000,-2.332369000,1.752171000,0.000000000,0.000000000,0.000000000,1.000000000
1403715341.872143269,-1.750348000,-2.333071000,1.752366000,0.000000000,0.000000000,0.000000000,1.000000000
1403715341.877142906,-1.748960000,-2.333751000,1.752566000,0.000000000,0.000000000,0.000000000,1.000000000
1403715341.882143021,-1.747571000,-2.334420000,1.752761000,0.000000000,0.000000000,0.000000000,1.000000000
1403715341.887142897,-1.746181000,-2.335079000,1.752958000,0.000000000,0.000000000,0.000000000,1.000000000
1403715341.892143250,-1.744782000,-2.335726000,1.753156000,0.000000000,0.000000000,0.000000000,1.000000000
1403715341.897142887,-1.743370000,-2.336366000,1.753349000,0.000000000,0.000000000,0.000000000,1.000000000
1403715341.902143002,-1.741894000,-2.336889000,1.753538000,0.000000000,0.000000000,0.000000000,1.000000000
1403715341.907143354,-1.740444000,-2.337475000,1.753736000,0.000000000,0.000000000,0.000000000,1.000000000
1403715341.912143230,-1.738988000,-2.338045000,1.753944000,0.000000000,0.000000000,0.000000000,1.000000000
1403715341.917143106,-1.737532000,-2.338606000,1.754163000,0.000000000,0.000000000,0.000000000,1.000000000
1403715341.922142982,-1.736075000,-2.339162000,1.754377000,0.000000000,0.000000000,0.000000000,1.000000000
1403715341.927143335,-1.734618000,-2.339709000,1.754596000,0.000000000,0.000000000,0.000000000,1.000000000
1403715341.932142973,-1.733154000,-2.340246000,1.754815000,0.000000000,0.000000000,0.000000000,1.000000000
1403715341.937143087,-1.731685000,-2.340767000,1.755021000,0.000000000,0.000000000,0.000000000,1.000000000
1403715341.942142963,-1.730224000,-2.341270000,1.755201000,0.000000000,0.000000000,0.000000000,1.000000000
1403715341.947143316,-1.728776000,-2.341759000,1.755370000,0.000000000,0.000000000,0.000000000,1.000000000
1403715341.952142954,-1.727286000,-2.342137000,1.755540000,0.000000000,0.000000000,0.000000000,1.000000000
1403715341.957143068,-1.725829000,-2.342572000,1.755735000,0.000000000,0.000000000,0.000000000,1.000000000
1403715341.962142944,-1.724380000,-2.342990000,1.755916000,0.000000000,0.000000000,0.000000000,1.000000000
1403715341.967143297,-1.722943000,-2.343393000,1.756088000,0.000000000,0.000000000,0.000000000,1.000000000
1403715341.972142935,-1.721508000,-2.343783000,1.756277000,0.000000000,0.000000000,0.000000000,1.000000000
1403715341.977143049,-1.720071000,-2.344167000,1.756472000,0.000000000,0.000000000,0.000000000,1.000000000
1403715341.982143164,-1.718624000,-2.344549000,1.756653000,0.000000000,0.000000000,0.000000000,1.000000000
1403715341.987143040,-1.717176000,-2.344929000,1.756820000,0.000000000,0.000000000,0.000000000,1.000000000
1403715341.992142916,-1.715735000,-2.345303000,1.756973000,0.000000000,0.000000000,0.000000000,1.000000000
1403715341.997143030,-1.714301000,-2.345669000,1.757128000,0.000000000,0.000000000,0.000000000,1.000000000
1403715342.002143145,-1.712828000,-2.345950000,1.757259000,0.000000000,0.000000000,0.000000000,1.000000000
1403715342.007143021,-1.711385000,-2.346290000,1.757397000,0.000000000,0.000000000,0.000000000,1.000000000
1403715342.012142897,-1.709928000,-2.346620000,1.757542000,0.000000000,0.000000000,0.000000000,1.000000000
1403715342.017143011,-1.708458000,-2.346935000,1.757699000,0.000000000,0.000000000,0.000000000,1.000000000
1403715342.022143126,-1.706991000,-2.347247000,1.757862000,0.000000000,0.000000000,0.000000000,1.000000000
1403715342.027143002,-1.705533000,-2.347565000,1.758029000,0.000000000,0.000000000,0.000000000,1.000000000
1403715342.032143116,-1.704082000,-2.347886000,1.758194000,0.000000000,0.000000000,0.000000000,1.000000000
1403715342.037143230,-1.702632000,-2.348203000,1.758352000,0.000000000,0.000000000,0.000000000,1.000000000
1403715342.042143345,-1.701173000,-2.348514000,1.758507000,0.000000000,0.000000000,0.000000000,1.000000000
1403715342.047142982,-1.699714000,-2.348816000,1.758656000,0.000000000,0.000000000,0.000000000,1.000000000
1403715342.052143097,-1.698219000,-2.349023000,1.758794000,0.000000000,0.000000000,0.000000000,1.000000000
1403715342.057143211,-1.696758000,-2.349265000,1.758953000,0.000000000,0.000000000,0.000000000,1.000000000
1403715342.062143087,-1.695288000,-2.349479000,1.759117000,0.000000000,0.000000000,0.000000000,1.000000000
1403715342.067142963,-1.693819000,-2.349688000,1.759285000,0.000000000,0.000000000,0.000000000,1.000000000
1403715342.072143078,-1.692360000,-2.349909000,1.759471000,0.000000000,0.000000000,0.000000000,1.000000000
1403715342.077143192,-1.690918000,-2.350142000,1.759653000,0.000000000,0.000000000,0.000000000,1.000000000
1403715342.082143068,-1.689487000,-2.350377000,1.759818000,0.000000000,0.000000000,0.000000000,1.000000000
1403715342.087142944,-1.688051000,-2.350596000,1.759975000,0.000000000,0.000000000,0.000000000,1.000000000
1403715342.092143297,-1.686619000,-2.350793000,1.760130000,0.000000000,0.000000000,0.000000000,1.000000000
1403715342.097143173,-1.685189000,-2.350971000,1.760292000,0.000000000,0.000000000,0.000000000,1.000000000
1403715342.102143049,-1.683717000,-2.351066000,1.760440000,0.000000000,0.000000000,0.000000000,1.000000000
1403715342.107142925,-1.682298000,-2.351220000,1.760594000,0.000000000,0.000000000,0.000000000,1.000000000
1403715342.112143278,-1.680894000,-2.351370000,1.760746000,0.000000000,0.000000000,0.000000000,1.000000000
1403715342.117143154,-1.679496000,-2.351516000,1.760898000,0.000000000,0.000000000,0.000000000,1.000000000
1403715342.122143030,-1.678099000,-2.351656000,1.761045000,0.000000000,0.000000000,0.000000000,1.000000000
1403715342.127142906,-1.676697000,-2.351790000,1.761179000,0.000000000,0.000000000,0.000000000,1.000000000
1403715342.132143259,-1.675293000,-2.351919000,1.761308000,0.000000000,0.000000000,0.000000000,1.000000000
1403715342.137142897,-1.673888000,-2.352046000,1.761436000,0.000000000,0.000000000,0.000000000,1.000000000
1403715342.142143011,-1.672483000,-2.352172000,1.761572000,0.000000000,0.000000000,0.000000000,1.000000000
1403715342.147142887,-1.671082000,-2.352296000,1.761720000,0.000000000,0.000000000,0.000000000,1.000000000
1403715342.152143240,-1.669634000,-2.352349000,1.761860000,0.000000000,0.000000000,0.000000000,1.000000000
1403715342.157143116,-1.668213000,-2.352457000,1.762010000,0.000000000,0.000000000,0.000000000,1.000000000
1403715342.162142992,-1.666778000,-2.352568000,1.762149000,0.000000000,0.000000000,0.000000000,1.000000000
1403715342.167143345,-1.665336000,-2.352689000,1.762288000,0.000000000,0.000000000,0.000000000,1.000000000
1403715342.172143221,-1.663892000,-2.352816000,1.762432000,0.000000000,0.000000000,0.000000000,1.000000000
1403715342.177143097,-1.662455000,-2.352946000,1.762576000,0.000000000,0.000000000,0.000000000,1.000000000
1403715342.182142973,-1.661027000,-2.353083000,1.762725000,0.000000000,0.000000000,0.000000000,1.000000000
1403715342.187143326,-1.659594000,-2.353227000,1.762877000,0.000000000,0.000000000,0.000000000,1.000000000
1403715342.192142963,-1.658149000,-2.353376000,1.763017000,0.000000000,0.000000000,0.000000000,1.000000000
1403715342.197143078,-1.656706000,-2.353528000,1.763158000,0.000000000,0.000000000,0.000000000,1.000000000
1403715342.202142954,-1.655229000,-2.353616000,1.763287000,0.000000000,0.000000000,0.000000000,1.000000000
1403715342.207143307,-1.653789000,-2.353759000,1.763428000,0.000000000,0.000000000,0.000000000,1.000000000
1403715342.212142944,-1.652346000,-2.353899000,1.763580000,0.000000000,0.000000000,0.000000000,1.000000000
1403715342.217143059,-1.650898000,-2.354052000,1.763737000,0.000000000,0.000000000,0.000000000,1.000000000
1403715342.222143173,-1.649441000,-2.354233000,1.763891000,0.000000000,0.000000000,0.000000000,1.000000000
1403715342.227143288,-1.647976000,-2.354428000,1.764050000,0.000000000,0.000000000,0.000000000,1.000000000
1403715342.232142925,-1.646506000,-2.354626000,1.764210000,0.000000000,0.000000000,0.000000000,1.000000000
1403715342.237143040,-1.645036000,-2.354843000,1.764356000,0.000000000,0.000000000,0.000000000,1.000000000
1403715342.242143154,-1.643560000,-2.355086000,1.764493000,0.000000000,0.000000000,0.000000000,1.000000000
1403715342.247143030,-1.642077000,-2.355344000,1.764630000,0.000000000,0.000000000,0.000000000,1.000000000
1403715342.252142906,-1.640530000,-2.355544000,1.764749000,0.000000000,0.000000000,0.000000000,1.000000000
1403715342.257143021,-1.639016000,-2.355808000,1.764863000,0.000000000,0.000000000,0.000000000,1.000000000
1403715342.262143135,-1.637498000,-2.356076000,1.764969000,0.000000000,0.000000000,0.000000000,1.000000000
1403715342.267143011,-1.635973000,-2.356357000,1.765070000,0.000000000,0.000000000,0.000000000,1.000000000
1403715342.272142887,-1.634445000,-2.356662000,1.765158000,0.000000000,0.000000000,0.000000000,1.000000000
1403715342.277143240,-1.632919000,-2.356987000,1.765221000,0.000000000,0.000000000,0.000000000,1.000000000
1403715342.282143354,-1.631390000,-2.357324000,1.765266000,0.000000000,0.000000000,0.000000000,1.000000000
1403715342.287142992,-1.629856000,-2.357664000,1.765319000,0.000000000,0.000000000,0.000000000,1.000000000
1403715342.292143106,-1.628322000,-2.358003000,1.765374000,0.000000000,0.000000000,0.000000000,1.000000000
1403715342.297143221,-1.626786000,-2.358345000,1.765433000,0.000000000,0.000000000,0.000000000,1.000000000
1403715342.302143097,-1.625191000,-2.358626000,1.765497000,0.000000000,0.000000000,0.000000000,1.000000000
1403715342.307142973,-1.623637000,-2.358973000,1.765572000,0.000000000,0.000000000,0.000000000,1.000000000
1403715342.312143087,-1.622088000,-2.359334000,1.765631000,0.000000000,0.000000000,0.000000000,1.000000000
1403715342.317143202,-1.620537000,-2.359701000,1.765672000,0.000000000,0.000000000,0.000000000,1.000000000
1403715342.322143078,-1.618977000,-2.360062000,1.765707000,0.000000000,0.000000000,0.000000000,1.000000000
1403715342.327142954,-1.617412000,-2.360415000,1.765745000,0.000000000,0.000000000,0.000000000,1.000000000
1403715342.332143307,-1.615845000,-2.360769000,1.765771000,0.000000000,0.000000000,0.000000000,1.000000000
1403715342.337143183,-1.614278000,-2.361137000,1.765780000,0.000000000,0.000000000,0.000000000,1.000000000
1403715342.342143059,-1.612713000,-2.361517000,1.765786000,0.000000000,0.000000000,0.000000000,1.000000000
1403715342.347142935,-1.611164000,-2.361903000,1.765784000,0.000000000,0.000000000,0.000000000,1.000000000
1403715342.352143288,-1.609566000,-2.362218000,1.765771000,0.000000000,0.000000000,0.000000000,1.000000000
1403715342.357143164,-1.608012000,-2.362590000,1.765774000,0.000000000,0.000000000,0.000000000,1.000000000
1403715342.362143040,-1.606456000,-2.362969000,1.765789000,0.000000000,0.000000000,0.000000000,1.000000000
1403715342.367142916,-1.604893000,-2.363358000,1.765810000,0.000000000,0.000000000,0.000000000,1.000000000
1403715342.372143269,-1.603324000,-2.363756000,1.765827000,0.000000000,0.000000000,0.000000000,1.000000000
1403715342.377142906,-1.601754000,-2.364166000,1.765834000,0.000000000,0.000000000,0.000000000,1.000000000
1403715342.382143021,-1.600178000,-2.364581000,1.765832000,0.000000000,0.000000000,0.000000000,1.000000000
1403715342.387142897,-1.598594000,-2.364985000,1.765836000,0.000000000,0.000000000,0.000000000,1.000000000
1403715342.392143250,-1.597000000,-2.365379000,1.765846000,0.000000000,0.000000000,0.000000000,1.000000000
1403715342.397142887,-1.595397000,-2.365777000,1.765850000,0.000000000,0.000000000,0.000000000,1.000000000
1403715342.402143002,-1.593717000,-2.366107000,1.765835000,0.000000000,0.000000000,0.000000000,1.000000000
1403715342.407143354,-1.592089000,-2.366508000,1.765824000,0.000000000,0.000000000,0.000000000,1.000000000
1403715342.412143230,-1.590462000,-2.366920000,1.765808000,0.000000000,0.000000000,0.000000000,1.000000000
1403715342.417143106,-1.588830000,-2.367340000,1.765777000,0.000000000,0.000000000,0.000000000,1.000000000
1403715342.422142982,-1.587185000,-2.367765000,1.765737000,0.000000000,0.000000000,0.000000000,1.000000000
1403715342.427143335,-1.585525000,-2.368194000,1.765697000,0.000000000,0.000000000,0.000000000,1.000000000
1403715342.432142973,-1.583863000,-2.368634000,1.765652000,0.000000000,0.000000000,0.000000000,1.000000000
1403715342.437143087,-1.582213000,-2.369089000,1.765597000,0.000000000,0.000000000,0.000000000,1.000000000
1403715342.442142963,-1.580569000,-2.369556000,1.765538000,0.000000000,0.000000000,0.000000000,1.000000000
1403715342.447143316,-1.578911000,-2.370039000,1.765484000,0.000000000,0.000000000,0.000000000,1.000000000
1403715342.452142954,-1.577161000,-2.370456000,1.765428000,0.000000000,0.000000000,0.000000000,1.000000000
1403715342.457143068,-1.575460000,-2.370946000,1.765388000,0.000000000,0.000000000,0.000000000,1.000000000
1403715342.462142944,-1.573747000,-2.371436000,1.765342000,0.000000000,0.000000000,0.000000000,1.000000000
1403715342.467143297,-1.572032000,-2.371930000,1.765305000,0.000000000,0.000000000,0.000000000,1.000000000
1403715342.472142935,-1.570318000,-2.372432000,1.765285000,0.000000000,0.000000000,0.000000000,1.000000000
1403715342.477143049,-1.568605000,-2.372949000,1.765266000,0.000000000,0.000000000,0.000000000,1.000000000
1403715342.482143164,-1.566894000,-2.373481000,1.765248000,0.000000000,0.000000000,0.000000000,1.000000000
1403715342.487143040,-1.565180000,-2.374020000,1.765225000,0.000000000,0.000000000,0.000000000,1.000000000
1403715342.492142916,-1.563458000,-2.374565000,1.765199000,0.000000000,0.000000000,0.000000000,1.000000000
1403715342.497143030,-1.561719000,-2.375115000,1.765170000,0.000000000,0.000000000,0.000000000,1.000000000
1403715342.502143145,-1.559883000,-2.375586000,1.765121000,0.000000000,0.000000000,0.000000000,1.000000000
1403715342.507143021,-1.558104000,-2.376134000,1.765088000,0.000000000,0.000000000,0.000000000,1.000000000
1403715342.512142897,-1.556330000,-2.376704000,1.765046000,0.000000000,0.000000000,0.000000000,1.000000000
1403715342.517143011,-1.554562000,-2.377284000,1.765009000,0.000000000,0.000000000,0.000000000,1.000000000
1403715342.522143126,-1.552794000,-2.377877000,1.764979000,0.000000000,0.000000000,0.000000000,1.000000000
1403715342.527143002,-1.551015000,-2.378480000,1.764959000,0.000000000,0.000000000,0.000000000,1.000000000
1403715342.532143116,-1.549230000,-2.379087000,1.764951000,0.000000000,0.000000000,0.000000000,1.000000000
1403715342.537143230,-1.547442000,-2.379702000,1.764947000,0.000000000,0.000000000,0.000000000,1.000000000
1403715342.542143345,-1.545640000,-2.380326000,1.764946000,0.000000000,0.000000000,0.000000000,1.000000000
1403715342.547142982,-1.543826000,-2.380955000,1.764944000,0.000000000,0.000000000,0.000000000,1.000000000
1403715342.552143097,-1.541922000,-2.381501000,1.764932000,0.000000000,0.000000000,0.000000000,1.000000000
1403715342.557143211,-1.540079000,-2.382119000,1.764934000,0.000000000,0.000000000,0.000000000,1.000000000
1403715342.562143087,-1.538232000,-2.382754000,1.764947000,0.000000000,0.000000000,0.000000000,1.000000000
1403715342.567142963,-1.536387000,-2.383413000,1.764957000,0.000000000,0.000000000,0.000000000,1.000000000
1403715342.572143078,-1.534538000,-2.384091000,1.764972000,0.000000000,0.000000000,0.000000000,1.000000000
1403715342.577143192,-1.532684000,-2.384782000,1.765001000,0.000000000,0.000000000,0.000000000,1.000000000
1403715342.582143068,-1.530824000,-2.385479000,1.765034000,0.000000000,0.000000000,0.000000000,1.000000000
1403715342.587142944,-1.528959000,-2.386171000,1.765081000,0.000000000,0.000000000,0.000000000,1.000000000
1403715342.592143297,-1.527086000,-2.386864000,1.765150000,0.000000000,0.000000000,0.000000000,1.000000000
1403715342.597143173,-1.525207000,-2.387568000,1.765251000,0.000000000,0.000000000,0.000000000,1.000000000
1403715342.602143049,-1.523231000,-2.388190000,1.765380000,0.000000000,0.000000000,0.000000000,1.000000000
1403715342.607142925,-1.521316000,-2.388893000,1.765503000,0.000000000,0.000000000,0.000000000,1.000000000
1403715342.612143278,-1.519407000,-2.389613000,1.765638000,0.000000000,0.000000000,0.000000000,1.000000000
1403715342.617143154,-1.517491000,-2.390343000,1.765782000,0.000000000,0.000000000,0.000000000,1.000000000
1403715342.622143030,-1.515558000,-2.391070000,1.765925000,0.000000000,0.000000000,0.000000000,1.000000000
1403715342.627142906,-1.513607000,-2.391788000,1.766058000,0.000000000,0.000000000,0.000000000,1.000000000
1403715342.632143259,-1.511635000,-2.392500000,1.766183000,0.000000000,0.000000000,0.000000000,1.000000000
1403715342.637142897,-1.509649000,-2.393206000,1.766299000,0.000000000,0.000000000,0.000000000,1.000000000
1403715342.642143011,-1.507658000,-2.393916000,1.766401000,0.000000000,0.000000000,0.000000000,1.000000000
1403715342.647142887,-1.505664000,-2.394637000,1.766490000,0.000000000,0.000000000,0.000000000,1.000000000
1403715342.652143240,-1.503582000,-2.395261000,1.766577000,0.000000000,0.000000000,0.000000000,1.000000000
1403715342.657143116,-1.501542000,-2.395952000,1.766653000,0.000000000,0.000000000,0.000000000,1.000000000
1403715342.662142992,-1.499482000,-2.396647000,1.766738000,0.000000000,0.000000000,0.000000000,1.000000000
1403715342.667143345,-1.497406000,-2.397344000,1.766826000,0.000000000,0.000000000,0.000000000,1.000000000
1403715342.672143221,-1.495313000,-2.398035000,1.766919000,0.000000000,0.000000000,0.000000000,1.000000000
1403715342.677143097,-1.493206000,-2.398723000,1.767013000,0.000000000,0.000000000,0.000000000,1.000000000
1403715342.682142973,-1.491086000,-2.399409000,1.767112000,0.000000000,0.000000000,0.000000000,1.000000000
1403715342.687143326,-1.488954000,-2.400100000,1.767209000,0.000000000,0.000000000,0.000000000,1.000000000
1403715342.692142963,-1.486815000,-2.400794000,1.767303000,0.000000000,0.000000000,0.000000000,1.000000000
1403715342.697143078,-1.484676000,-2.401478000,1.767397000,0.000000000,0.000000000,0.000000000,1.000000000
1403715342.702142954,-1.482463000,-2.402057000,1.767489000,0.000000000,0.000000000,0.000000000,1.000000000
1403715342.707143307,-1.480309000,-2.402693000,1.767549000,0.000000000,0.000000000,0.000000000,1.000000000
1403715342.712142944,-1.478140000,-2.403312000,1.767599000,0.000000000,0.000000000,0.000000000,1.000000000
1403715342.717143059,-1.475959000,-2.403926000,1.767647000,0.000000000,0.000000000,0.000000000,1.000000000
1403715342.722143173,-1.473768000,-2.404545000,1.767684000,0.000000000,0.000000000,0.000000000,1.000000000
1403715342.727143288,-1.471579000,-2.405171000,1.767711000,0.000000000,0.000000000,0.000000000,1.000000000
1403715342.732142925,-1.469398000,-2.405794000,1.767735000,0.000000000,0.000000000,0.000000000,1.000000000
1403715342.737143040,-1.467209000,-2.406403000,1.767761000,0.000000000,0.000000000,0.000000000,1.000000000
1403715342.742143154,-1.465006000,-2.406998000,1.767784000,0.000000000,0.000000000,0.000000000,1.000000000
1403715342.747143030,-1.462788000,-2.407581000,1.767805000,0.000000000,0.000000000,0.000000000,1.000000000
1403715342.752142906,-1.460476000,-2.408073000,1.767841000,0.000000000,0.000000000,0.000000000,1.000000000
1403715342.757143021,-1.458238000,-2.408646000,1.767845000,0.000000000,0.000000000,0.000000000,1.000000000
1403715342.762143135,-1.456008000,-2.409221000,1.767844000,0.000000000,0.000000000,0.000000000,1.000000000
1403715342.767143011,-1.453775000,-2.409777000,1.767843000,0.000000000,0.000000000,0.000000000,1.000000000
1403715342.772142887,-1.451528000,-2.410310000,1.767840000,0.000000000,0.000000000,0.000000000,1.000000000
1403715342.777143240,-1.449271000,-2.410825000,1.767852000,0.000000000,0.000000000,0.000000000,1.000000000
1403715342.782143354,-1.447008000,-2.411330000,1.767864000,0.000000000,0.000000000,0.000000000,1.000000000
1403715342.787142992,-1.444738000,-2.411833000,1.767869000,0.000000000,0.000000000,0.000000000,1.000000000
1403715342.792143106,-1.442460000,-2.412335000,1.767865000,0.000000000,0.000000000,0.000000000,1.000000000
1403715342.797143221,-1.440187000,-2.412827000,1.767858000,0.000000000,0.000000000,0.000000000,1.000000000
1403715342.802143097,-1.437831000,-2.413216000,1.767881000,0.000000000,0.000000000,0.000000000,1.000000000
1403715342.807142973,-1.435543000,-2.413660000,1.767883000,0.000000000,0.000000000,0.000000000,1.000000000
1403715342.812143087,-1.433255000,-2.414095000,1.767895000,0.000000000,0.000000000,0.000000000,1.000000000
1403715342.817143202,-1.430968000,-2.414526000,1.767934000,0.000000000,0.000000000,0.000000000,1.000000000
1403715342.822143078,-1.428682000,-2.414958000,1.767996000,0.000000000,0.000000000,0.000000000,1.000000000
1403715342.827142954,-1.426387000,-2.415394000,1.768074000,0.000000000,0.000000000,0.000000000,1.000000000
1403715342.832143307,-1.424074000,-2.415832000,1.768174000,0.000000000,0.000000000,0.000000000,1.000000000
1403715342.837143183,-1.421744000,-2.416272000,1.768285000,0.000000000,0.000000000,0.000000000,1.000000000
1403715342.842143059,-1.419404000,-2.416710000,1.768384000,0.000000000,0.000000000,0.000000000,1.000000000
1403715342.847142935,-1.417063000,-2.417142000,1.768464000,0.000000000,0.000000000,0.000000000,1.000000000
1403715342.852143288,-1.414644000,-2.417488000,1.768560000,0.000000000,0.000000000,0.000000000,1.000000000
1403715342.857143164,-1.412291000,-2.417888000,1.768625000,0.000000000,0.000000000,0.000000000,1.000000000
1403715342.862143040,-1.409943000,-2.418270000,1.768682000,0.000000000,0.000000000,0.000000000,1.000000000
1403715342.867142916,-1.407590000,-2.418638000,1.768723000,0.000000000,0.000000000,0.000000000,1.000000000
1403715342.872143269,-1.405219000,-2.418998000,1.768762000,0.000000000,0.000000000,0.000000000,1.000000000
1403715342.877142906,-1.402835000,-2.419359000,1.768799000,0.000000000,0.000000000,0.000000000,1.000000000
1403715342.882143021,-1.400454000,-2.419734000,1.768833000,0.000000000,0.000000000,0.000000000,1.000000000
1403715342.887142897,-1.398079000,-2.420119000,1.768872000,0.000000000,0.000000000,0.000000000,1.000000000
1403715342.892143250,-1.395702000,-2.420509000,1.768908000,0.000000000,0.000000000,0.000000000,1.000000000
1403715342.897142887,-1.393319000,-2.420896000,1.768935000,0.000000000,0.000000000,0.000000000,1.000000000
1403715342.902143002,-1.390862000,-2.421189000,1.769000000,0.000000000,0.000000000,0.000000000,1.000000000
1403715342.907143354,-1.388462000,-2.421531000,1.769006000,0.000000000,0.000000000,0.000000000,1.000000000
1403715342.912143230,-1.386055000,-2.421870000,1.769004000,0.000000000,0.000000000,0.000000000,1.000000000
1403715342.917143106,-1.383642000,-2.422213000,1.769010000,0.000000000,0.000000000,0.000000000,1.000000000
1403715342.922142982,-1.381232000,-2.422561000,1.769023000,0.000000000,0.000000000,0.000000000,1.000000000
1403715342.927143335,-1.378824000,-2.422910000,1.769049000,0.000000000,0.000000000,0.000000000,1.000000000
1403715342.932142973,-1.376411000,-2.423266000,1.769090000,0.000000000,0.000000000,0.000000000,1.000000000
1403715342.937143087,-1.373992000,-2.423626000,1.769139000,0.000000000,0.000000000,0.000000000,1.000000000
1403715342.942142963,-1.371566000,-2.423986000,1.769183000,0.000000000,0.000000000,0.000000000,1.000000000
1403715342.947143316,-1.369133000,-2.424348000,1.769217000,0.000000000,0.000000000,0.000000000,1.000000000
1403715342.952142954,-1.366629000,-2.424634000,1.769317000,0.000000000,0.000000000,0.000000000,1.000000000
1403715342.957143068,-1.364164000,-2.424978000,1.769349000,0.000000000,0.000000000,0.000000000,1.000000000
1403715342.962142944,-1.361684000,-2.425322000,1.769365000,0.000000000,0.000000000,0.000000000,1.000000000
1403715342.967143297,-1.359200000,-2.425666000,1.769366000,0.000000000,0.000000000,0.000000000,1.000000000
1403715342.972142935,-1.356723000,-2.426008000,1.769350000,0.000000000,0.000000000,0.000000000,1.000000000
1403715342.977143049,-1.354253000,-2.426354000,1.769320000,0.000000000,0.000000000,0.000000000,1.000000000
1403715342.982143164,-1.351790000,-2.426708000,1.769298000,0.000000000,0.000000000,0.000000000,1.000000000
1403715342.987143040,-1.349334000,-2.427065000,1.769279000,0.000000000,0.000000000,0.000000000,1.000000000
1403715342.992142916,-1.346879000,-2.427419000,1.769260000,0.000000000,0.000000000,0.000000000,1.000000000
1403715342.997143030,-1.344416000,-2.427773000,1.769246000,0.000000000,0.000000000,0.000000000,1.000000000
1403715343.002143145,-1.341893000,-2.428064000,1.769307000,0.000000000,0.000000000,0.000000000,1.000000000
1403715343.007143021,-1.339410000,-2.428427000,1.769291000,0.000000000,0.000000000,0.000000000,1.000000000
1403715343.012142897,-1.336929000,-2.428800000,1.769254000,0.000000000,0.000000000,0.000000000,1.000000000
1403715343.017143011,-1.334449000,-2.429173000,1.769190000,0.000000000,0.000000000,0.000000000,1.000000000
1403715343.022143126,-1.331971000,-2.429528000,1.769103000,0.000000000,0.000000000,0.000000000,1.000000000
1403715343.027143002,-1.329493000,-2.429863000,1.768999000,0.000000000,0.000000000,0.000000000,1.000000000
1403715343.032143116,-1.327003000,-2.430197000,1.768894000,0.000000000,0.000000000,0.000000000,1.000000000
1403715343.037143230,-1.324511000,-2.430535000,1.768798000,0.000000000,0.000000000,0.000000000,1.000000000
1403715343.042143345,-1.322024000,-2.430884000,1.768702000,0.000000000,0.000000000,0.000000000,1.000000000
1403715343.047142982,-1.319533000,-2.431247000,1.768613000,0.000000000,0.000000000,0.000000000,1.000000000
1403715343.052143097,-1.316974000,-2.431557000,1.768623000,0.000000000,0.000000000,0.000000000,1.000000000
1403715343.057143211,-1.314450000,-2.431928000,1.768563000,0.000000000,0.000000000,0.000000000,1.000000000
1403715343.062143087,-1.311918000,-2.432292000,1.768479000,0.000000000,0.000000000,0.000000000,1.000000000
1403715343.067142963,-1.309392000,-2.432643000,1.768367000,0.000000000,0.000000000,0.000000000,1.000000000
1403715343.072143078,-1.306885000,-2.432986000,1.768235000,0.000000000,0.000000000,0.000000000,1.000000000
1403715343.077143192,-1.304387000,-2.433331000,1.768101000,0.000000000,0.000000000,0.000000000,1.000000000
1403715343.082143068,-1.301886000,-2.433685000,1.767978000,0.000000000,0.000000000,0.000000000,1.000000000
1403715343.087142944,-1.299381000,-2.434047000,1.767852000,0.000000000,0.000000000,0.000000000,1.000000000
1403715343.092143297,-1.296871000,-2.434407000,1.767710000,0.000000000,0.000000000,0.000000000,1.000000000
1403715343.097143173,-1.294357000,-2.434759000,1.767559000,0.000000000,0.000000000,0.000000000,1.000000000
1403715343.102143049,-1.291785000,-2.435044000,1.767477000,0.000000000,0.000000000,0.000000000,1.000000000
1403715343.107142925,-1.289268000,-2.435372000,1.767316000,0.000000000,0.000000000,0.000000000,1.000000000
1403715343.112143278,-1.286761000,-2.435705000,1.767137000,0.000000000,0.000000000,0.000000000,1.000000000
1403715343.117143154,-1.284263000,-2.436043000,1.766939000,0.000000000,0.000000000,0.000000000,1.000000000
1403715343.122143030,-1.281768000,-2.436374000,1.766723000,0.000000000,0.000000000,0.000000000,1.000000000
1403715343.127142906,-1.279269000,-2.436695000,1.766494000,0.000000000,0.000000000,0.000000000,1.000000000
1403715343.132143259,-1.276762000,-2.437020000,1.766266000,0.000000000,0.000000000,0.000000000,1.000000000
1403715343.137142897,-1.274248000,-2.437355000,1.766048000,0.000000000,0.000000000,0.000000000,1.000000000
1403715343.142143011,-1.271736000,-2.437701000,1.765831000,0.000000000,0.000000000,0.000000000,1.000000000
1403715343.147142887,-1.269230000,-2.438055000,1.765614000,0.000000000,0.000000000,0.000000000,1.000000000
1403715343.152143240,-1.266654000,-2.438365000,1.765476000,0.000000000,0.000000000,0.000000000,1.000000000
1403715343.157143116,-1.264139000,-2.438709000,1.765281000,0.000000000,0.000000000,0.000000000,1.000000000
1403715343.162142992,-1.261628000,-2.439048000,1.765080000,0.000000000,0.000000000,0.000000000,1.000000000
1403715343.167143345,-1.259122000,-2.439384000,1.764864000,0.000000000,0.000000000,0.000000000,1.000000000
1403715343.172143221,-1.256623000,-2.439719000,1.764635000,0.000000000,0.000000000,0.000000000,1.000000000
1403715343.177143097,-1.254132000,-2.440050000,1.764404000,0.000000000,0.000000000,0.000000000,1.000000000
1403715343.182142973,-1.251640000,-2.440384000,1.764182000,0.000000000,0.000000000,0.000000000,1.000000000
1403715343.187143326,-1.249139000,-2.440725000,1.763976000,0.000000000,0.000000000,0.000000000,1.000000000
1403715343.192142963,-1.246627000,-2.441070000,1.763781000,0.000000000,0.000000000,0.000000000,1.000000000
1403715343.197143078,-1.244103000,-2.441419000,1.763582000,0.000000000,0.000000000,0.000000000,1.000000000
1403715343.202142954,-1.241496000,-2.441726000,1.763444000,0.000000000,0.000000000,0.000000000,1.000000000
1403715343.207143307,-1.238952000,-2.442065000,1.763232000,0.000000000,0.000000000,0.000000000,1.000000000
1403715343.212142944,-1.236413000,-2.442405000,1.762995000,0.000000000,0.000000000,0.000000000,1.000000000
1403715343.217143059,-1.233884000,-2.442745000,1.762731000,0.000000000,0.000000000,0.000000000,1.000000000
1403715343.222143173,-1.231367000,-2.443087000,1.762443000,0.000000000,0.000000000,0.000000000,1.000000000
1403715343.227143288,-1.228857000,-2.443430000,1.762132000,0.000000000,0.000000000,0.000000000,1.000000000
1403715343.232142925,-1.226352000,-2.443772000,1.761805000,0.000000000,0.000000000,0.000000000,1.000000000
1403715343.237143040,-1.223853000,-2.444111000,1.761471000,0.000000000,0.000000000,0.000000000,1.000000000
1403715343.242143154,-1.221357000,-2.444444000,1.761139000,0.000000000,0.000000000,0.000000000,1.000000000
1403715343.247143030,-1.218860000,-2.444775000,1.760808000,0.000000000,0.000000000,0.000000000,1.000000000
1403715343.252142906,-1.216275000,-2.445075000,1.760543000,0.000000000,0.000000000,0.000000000,1.000000000
1403715343.257143021,-1.213769000,-2.445409000,1.760195000,0.000000000,0.000000000,0.000000000,1.000000000
1403715343.262143135,-1.211278000,-2.445748000,1.759827000,0.000000000,0.000000000,0.000000000,1.000000000
1403715343.267143011,-1.208802000,-2.446085000,1.759448000,0.000000000,0.000000000,0.000000000,1.000000000
1403715343.272142887,-1.206327000,-2.446417000,1.759065000,0.000000000,0.000000000,0.000000000,1.000000000
1403715343.277143240,-1.203848000,-2.446742000,1.758687000,0.000000000,0.000000000,0.000000000,1.000000000
1403715343.282143354,-1.201367000,-2.447060000,1.758310000,0.000000000,0.000000000,0.000000000,1.000000000
1403715343.287142992,-1.198885000,-2.447384000,1.757932000,0.000000000,0.000000000,0.000000000,1.000000000
1403715343.292143106,-1.196411000,-2.447721000,1.757561000,0.000000000,0.000000000,0.000000000,1.000000000
1403715343.297143221,-1.193954000,-2.448064000,1.757190000,0.000000000,0.000000000,0.000000000,1.000000000
1403715343.302143097,-1.191396000,-2.448376000,1.756893000,0.000000000,0.000000000,0.000000000,1.000000000
1403715343.307142973,-1.188916000,-2.448712000,1.756547000,0.000000000,0.000000000,0.000000000,1.000000000
1403715343.312143087,-1.186435000,-2.449048000,1.756194000,0.000000000,0.000000000,0.000000000,1.000000000
1403715343.317143202,-1.183955000,-2.449391000,1.755828000,0.000000000,0.000000000,0.000000000,1.000000000
1403715343.322143078,-1.181485000,-2.449739000,1.755444000,0.000000000,0.000000000,0.000000000,1.000000000
1403715343.327142954,-1.179030000,-2.450087000,1.755041000,0.000000000,0.000000000,0.000000000,1.000000000
1403715343.332143307,-1.176583000,-2.450430000,1.754623000,0.000000000,0.000000000,0.000000000,1.000000000
1403715343.337143183,-1.174133000,-2.450770000,1.754193000,0.000000000,0.000000000,0.000000000,1.000000000
1403715343.342143059,-1.171678000,-2.451104000,1.753755000,0.000000000,0.000000000,0.000000000,1.000000000
1403715343.347142935,-1.169218000,-2.451432000,1.753314000,0.000000000,0.000000000,0.000000000,1.000000000
1403715343.352143288,-1.166648000,-2.451730000,1.752925000,0.000000000,0.000000000,0.000000000,1.000000000
1403715343.357143164,-1.164172000,-2.452054000,1.752510000,0.000000000,0.000000000,0.000000000,1.000000000
1403715343.362143040,-1.161697000,-2.452385000,1.752107000,0.000000000,0.000000000,0.000000000,1.000000000
1403715343.367142916,-1.159225000,-2.452722000,1.751710000,0.000000000,0.000000000,0.000000000,1.000000000
1403715343.372143269,-1.156752000,-2.453058000,1.751310000,0.000000000,0.000000000,0.000000000,1.000000000
1403715343.377142906,-1.154276000,-2.453391000,1.750909000,0.000000000,0.000000000,0.000000000,1.000000000
1403715343.382143021,-1.151803000,-2.453717000,1.750505000,0.000000000,0.000000000,0.000000000,1.000000000
1403715343.387142897,-1.149336000,-2.454045000,1.750090000,0.000000000,0.000000000,0.000000000,1.000000000
1403715343.392143250,-1.146871000,-2.454382000,1.749667000,0.000000000,0.000000000,0.000000000,1.000000000
1403715343.397142887,-1.144412000,-2.454726000,1.749238000,0.000000000,0.000000000,0.000000000,1.000000000
1403715343.402143002,-1.141847000,-2.455041000,1.748827000,0.000000000,0.000000000,0.000000000,1.000000000
1403715343.407143354,-1.139387000,-2.455374000,1.748377000,0.000000000,0.000000000,0.000000000,1.000000000
1403715343.412143230,-1.136938000,-2.455700000,1.747946000,0.000000000,0.000000000,0.000000000,1.000000000
1403715343.417143106,-1.134492000,-2.456026000,1.747527000,0.000000000,0.000000000,0.000000000,1.000000000
1403715343.422142982,-1.132043000,-2.456360000,1.747114000,0.000000000,0.000000000,0.000000000,1.000000000
1403715343.427143335,-1.129593000,-2.456702000,1.746708000,0.000000000,0.000000000,0.000000000,1.000000000
1403715343.432142973,-1.127148000,-2.457047000,1.746303000,0.000000000,0.000000000,0.000000000,1.000000000
1403715343.437143087,-1.124706000,-2.457391000,1.745894000,0.000000000,0.000000000,0.000000000,1.000000000
1403715343.442142963,-1.122263000,-2.457733000,1.745485000,0.000000000,0.000000000,0.000000000,1.000000000
1403715343.447143316,-1.119817000,-2.458070000,1.745073000,0.000000000,0.000000000,0.000000000,1.000000000
1403715343.452142954,-1.117241000,-2.458377000,1.744692000,0.000000000,0.000000000,0.000000000,1.000000000
1403715343.457143068,-1.114756000,-2.458712000,1.744278000,0.000000000,0.000000000,0.000000000,1.000000000
1403715343.462142944,-1.112272000,-2.459053000,1.743870000,0.000000000,0.000000000,0.000000000,1.000000000
1403715343.467143297,-1.109793000,-2.459400000,1.743460000,0.000000000,0.000000000,0.000000000,1.000000000
1403715343.472142935,-1.107315000,-2.459757000,1.743046000,0.000000000,0.000000000,0.000000000,1.000000000
1403715343.477143049,-1.104832000,-2.460116000,1.742630000,0.000000000,0.000000000,0.000000000,1.000000000
1403715343.482143164,-1.102338000,-2.460469000,1.742217000,0.000000000,0.000000000,0.000000000,1.000000000
1403715343.487143040,-1.099830000,-2.460815000,1.741804000,0.000000000,0.000000000,0.000000000,1.000000000
1403715343.492142916,-1.097312000,-2.461157000,1.741386000,0.000000000,0.000000000,0.000000000,1.000000000
1403715343.497143030,-1.094787000,-2.461500000,1.740961000,0.000000000,0.000000000,0.000000000,1.000000000
1403715343.502143145,-1.092140000,-2.461815000,1.740549000,0.000000000,0.000000000,0.000000000,1.000000000
1403715343.507143021,-1.089597000,-2.462165000,1.740118000,0.000000000,0.000000000,0.000000000,1.000000000
1403715343.512142897,-1.087058000,-2.462523000,1.739698000,0.000000000,0.000000000,0.000000000,1.000000000
1403715343.517143011,-1.084518000,-2.462882000,1.739284000,0.000000000,0.000000000,0.000000000,1.000000000
1403715343.522143126,-1.081970000,-2.463234000,1.738874000,0.000000000,0.000000000,0.000000000,1.000000000
1403715343.527143002,-1.079411000,-2.463578000,1.738469000,0.000000000,0.000000000,0.000000000,1.000000000
1403715343.532143116,-1.076847000,-2.463916000,1.738069000,0.000000000,0.000000000,0.000000000,1.000000000
1403715343.537143230,-1.074284000,-2.464253000,1.737669000,0.000000000,0.000000000,0.000000000,1.000000000
1403715343.542143345,-1.071724000,-2.464596000,1.737262000,0.000000000,0.000000000,0.000000000,1.000000000
1403715343.547142982,-1.069169000,-2.464950000,1.736846000,0.000000000,0.000000000,0.000000000,1.000000000
1403715343.552143097,-1.066487000,-2.465268000,1.736441000,0.000000000,0.000000000,0.000000000,1.000000000
1403715343.557143211,-1.063904000,-2.465608000,1.736032000,0.000000000,0.000000000,0.000000000,1.000000000
1403715343.562143087,-1.061321000,-2.465935000,1.735624000,0.000000000,0.000000000,0.000000000,1.000000000
1403715343.567142963,-1.058724000,-2.466256000,1.735220000,0.000000000,0.000000000,0.000000000,1.000000000
1403715343.572143078,-1.056117000,-2.466582000,1.734828000,0.000000000,0.000000000,0.000000000,1.000000000
1403715343.577143192,-1.053504000,-2.466917000,1.734441000,0.000000000,0.000000000,0.000000000,1.000000000
1403715343.582143068,-1.050885000,-2.467255000,1.734048000,0.000000000,0.000000000,0.000000000,1.000000000
1403715343.587142944,-1.048257000,-2.467593000,1.733650000,0.000000000,0.000000000,0.000000000,1.000000000
1403715343.592143297,-1.045620000,-2.467929000,1.733260000,0.000000000,0.000000000,0.000000000,1.000000000
1403715343.597143173,-1.042974000,-2.468265000,1.732885000,0.000000000,0.000000000,0.000000000,1.000000000
1403715343.602143049,-1.040198000,-2.468561000,1.732532000,0.000000000,0.000000000,0.000000000,1.000000000
1403715343.607142925,-1.037507000,-2.468900000,1.732185000,0.000000000,0.000000000,0.000000000,1.000000000
1403715343.612143278,-1.034820000,-2.469242000,1.731846000,0.000000000,0.000000000,0.000000000,1.000000000
1403715343.617143154,-1.032142000,-2.469577000,1.731496000,0.000000000,0.000000000,0.000000000,1.000000000
1403715343.622143030,-1.029459000,-2.469906000,1.731127000,0.000000000,0.000000000,0.000000000,1.000000000
1403715343.627142906,-1.026769000,-2.470233000,1.730757000,0.000000000,0.000000000,0.000000000,1.000000000
1403715343.632143259,-1.024075000,-2.470560000,1.730394000,0.000000000,0.000000000,0.000000000,1.000000000
1403715343.637142897,-1.021380000,-2.470890000,1.730032000,0.000000000,0.000000000,0.000000000,1.000000000
1403715343.642143011,-1.018686000,-2.471226000,1.729668000,0.000000000,0.000000000,0.000000000,1.000000000
1403715343.647142887,-1.015988000,-2.471566000,1.729307000,0.000000000,0.000000000,0.000000000,1.000000000
1403715343.652143240,-1.013182000,-2.471858000,1.728964000,0.000000000,0.000000000,0.000000000,1.000000000
1403715343.657143116,-1.010457000,-2.472192000,1.728604000,0.000000000,0.000000000,0.000000000,1.000000000
1403715343.662142992,-1.007728000,-2.472524000,1.728249000,0.000000000,0.000000000,0.000000000,1.000000000
1403715343.667143345,-1.004996000,-2.472863000,1.727902000,0.000000000,0.000000000,0.000000000,1.000000000
1403715343.672143221,-1.002255000,-2.473209000,1.727572000,0.000000000,0.000000000,0.000000000,1.000000000
1403715343.677143097,-0.999505000,-2.473558000,1.727267000,0.000000000,0.000000000,0.000000000,1.000000000
1403715343.682142973,-0.996751000,-2.473912000,1.726983000,0.000000000,0.000000000,0.000000000,1.000000000
1403715343.687143326,-0.993991000,-2.474273000,1.726715000,0.000000000,0.000000000,0.000000000,1.000000000
1403715343.692142963,-0.991227000,-2.474642000,1.726449000,0.000000000,0.000000000,0.000000000,1.000000000
1403715343.697143078,-0.988461000,-2.475012000,1.726174000,0.000000000,0.000000000,0.000000000,1.000000000
1403715343.702142954,-0.985585000,-2.475324000,1.725898000,0.000000000,0.000000000,0.000000000,1.000000000
1403715343.707143307,-0.982790000,-2.475670000,1.725617000,0.000000000,0.000000000,0.000000000,1.000000000
1403715343.712142944,-0.979990000,-2.476012000,1.725354000,0.000000000,0.000000000,0.000000000,1.000000000
1403715343.717143059,-0.977190000,-2.476358000,1.725114000,0.000000000,0.000000000,0.000000000,1.000000000
1403715343.722143173,-0.974384000,-2.476718000,1.724896000,0.000000000,0.000000000,0.000000000,1.000000000
1403715343.727143288,-0.971569000,-2.477089000,1.724699000,0.000000000,0.000000000,0.000000000,1.000000000
1403715343.732142925,-0.968750000,-2.477454000,1.724506000,0.000000000,0.000000000,0.000000000,1.000000000
1403715343.737143040,-0.965922000,-2.477808000,1.724308000,0.000000000,0.000000000,0.000000000,1.000000000
1403715343.742143154,-0.963087000,-2.478155000,1.724108000,0.000000000,0.000000000,0.000000000,1.000000000
1403715343.747143030,-0.960250000,-2.478498000,1.723911000,0.000000000,0.000000000,0.000000000,1.000000000
1403715343.752142906,-0.957315000,-2.478793000,1.723718000,0.000000000,0.000000000,0.000000000,1.000000000
1403715343.757143021,-0.954453000,-2.479133000,1.723511000,0.000000000,0.000000000,0.000000000,1.000000000
1403715343.762143135,-0.951581000,-2.479470000,1.723296000,0.000000000,0.000000000,0.000000000,1.000000000
1403715343.767143011,-0.948703000,-2.479799000,1.723091000,0.000000000,0.000000000,0.000000000,1.000000000
1403715343.772142887,-0.945823000,-2.480116000,1.722914000,0.000000000,0.000000000,0.000000000,1.000000000
1403715343.777143240,-0.942945000,-2.480431000,1.722747000,0.000000000,0.000000000,0.000000000,1.000000000
1403715343.782143354,-0.940070000,-2.480757000,1.722587000,0.000000000,0.000000000,0.000000000,1.000000000
1403715343.787142992,-0.937199000,-2.481090000,1.722445000,0.000000000,0.000000000,0.000000000,1.000000000
1403715343.792143106,-0.934329000,-2.481425000,1.722312000,0.000000000,0.000000000,0.000000000,1.000000000
1403715343.797143221,-0.931448000,-2.481757000,1.722181000,0.000000000,0.000000000,0.000000000,1.000000000
1403715343.802143097,-0.928456000,-2.482021000,1.722057000,0.000000000,0.000000000,0.000000000,1.000000000
1403715343.807142973,-0.925524000,-2.482316000,1.721916000,0.000000000,0.000000000,0.000000000,1.000000000
1403715343.812143087,-0.922589000,-2.482601000,1.721774000,0.000000000,0.000000000,0.000000000,1.000000000
1403715343.817143202,-0.919656000,-2.482876000,1.721623000,0.000000000,0.000000000,0.000000000,1.000000000
1403715343.822143078,-0.916722000,-2.483151000,1.721462000,0.000000000,0.000000000,0.000000000,1.000000000
1403715343.827142954,-0.913773000,-2.483430000,1.721298000,0.000000000,0.000000000,0.000000000,1.000000000
1403715343.832143307,-0.910811000,-2.483708000,1.721131000,0.000000000,0.000000000,0.000000000,1.000000000
1403715343.837143183,-0.907853000,-2.483982000,1.720953000,0.000000000,0.000000000,0.000000000,1.000000000
1403715343.842143059,-0.904898000,-2.484245000,1.720761000,0.000000000,0.000000000,0.000000000,1.000000000
1403715343.847142935,-0.901939000,-2.484498000,1.720567000,0.000000000,0.000000000,0.000000000,1.000000000
1403715343.852143288,-0.898891000,-2.484699000,1.720390000,0.000000000,0.000000000,0.000000000,1.000000000
1403715343.857143164,-0.895917000,-2.484931000,1.720199000,0.000000000,0.000000000,0.000000000,1.000000000
1403715343.862143040,-0.892951000,-2.485158000,1.720006000,0.000000000,0.000000000,0.000000000,1.000000000
1403715343.867142916,-0.889992000,-2.485377000,1.719823000,0.000000000,0.000000000,0.000000000,1.000000000
1403715343.872143269,-0.887028000,-2.485585000,1.719647000,0.000000000,0.000000000,0.000000000,1.000000000
1403715343.877142906,-0.884058000,-2.485779000,1.719478000,0.000000000,0.000000000,0.000000000,1.000000000
1403715343.882143021,-0.881083000,-2.485961000,1.719318000,0.000000000,0.000000000,0.000000000,1.000000000
1403715343.887142897,-0.878106000,-2.486136000,1.719178000,0.000000000,0.000000000,0.000000000,1.000000000
1403715343.892143250,-0.875129000,-2.486308000,1.719049000,0.000000000,0.000000000,0.000000000,1.000000000
1403715343.897142887,-0.872155000,-2.486482000,1.718924000,0.000000000,0.000000000,0.000000000,1.000000000
1403715343.902143002,-0.869091000,-2.486609000,1.718820000,0.000000000,0.000000000,0.000000000,1.000000000
1403715343.907143354,-0.866090000,-2.486758000,1.718713000,0.000000000,0.000000000,0.000000000,1.000000000
1403715343.912143230,-0.863075000,-2.486889000,1.718608000,0.000000000,0.000000000,0.000000000,1.000000000
1403715343.917143106,-0.860051000,-2.487002000,1.718505000,0.000000000,0.000000000,0.000000000,1.000000000
1403715343.922142982,-0.857020000,-2.487108000,1.718401000,0.000000000,0.000000000,0.000000000,1.000000000
1403715343.927143335,-0.853984000,-2.487214000,1.718296000,0.000000000,0.000000000,0.000000000,1.000000000
1403715343.932142973,-0.850947000,-2.487320000,1.718198000,0.000000000,0.000000000,0.000000000,1.000000000
1403715343.937143087,-0.847913000,-2.487426000,1.718107000,0.000000000,0.000000000,0.000000000,1.000000000
1403715343.942142963,-0.844879000,-2.487526000,1.718021000,0.000000000,0.000000000,0.000000000,1.000000000
1403715343.947143316,-0.841831000,-2.487615000,1.717938000,0.000000000,0.000000000,0.000000000,1.000000000
1403715343.952142954,-0.838680000,-2.487661000,1.717875000,0.000000000,0.000000000,0.000000000,1.000000000
1403715343.957143068,-0.835581000,-2.487736000,1.717806000,0.000000000,0.000000000,0.000000000,1.000000000
1403715343.962142944,-0.832489000,-2.487805000,1.717744000,0.000000000,0.000000000,0.000000000,1.000000000
1403715343.967143297,-0.829411000,-2.487865000,1.717682000,0.000000000,0.000000000,0.000000000,1.000000000
1403715343.972142935,-0.826337000,-2.487923000,1.717623000,0.000000000,0.000000000,0.000000000,1.000000000
1403715343.977143049,-0.823258000,-2.487975000,1.717571000,0.000000000,0.000000000,0.000000000,1.000000000
1403715343.982143164,-0.820164000,-2.488015000,1.717520000,0.000000000,0.000000000,0.000000000,1.000000000
1403715343.987143040,-0.817062000,-2.488034000,1.717459000,0.000000000,0.000000000,0.000000000,1.000000000
1403715343.992142916,-0.813962000,-2.488031000,1.717376000,0.000000000,0.000000000,0.000000000,1.000000000
1403715343.997143030,-0.810861000,-2.488018000,1.717273000,0.000000000,0.000000000,0.000000000,1.000000000
1403715344.002143145,-0.807688000,-2.487972000,1.717204000,0.000000000,0.000000000,0.000000000,1.000000000
1403715344.007143021,-0.804570000,-2.487946000,1.717107000,0.000000000,0.000000000,0.000000000,1.000000000
1403715344.012142897,-0.801460000,-2.487909000,1.717005000,0.000000000,0.000000000,0.000000000,1.000000000
1403715344.017143011,-0.798349000,-2.487858000,1.716908000,0.000000000,0.000000000,0.000000000,1.000000000
1403715344.022143126,-0.795229000,-2.487793000,1.716817000,0.000000000,0.000000000,0.000000000,1.000000000
1403715344.027143002,-0.792104000,-2.487719000,1.716724000,0.000000000,0.000000000,0.000000000,1.000000000
1403715344.032143116,-0.788987000,-2.487642000,1.716627000,0.000000000,0.000000000,0.000000000,1.000000000
1403715344.037143230,-0.785885000,-2.487559000,1.716534000,0.000000000,0.000000000,0.000000000,1.000000000
1403715344.042143345,-0.782798000,-2.487472000,1.716440000,0.000000000,0.000000000,0.000000000,1.000000000
1403715344.047142982,-0.779710000,-2.487380000,1.716361000,0.000000000,0.000000000,0.000000000,1.000000000
1403715344.052143097,-0.776539000,-2.487254000,1.716356000,0.000000000,0.000000000,0.000000000,1.000000000
1403715344.057143211,-0.773407000,-2.487136000,1.716338000,0.000000000,0.000000000,0.000000000,1.000000000
1403715344.062143087,-0.770265000,-2.487008000,1.716332000,0.000000000,0.000000000,0.000000000,1.000000000
1403715344.067142963,-0.767129000,-2.486875000,1.716323000,0.000000000,0.000000000,0.000000000,1.000000000
1403715344.072143078,-0.764006000,-2.486742000,1.716308000,0.000000000,0.000000000,0.000000000,1.000000000
1403715344.077143192,-0.760889000,-2.486610000,1.716283000,0.000000000,0.000000000,0.000000000,1.000000000
1403715344.082143068,-0.757775000,-2.486468000,1.716253000,0.000000000,0.000000000,0.000000000,1.000000000
1403715344.087142944,-0.754658000,-2.486309000,1.716224000,0.000000000,0.000000000,0.000000000,1.000000000
1403715344.092143297,-0.751531000,-2.486133000,1.716185000,0.000000000,0.000000000,0.000000000,1.000000000
1403715344.097143173,-0.748396000,-2.485942000,1.716144000,0.000000000,0.000000000,0.000000000,1.000000000
1403715344.102143049,-0.745264000,-2.485741000,1.716088000,0.000000000,0.000000000,0.000000000,1.000000000
1403715344.107142925,-0.742073000,-2.485506000,1.716057000,0.000000000,0.000000000,0.000000000,1.000000000
1403715344.112143278,-0.738946000,-2.485274000,1.715978000,0.000000000,0.000000000,0.000000000,1.000000000
1403715344.117143154,-0.735817000,-2.485030000,1.715895000,0.000000000,0.000000000,0.000000000,1.000000000
1403715344.122143030,-0.732682000,-2.484778000,1.715812000,0.000000000,0.000000000,0.000000000,1.000000000
1403715344.127142906,-0.729538000,-2.484518000,1.715734000,0.000000000,0.000000000,0.000000000,1.000000000
1403715344.132143259,-0.726388000,-2.484262000,1.715650000,0.000000000,0.000000000,0.000000000,1.000000000
1403715344.137142897,-0.723241000,-2.484013000,1.715553000,0.000000000,0.000000000,0.000000000,1.000000000
1403715344.142143011,-0.720098000,-2.483767000,1.715449000,0.000000000,0.000000000,0.000000000,1.000000000
1403715344.147142887,-0.716954000,-2.483521000,1.715343000,0.000000000,0.000000000,0.000000000,1.000000000
1403715344.152143240,-0.713744000,-2.483248000,1.715292000,0.000000000,0.000000000,0.000000000,1.000000000
1403715344.157143116,-0.710563000,-2.482968000,1.715220000,0.000000000,0.000000000,0.000000000,1.000000000
1403715344.162142992,-0.707381000,-2.482680000,1.715151000,0.000000000,0.000000000,0.000000000,1.000000000
1403715344.167143345,-0.704206000,-2.482385000,1.715081000,0.000000000,0.000000000,0.000000000,1.000000000
1403715344.172143221,-0.701045000,-2.482079000,1.715005000,0.000000000,0.000000000,0.000000000,1.000000000
1403715344.177143097,-0.697897000,-2.481763000,1.714914000,0.000000000,0.000000000,0.000000000,1.000000000
1403715344.182142973,-0.694767000,-2.481444000,1.714809000,0.000000000,0.000000000,0.000000000,1.000000000
1403715344.187143326,-0.691657000,-2.481124000,1.714691000,0.000000000,0.000000000,0.000000000,1.000000000
1403715344.192142963,-0.688558000,-2.480799000,1.714563000,0.000000000,0.000000000,0.000000000,1.000000000
1403715344.197143078,-0.685464000,-2.480475000,1.714433000,0.000000000,0.000000000,0.000000000,1.000000000
1403715344.202142954,-0.682323000,-2.480149000,1.714323000,0.000000000,0.000000000,0.000000000,1.000000000
1403715344.207143307,-0.679192000,-2.479818000,1.714195000,0.000000000,0.000000000,0.000000000,1.000000000
1403715344.212142944,-0.676063000,-2.479468000,1.714087000,0.000000000,0.000000000,0.000000000,1.000000000
1403715344.217143059,-0.672942000,-2.479108000,1.713978000,0.000000000,0.000000000,0.000000000,1.000000000
1403715344.222143173,-0.669831000,-2.478745000,1.713879000,0.000000000,0.000000000,0.000000000,1.000000000
1403715344.227143288,-0.666732000,-2.478382000,1.713794000,0.000000000,0.000000000,0.000000000,1.000000000
1403715344.232142925,-0.663641000,-2.478009000,1.713718000,0.000000000,0.000000000,0.000000000,1.000000000
1403715344.237143040,-0.660550000,-2.477625000,1.713653000,0.000000000,0.000000000,0.000000000,1.000000000
1403715344.242143154,-0.657457000,-2.477231000,1.713588000,0.000000000,0.000000000,0.000000000,1.000000000
1403715344.247143030,-0.654362000,-2.476826000,1.713508000,0.000000000,0.000000000,0.000000000,1.000000000
1403715344.252142906,-0.651239000,-2.476416000,1.713435000,0.000000000,0.000000000,0.000000000,1.000000000
1403715344.257143021,-0.648143000,-2.476001000,1.713329000,0.000000000,0.000000000,0.000000000,1.000000000
1403715344.262143135,-0.645064000,-2.475564000,1.713211000,0.000000000,0.000000000,0.000000000,1.000000000
1403715344.267143011,-0.642002000,-2.475116000,1.713079000,0.000000000,0.000000000,0.000000000,1.000000000
1403715344.272142887,-0.638949000,-2.474657000,1.712949000,0.000000000,0.000000000,0.000000000,1.000000000
1403715344.277143240,-0.635904000,-2.474193000,1.712845000,0.000000000,0.000000000,0.000000000,1.000000000
1403715344.282143354,-0.632869000,-2.473718000,1.712769000,0.000000000,0.000000000,0.000000000,1.000000000
1403715344.287142992,-0.629847000,-2.473227000,1.712710000,0.000000000,0.000000000,0.000000000,1.000000000
1403715344.292143106,-0.626838000,-2.472725000,1.712659000,0.000000000,0.000000000,0.000000000,1.000000000
1403715344.297143221,-0.623836000,-2.472216000,1.712601000,0.000000000,0.000000000,0.000000000,1.000000000
1403715344.302143097,-0.620815000,-2.471686000,1.712545000,0.000000000,0.000000000,0.000000000,1.000000000
1403715344.307142973,-0.617831000,-2.471147000,1.712462000,0.000000000,0.000000000,0.000000000,1.000000000
1403715344.312143087,-0.614862000,-2.470596000,1.712353000,0.000000000,0.000000000,0.000000000,1.000000000
1403715344.317143202,-0.611899000,-2.470038000,1.712226000,0.000000000,0.000000000,0.000000000,1.000000000
1403715344.322143078,-0.608939000,-2.469472000,1.712087000,0.000000000,0.000000000,0.000000000,1.000000000
1403715344.327142954,-0.605984000,-2.468897000,1.711945000,0.000000000,0.000000000,0.000000000,1.000000000
1403715344.332143307,-0.603034000,-2.468308000,1.711809000,0.000000000,0.000000000,0.000000000,1.000000000
1403715344.337143183,-0.600091000,-2.467704000,1.711692000,0.000000000,0.000000000,0.000000000,1.000000000
1403715344.342143059,-0.597151000,-2.467086000,1.711600000,0.000000000,0.000000000,0.000000000,1.000000000
1403715344.347142935,-0.594220000,-2.466453000,1.711525000,0.000000000,0.000000000,0.000000000,1.000000000
1403715344.352143288,-0.591279000,-2.465790000,1.711462000,0.000000000,0.000000000,0.000000000,1.000000000
1403715344.357143164,-0.588360000,-2.465128000,1.711396000,0.000000000,0.000000000,0.000000000,1.000000000
1403715344.362143040,-0.585436000,-2.464451000,1.711322000,0.000000000,0.000000000,0.000000000,1.000000000
1403715344.367142916,-0.582511000,-2.463762000,1.711237000,0.000000000,0.000000000,0.000000000,1.000000000
1403715344.372143269,-0.579592000,-2.463066000,1.711143000,0.000000000,0.000000000,0.000000000,1.000000000
1403715344.377142906,-0.576676000,-2.462363000,1.711042000,0.000000000,0.000000000,0.000000000,1.000000000
1403715344.382143021,-0.573770000,-2.461654000,1.710937000,0.000000000,0.000000000,0.000000000,1.000000000
1403715344.387142897,-0.570875000,-2.460937000,1.710827000,0.000000000,0.000000000,0.000000000,1.000000000
1403715344.392143250,-0.567990000,-2.460206000,1.710715000,0.000000000,0.000000000,0.000000000,1.000000000
1403715344.397142887,-0.565109000,-2.459453000,1.710600000,0.000000000,0.000000000,0.000000000,1.000000000
1403715344.402143002,-0.562217000,-2.458654000,1.710482000,0.000000000,0.000000000,0.000000000,1.000000000
1403715344.407143354,-0.559337000,-2.457859000,1.710362000,0.000000000,0.000000000,0.000000000,1.000000000
1403715344.412143230,-0.556464000,-2.457056000,1.710239000,0.000000000,0.000000000,0.000000000,1.000000000
1403715344.417143106,-0.553600000,-2.456244000,1.710109000,0.000000000,0.000000000,0.000000000,1.000000000
1403715344.422142982,-0.550749000,-2.455418000,1.709968000,0.000000000,0.000000000,0.000000000,1.000000000
1403715344.427143335,-0.547905000,-2.454569000,1.709818000,0.000000000,0.000000000,0.000000000,1.000000000
1403715344.432142973,-0.545066000,-2.453697000,1.709666000,0.000000000,0.000000000,0.000000000,1.000000000
1403715344.437143087,-0.542239000,-2.452809000,1.709505000,0.000000000,0.000000000,0.000000000,1.000000000
1403715344.442142963,-0.539425000,-2.451908000,1.709334000,0.000000000,0.000000000,0.000000000,1.000000000
1403715344.447143316,-0.536624000,-2.450994000,1.709158000,0.000000000,0.000000000,0.000000000,1.000000000
1403715344.452142954,-0.533834000,-2.450031000,1.708978000,0.000000000,0.000000000,0.000000000,1.000000000
1403715344.457143068,-0.531058000,-2.449076000,1.708783000,0.000000000,0.000000000,0.000000000,1.000000000
1403715344.462142944,-0.528293000,-2.448104000,1.708588000,0.000000000,0.000000000,0.000000000,1.000000000
1403715344.467143297,-0.525545000,-2.447117000,1.708390000,0.000000000,0.000000000,0.000000000,1.000000000
1403715344.472142935,-0.522819000,-2.446114000,1.708196000,0.000000000,0.000000000,0.000000000,1.000000000
1403715344.477143049,-0.520105000,-2.445091000,1.708020000,0.000000000,0.000000000,0.000000000,1.000000000
1403715344.482143164,-0.517399000,-2.444050000,1.707856000,0.000000000,0.000000000,0.000000000,1.000000000
1403715344.487143040,-0.514706000,-2.442988000,1.707677000,0.000000000,0.000000000,0.000000000,1.000000000
1403715344.492142916,-0.512023000,-2.441908000,1.707483000,0.000000000,0.000000000,0.000000000,1.000000000
1403715344.497143030,-0.509346000,-2.440808000,1.707288000,0.000000000,0.000000000,0.000000000,1.000000000
1403715344.502143145,-0.506672000,-2.439642000,1.707104000,0.000000000,0.000000000,0.000000000,1.000000000
1403715344.507143021,-0.504005000,-2.438491000,1.706911000,0.000000000,0.000000000,0.000000000,1.000000000
1403715344.512142897,-0.501342000,-2.437325000,1.706718000,0.000000000,0.000000000,0.000000000,1.000000000
1403715344.517143011,-0.498690000,-2.436137000,1.706523000,0.000000000,0.000000000,0.000000000,1.000000000
1403715344.522143126,-0.496053000,-2.434927000,1.706326000,0.000000000,0.000000000,0.000000000,1.000000000
1403715344.527143002,-0.493428000,-2.433694000,1.706128000,0.000000000,0.000000000,0.000000000,1.000000000
1403715344.532143116,-0.490813000,-2.432440000,1.705910000,0.000000000,0.000000000,0.000000000,1.000000000
1403715344.537143230,-0.488204000,-2.431168000,1.705669000,0.000000000,0.000000000,0.000000000,1.000000000
1403715344.542143345,-0.485604000,-2.429877000,1.705404000,0.000000000,0.000000000,0.000000000,1.000000000
1403715344.547142982,-0.483020000,-2.428569000,1.705106000,0.000000000,0.000000000,0.000000000,1.000000000
1403715344.552143097,-0.480454000,-2.427199000,1.704787000,0.000000000,0.000000000,0.000000000,1.000000000
1403715344.557143211,-0.477906000,-2.425841000,1.704455000,0.000000000,0.000000000,0.000000000,1.000000000
1403715344.562143087,-0.475365000,-2.424462000,1.704121000,0.000000000,0.000000000,0.000000000,1.000000000
1403715344.567142963,-0.472827000,-2.423064000,1.703787000,0.000000000,0.000000000,0.000000000,1.000000000
1403715344.572143078,-0.470290000,-2.421646000,1.703451000,0.000000000,0.000000000,0.000000000,1.000000000
1403715344.577143192,-0.467761000,-2.420206000,1.703108000,0.000000000,0.000000000,0.000000000,1.000000000
1403715344.582143068,-0.465243000,-2.418745000,1.702751000,0.000000000,0.000000000,0.000000000,1.000000000
1403715344.587142944,-0.462735000,-2.417265000,1.702391000,0.000000000,0.000000000,0.000000000,1.000000000
1403715344.592143297,-0.460242000,-2.415767000,1.702030000,0.000000000,0.000000000,0.000000000,1.000000000
1403715344.597143173,-0.457762000,-2.414249000,1.701665000,0.000000000,0.000000000,0.000000000,1.000000000
1403715344.602143049,-0.455287000,-2.412665000,1.701303000,0.000000000,0.000000000,0.000000000,1.000000000
1403715344.607142925,-0.452819000,-2.411093000,1.700927000,0.000000000,0.000000000,0.000000000,1.000000000
1403715344.612143278,-0.450350000,-2.409501000,1.700547000,0.000000000,0.000000000,0.000000000,1.000000000
1403715344.617143154,-0.447893000,-2.407887000,1.700152000,0.000000000,0.000000000,0.000000000,1.000000000
1403715344.622143030,-0.445452000,-2.406252000,1.699742000,0.000000000,0.000000000,0.000000000,1.000000000
1403715344.627142906,-0.443031000,-2.404595000,1.699324000,0.000000000,0.000000000,0.000000000,1.000000000
1403715344.632143259,-0.440627000,-2.402919000,1.698894000,0.000000000,0.000000000,0.000000000,1.000000000
1403715344.637142897,-0.438238000,-2.401226000,1.698447000,0.000000000,0.000000000,0.000000000,1.000000000
1403715344.642143011,-0.435856000,-2.399513000,1.697986000,0.000000000,0.000000000,0.000000000,1.000000000
1403715344.647142887,-0.433472000,-2.397776000,1.697521000,0.000000000,0.000000000,0.000000000,1.000000000
1403715344.652143240,-0.431083000,-2.395961000,1.697065000,0.000000000,0.000000000,0.000000000,1.000000000
1403715344.657143116,-0.428708000,-2.394159000,1.696599000,0.000000000,0.000000000,0.000000000,1.000000000
1403715344.662142992,-0.426346000,-2.392340000,1.696136000,0.000000000,0.000000000,0.000000000,1.000000000
1403715344.667143345,-0.424000000,-2.390510000,1.695678000,0.000000000,0.000000000,0.000000000,1.000000000
1403715344.672143221,-0.421665000,-2.388668000,1.695221000,0.000000000,0.000000000,0.000000000,1.000000000
1403715344.677143097,-0.419334000,-2.386803000,1.694755000,0.000000000,0.000000000,0.000000000,1.000000000
1403715344.682142973,-0.417001000,-2.384906000,1.694276000,0.000000000,0.000000000,0.000000000,1.000000000
1403715344.687143326,-0.414669000,-2.382971000,1.693787000,0.000000000,0.000000000,0.000000000,1.000000000
1403715344.692142963,-0.412343000,-2.381007000,1.693285000,0.000000000,0.000000000,0.000000000,1.000000000
1403715344.697143078,-0.410024000,-2.379028000,1.692778000,0.000000000,0.000000000,0.000000000,1.000000000
1403715344.702142954,-0.407710000,-2.376986000,1.692285000,0.000000000,0.000000000,0.000000000,1.000000000
1403715344.707143307,-0.405413000,-2.374971000,1.691784000,0.000000000,0.000000000,0.000000000,1.000000000
1403715344.712142944,-0.403121000,-2.372938000,1.691284000,0.000000000,0.000000000,0.000000000,1.000000000
1403715344.717143059,-0.400830000,-2.370879000,1.690788000,0.000000000,0.000000000,0.000000000,1.000000000
1403715344.722143173,-0.398539000,-2.368785000,1.690292000,0.000000000,0.000000000,0.000000000,1.000000000
1403715344.727143288,-0.396248000,-2.366660000,1.689794000,0.000000000,0.000000000,0.000000000,1.000000000
1403715344.732142925,-0.393960000,-2.364514000,1.689296000,0.000000000,0.000000000,0.000000000,1.000000000
1403715344.737143040,-0.391674000,-2.362358000,1.688797000,0.000000000,0.000000000,0.000000000,1.000000000
1403715344.742143154,-0.389395000,-2.360188000,1.688288000,0.000000000,0.000000000,0.000000000,1.000000000
1403715344.747143030,-0.387127000,-2.357998000,1.687766000,0.000000000,0.000000000,0.000000000,1.000000000
1403715344.752142906,-0.384853000,-2.355724000,1.687251000,0.000000000,0.000000000,0.000000000,1.000000000
1403715344.757143021,-0.382579000,-2.353469000,1.686740000,0.000000000,0.000000000,0.000000000,1.000000000
1403715344.762143135,-0.380301000,-2.351191000,1.686237000,0.000000000,0.000000000,0.000000000,1.000000000
1403715344.767143011,-0.378027000,-2.348898000,1.685739000,0.000000000,0.000000000,0.000000000,1.000000000
1403715344.772142887,-0.375762000,-2.346589000,1.685245000,0.000000000,0.000000000,0.000000000,1.000000000
1403715344.777143240,-0.373504000,-2.344259000,1.684759000,0.000000000,0.000000000,0.000000000,1.000000000
1403715344.782143354,-0.371252000,-2.341907000,1.684282000,0.000000000,0.000000000,0.000000000,1.000000000
1403715344.787142992,-0.369008000,-2.339539000,1.683814000,0.000000000,0.000000000,0.000000000,1.000000000
1403715344.792143106,-0.366769000,-2.337157000,1.683346000,0.000000000,0.000000000,0.000000000,1.000000000
1403715344.797143221,-0.364536000,-2.334761000,1.682882000,0.000000000,0.000000000,0.000000000,1.000000000
1403715344.802143097,-0.362300000,-2.332289000,1.682435000,0.000000000,0.000000000,0.000000000,1.000000000
1403715344.807142973,-0.360074000,-2.329841000,1.681973000,0.000000000,0.000000000,0.000000000,1.000000000
1403715344.812143087,-0.357857000,-2.327375000,1.681497000,0.000000000,0.000000000,0.000000000,1.000000000
1403715344.817143202,-0.355652000,-2.324894000,1.681009000,0.000000000,0.000000000,0.000000000,1.000000000
1403715344.822143078,-0.353450000,-2.322400000,1.680520000,0.000000000,0.000000000,0.000000000,1.000000000
1403715344.827142954,-0.351245000,-2.319891000,1.680041000,0.000000000,0.000000000,0.000000000,1.000000000
1403715344.832143307,-0.349038000,-2.317361000,1.679562000,0.000000000,0.000000000,0.000000000,1.000000000
1403715344.837143183,-0.346828000,-2.314811000,1.679082000,0.000000000,0.000000000,0.000000000,1.000000000
1403715344.842143059,-0.344619000,-2.312239000,1.678613000,0.000000000,0.000000000,0.000000000,1.000000000
1403715344.847142935,-0.342412000,-2.309651000,1.678158000,0.000000000,0.000000000,0.000000000,1.000000000
1403715344.852143288,-0.340201000,-2.306986000,1.677721000,0.000000000,0.000000000,0.000000000,1.000000000
1403715344.857143164,-0.338009000,-2.304356000,1.677267000,0.000000000,0.000000000,0.000000000,1.000000000
1403715344.862143040,-0.335810000,-2.301705000,1.676810000,0.000000000,0.000000000,0.000000000,1.000000000
1403715344.867142916,-0.333602000,-2.299029000,1.676345000,0.000000000,0.000000000,0.000000000,1.000000000
1403715344.872143269,-0.331395000,-2.296327000,1.675862000,0.000000000,0.000000000,0.000000000,1.000000000
1403715344.877142906,-0.329193000,-2.293606000,1.675370000,0.000000000,0.000000000,0.000000000,1.000000000
1403715344.882143021,-0.327005000,-2.290871000,1.674881000,0.000000000,0.000000000,0.000000000,1.000000000
1403715344.887142897,-0.324826000,-2.288129000,1.674397000,0.000000000,0.000000000,0.000000000,1.000000000
1403715344.892143250,-0.322650000,-2.285378000,1.673921000,0.000000000,0.000000000,0.000000000,1.000000000
1403715344.897142887,-0.320469000,-2.282614000,1.673449000,0.000000000,0.000000000,0.000000000,1.000000000
1403715344.902143002,-0.318259000,-2.279751000,1.672998000,0.000000000,0.000000000,0.000000000,1.000000000
1403715344.907143354,-0.316062000,-2.276913000,1.672536000,0.000000000,0.000000000,0.000000000,1.000000000
1403715344.912143230,-0.313865000,-2.274052000,1.672078000,0.000000000,0.000000000,0.000000000,1.000000000
1403715344.917143106,-0.311663000,-2.271178000,1.671628000,0.000000000,0.000000000,0.000000000,1.000000000
1403715344.922142982,-0.309463000,-2.268298000,1.671173000,0.000000000,0.000000000,0.000000000,1.000000000
1403715344.927143335,-0.307270000,-2.265407000,1.670705000,0.000000000,0.000000000,0.000000000,1.000000000
1403715344.932142973,-0.305078000,-2.262503000,1.670229000,0.000000000,0.000000000,0.000000000,1.000000000
1403715344.937143087,-0.302885000,-2.259576000,1.669756000,0.000000000,0.000000000,0.000000000,1.000000000
1403715344.942142963,-0.300695000,-2.256620000,1.669278000,0.000000000,0.000000000,0.000000000,1.000000000
1403715344.947143316,-0.298508000,-2.253635000,1.668788000,0.000000000,0.000000000,0.000000000,1.000000000
1403715344.952142954,-0.296299000,-2.250555000,1.668302000,0.000000000,0.000000000,0.000000000,1.000000000
1403715344.957143068,-0.294101000,-2.247518000,1.667812000,0.000000000,0.000000000,0.000000000,1.000000000
1403715344.962142944,-0.291900000,-2.244471000,1.667340000,0.000000000,0.000000000,0.000000000,1.000000000
1403715344.967143297,-0.289700000,-2.241411000,1.666886000,0.000000000,0.000000000,0.000000000,1.000000000
1403715344.972142935,-0.287500000,-2.238332000,1.666446000,0.000000000,0.000000000,0.000000000,1.000000000
1403715344.977143049,-0.285291000,-2.235235000,1.666009000,0.000000000,0.000000000,0.000000000,1.000000000
1403715344.982143164,-0.283074000,-2.232124000,1.665579000,0.000000000,0.000000000,0.000000000,1.000000000
1403715344.987143040,-0.280859000,-2.229000000,1.665156000,0.000000000,0.000000000,0.000000000,1.000000000
1403715344.992142916,-0.278647000,-2.225864000,1.664735000,0.000000000,0.000000000,0.000000000,1.000000000
1403715344.997143030,-0.276443000,-2.222712000,1.664317000,0.000000000,0.000000000,0.000000000,1.000000000
1403715345.002143145,-0.274227000,-2.219462000,1.663914000,0.000000000,0.000000000,0.000000000,1.000000000
1403715345.007143021,-0.272012000,-2.216259000,1.663496000,0.000000000,0.000000000,0.000000000,1.000000000
1403715345.012142897,-0.269789000,-2.213041000,1.663089000,0.000000000,0.000000000,0.000000000,1.000000000
1403715345.017143011,-0.267571000,-2.209810000,1.662688000,0.000000000,0.000000000,0.000000000,1.000000000
1403715345.022143126,-0.265354000,-2.206573000,1.662287000,0.000000000,0.000000000,0.000000000,1.000000000
1403715345.027143002,-0.263136000,-2.203324000,1.661896000,0.000000000,0.000000000,0.000000000,1.000000000
1403715345.032143116,-0.260919000,-2.200061000,1.661511000,0.000000000,0.000000000,0.000000000,1.000000000
1403715345.037143230,-0.258704000,-2.196781000,1.661127000,0.000000000,0.000000000,0.000000000,1.000000000
1403715345.042143345,-0.256491000,-2.193488000,1.660739000,0.000000000,0.000000000,0.000000000,1.000000000
1403715345.047142982,-0.254277000,-2.190187000,1.660348000,0.000000000,0.000000000,0.000000000,1.000000000
1403715345.052143097,-0.252047000,-2.186794000,1.659995000,0.000000000,0.000000000,0.000000000,1.000000000
1403715345.057143211,-0.249844000,-2.183452000,1.659630000,0.000000000,0.000000000,0.000000000,1.000000000
1403715345.062143087,-0.247655000,-2.180099000,1.659263000,0.000000000,0.000000000,0.000000000,1.000000000
1403715345.067142963,-0.245470000,-2.176737000,1.658903000,0.000000000,0.000000000,0.000000000,1.000000000
1403715345.072143078,-0.243291000,-2.173366000,1.658556000,0.000000000,0.000000000,0.000000000,1.000000000
1403715345.077143192,-0.241121000,-2.169989000,1.658216000,0.000000000,0.000000000,0.000000000,1.000000000
1403715345.082143068,-0.238958000,-2.166605000,1.657879000,0.000000000,0.000000000,0.000000000,1.000000000
1403715345.087142944,-0.236799000,-2.163219000,1.657538000,0.000000000,0.000000000,0.000000000,1.000000000
1403715345.092143297,-0.234643000,-2.159826000,1.657194000,0.000000000,0.000000000,0.000000000,1.000000000
1403715345.097143173,-0.232493000,-2.156424000,1.656848000,0.000000000,0.000000000,0.000000000,1.000000000
1403715345.102143049,-0.230328000,-2.152931000,1.656534000,0.000000000,0.000000000,0.000000000,1.000000000
1403715345.107142925,-0.228183000,-2.149492000,1.656195000,0.000000000,0.000000000,0.000000000,1.000000000
1403715345.112143278,-0.226044000,-2.146043000,1.655844000,0.000000000,0.000000000,0.000000000,1.000000000
1403715345.117143154,-0.223911000,-2.142581000,1.655479000,0.000000000,0.000000000,0.000000000,1.000000000
1403715345.122143030,-0.221784000,-2.139108000,1.655113000,0.000000000,0.000000000,0.000000000,1.000000000
1403715345.127142906,-0.219669000,-2.135629000,1.654746000,0.000000000,0.000000000,0.000000000,1.000000000
1403715345.132143259,-0.217565000,-2.132150000,1.654369000,0.000000000,0.000000000,0.000000000,1.000000000
1403715345.137142897,-0.215472000,-2.128670000,1.653977000,0.000000000,0.000000000,0.000000000,1.000000000
1403715345.142143011,-0.213384000,-2.125183000,1.653573000,0.000000000,0.000000000,0.000000000,1.000000000
1403715345.147142887,-0.211303000,-2.121686000,1.653163000,0.000000000,0.000000000,0.000000000,1.000000000
1403715345.152143240,-0.209231000,-2.118178000,1.652751000,0.000000000,0.000000000,0.000000000,1.000000000
1403715345.157143116,-0.207148000,-2.114566000,1.652397000,0.000000000,0.000000000,0.000000000,1.000000000
1403715345.162142992,-0.205099000,-2.111035000,1.652009000,0.000000000,0.000000000,0.000000000,1.000000000
1403715345.167143345,-0.203057000,-2.107511000,1.651628000,0.000000000,0.000000000,0.000000000,1.000000000
1403715345.172143221,-0.201023000,-2.104003000,1.651244000,0.000000000,0.000000000,0.000000000,1.000000000
1403715345.177143097,-0.198993000,-2.100504000,1.650851000,0.000000000,0.000000000,0.000000000,1.000000000
1403715345.182142973,-0.196964000,-2.096997000,1.650447000,0.000000000,0.000000000,0.000000000,1.000000000
1403715345.187143326,-0.194942000,-2.093472000,1.650037000,0.000000000,0.000000000,0.000000000,1.000000000
1403715345.192142963,-0.192935000,-2.089928000,1.649621000,0.000000000,0.000000000,0.000000000,1.000000000
1403715345.197143078,-0.190939000,-2.086373000,1.649210000,0.000000000,0.000000000,0.000000000,1.000000000
1403715345.202142954,-0.188917000,-2.082747000,1.648857000,0.000000000,0.000000000,0.000000000,1.000000000
1403715345.207143307,-0.186921000,-2.079176000,1.648473000,0.000000000,0.000000000,0.000000000,1.000000000
1403715345.212142944,-0.184935000,-2.075606000,1.648071000,0.000000000,0.000000000,0.000000000,1.000000000
1403715345.217143059,-0.182957000,-2.072038000,1.647654000,0.000000000,0.000000000,0.000000000,1.000000000
1403715345.222143173,-0.180985000,-2.068471000,1.647240000,0.000000000,0.000000000,0.000000000,1.000000000
1403715345.227143288,-0.179030000,-2.064892000,1.646825000,0.000000000,0.000000000,0.000000000,1.000000000
1403715345.232142925,-0.177090000,-2.061302000,1.646406000,0.000000000,0.000000000,0.000000000,1.000000000
1403715345.237143040,-0.175156000,-2.057711000,1.645993000,0.000000000,0.000000000,0.000000000,1.000000000
1403715345.242143154,-0.173229000,-2.054123000,1.645595000,0.000000000,0.000000000,0.000000000,1.000000000
1403715345.247143030,-0.171316000,-2.050541000,1.645206000,0.000000000,0.000000000,0.000000000,1.000000000
1403715345.252142906,-0.169396000,-2.046898000,1.644877000,0.000000000,0.000000000,0.000000000,1.000000000
1403715345.257143021,-0.167514000,-2.043312000,1.644510000,0.000000000,0.000000000,0.000000000,1.000000000
1403715345.262143135,-0.165642000,-2.039724000,1.644142000,0.000000000,0.000000000,0.000000000,1.000000000
1403715345.267143011,-0.163778000,-2.036130000,1.643764000,0.000000000,0.000000000,0.000000000,1.000000000
1403715345.272142887,-0.161926000,-2.032525000,1.643376000,0.000000000,0.000000000,0.000000000,1.000000000
1403715345.277143240,-0.160090000,-2.028911000,1.642968000,0.000000000,0.000000000,0.000000000,1.000000000
1403715345.282143354,-0.158269000,-2.025299000,1.642541000,0.000000000,0.000000000,0.000000000,1.000000000
1403715345.287142992,-0.156457000,-2.021691000,1.642107000,0.000000000,0.000000000,0.000000000,1.000000000
1403715345.292143106,-0.154651000,-2.018090000,1.641663000,0.000000000,0.000000000,0.000000000,1.000000000
1403715345.297143221,-0.152853000,-2.014491000,1.641210000,0.000000000,0.000000000,0.000000000,1.000000000
1403715345.302143097,-0.151035000,-2.010825000,1.640817000,0.000000000,0.000000000,0.000000000,1.000000000
1403715345.307142973,-0.149246000,-2.007203000,1.640391000,0.000000000,0.000000000,0.000000000,1.000000000
1403715345.312143087,-0.147463000,-2.003570000,1.639974000,0.000000000,0.000000000,0.000000000,1.000000000
1403715345.317143202,-0.145686000,-1.999930000,1.639563000,0.000000000,0.000000000,0.000000000,1.000000000
1403715345.322143078,-0.143918000,-1.996286000,1.639159000,0.000000000,0.000000000,0.000000000,1.000000000
1403715345.327142954,-0.142163000,-1.992638000,1.638760000,0.000000000,0.000000000,0.000000000,1.000000000
1403715345.332143307,-0.140422000,-1.988985000,1.638359000,0.000000000,0.000000000,0.000000000,1.000000000
1403715345.337143183,-0.138687000,-1.985326000,1.637942000,0.000000000,0.000000000,0.000000000,1.000000000
1403715345.342143059,-0.136956000,-1.981662000,1.637507000,0.000000000,0.000000000,0.000000000,1.000000000
1403715345.347142935,-0.135229000,-1.977988000,1.637055000,0.000000000,0.000000000,0.000000000,1.000000000
1403715345.352143288,-0.133488000,-1.974249000,1.636655000,0.000000000,0.000000000,0.000000000,1.000000000
1403715345.357143164,-0.131774000,-1.970545000,1.636212000,0.000000000,0.000000000,0.000000000,1.000000000
1403715345.362143040,-0.130069000,-1.966839000,1.635779000,0.000000000,0.000000000,0.000000000,1.000000000
1403715345.367142916,-0.128370000,-1.963137000,1.635356000,0.000000000,0.000000000,0.000000000,1.000000000
1403715345.372143269,-0.126670000,-1.959439000,1.634941000,0.000000000,0.000000000,0.000000000,1.000000000
1403715345.377142906,-0.124968000,-1.955739000,1.634532000,0.000000000,0.000000000,0.000000000,1.000000000
1403715345.382143021,-0.123267000,-1.952033000,1.634120000,0.000000000,0.000000000,0.000000000,1.000000000
1403715345.387142897,-0.121573000,-1.948318000,1.633698000,0.000000000,0.000000000,0.000000000,1.000000000
1403715345.392143250,-0.119893000,-1.944597000,1.633261000,0.000000000,0.000000000,0.000000000,1.000000000
1403715345.397142887,-0.118226000,-1.940875000,1.632813000,0.000000000,0.000000000,0.000000000,1.000000000
1403715345.402143002,-0.116554000,-1.937106000,1.632432000,0.000000000,0.000000000,0.000000000,1.000000000
1403715345.407143354,-0.114901000,-1.933371000,1.632001000,0.000000000,0.000000000,0.000000000,1.000000000
1403715345.412143230,-0.113255000,-1.929630000,1.631570000,0.000000000,0.000000000,0.000000000,1.000000000
1403715345.417143106,-0.111615000,-1.925879000,1.631137000,0.000000000,0.000000000,0.000000000,1.000000000
1403715345.422142982,-0.109978000,-1.922123000,1.630705000,0.000000000,0.000000000,0.000000000,1.000000000
1403715345.427143335,-0.108346000,-1.918363000,1.630277000,0.000000000,0.000000000,0.000000000,1.000000000
1403715345.432142973,-0.106721000,-1.914608000,1.629849000,0.000000000,0.000000000,0.000000000,1.000000000
1403715345.437143087,-0.105099000,-1.910860000,1.629422000,0.000000000,0.000000000,0.000000000,1.000000000
1403715345.442142963,-0.103485000,-1.907108000,1.628995000,0.000000000,0.000000000,0.000000000,1.000000000
1403715345.447143316,-0.101878000,-1.903348000,1.628562000,0.000000000,0.000000000,0.000000000,1.000000000
1403715345.452142954,-0.100256000,-1.899539000,1.628185000,0.000000000,0.000000000,0.000000000,1.000000000
1403715345.457143068,-0.098655000,-1.895748000,1.627763000,0.000000000,0.000000000,0.000000000,1.000000000
1403715345.462142944,-0.097060000,-1.891956000,1.627338000,0.000000000,0.000000000,0.000000000,1.000000000
1403715345.467143297,-0.095471000,-1.888165000,1.626911000,0.000000000,0.000000000,0.000000000,1.000000000
1403715345.472142935,-0.093895000,-1.884381000,1.626481000,0.000000000,0.000000000,0.000000000,1.000000000
1403715345.477143049,-0.092332000,-1.880595000,1.626051000,0.000000000,0.000000000,0.000000000,1.000000000
1403715345.482143164,-0.090778000,-1.876801000,1.625613000,0.000000000,0.000000000,0.000000000,1.000000000
1403715345.487143040,-0.089230000,-1.873002000,1.625165000,0.000000000,0.000000000,0.000000000,1.000000000
1403715345.492142916,-0.087687000,-1.869199000,1.624720000,0.000000000,0.000000000,0.000000000,1.000000000
1403715345.497143030,-0.086154000,-1.865393000,1.624279000,0.000000000,0.000000000,0.000000000,1.000000000
1403715345.502143145,-0.084619000,-1.861555000,1.623899000,0.000000000,0.000000000,0.000000000,1.000000000
1403715345.507143021,-0.083103000,-1.857741000,1.623473000,0.000000000,0.000000000,0.000000000,1.000000000
1403715345.512142897,-0.081591000,-1.853924000,1.623054000,0.000000000,0.000000000,0.000000000,1.000000000
1403715345.517143011,-0.080082000,-1.850101000,1.622642000,0.000000000,0.000000000,0.000000000,1.000000000
1403715345.522143126,-0.078579000,-1.846272000,1.622232000,0.000000000,0.000000000,0.000000000,1.000000000
1403715345.527143002,-0.077080000,-1.842438000,1.621823000,0.000000000,0.000000000,0.000000000,1.000000000
1403715345.532143116,-0.075586000,-1.838601000,1.621415000,0.000000000,0.000000000,0.000000000,1.000000000
1403715345.537143230,-0.074098000,-1.834762000,1.621008000,0.000000000,0.000000000,0.000000000,1.000000000
1403715345.542143345,-0.072612000,-1.830922000,1.620597000,0.000000000,0.000000000,0.000000000,1.000000000
1403715345.547142982,-0.071131000,-1.827081000,1.620183000,0.000000000,0.000000000,0.000000000,1.000000000
1403715345.552143097,-0.069640000,-1.823205000,1.619819000,0.000000000,0.000000000,0.000000000,1.000000000
1403715345.557143211,-0.068168000,-1.819350000,1.619415000,0.000000000,0.000000000,0.000000000,1.000000000
1403715345.562143087,-0.066706000,-1.815496000,1.619009000,0.000000000,0.000000000,0.000000000,1.000000000
1403715345.567142963,-0.065251000,-1.811643000,1.618603000,0.000000000,0.000000000,0.000000000,1.000000000
1403715345.572143078,-0.063798000,-1.807788000,1.618196000,0.000000000,0.000000000,0.000000000,1.000000000
1403715345.577143192,-0.062347000,-1.803927000,1.617776000,0.000000000,0.000000000,0.000000000,1.000000000
1403715345.582143068,-0.060898000,-1.800056000,1.617340000,0.000000000,0.000000000,0.000000000,1.000000000
1403715345.587142944,-0.059461000,-1.796177000,1.616894000,0.000000000,0.000000000,0.000000000,1.000000000
1403715345.592143297,-0.058036000,-1.792295000,1.616443000,0.000000000,0.000000000,0.000000000,1.000000000
1403715345.597143173,-0.056613000,-1.788413000,1.615993000,0.000000000,0.000000000,0.000000000,1.000000000
1403715345.602143049,-0.055180000,-1.784505000,1.615582000,0.000000000,0.000000000,0.000000000,1.000000000
1403715345.607142925,-0.053767000,-1.780623000,1.615154000,0.000000000,0.000000000,0.000000000,1.000000000
1403715345.612143278,-0.052362000,-1.776741000,1.614744000,0.000000000,0.000000000,0.000000000,1.000000000
1403715345.617143154,-0.050963000,-1.772854000,1.614345000,0.000000000,0.000000000,0.000000000,1.000000000
1403715345.622143030,-0.049569000,-1.768962000,1.613941000,0.000000000,0.000000000,0.000000000,1.000000000
1403715345.627142906,-0.048183000,-1.765063000,1.613521000,0.000000000,0.000000000,0.000000000,1.000000000
1403715345.632143259,-0.046811000,-1.761159000,1.613086000,0.000000000,0.000000000,0.000000000,1.000000000
1403715345.637142897,-0.045457000,-1.757247000,1.612635000,0.000000000,0.000000000,0.000000000,1.000000000
1403715345.642143011,-0.044116000,-1.753330000,1.612169000,0.000000000,0.000000000,0.000000000,1.000000000
1403715345.647142887,-0.042773000,-1.749414000,1.611691000,0.000000000,0.000000000,0.000000000,1.000000000
1403715345.652143240,-0.041410000,-1.745471000,1.611240000,0.000000000,0.000000000,0.000000000,1.000000000
1403715345.657143116,-0.040067000,-1.741560000,1.610773000,0.000000000,0.000000000,0.000000000,1.000000000
1403715345.662142992,-0.038738000,-1.737647000,1.610308000,0.000000000,0.000000000,0.000000000,1.000000000
1403715345.667143345,-0.037428000,-1.733736000,1.609842000,0.000000000,0.000000000,0.000000000,1.000000000
1403715345.672143221,-0.036133000,-1.729828000,1.609379000,0.000000000,0.000000000,0.000000000,1.000000000
1403715345.677143097,-0.034847000,-1.725920000,1.608925000,0.000000000,0.000000000,0.000000000,1.000000000
1403715345.682142973,-0.033568000,-1.722009000,1.608470000,0.000000000,0.000000000,0.000000000,1.000000000
1403715345.687143326,-0.032290000,-1.718090000,1.608008000,0.000000000,0.000000000,0.000000000,1.000000000
1403715345.692142963,-0.031015000,-1.714164000,1.607538000,0.000000000,0.000000000,0.000000000,1.000000000
1403715345.697143078,-0.029749000,-1.710231000,1.607062000,0.000000000,0.000000000,0.000000000,1.000000000
1403715345.702142954,-0.028473000,-1.706263000,1.606595000,0.000000000,0.000000000,0.000000000,1.000000000
1403715345.707143307,-0.027217000,-1.702336000,1.606117000,0.000000000,0.000000000,0.000000000,1.000000000
1403715345.712142944,-0.025974000,-1.698415000,1.605640000,0.000000000,0.000000000,0.000000000,1.000000000
1403715345.717143059,-0.024738000,-1.694495000,1.605156000,0.000000000,0.000000000,0.000000000,1.000000000
1403715345.722143173,-0.023507000,-1.690569000,1.604667000,0.000000000,0.000000000,0.000000000,1.000000000
1403715345.727143288,-0.022283000,-1.686632000,1.604178000,0.000000000,0.000000000,0.000000000,1.000000000
1403715345.732142925,-0.021071000,-1.682688000,1.603681000,0.000000000,0.000000000,0.000000000,1.000000000
1403715345.737143040,-0.019864000,-1.678744000,1.603180000,0.000000000,0.000000000,0.000000000,1.000000000
1403715345.742143154,-0.018657000,-1.674807000,1.602681000,0.000000000,0.000000000,0.000000000,1.000000000
1403715345.747143030,-0.017452000,-1.670877000,1.602189000,0.000000000,0.000000000,0.000000000,1.000000000
1403715345.752142906,-0.016243000,-1.666905000,1.601710000,0.000000000,0.000000000,0.000000000,1.000000000
1403715345.757143021,-0.015051000,-1.662972000,1.601223000,0.000000000,0.000000000,0.000000000,1.000000000
1403715345.762143135,-0.013858000,-1.659038000,1.600743000,0.000000000,0.000000000,0.000000000,1.000000000
1403715345.767143011,-0.012662000,-1.655105000,1.600268000,0.000000000,0.000000000,0.000000000,1.000000000
1403715345.772142887,-0.011476000,-1.651178000,1.599784000,0.000000000,0.000000000,0.000000000,1.000000000
1403715345.777143240,-0.010308000,-1.647257000,1.599287000,0.000000000,0.000000000,0.000000000,1.000000000
1403715345.782143354,-0.009154000,-1.643345000,1.598777000,0.000000000,0.000000000,0.000000000,1.000000000
1403715345.787142992,-0.008003000,-1.639438000,1.598261000,0.000000000,0.000000000,0.000000000,1.000000000
1403715345.792143106,-0.006855000,-1.635528000,1.597743000,0.000000000,0.000000000,0.000000000,1.000000000
1403715345.797143221,-0.005712000,-1.631611000,1.597225000,0.000000000,0.000000000,0.000000000,1.000000000
1403715345.802143097,-0.004561000,-1.627635000,1.596720000,0.000000000,0.000000000,0.000000000,1.000000000
1403715345.807142973,-0.003430000,-1.623704000,1.596210000,0.000000000,0.000000000,0.000000000,1.000000000
1403715345.812143087,-0.002298000,-1.619777000,1.595710000,0.000000000,0.000000000,0.000000000,1.000000000
1403715345.817143202,-0.001176000,-1.615851000,1.595210000,0.000000000,0.000000000,0.000000000,1.000000000
1403715345.822143078,-0.000069000,-1.611927000,1.594691000,0.000000000,0.000000000,0.000000000,1.000000000
1403715345.827142954,0.001028000,-1.608000000,1.594159000,0.000000000,0.000000000,0.000000000,1.000000000
1403715345.832143307,0.002119000,-1.604069000,1.593624000,0.000000000,0.000000000,0.000000000,1.000000000
1403715345.837143183,0.003200000,-1.600138000,1.593093000,0.000000000,0.000000000,0.000000000,1.000000000
1403715345.842143059,0.004272000,-1.596206000,1.592564000,0.000000000,0.000000000,0.000000000,1.000000000
1403715345.847142935,0.005334000,-1.592276000,1.592029000,0.000000000,0.000000000,0.000000000,1.000000000
1403715345.852143288,0.006413000,-1.588291000,1.591487000,0.000000000,0.000000000,0.000000000,1.000000000
1403715345.857143164,0.007467000,-1.584359000,1.590935000,0.000000000,0.000000000,0.000000000,1.000000000
1403715345.862143040,0.008518000,-1.580430000,1.590378000,0.000000000,0.000000000,0.000000000,1.000000000
1403715345.867142916,0.009562000,-1.576505000,1.589825000,0.000000000,0.000000000,0.000000000,1.000000000
1403715345.872143269,0.010596000,-1.572586000,1.589269000,0.000000000,0.000000000,0.000000000,1.000000000
1403715345.877142906,0.011617000,-1.568672000,1.588691000,0.000000000,0.000000000,0.000000000,1.000000000
1403715345.882143021,0.012628000,-1.564762000,1.588086000,0.000000000,0.000000000,0.000000000,1.000000000
1403715345.887142897,0.013631000,-1.560854000,1.587457000,0.000000000,0.000000000,0.000000000,1.000000000
1403715345.892143250,0.014626000,-1.556947000,1.586827000,0.000000000,0.000000000,0.000000000,1.000000000
1403715345.897142887,0.015606000,-1.553037000,1.586209000,0.000000000,0.000000000,0.000000000,1.000000000
1403715345.902143002,0.016597000,-1.549055000,1.585602000,0.000000000,0.000000000,0.000000000,1.000000000
1403715345.907143354,0.017576000,-1.545126000,1.585009000,0.000000000,0.000000000,0.000000000,1.000000000
1403715345.912143230,0.018573000,-1.541197000,1.584422000,0.000000000,0.000000000,0.000000000,1.000000000
1403715345.917143106,0.019591000,-1.537266000,1.583834000,0.000000000,0.000000000,0.000000000,1.000000000
1403715345.922142982,0.020614000,-1.533330000,1.583248000,0.000000000,0.000000000,0.000000000,1.000000000
1403715345.927143335,0.021622000,-1.529393000,1.582650000,0.000000000,0.000000000,0.000000000,1.000000000
1403715345.932142973,0.022622000,-1.525461000,1.582036000,0.000000000,0.000000000,0.000000000,1.000000000
1403715345.937143087,0.023624000,-1.521532000,1.581414000,0.000000000,0.000000000,0.000000000,1.000000000
1403715345.942142963,0.024624000,-1.517606000,1.580785000,0.000000000,0.000000000,0.000000000,1.000000000
1403715345.947143316,0.025622000,-1.513678000,1.580152000,0.000000000,0.000000000,0.000000000,1.000000000
1403715345.952142954,0.026651000,-1.509673000,1.579536000,0.000000000,0.000000000,0.000000000,1.000000000
1403715345.957143068,0.027668000,-1.505725000,1.578959000,0.000000000,0.000000000,0.000000000,1.000000000
1403715345.962142944,0.028683000,-1.501784000,1.578410000,0.000000000,0.000000000,0.000000000,1.000000000
1403715345.967143297,0.029686000,-1.497850000,1.577877000,0.000000000,0.000000000,0.000000000,1.000000000
1403715345.972142935,0.030682000,-1.493919000,1.577358000,0.000000000,0.000000000,0.000000000,1.000000000
1403715345.977143049,0.031679000,-1.489989000,1.576863000,0.000000000,0.000000000,0.000000000,1.000000000
1403715345.982143164,0.032674000,-1.486057000,1.576386000,0.000000000,0.000000000,0.000000000,1.000000000
1403715345.987143040,0.033669000,-1.482126000,1.575909000,0.000000000,0.000000000,0.000000000,1.000000000
1403715345.992142916,0.034668000,-1.478199000,1.575423000,0.000000000,0.000000000,0.000000000,1.000000000
1403715345.997143030,0.035667000,-1.474279000,1.574914000,0.000000000,0.000000000,0.000000000,1.000000000
1403715346.002143145,0.036690000,-1.470287000,1.574385000,0.000000000,0.000000000,0.000000000,1.000000000
1403715346.007143021,0.037689000,-1.466367000,1.573865000,0.000000000,0.000000000,0.000000000,1.000000000
1403715346.012142897,0.038696000,-1.462453000,1.573357000,0.000000000,0.000000000,0.000000000,1.000000000
1403715346.017143011,0.039710000,-1.458544000,1.572857000,0.000000000,0.000000000,0.000000000,1.000000000
1403715346.022143126,0.040718000,-1.454640000,1.572363000,0.000000000,0.000000000,0.000000000,1.000000000
1403715346.027143002,0.041726000,-1.450748000,1.571875000,0.000000000,0.000000000,0.000000000,1.000000000
1403715346.032143116,0.042742000,-1.446867000,1.571398000,0.000000000,0.000000000,0.000000000,1.000000000
1403715346.037143230,0.043757000,-1.442993000,1.570927000,0.000000000,0.000000000,0.000000000,1.000000000
1403715346.042143345,0.044778000,-1.439118000,1.570461000,0.000000000,0.000000000,0.000000000,1.000000000
1403715346.047142982,0.045821000,-1.435241000,1.570013000,0.000000000,0.000000000,0.000000000,1.000000000
1403715346.052143097,0.046916000,-1.431271000,1.569595000,0.000000000,0.000000000,0.000000000,1.000000000
1403715346.057143211,0.047990000,-1.427382000,1.569182000,0.000000000,0.000000000,0.000000000,1.000000000
1403715346.062143087,0.049062000,-1.423505000,1.568764000,0.000000000,0.000000000,0.000000000,1.000000000
1403715346.067142963,0.050138000,-1.419644000,1.568350000,0.000000000,0.000000000,0.000000000,1.000000000
1403715346.072143078,0.051224000,-1.415802000,1.567959000,0.000000000,0.000000000,0.000000000,1.000000000
1403715346.077143192,0.052327000,-1.411976000,1.567590000,0.000000000,0.000000000,0.000000000,1.000000000
1403715346.082143068,0.053444000,-1.408160000,1.567239000,0.000000000,0.000000000,0.000000000,1.000000000
1403715346.087142944,0.054565000,-1.404349000,1.566899000,0.000000000,0.000000000,0.000000000,1.000000000
1403715346.092143297,0.055685000,-1.400548000,1.566564000,0.000000000,0.000000000,0.000000000,1.000000000
1403715346.097143173,0.056811000,-1.396759000,1.566237000,0.000000000,0.000000000,0.000000000,1.000000000
1403715346.102143049,0.057985000,-1.392885000,1.565918000,0.000000000,0.000000000,0.000000000,1.000000000
1403715346.107142925,0.059140000,-1.389093000,1.565594000,0.000000000,0.000000000,0.000000000,1.000000000
1403715346.112143278,0.060306000,-1.385301000,1.565272000,0.000000000,0.000000000,0.000000000,1.000000000
1403715346.117143154,0.061482000,-1.381508000,1.564956000,0.000000000,0.000000000,0.000000000,1.000000000
1403715346.122143030,0.062671000,-1.377719000,1.564655000,0.000000000,0.000000000,0.000000000,1.000000000
1403715346.127142906,0.063877000,-1.373942000,1.564369000,0.000000000,0.000000000,0.000000000,1.000000000
1403715346.132143259,0.065085000,-1.370177000,1.564092000,0.000000000,0.000000000,0.000000000,1.000000000
1403715346.137142897,0.066290000,-1.366419000,1.563824000,0.000000000,0.000000000,0.000000000,1.000000000
1403715346.142143011,0.067504000,-1.362663000,1.563576000,0.000000000,0.000000000,0.000000000,1.000000000
1403715346.147142887,0.068734000,-1.358912000,1.563354000,0.000000000,0.000000000,0.000000000,1.000000000
1403715346.152143240,0.070009000,-1.355071000,1.563160000,0.000000000,0.000000000,0.000000000,1.000000000
1403715346.157143116,0.071258000,-1.351323000,1.562955000,0.000000000,0.000000000,0.000000000,1.000000000
1403715346.162142992,0.072516000,-1.347598000,1.562758000,0.000000000,0.000000000,0.000000000,1.000000000
1403715346.167143345,0.073789000,-1.343889000,1.562579000,0.000000000,0.000000000,0.000000000,1.000000000
1403715346.172143221,0.075079000,-1.340187000,1.562420000,0.000000000,0.000000000,0.000000000,1.000000000
1403715346.177143097,0.076384000,-1.336482000,1.562279000,0.000000000,0.000000000,0.000000000,1.000000000
1403715346.182142973,0.077701000,-1.332776000,1.562149000,0.000000000,0.000000000,0.000000000,1.000000000
1403715346.187143326,0.079030000,-1.329084000,1.562030000,0.000000000,0.000000000,0.000000000,1.000000000
1403715346.192142963,0.080366000,-1.325411000,1.561914000,0.000000000,0.000000000,0.000000000,1.000000000
1403715346.197143078,0.081711000,-1.321750000,1.561803000,0.000000000,0.000000000,0.000000000,1.000000000
1403715346.202142954,0.083113000,-1.318001000,1.561729000,0.000000000,0.000000000,0.000000000,1.000000000
1403715346.207143307,0.084500000,-1.314327000,1.561657000,0.000000000,0.000000000,0.000000000,1.000000000
1403715346.212142944,0.085897000,-1.310653000,1.561597000,0.000000000,0.000000000,0.000000000,1.000000000
1403715346.217143059,0.087301000,-1.306983000,1.561543000,0.000000000,0.000000000,0.000000000,1.000000000
1403715346.222143173,0.088716000,-1.303326000,1.561486000,0.000000000,0.000000000,0.000000000,1.000000000
1403715346.227143288,0.090142000,-1.299685000,1.561418000,0.000000000,0.000000000,0.000000000,1.000000000
1403715346.232142925,0.091576000,-1.296056000,1.561344000,0.000000000,0.000000000,0.000000000,1.000000000
1403715346.237143040,0.093020000,-1.292436000,1.561280000,0.000000000,0.000000000,0.000000000,1.000000000
1403715346.242143154,0.094474000,-1.288825000,1.561215000,0.000000000,0.000000000,0.000000000,1.000000000
1403715346.247143030,0.095929000,-1.285222000,1.561127000,0.000000000,0.000000000,0.000000000,1.000000000
1403715346.252142906,0.097421000,-1.281535000,1.561055000,0.000000000,0.000000000,0.000000000,1.000000000
1403715346.257143021,0.098890000,-1.277930000,1.560980000,0.000000000,0.000000000,0.000000000,1.000000000
1403715346.262143135,0.100360000,-1.274338000,1.560906000,0.000000000,0.000000000,0.000000000,1.000000000
1403715346.267143011,0.101828000,-1.270757000,1.560824000,0.000000000,0.000000000,0.000000000,1.000000000
1403715346.272142887,0.103294000,-1.267181000,1.560730000,0.000000000,0.000000000,0.000000000,1.000000000
1403715346.277143240,0.104766000,-1.263601000,1.560637000,0.000000000,0.000000000,0.000000000,1.000000000
1403715346.282143354,0.106244000,-1.260010000,1.560550000,0.000000000,0.000000000,0.000000000,1.000000000
1403715346.287142992,0.107725000,-1.256417000,1.560465000,0.000000000,0.000000000,0.000000000,1.000000000
1403715346.292143106,0.109212000,-1.252835000,1.560381000,0.000000000,0.000000000,0.000000000,1.000000000
1403715346.297143221,0.110701000,-1.249268000,1.560304000,0.000000000,0.000000000,0.000000000,1.000000000
1403715346.302143097,0.112226000,-1.245627000,1.560246000,0.000000000,0.000000000,0.000000000,1.000000000
1403715346.307142973,0.113736000,-1.242059000,1.560177000,0.000000000,0.000000000,0.000000000,1.000000000
1403715346.312143087,0.115258000,-1.238487000,1.560115000,0.000000000,0.000000000,0.000000000,1.000000000
1403715346.317143202,0.116788000,-1.234911000,1.560059000,0.000000000,0.000000000,0.000000000,1.000000000
1403715346.322143078,0.118317000,-1.231336000,1.560002000,0.000000000,0.000000000,0.000000000,1.000000000
1403715346.327142954,0.119843000,-1.227770000,1.559932000,0.000000000,0.000000000,0.000000000,1.000000000
1403715346.332143307,0.121381000,-1.224222000,1.559858000,0.000000000,0.000000000,0.000000000,1.000000000
1403715346.337143183,0.122925000,-1.220688000,1.559790000,0.000000000,0.000000000,0.000000000,1.000000000
1403715346.342143059,0.124470000,-1.217160000,1.559725000,0.000000000,0.000000000,0.000000000,1.000000000
1403715346.347142935,0.126025000,-1.213628000,1.559661000,0.000000000,0.000000000,0.000000000,1.000000000
1403715346.352143288,0.127618000,-1.210006000,1.559637000,0.000000000,0.000000000,0.000000000,1.000000000
1403715346.357143164,0.129204000,-1.206453000,1.559622000,0.000000000,0.000000000,0.000000000,1.000000000
1403715346.362143040,0.130797000,-1.202909000,1.559620000,0.000000000,0.000000000,0.000000000,1.000000000
1403715346.367142916,0.132388000,-1.199381000,1.559624000,0.000000000,0.000000000,0.000000000,1.000000000
1403715346.372143269,0.133974000,-1.195868000,1.559621000,0.000000000,0.000000000,0.000000000,1.000000000
1403715346.377142906,0.135555000,-1.192365000,1.559609000,0.000000000,0.000000000,0.000000000,1.000000000
1403715346.382143021,0.137137000,-1.188865000,1.559596000,0.000000000,0.000000000,0.000000000,1.000000000
1403715346.387142897,0.138728000,-1.185366000,1.559584000,0.000000000,0.000000000,0.000000000,1.000000000
1403715346.392143250,0.140319000,-1.181870000,1.559570000,0.000000000,0.000000000,0.000000000,1.000000000
1403715346.397142887,0.141902000,-1.178379000,1.559552000,0.000000000,0.000000000,0.000000000,1.000000000
1403715346.402143002,0.143503000,-1.174822000,1.559557000,0.000000000,0.000000000,0.000000000,1.000000000
1403715346.407143354,0.145097000,-1.171344000,1.559577000,0.000000000,0.000000000,0.000000000,1.000000000
1403715346.412143230,0.146690000,-1.167881000,1.559609000,0.000000000,0.000000000,0.000000000,1.000000000
1403715346.417143106,0.148281000,-1.164431000,1.559635000,0.000000000,0.000000000,0.000000000,1.000000000
1403715346.422142982,0.149872000,-1.160987000,1.559654000,0.000000000,0.000000000,0.000000000,1.000000000
1403715346.427143335,0.151466000,-1.157546000,1.559679000,0.000000000,0.000000000,0.000000000,1.000000000
1403715346.432142973,0.153057000,-1.154109000,1.559717000,0.000000000,0.000000000,0.000000000,1.000000000
1403715346.437143087,0.154646000,-1.150679000,1.559760000,0.000000000,0.000000000,0.000000000,1.000000000
1403715346.442142963,0.156232000,-1.147258000,1.559800000,0.000000000,0.000000000,0.000000000,1.000000000
1403715346.447143316,0.157813000,-1.143845000,1.559835000,0.000000000,0.000000000,0.000000000,1.000000000
1403715346.452142954,0.159394000,-1.140363000,1.559880000,0.000000000,0.000000000,0.000000000,1.000000000
1403715346.457143068,0.160972000,-1.136936000,1.559931000,0.000000000,0.000000000,0.000000000,1.000000000
1403715346.462142944,0.162557000,-1.133511000,1.559987000,0.000000000,0.000000000,0.000000000,1.000000000
1403715346.467143297,0.164144000,-1.130095000,1.560032000,0.000000000,0.000000000,0.000000000,1.000000000
1403715346.472142935,0.165727000,-1.126687000,1.560068000,0.000000000,0.000000000,0.000000000,1.000000000
1403715346.477143049,0.167307000,-1.123283000,1.560102000,0.000000000,0.000000000,0.000000000,1.000000000
1403715346.482143164,0.168885000,-1.119882000,1.560142000,0.000000000,0.000000000,0.000000000,1.000000000
1403715346.487143040,0.170463000,-1.116485000,1.560191000,0.000000000,0.000000000,0.000000000,1.000000000
1403715346.492142916,0.172043000,-1.113098000,1.560254000,0.000000000,0.000000000,0.000000000,1.000000000
1403715346.497143030,0.173621000,-1.109724000,1.560333000,0.000000000,0.000000000,0.000000000,1.000000000
1403715346.502143145,0.175192000,-1.106299000,1.560440000,0.000000000,0.000000000,0.000000000,1.000000000
1403715346.507143021,0.176769000,-1.102921000,1.560530000,0.000000000,0.000000000,0.000000000,1.000000000
1403715346.512142897,0.178349000,-1.099541000,1.560615000,0.000000000,0.000000000,0.000000000,1.000000000
1403715346.517143011,0.179925000,-1.096166000,1.560696000,0.000000000,0.000000000,0.000000000,1.000000000
1403715346.522143126,0.181502000,-1.092797000,1.560767000,0.000000000,0.000000000,0.000000000,1.000000000
1403715346.527143002,0.183074000,-1.089438000,1.560818000,0.000000000,0.000000000,0.000000000,1.000000000
1403715346.532143116,0.184636000,-1.086087000,1.560856000,0.000000000,0.000000000,0.000000000,1.000000000
1403715346.537143230,0.186195000,-1.082745000,1.560890000,0.000000000,0.000000000,0.000000000,1.000000000
1403715346.542143345,0.187755000,-1.079412000,1.560925000,0.000000000,0.000000000,0.000000000,1.000000000
1403715346.547142982,0.189312000,-1.076084000,1.560961000,0.000000000,0.000000000,0.000000000,1.000000000
1403715346.552143097,0.190857000,-1.072713000,1.561018000,0.000000000,0.000000000,0.000000000,1.000000000
1403715346.557143211,0.192403000,-1.069383000,1.561056000,0.000000000,0.000000000,0.000000000,1.000000000
1403715346.562143087,0.193941000,-1.066057000,1.561096000,0.000000000,0.000000000,0.000000000,1.000000000
1403715346.567142963,0.195480000,-1.062747000,1.561157000,0.000000000,0.000000000,0.000000000,1.000000000
1403715346.572143078,0.197023000,-1.059451000,1.561235000,0.000000000,0.000000000,0.000000000,1.000000000
1403715346.577143192,0.198558000,-1.056157000,1.561307000,0.000000000,0.000000000,0.000000000,1.000000000
1403715346.582143068,0.200080000,-1.052864000,1.561366000,0.000000000,0.000000000,0.000000000,1.000000000
1403715346.587142944,0.201594000,-1.049580000,1.561420000,0.000000000,0.000000000,0.000000000,1.000000000
1403715346.592143297,0.203100000,-1.046306000,1.561480000,0.000000000,0.000000000,0.000000000,1.000000000
1403715346.597143173,0.204599000,-1.043045000,1.561541000,0.000000000,0.000000000,0.000000000,1.000000000
1403715346.602143049,0.206070000,-1.039759000,1.561619000,0.000000000,0.000000000,0.000000000,1.000000000
1403715346.607142925,0.207545000,-1.036504000,1.561675000,0.000000000,0.000000000,0.000000000,1.000000000
1403715346.612143278,0.209017000,-1.033252000,1.561731000,0.000000000,0.000000000,0.000000000,1.000000000
1403715346.617143154,0.210490000,-1.030007000,1.561797000,0.000000000,0.000000000,0.000000000,1.000000000
1403715346.622143030,0.211961000,-1.026773000,1.561878000,0.000000000,0.000000000,0.000000000,1.000000000
1403715346.627142906,0.213423000,-1.023551000,1.561962000,0.000000000,0.000000000,0.000000000,1.000000000
1403715346.632143259,0.214872000,-1.020341000,1.562040000,0.000000000,0.000000000,0.000000000,1.000000000
1403715346.637142897,0.216306000,-1.017141000,1.562102000,0.000000000,0.000000000,0.000000000,1.000000000
1403715346.642143011,0.217732000,-1.013947000,1.562151000,0.000000000,0.000000000,0.000000000,1.000000000
1403715346.647142887,0.219150000,-1.010755000,1.562194000,0.000000000,0.000000000,0.000000000,1.000000000
1403715346.652143240,0.220523000,-1.007542000,1.562276000,0.000000000,0.000000000,0.000000000,1.000000000
1403715346.657143116,0.221910000,-1.004351000,1.562340000,0.000000000,0.000000000,0.000000000,1.000000000
1403715346.662142992,0.223288000,-1.001164000,1.562414000,0.000000000,0.000000000,0.000000000,1.000000000
1403715346.667143345,0.224665000,-0.997986000,1.562499000,0.000000000,0.000000000,0.000000000,1.000000000
1403715346.672143221,0.226039000,-0.994819000,1.562600000,0.000000000,0.000000000,0.000000000,1.000000000
1403715346.677143097,0.227406000,-0.991662000,1.562710000,0.000000000,0.000000000,0.000000000,1.000000000
1403715346.682142973,0.228765000,-0.988516000,1.562829000,0.000000000,0.000000000,0.000000000,1.000000000
1403715346.687143326,0.230114000,-0.985376000,1.562959000,0.000000000,0.000000000,0.000000000,1.000000000
1403715346.692142963,0.231455000,-0.982239000,1.563090000,0.000000000,0.000000000,0.000000000,1.000000000
1403715346.697143078,0.232798000,-0.979108000,1.563217000,0.000000000,0.000000000,0.000000000,1.000000000
1403715346.702142954,0.234094000,-0.975965000,1.563381000,0.000000000,0.000000000,0.000000000,1.000000000
1403715346.707143307,0.235414000,-0.972843000,1.563492000,0.000000000,0.000000000,0.000000000,1.000000000
1403715346.712142944,0.236720000,-0.969724000,1.563592000,0.000000000,0.000000000,0.000000000,1.000000000
1403715346.717143059,0.238014000,-0.966608000,1.563698000,0.000000000,0.000000000,0.000000000,1.000000000
1403715346.722143173,0.239303000,-0.963492000,1.563814000,0.000000000,0.000000000,0.000000000,1.000000000
1403715346.727143288,0.240585000,-0.960375000,1.563920000,0.000000000,0.000000000,0.000000000,1.000000000
1403715346.732142925,0.241860000,-0.957267000,1.564014000,0.000000000,0.000000000,0.000000000,1.000000000
1403715346.737143040,0.243129000,-0.954173000,1.564108000,0.000000000,0.000000000,0.000000000,1.000000000
1403715346.742143154,0.244392000,-0.951088000,1.564204000,0.000000000,0.000000000,0.000000000,1.000000000
1403715346.747143030,0.245653000,-0.948012000,1.564304000,0.000000000,0.000000000,0.000000000,1.000000000
1403715346.752142906,0.246853000,-0.944937000,1.564452000,0.000000000,0.000000000,0.000000000,1.000000000
1403715346.757143021,0.248079000,-0.941879000,1.564550000,0.000000000,0.000000000,0.000000000,1.000000000
1403715346.762143135,0.249301000,-0.938830000,1.564649000,0.000000000,0.000000000,0.000000000,1.000000000
1403715346.767143011,0.250519000,-0.935787000,1.564754000,0.000000000,0.000000000,0.000000000,1.000000000
1403715346.772142887,0.251725000,-0.932749000,1.564858000,0.000000000,0.000000000,0.000000000,1.000000000
1403715346.777143240,0.252919000,-0.929711000,1.564961000,0.000000000,0.000000000,0.000000000,1.000000000
1403715346.782143354,0.254101000,-0.926669000,1.565063000,0.000000000,0.000000000,0.000000000,1.000000000
1403715346.787142992,0.255274000,-0.923635000,1.565157000,0.000000000,0.000000000,0.000000000,1.000000000
1403715346.792143106,0.256451000,-0.920615000,1.565248000,0.000000000,0.000000000,0.000000000,1.000000000
1403715346.797143221,0.257627000,-0.917608000,1.565326000,0.000000000,0.000000000,0.000000000,1.000000000
1403715346.802143097,0.258737000,-0.914617000,1.565441000,0.000000000,0.000000000,0.000000000,1.000000000
1403715346.807142973,0.259894000,-0.911636000,1.565506000,0.000000000,0.000000000,0.000000000,1.000000000
1403715346.812143087,0.261049000,-0.908660000,1.565582000,0.000000000,0.000000000,0.000000000,1.000000000
1403715346.817143202,0.262201000,-0.905689000,1.565664000,0.000000000,0.000000000,0.000000000,1.000000000
1403715346.822143078,0.263354000,-0.902722000,1.565753000,0.000000000,0.000000000,0.000000000,1.000000000
1403715346.827142954,0.264501000,-0.899764000,1.565855000,0.000000000,0.000000000,0.000000000,1.000000000
1403715346.832143307,0.265635000,-0.896811000,1.565954000,0.000000000,0.000000000,0.000000000,1.000000000
1403715346.837143183,0.266755000,-0.893861000,1.566043000,0.000000000,0.000000000,0.000000000,1.000000000
1403715346.842143059,0.267866000,-0.890923000,1.566131000,0.000000000,0.000000000,0.000000000,1.000000000
1403715346.847142935,0.268976000,-0.888000000,1.566216000,0.000000000,0.000000000,0.000000000,1.000000000
1403715346.852143288,0.270020000,-0.885080000,1.566348000,0.000000000,0.000000000,0.000000000,1.000000000
1403715346.857143164,0.271127000,-0.882161000,1.566386000,0.000000000,0.000000000,0.000000000,1.000000000
1403715346.862143040,0.272229000,-0.879236000,1.566399000,0.000000000,0.000000000,0.000000000,1.000000000
1403715346.867142916,0.273324000,-0.876310000,1.566404000,0.000000000,0.000000000,0.000000000,1.000000000
1403715346.872143269,0.274411000,-0.873389000,1.566415000,0.000000000,0.000000000,0.000000000,1.000000000
1403715346.877142906,0.275490000,-0.870476000,1.566439000,0.000000000,0.000000000,0.000000000,1.000000000
1403715346.882143021,0.276569000,-0.867580000,1.566472000,0.000000000,0.000000000,0.000000000,1.000000000
1403715346.887142897,0.277651000,-0.864696000,1.566515000,0.000000000,0.000000000,0.000000000,1.000000000
1403715346.892143250,0.278728000,-0.861816000,1.566561000,0.000000000,0.000000000,0.000000000,1.000000000
1403715346.897142887,0.279795000,-0.858940000,1.566609000,0.000000000,0.000000000,0.000000000,1.000000000
1403715346.902143002,0.280782000,-0.856066000,1.566749000,0.000000000,0.000000000,0.000000000,1.000000000
1403715346.907143354,0.281825000,-0.853202000,1.566809000,0.000000000,0.000000000,0.000000000,1.000000000
1403715346.912143230,0.282862000,-0.850344000,1.566849000,0.000000000,0.000000000,0.000000000,1.000000000
1403715346.917143106,0.283891000,-0.847493000,1.566868000,0.000000000,0.000000000,0.000000000,1.000000000
1403715346.922142982,0.284913000,-0.844657000,1.566876000,0.000000000,0.000000000,0.000000000,1.000000000
1403715346.927143335,0.285933000,-0.841830000,1.566881000,0.000000000,0.000000000,0.000000000,1.000000000
1403715346.932142973,0.286955000,-0.839004000,1.566886000,0.000000000,0.000000000,0.000000000,1.000000000
1403715346.937143087,0.287988000,-0.836185000,1.566890000,0.000000000,0.000000000,0.000000000,1.000000000
1403715346.942142963,0.289031000,-0.833378000,1.566906000,0.000000000,0.000000000,0.000000000,1.000000000
1403715346.947143316,0.290073000,-0.830584000,1.566938000,0.000000000,0.000000000,0.000000000,1.000000000
1403715346.952142954,0.291037000,-0.827805000,1.567063000,0.000000000,0.000000000,0.000000000,1.000000000
1403715346.957143068,0.292054000,-0.825046000,1.567121000,0.000000000,0.000000000,0.000000000,1.000000000
1403715346.962142944,0.293068000,-0.822295000,1.567180000,0.000000000,0.000000000,0.000000000,1.000000000
1403715346.967143297,0.294082000,-0.819542000,1.567231000,0.000000000,0.000000000,0.000000000,1.000000000
1403715346.972142935,0.295101000,-0.816789000,1.567273000,0.000000000,0.000000000,0.000000000,1.000000000
1403715346.977143049,0.296118000,-0.814046000,1.567306000,0.000000000,0.000000000,0.000000000,1.000000000
1403715346.982143164,0.297127000,-0.811321000,1.567327000,0.000000000,0.000000000,0.000000000,1.000000000
1403715346.987143040,0.298132000,-0.808619000,1.567344000,0.000000000,0.000000000,0.000000000,1.000000000
1403715346.992142916,0.299136000,-0.805933000,1.567380000,0.000000000,0.000000000,0.000000000,1.000000000
1403715346.997143030,0.300145000,-0.803258000,1.567444000,0.000000000,0.000000000,0.000000000,1.000000000
1403715347.002143145,0.301092000,-0.800586000,1.567617000,0.000000000,0.000000000,0.000000000,1.000000000
1403715347.007143021,0.302087000,-0.797930000,1.567733000,0.000000000,0.000000000,0.000000000,1.000000000
1403715347.012142897,0.303078000,-0.795291000,1.567840000,0.000000000,0.000000000,0.000000000,1.000000000
1403715347.017143011,0.304064000,-0.792670000,1.567941000,0.000000000,0.000000000,0.000000000,1.000000000
1403715347.022143126,0.305038000,-0.790064000,1.568032000,0.000000000,0.000000000,0.000000000,1.000000000
1403715347.027143002,0.306001000,-0.787469000,1.568103000,0.000000000,0.000000000,0.000000000,1.000000000
1403715347.032143116,0.306966000,-0.784883000,1.568156000,0.000000000,0.000000000,0.000000000,1.000000000
1403715347.037143230,0.307930000,-0.782303000,1.568213000,0.000000000,0.000000000,0.000000000,1.000000000
1403715347.042143345,0.308888000,-0.779731000,1.568281000,0.000000000,0.000000000,0.000000000,1.000000000
1403715347.047142982,0.309843000,-0.777172000,1.568368000,0.000000000,0.000000000,0.000000000,1.000000000
1403715347.052143097,0.310732000,-0.774624000,1.568563000,0.000000000,0.000000000,0.000000000,1.000000000
1403715347.057143211,0.311665000,-0.772099000,1.568725000,0.000000000,0.000000000,0.000000000,1.000000000
1403715347.062143087,0.312597000,-0.769588000,1.568904000,0.000000000,0.000000000,0.000000000,1.000000000
1403715347.067142963,0.313533000,-0.767088000,1.569098000,0.000000000,0.000000000,0.000000000,1.000000000
1403715347.072143078,0.314480000,-0.764598000,1.569307000,0.000000000,0.000000000,0.000000000,1.000000000
1403715347.077143192,0.315440000,-0.762121000,1.569521000,0.000000000,0.000000000,0.000000000,1.000000000
1403715347.082143068,0.316406000,-0.759659000,1.569731000,0.000000000,0.000000000,0.000000000,1.000000000
1403715347.087142944,0.317380000,-0.757212000,1.569935000,0.000000000,0.000000000,0.000000000,1.000000000
1403715347.092143297,0.318363000,-0.754785000,1.570138000,0.000000000,0.000000000,0.000000000,1.000000000
1403715347.097143173,0.319348000,-0.752361000,1.570343000,0.000000000,0.000000000,0.000000000,1.000000000
1403715347.102143049,0.320261000,-0.749919000,1.570610000,0.000000000,0.000000000,0.000000000,1.000000000
1403715347.107142925,0.321219000,-0.747486000,1.570827000,0.000000000,0.000000000,0.000000000,1.000000000
1403715347.112143278,0.322172000,-0.745054000,1.571051000,0.000000000,0.000000000,0.000000000,1.000000000
1403715347.117143154,0.323121000,-0.742629000,1.571276000,0.000000000,0.000000000,0.000000000,1.000000000
1403715347.122143030,0.324071000,-0.740215000,1.571493000,0.000000000,0.000000000,0.000000000,1.000000000
1403715347.127142906,0.325024000,-0.737810000,1.571699000,0.000000000,0.000000000,0.000000000,1.000000000
1403715347.132143259,0.325980000,-0.735415000,1.571898000,0.000000000,0.000000000,0.000000000,1.000000000
1403715347.137142897,0.326945000,-0.733028000,1.572087000,0.000000000,0.000000000,0.000000000,1.000000000
1403715347.142143011,0.327917000,-0.730645000,1.572262000,0.000000000,0.000000000,0.000000000,1.000000000
1403715347.147142887,0.328888000,-0.728267000,1.572430000,0.000000000,0.000000000,0.000000000,1.000000000
1403715347.152143240,0.329793000,-0.725883000,1.572658000,0.000000000,0.000000000,0.000000000,1.000000000
1403715347.157143116,0.330757000,-0.723523000,1.572864000,0.000000000,0.000000000,0.000000000,1.000000000
1403715347.162142992,0.331727000,-0.721173000,1.573092000,0.000000000,0.000000000,0.000000000,1.000000000
1403715347.167143345,0.332704000,-0.718833000,1.573327000,0.000000000,0.000000000,0.000000000,1.000000000
1403715347.172143221,0.333691000,-0.716506000,1.573581000,0.000000000,0.000000000,0.000000000,1.000000000
1403715347.177143097,0.334690000,-0.714193000,1.573857000,0.000000000,0.000000000,0.000000000,1.000000000
1403715347.182142973,0.335699000,-0.711895000,1.574148000,0.000000000,0.000000000,0.000000000,1.000000000
1403715347.187143326,0.336712000,-0.709617000,1.574459000,0.000000000,0.000000000,0.000000000,1.000000000
1403715347.192142963,0.337730000,-0.707347000,1.574777000,0.000000000,0.000000000,0.000000000,1.000000000
1403715347.197143078,0.338760000,-0.705076000,1.575093000,0.000000000,0.000000000,0.000000000,1.000000000
1403715347.202142954,0.339723000,-0.702787000,1.575457000,0.000000000,0.000000000,0.000000000,1.000000000
1403715347.207143307,0.340741000,-0.700516000,1.575779000,0.000000000,0.000000000,0.000000000,1.000000000
1403715347.212142944,0.341764000,-0.698250000,1.576096000,0.000000000,0.000000000,0.000000000,1.000000000
1403715347.217143059,0.342797000,-0.695989000,1.576414000,0.000000000,0.000000000,0.000000000,1.000000000
1403715347.222143173,0.343834000,-0.693737000,1.576725000,0.000000000,0.000000000,0.000000000,1.000000000
1403715347.227143288,0.344881000,-0.691487000,1.577038000,0.000000000,0.000000000,0.000000000,1.000000000
1403715347.232142925,0.345947000,-0.689242000,1.577360000,0.000000000,0.000000000,0.000000000,1.000000000
1403715347.237143040,0.347025000,-0.687000000,1.577689000,0.000000000,0.000000000,0.000000000,1.000000000
1403715347.242143154,0.348102000,-0.684760000,1.578025000,0.000000000,0.000000000,0.000000000,1.000000000
1403715347.247143030,0.349183000,-0.682524000,1.578366000,0.000000000,0.000000000,0.000000000,1.000000000
1403715347.252142906,0.350217000,-0.680271000,1.578740000,0.000000000,0.000000000,0.000000000,1.000000000
1403715347.257143021,0.351324000,-0.678046000,1.579069000,0.000000000,0.000000000,0.000000000,1.000000000
1403715347.262143135,0.352440000,-0.675835000,1.579403000,0.000000000,0.000000000,0.000000000,1.000000000
1403715347.267143011,0.353562000,-0.673627000,1.579757000,0.000000000,0.000000000,0.000000000,1.000000000
1403715347.272142887,0.354693000,-0.671424000,1.580124000,0.000000000,0.000000000,0.000000000,1.000000000
1403715347.277143240,0.355841000,-0.669226000,1.580503000,0.000000000,0.000000000,0.000000000,1.000000000
1403715347.282143354,0.357007000,-0.667034000,1.580896000,0.000000000,0.000000000,0.000000000,1.000000000
1403715347.287142992,0.358182000,-0.664850000,1.581299000,0.000000000,0.000000000,0.000000000,1.000000000
1403715347.292143106,0.359363000,-0.662672000,1.581709000,0.000000000,0.000000000,0.000000000,1.000000000
1403715347.297143221,0.360543000,-0.660495000,1.582138000,0.000000000,0.000000000,0.000000000,1.000000000
1403715347.302143097,0.361646000,-0.658288000,1.582624000,0.000000000,0.000000000,0.000000000,1.000000000
1403715347.307142973,0.362814000,-0.656097000,1.583101000,0.000000000,0.000000000,0.000000000,1.000000000
1403715347.312143087,0.363980000,-0.653900000,1.583586000,0.000000000,0.000000000,0.000000000,1.000000000
1403715347.317143202,0.365121000,-0.651714000,1.584040000,0.000000000,0.000000000,0.000000000,1.000000000
1403715347.322143078,0.366248000,-0.649541000,1.584458000,0.000000000,0.000000000,0.000000000,1.000000000
1403715347.327142954,0.367377000,-0.647368000,1.584878000,0.000000000,0.000000000,0.000000000,1.000000000
1403715347.332143307,0.368498000,-0.645200000,1.585294000,0.000000000,0.000000000,0.000000000,1.000000000
1403715347.337143183,0.369616000,-0.643040000,1.585687000,0.000000000,0.000000000,0.000000000,1.000000000
1403715347.342143059,0.370737000,-0.640882000,1.586083000,0.000000000,0.000000000,0.000000000,1.000000000
1403715347.347142935,0.371859000,-0.638726000,1.586472000,0.000000000,0.000000000,0.000000000,1.000000000
1403715347.352143288,0.372913000,-0.636534000,1.586853000,0.000000000,0.000000000,0.000000000,1.000000000
1403715347.357143164,0.374038000,-0.634357000,1.587222000,0.000000000,0.000000000,0.000000000,1.000000000
1403715347.362143040,0.375170000,-0.632183000,1.587614000,0.000000000,0.000000000,0.000000000,1.000000000
1403715347.367142916,0.376305000,-0.630021000,1.588027000,0.000000000,0.000000000,0.000000000,1.000000000
1403715347.372143269,0.377446000,-0.627870000,1.588460000,0.000000000,0.000000000,0.000000000,1.000000000
1403715347.377142906,0.378598000,-0.625713000,1.588910000,0.000000000,0.000000000,0.000000000,1.000000000
1403715347.382143021,0.379754000,-0.623550000,1.589370000,0.000000000,0.000000000,0.000000000,1.000000000
1403715347.387142897,0.380914000,-0.621382000,1.589828000,0.000000000,0.000000000,0.000000000,1.000000000
1403715347.392143250,0.382076000,-0.619209000,1.590278000,0.000000000,0.000000000,0.000000000,1.000000000
1403715347.397142887,0.383237000,-0.617036000,1.590726000,0.000000000,0.000000000,0.000000000,1.000000000
1403715347.402143002,0.384322000,-0.614825000,1.591186000,0.000000000,0.000000000,0.000000000,1.000000000
1403715347.407143354,0.385467000,-0.612629000,1.591642000,0.000000000,0.000000000,0.000000000,1.000000000
1403715347.412143230,0.386620000,-0.610420000,1.592087000,0.000000000,0.000000000,0.000000000,1.000000000
1403715347.417143106,0.387784000,-0.608198000,1.592536000,0.000000000,0.000000000,0.000000000,1.000000000
1403715347.422142982,0.388947000,-0.605973000,1.592999000,0.000000000,0.000000000,0.000000000,1.000000000
1403715347.427143335,0.390102000,-0.603750000,1.593462000,0.000000000,0.000000000,0.000000000,1.000000000
1403715347.432142973,0.391249000,-0.601526000,1.593910000,0.000000000,0.000000000,0.000000000,1.000000000
1403715347.437143087,0.392389000,-0.599290000,1.594346000,0.000000000,0.000000000,0.000000000,1.000000000
1403715347.442142963,0.393525000,-0.597041000,1.594780000,0.000000000,0.000000000,0.000000000,1.000000000
1403715347.447143316,0.394665000,-0.594780000,1.595229000,0.000000000,0.000000000,0.000000000,1.000000000
1403715347.452142954,0.395738000,-0.592476000,1.595662000,0.000000000,0.000000000,0.000000000,1.000000000
1403715347.457143068,0.396872000,-0.590196000,1.596090000,0.000000000,0.000000000,0.000000000,1.000000000
1403715347.462142944,0.398010000,-0.587915000,1.596529000,0.000000000,0.000000000,0.000000000,1.000000000
1403715347.467143297,0.399146000,-0.585637000,1.596989000,0.000000000,0.000000000,0.000000000,1.000000000
1403715347.472142935,0.400275000,-0.583366000,1.597451000,0.000000000,0.000000000,0.000000000,1.000000000
1403715347.477143049,0.401403000,-0.581089000,1.597898000,0.000000000,0.000000000,0.000000000,1.000000000
1403715347.482143164,0.402537000,-0.578800000,1.598362000,0.000000000,0.000000000,0.000000000,1.000000000
1403715347.487143040,0.403676000,-0.576498000,1.598856000,0.000000000,0.000000000,0.000000000,1.000000000
1403715347.492142916,0.404819000,-0.574191000,1.599351000,0.000000000,0.000000000,0.000000000,1.000000000
1403715347.497143030,0.405969000,-0.571880000,1.599832000,0.000000000,0.000000000,0.000000000,1.000000000
1403715347.502143145,0.407050000,-0.569537000,1.600292000,0.000000000,0.000000000,0.000000000,1.000000000
1403715347.507143021,0.408194000,-0.567223000,1.600783000,0.000000000,0.000000000,0.000000000,1.000000000
1403715347.512142897,0.409342000,-0.564909000,1.601298000,0.000000000,0.000000000,0.000000000,1.000000000
1403715347.517143011,0.410493000,-0.562597000,1.601816000,0.000000000,0.000000000,0.000000000,1.000000000
1403715347.522143126,0.411655000,-0.560278000,1.602336000,0.000000000,0.000000000,0.000000000,1.000000000
1403715347.527143002,0.412831000,-0.557951000,1.602858000,0.000000000,0.000000000,0.000000000,1.000000000
1403715347.532143116,0.414008000,-0.555609000,1.603371000,0.000000000,0.000000000,0.000000000,1.000000000
1403715347.537143230,0.415179000,-0.553256000,1.603867000,0.000000000,0.000000000,0.000000000,1.000000000
1403715347.542143345,0.416336000,-0.550908000,1.604350000,0.000000000,0.000000000,0.000000000,1.000000000
1403715347.547142982,0.417481000,-0.548565000,1.604825000,0.000000000,0.000000000,0.000000000,1.000000000
1403715347.552143097,0.418550000,-0.546186000,1.605293000,0.000000000,0.000000000,0.000000000,1.000000000
1403715347.557143211,0.419679000,-0.543821000,1.605786000,0.000000000,0.000000000,0.000000000,1.000000000
1403715347.562143087,0.420806000,-0.541442000,1.606277000,0.000000000,0.000000000,0.000000000,1.000000000
1403715347.567142963,0.421935000,-0.539045000,1.606763000,0.000000000,0.000000000,0.000000000,1.000000000
1403715347.572143078,0.423065000,-0.536636000,1.607244000,0.000000000,0.000000000,0.000000000,1.000000000
1403715347.577143192,0.424190000,-0.534222000,1.607739000,0.000000000,0.000000000,0.000000000,1.000000000
1403715347.582143068,0.425310000,-0.531803000,1.608247000,0.000000000,0.000000000,0.000000000,1.000000000
1403715347.587142944,0.426430000,-0.529378000,1.608759000,0.000000000,0.000000000,0.000000000,1.000000000
1403715347.592143297,0.427551000,-0.526950000,1.609277000,0.000000000,0.000000000,0.000000000,1.000000000
1403715347.597143173,0.428680000,-0.524513000,1.609799000,0.000000000,0.000000000,0.000000000,1.000000000
1403715347.602143049,0.429749000,-0.522033000,1.610309000,0.000000000,0.000000000,0.000000000,1.000000000
1403715347.607142925,0.430881000,-0.519566000,1.610828000,0.000000000,0.000000000,0.000000000,1.000000000
1403715347.612143278,0.432007000,-0.517086000,1.611341000,0.000000000,0.000000000,0.000000000,1.000000000
1403715347.617143154,0.433132000,-0.514595000,1.611840000,0.000000000,0.000000000,0.000000000,1.000000000
1403715347.622143030,0.434256000,-0.512095000,1.612336000,0.000000000,0.000000000,0.000000000,1.000000000
1403715347.627142906,0.435371000,-0.509587000,1.612831000,0.000000000,0.000000000,0.000000000,1.000000000
1403715347.632143259,0.436484000,-0.507078000,1.613322000,0.000000000,0.000000000,0.000000000,1.000000000
1403715347.637142897,0.437600000,-0.504565000,1.613813000,0.000000000,0.000000000,0.000000000,1.000000000
1403715347.642143011,0.438715000,-0.502044000,1.614298000,0.000000000,0.000000000,0.000000000,1.000000000
1403715347.647142887,0.439839000,-0.499514000,1.614789000,0.000000000,0.000000000,0.000000000,1.000000000
1403715347.652143240,0.440900000,-0.496938000,1.615273000,0.000000000,0.000000000,0.000000000,1.000000000
1403715347.657143116,0.442012000,-0.494383000,1.615745000,0.000000000,0.000000000,0.000000000,1.000000000
1403715347.662142992,0.443120000,-0.491823000,1.616211000,0.000000000,0.000000000,0.000000000,1.000000000
1403715347.667143345,0.444221000,-0.489258000,1.616675000,0.000000000,0.000000000,0.000000000,1.000000000
1403715347.672143221,0.445313000,-0.486694000,1.617128000,0.000000000,0.000000000,0.000000000,1.000000000
1403715347.677143097,0.446391000,-0.484132000,1.617570000,0.000000000,0.000000000,0.000000000,1.000000000
1403715347.682142973,0.447456000,-0.481569000,1.618002000,0.000000000,0.000000000,0.000000000,1.000000000
1403715347.687143326,0.448512000,-0.478997000,1.618436000,0.000000000,0.000000000,0.000000000,1.000000000
1403715347.692142963,0.449560000,-0.476406000,1.618874000,0.000000000,0.000000000,0.000000000,1.000000000
1403715347.697143078,0.450606000,-0.473795000,1.619309000,0.000000000,0.000000000,0.000000000,1.000000000
1403715347.702142954,0.451615000,-0.471131000,1.619748000,0.000000000,0.000000000,0.000000000,1.000000000
1403715347.707143307,0.452664000,-0.468496000,1.620194000,0.000000000,0.000000000,0.000000000,1.000000000
1403715347.712142944,0.453713000,-0.465867000,1.620637000,0.000000000,0.000000000,0.000000000,1.000000000
1403715347.717143059,0.454756000,-0.463242000,1.621078000,0.000000000,0.000000000,0.000000000,1.000000000
1403715347.722143173,0.455793000,-0.460618000,1.621512000,0.000000000,0.000000000,0.000000000,1.000000000
1403715347.727143288,0.456829000,-0.457984000,1.621927000,0.000000000,0.000000000,0.000000000,1.000000000
1403715347.732142925,0.457861000,-0.455332000,1.622313000,0.000000000,0.000000000,0.000000000,1.000000000
1403715347.737143040,0.458885000,-0.452658000,1.622674000,0.000000000,0.000000000,0.000000000,1.000000000
1403715347.742143154,0.459909000,-0.449960000,1.623031000,0.000000000,0.000000000,0.000000000,1.000000000
1403715347.747143030,0.460945000,-0.447252000,1.623402000,0.000000000,0.000000000,0.000000000,1.000000000
1403715347.752142906,0.461963000,-0.444509000,1.623792000,0.000000000,0.000000000,0.000000000,1.000000000
1403715347.757143021,0.463008000,-0.441796000,1.624197000,0.000000000,0.000000000,0.000000000,1.000000000
1403715347.762143135,0.464057000,-0.439074000,1.624614000,0.000000000,0.000000000,0.000000000,1.000000000
1403715347.767143011,0.465104000,-0.436344000,1.625041000,0.000000000,0.000000000,0.000000000,1.000000000
1403715347.772142887,0.466148000,-0.433609000,1.625468000,0.000000000,0.000000000,0.000000000,1.000000000
1403715347.777143240,0.467190000,-0.430871000,1.625890000,0.000000000,0.000000000,0.000000000,1.000000000
1403715347.782143354,0.468233000,-0.428130000,1.626310000,0.000000000,0.000000000,0.000000000,1.000000000
1403715347.787142992,0.469278000,-0.425387000,1.626726000,0.000000000,0.000000000,0.000000000,1.000000000
1403715347.792143106,0.470325000,-0.422639000,1.627128000,0.000000000,0.000000000,0.000000000,1.000000000
1403715347.797143221,0.471358000,-0.419891000,1.627514000,0.000000000,0.000000000,0.000000000,1.000000000
1403715347.802143097,0.472366000,-0.417104000,1.627882000,0.000000000,0.000000000,0.000000000,1.000000000
1403715347.807142973,0.473371000,-0.414340000,1.628214000,0.000000000,0.000000000,0.000000000,1.000000000
1403715347.812143087,0.474368000,-0.411566000,1.628533000,0.000000000,0.000000000,0.000000000,1.000000000
1403715347.817143202,0.475369000,-0.408787000,1.628840000,0.000000000,0.000000000,0.000000000,1.000000000
1403715347.822143078,0.476377000,-0.406010000,1.629136000,0.000000000,0.000000000,0.000000000,1.000000000
1403715347.827142954,0.477388000,-0.403230000,1.629429000,0.000000000,0.000000000,0.000000000,1.000000000
1403715347.832143307,0.478401000,-0.400437000,1.629721000,0.000000000,0.000000000,0.000000000,1.000000000
1403715347.837143183,0.479415000,-0.397640000,1.630017000,0.000000000,0.000000000,0.000000000,1.000000000
1403715347.842143059,0.480424000,-0.394840000,1.630325000,0.000000000,0.000000000,0.000000000,1.000000000
1403715347.847142935,0.481415000,-0.392040000,1.630643000,0.000000000,0.000000000,0.000000000,1.000000000
1403715347.852143288,0.482408000,-0.389202000,1.630981000,0.000000000,0.000000000,0.000000000,1.000000000
1403715347.857143164,0.483379000,-0.386400000,1.631302000,0.000000000,0.000000000,0.000000000,1.000000000
1403715347.862143040,0.484347000,-0.383589000,1.631618000,0.000000000,0.000000000,0.000000000,1.000000000
1403715347.867142916,0.485309000,-0.380764000,1.631929000,0.000000000,0.000000000,0.000000000,1.000000000
1403715347.872143269,0.486264000,-0.377933000,1.632236000,0.000000000,0.000000000,0.000000000,1.000000000
1403715347.877142906,0.487214000,-0.375110000,1.632539000,0.000000000,0.000000000,0.000000000,1.000000000
1403715347.882143021,0.488159000,-0.372295000,1.632851000,0.000000000,0.000000000,0.000000000,1.000000000
1403715347.887142897,0.489089000,-0.369490000,1.633167000,0.000000000,0.000000000,0.000000000,1.000000000
1403715347.892143250,0.490007000,-0.366693000,1.633458000,0.000000000,0.000000000,0.000000000,1.000000000
1403715347.897142887,0.490915000,-0.363887000,1.633737000,0.000000000,0.000000000,0.000000000,1.000000000
1403715347.902143002,0.491859000,-0.361019000,1.634037000,0.000000000,0.000000000,0.000000000,1.000000000
1403715347.907143354,0.492763000,-0.358192000,1.634320000,0.000000000,0.000000000,0.000000000,1.000000000
1403715347.912143230,0.493664000,-0.355369000,1.634598000,0.000000000,0.000000000,0.000000000,1.000000000
1403715347.917143106,0.494553000,-0.352559000,1.634874000,0.000000000,0.000000000,0.000000000,1.000000000
1403715347.922142982,0.495425000,-0.349765000,1.635145000,0.000000000,0.000000000,0.000000000,1.000000000
1403715347.927143335,0.496284000,-0.346974000,1.635414000,0.000000000,0.000000000,0.000000000,1.000000000
1403715347.932142973,0.497137000,-0.344180000,1.635685000,0.000000000,0.000000000,0.000000000,1.000000000
1403715347.937143087,0.497988000,-0.341384000,1.635964000,0.000000000,0.000000000,0.000000000,1.000000000
1403715347.942142963,0.498838000,-0.338590000,1.636252000,0.000000000,0.000000000,0.000000000,1.000000000
1403715347.947143316,0.499691000,-0.335800000,1.636547000,0.000000000,0.000000000,0.000000000,1.000000000
1403715347.952142954,0.500617000,-0.332967000,1.636872000,0.000000000,0.000000000,0.000000000,1.000000000
1403715347.957143068,0.501479000,-0.330200000,1.637196000,0.000000000,0.000000000,0.000000000,1.000000000
1403715347.962142944,0.502330000,-0.327445000,1.637531000,0.000000000,0.000000000,0.000000000,1.000000000
1403715347.967143297,0.503183000,-0.324692000,1.637859000,0.000000000,0.000000000,0.000000000,1.000000000
1403715347.972142935,0.504033000,-0.321941000,1.638175000,0.000000000,0.000000000,0.000000000,1.000000000
1403715347.977143049,0.504873000,-0.319198000,1.638497000,0.000000000,0.000000000,0.000000000,1.000000000
1403715347.982143164,0.505700000,-0.316457000,1.638821000,0.000000000,0.000000000,0.000000000,1.000000000
1403715347.987143040,0.506519000,-0.313712000,1.639130000,0.000000000,0.000000000,0.000000000,1.000000000
1403715347.992142916,0.507326000,-0.310969000,1.639439000,0.000000000,0.000000000,0.000000000,1.000000000
1403715347.997143030,0.508120000,-0.308238000,1.639751000,0.000000000,0.000000000,0.000000000,1.000000000
1403715348.002143145,0.508998000,-0.305457000,1.640069000,0.000000000,0.000000000,0.000000000,1.000000000
1403715348.007143021,0.509806000,-0.302736000,1.640354000,0.000000000,0.000000000,0.000000000,1.000000000
1403715348.012142897,0.510604000,-0.300035000,1.640625000,0.000000000,0.000000000,0.000000000,1.000000000
1403715348.017143011,0.511387000,-0.297342000,1.640878000,0.000000000,0.000000000,0.000000000,1.000000000
1403715348.022143126,0.512169000,-0.294652000,1.641116000,0.000000000,0.000000000,0.000000000,1.000000000
1403715348.027143002,0.512961000,-0.291977000,1.641347000,0.000000000,0.000000000,0.000000000,1.000000000
1403715348.032143116,0.513756000,-0.289326000,1.641582000,0.000000000,0.000000000,0.000000000,1.000000000
1403715348.037143230,0.514551000,-0.286691000,1.641820000,0.000000000,0.000000000,0.000000000,1.000000000
1403715348.042143345,0.515341000,-0.284061000,1.642055000,0.000000000,0.000000000,0.000000000,1.000000000
1403715348.047142982,0.516124000,-0.281442000,1.642288000,0.000000000,0.000000000,0.000000000,1.000000000
1403715348.052143097,0.516990000,-0.278768000,1.642581000,0.000000000,0.000000000,0.000000000,1.000000000
1403715348.057143211,0.517771000,-0.276154000,1.642861000,0.000000000,0.000000000,0.000000000,1.000000000
1403715348.062143087,0.518544000,-0.273545000,1.643160000,0.000000000,0.000000000,0.000000000,1.000000000
1403715348.067142963,0.519320000,-0.270939000,1.643490000,0.000000000,0.000000000,0.000000000,1.000000000
1403715348.072143078,0.520089000,-0.268350000,1.643842000,0.000000000,0.000000000,0.000000000,1.000000000
1403715348.077143192,0.520839000,-0.265790000,1.644189000,0.000000000,0.000000000,0.000000000,1.000000000
1403715348.082143068,0.521575000,-0.263255000,1.644527000,0.000000000,0.000000000,0.000000000,1.000000000
1403715348.087142944,0.522300000,-0.260736000,1.644875000,0.000000000,0.000000000,0.000000000,1.000000000
1403715348.092143297,0.523018000,-0.258229000,1.645233000,0.000000000,0.000000000,0.000000000,1.000000000
1403715348.097143173,0.523733000,-0.255724000,1.645580000,0.000000000,0.000000000,0.000000000,1.000000000
1403715348.102143049,0.524542000,-0.253145000,1.645962000,0.000000000,0.000000000,0.000000000,1.000000000
1403715348.107142925,0.525280000,-0.250639000,1.646296000,0.000000000,0.000000000,0.000000000,1.000000000
1403715348.112143278,0.526015000,-0.248145000,1.646624000,0.000000000,0.000000000,0.000000000,1.000000000
1403715348.117143154,0.526737000,-0.245664000,1.646942000,0.000000000,0.000000000,0.000000000,1.000000000
1403715348.122143030,0.527439000,-0.243211000,1.647235000,0.000000000,0.000000000,0.000000000,1.000000000
1403715348.127142906,0.528132000,-0.240780000,1.647496000,0.000000000,0.000000000,0.000000000,1.000000000
1403715348.132143259,0.528826000,-0.238359000,1.647757000,0.000000000,0.000000000,0.000000000,1.000000000
1403715348.137142897,0.529514000,-0.235946000,1.648027000,0.000000000,0.000000000,0.000000000,1.000000000
1403715348.142143011,0.530187000,-0.233547000,1.648285000,0.000000000,0.000000000,0.000000000,1.000000000
1403715348.147142887,0.530843000,-0.231174000,1.648546000,0.000000000,0.000000000,0.000000000,1.000000000
1403715348.152143240,0.531572000,-0.228758000,1.648868000,0.000000000,0.000000000,0.000000000,1.000000000
1403715348.157143116,0.532218000,-0.226427000,1.649159000,0.000000000,0.000000000,0.000000000,1.000000000
1403715348.162142992,0.532858000,-0.224103000,1.649441000,0.000000000,0.000000000,0.000000000,1.000000000
1403715348.167143345,0.533489000,-0.221786000,1.649719000,0.000000000,0.000000000,0.000000000,1.000000000
1403715348.172143221,0.534114000,-0.219486000,1.650011000,0.000000000,0.000000000,0.000000000,1.000000000
1403715348.177143097,0.534737000,-0.217209000,1.650312000,0.000000000,0.000000000,0.000000000,1.000000000
1403715348.182142973,0.535356000,-0.214951000,1.650617000,0.000000000,0.000000000,0.000000000,1.000000000
1403715348.187143326,0.535974000,-0.212711000,1.650922000,0.000000000,0.000000000,0.000000000,1.000000000
1403715348.192142963,0.536594000,-0.210483000,1.651227000,0.000000000,0.000000000,0.000000000,1.000000000
1403715348.197143078,0.537211000,-0.208267000,1.651531000,0.000000000,0.000000000,0.000000000,1.000000000
1403715348.202142954,0.537915000,-0.205991000,1.651862000,0.000000000,0.000000000,0.000000000,1.000000000
1403715348.207143307,0.538544000,-0.203796000,1.652153000,0.000000000,0.000000000,0.000000000,1.000000000
1403715348.212142944,0.539167000,-0.201618000,1.652430000,0.000000000,0.000000000,0.000000000,1.000000000
1403715348.217143059,0.539783000,-0.199450000,1.652702000,0.000000000,0.000000000,0.000000000,1.000000000
1403715348.222143173,0.540388000,-0.197295000,1.652982000,0.000000000,0.000000000,0.000000000,1.000000000
1403715348.227143288,0.540985000,-0.195164000,1.653264000,0.000000000,0.000000000,0.000000000,1.000000000
1403715348.232142925,0.541590000,-0.193068000,1.653546000,0.000000000,0.000000000,0.000000000,1.000000000
1403715348.237143040,0.542201000,-0.191004000,1.653811000,0.000000000,0.000000000,0.000000000,1.000000000
1403715348.242143154,0.542806000,-0.188954000,1.654065000,0.000000000,0.000000000,0.000000000,1.000000000
1403715348.247143030,0.543408000,-0.186916000,1.654310000,0.000000000,0.000000000,0.000000000,1.000000000
1403715348.252142906,0.544092000,-0.184819000,1.654589000,0.000000000,0.000000000,0.000000000,1.000000000
1403715348.257143021,0.544710000,-0.182800000,1.654853000,0.000000000,0.000000000,0.000000000,1.000000000
1403715348.262143135,0.545317000,-0.180804000,1.655101000,0.000000000,0.000000000,0.000000000,1.000000000
1403715348.267143011,0.545916000,-0.178829000,1.655347000,0.000000000,0.000000000,0.000000000,1.000000000
1403715348.272142887,0.546507000,-0.176876000,1.655612000,0.000000000,0.000000000,0.000000000,1.000000000
1403715348.277143240,0.547095000,-0.174948000,1.655878000,0.000000000,0.000000000,0.000000000,1.000000000
1403715348.282143354,0.547677000,-0.173043000,1.656127000,0.000000000,0.000000000,0.000000000,1.000000000
1403715348.287142992,0.548257000,-0.171158000,1.656363000,0.000000000,0.000000000,0.000000000,1.000000000
1403715348.292143106,0.548835000,-0.169293000,1.656601000,0.000000000,0.000000000,0.000000000,1.000000000
1403715348.297143221,0.549416000,-0.167451000,1.656838000,0.000000000,0.000000000,0.000000000,1.000000000
1403715348.302143097,0.550065000,-0.165563000,1.657084000,0.000000000,0.000000000,0.000000000,1.000000000
1403715348.307142973,0.550663000,-0.163748000,1.657309000,0.000000000,0.000000000,0.000000000,1.000000000
1403715348.312143087,0.551261000,-0.161938000,1.657524000,0.000000000,0.000000000,0.000000000,1.000000000
1403715348.317143202,0.551852000,-0.160129000,1.657723000,0.000000000,0.000000000,0.000000000,1.000000000
1403715348.322143078,0.552437000,-0.158331000,1.657887000,0.000000000,0.000000000,0.000000000,1.000000000
1403715348.327142954,0.553018000,-0.156554000,1.658019000,0.000000000,0.000000000,0.000000000,1.000000000
1403715348.332143307,0.553602000,-0.154804000,1.658128000,0.000000000,0.000000000,0.000000000,1.000000000
1403715348.337143183,0.554188000,-0.153089000,1.658218000,0.000000000,0.000000000,0.000000000,1.000000000
1403715348.342143059,0.554770000,-0.151401000,1.658291000,0.000000000,0.000000000,0.000000000,1.000000000
1403715348.347142935,0.555351000,-0.149724000,1.658341000,0.000000000,0.000000000,0.000000000,1.000000000
1403715348.352143288,0.555991000,-0.147984000,1.658372000,0.000000000,0.000000000,0.000000000,1.000000000
1403715348.357143164,0.556600000,-0.146309000,1.658396000,0.000000000,0.000000000,0.000000000,1.000000000
1403715348.362143040,0.557216000,-0.144651000,1.658417000,0.000000000,0.000000000,0.000000000,1.000000000
1403715348.367142916,0.557832000,-0.143016000,1.658432000,0.000000000,0.000000000,0.000000000,1.000000000
1403715348.372143269,0.558448000,-0.141399000,1.658437000,0.000000000,0.000000000,0.000000000,1.000000000
1403715348.377142906,0.559060000,-0.139802000,1.658432000,0.000000000,0.000000000,0.000000000,1.000000000
1403715348.382143021,0.559660000,-0.138233000,1.658409000,0.000000000,0.000000000,0.000000000,1.000000000
1403715348.387142897,0.560258000,-0.136689000,1.658367000,0.000000000,0.000000000,0.000000000,1.000000000
1403715348.392143250,0.560870000,-0.135164000,1.658318000,0.000000000,0.000000000,0.000000000,1.000000000
1403715348.397142887,0.561491000,-0.133648000,1.658259000,0.000000000,0.000000000,0.000000000,1.000000000
1403715348.402143002,0.562157000,-0.132081000,1.658157000,0.000000000,0.000000000,0.000000000,1.000000000
1403715348.407143354,0.562782000,-0.130575000,1.658037000,0.000000000,0.000000000,0.000000000,1.000000000
1403715348.412143230,0.563395000,-0.129091000,1.657886000,0.000000000,0.000000000,0.000000000,1.000000000
1403715348.417143106,0.564006000,-0.127633000,1.657701000,0.000000000,0.000000000,0.000000000,1.000000000
1403715348.422142982,0.564621000,-0.126197000,1.657490000,0.000000000,0.000000000,0.000000000,1.000000000
1403715348.427143335,0.565237000,-0.124779000,1.657249000,0.000000000,0.000000000,0.000000000,1.000000000
1403715348.432142973,0.565853000,-0.123371000,1.656974000,0.000000000,0.000000000,0.000000000,1.000000000
1403715348.437143087,0.566464000,-0.121976000,1.656661000,0.000000000,0.000000000,0.000000000,1.000000000
1403715348.442142963,0.567068000,-0.120605000,1.656312000,0.000000000,0.000000000,0.000000000,1.000000000
1403715348.447143316,0.567679000,-0.119263000,1.655937000,0.000000000,0.000000000,0.000000000,1.000000000
1403715348.452142954,0.568328000,-0.117881000,1.655508000,0.000000000,0.000000000,0.000000000,1.000000000
1403715348.457143068,0.568951000,-0.116559000,1.655076000,0.000000000,0.000000000,0.000000000,1.000000000
1403715348.462142944,0.569580000,-0.115256000,1.654621000,0.000000000,0.000000000,0.000000000,1.000000000
1403715348.467143297,0.570215000,-0.113967000,1.654143000,0.000000000,0.000000000,0.000000000,1.000000000
1403715348.472142935,0.570854000,-0.112697000,1.653634000,0.000000000,0.000000000,0.000000000,1.000000000
1403715348.477143049,0.571493000,-0.111443000,1.653088000,0.000000000,0.000000000,0.000000000,1.000000000
1403715348.482143164,0.572128000,-0.110201000,1.652504000,0.000000000,0.000000000,0.000000000,1.000000000
1403715348.487143040,0.572761000,-0.108971000,1.651878000,0.000000000,0.000000000,0.000000000,1.000000000
1403715348.492142916,0.573406000,-0.107745000,1.651214000,0.000000000,0.000000000,0.000000000,1.000000000
1403715348.497143030,0.574063000,-0.106526000,1.650526000,0.000000000,0.000000000,0.000000000,1.000000000
1403715348.502143145,0.574750000,-0.105259000,1.649763000,0.000000000,0.000000000,0.000000000,1.000000000
1403715348.507143021,0.575417000,-0.104058000,1.649003000,0.000000000,0.000000000,0.000000000,1.000000000
1403715348.512142897,0.576086000,-0.102874000,1.648213000,0.000000000,0.000000000,0.000000000,1.000000000
1403715348.517143011,0.576765000,-0.101701000,1.647394000,0.000000000,0.000000000,0.000000000,1.000000000
1403715348.522143126,0.577456000,-0.100533000,1.646546000,0.000000000,0.000000000,0.000000000,1.000000000
1403715348.527143002,0.578156000,-0.099370000,1.645668000,0.000000000,0.000000000,0.000000000,1.000000000
1403715348.532143116,0.578864000,-0.098213000,1.644757000,0.000000000,0.000000000,0.000000000,1.000000000
1403715348.537143230,0.579583000,-0.097065000,1.643817000,0.000000000,0.000000000,0.000000000,1.000000000
1403715348.542143345,0.580307000,-0.095936000,1.642850000,0.000000000,0.000000000,0.000000000,1.000000000
1403715348.547142982,0.581041000,-0.094836000,1.641867000,0.000000000,0.000000000,0.000000000,1.000000000
1403715348.552143097,0.581822000,-0.093693000,1.640811000,0.000000000,0.000000000,0.000000000,1.000000000
1403715348.557143211,0.582606000,-0.092611000,1.639801000,0.000000000,0.000000000,0.000000000,1.000000000
1403715348.562143087,0.583403000,-0.091536000,1.638766000,0.000000000,0.000000000,0.000000000,1.000000000
1403715348.567142963,0.584212000,-0.090472000,1.637709000,0.000000000,0.000000000,0.000000000,1.000000000
1403715348.572143078,0.585032000,-0.089422000,1.636632000,0.000000000,0.000000000,0.000000000,1.000000000
1403715348.577143192,0.585862000,-0.088389000,1.635533000,0.000000000,0.000000000,0.000000000,1.000000000
1403715348.582143068,0.586700000,-0.087369000,1.634413000,0.000000000,0.000000000,0.000000000,1.000000000
1403715348.587142944,0.587549000,-0.086363000,1.633272000,0.000000000,0.000000000,0.000000000,1.000000000
1403715348.592143297,0.588403000,-0.085365000,1.632106000,0.000000000,0.000000000,0.000000000,1.000000000
1403715348.597143173,0.589259000,-0.084375000,1.630904000,0.000000000,0.000000000,0.000000000,1.000000000
1403715348.602143049,0.590142000,-0.083341000,1.629573000,0.000000000,0.000000000,0.000000000,1.000000000
1403715348.607142925,0.591014000,-0.082361000,1.628291000,0.000000000,0.000000000,0.000000000,1.000000000
1403715348.612143278,0.591892000,-0.081392000,1.626993000,0.000000000,0.000000000,0.000000000,1.000000000
1403715348.617143154,0.592769000,-0.080439000,1.625673000,0.000000000,0.000000000,0.000000000,1.000000000
1403715348.622143030,0.593646000,-0.079499000,1.624321000,0.000000000,0.000000000,0.000000000,1.000000000
1403715348.627142906,0.594523000,-0.078570000,1.622942000,0.000000000,0.000000000,0.000000000,1.000000000
1403715348.632143259,0.595397000,-0.077652000,1.621542000,0.000000000,0.000000000,0.000000000,1.000000000
1403715348.637142897,0.596266000,-0.076743000,1.620126000,0.000000000,0.000000000,0.000000000,1.000000000
1403715348.642143011,0.597132000,-0.075849000,1.618692000,0.000000000,0.000000000,0.000000000,1.000000000
1403715348.647142887,0.597991000,-0.074971000,1.617230000,0.000000000,0.000000000,0.000000000,1.000000000
1403715348.652143240,0.598859000,-0.074056000,1.615647000,0.000000000,0.000000000,0.000000000,1.000000000
1403715348.657143116,0.599697000,-0.073214000,1.614094000,0.000000000,0.000000000,0.000000000,1.000000000
1403715348.662142992,0.600547000,-0.072398000,1.612516000,0.000000000,0.000000000,0.000000000,1.000000000
1403715348.667143345,0.601414000,-0.071601000,1.610924000,0.000000000,0.000000000,0.000000000,1.000000000
1403715348.672143221,0.602290000,-0.070817000,1.609315000,0.000000000,0.000000000,0.000000000,1.000000000
1403715348.677143097,0.603166000,-0.070041000,1.607695000,0.000000000,0.000000000,0.000000000,1.000000000
1403715348.682142973,0.604042000,-0.069280000,1.606063000,0.000000000,0.000000000,0.000000000,1.000000000
1403715348.687143326,0.604929000,-0.068540000,1.604419000,0.000000000,0.000000000,0.000000000,1.000000000
1403715348.692142963,0.605835000,-0.067829000,1.602767000,0.000000000,0.000000000,0.000000000,1.000000000
1403715348.697143078,0.606766000,-0.067143000,1.601107000,0.000000000,0.000000000,0.000000000,1.000000000
1403715348.702142954,0.607754000,-0.066414000,1.599364000,0.000000000,0.000000000,0.000000000,1.000000000
1403715348.707143307,0.608726000,-0.065738000,1.597670000,0.000000000,0.000000000,0.000000000,1.000000000
1403715348.712142944,0.609712000,-0.065070000,1.595974000,0.000000000,0.000000000,0.000000000,1.000000000
1403715348.717143059,0.610708000,-0.064417000,1.594275000,0.000000000,0.000000000,0.000000000,1.000000000
1403715348.722143173,0.611711000,-0.063786000,1.592561000,0.000000000,0.000000000,0.000000000,1.000000000
1403715348.727143288,0.612717000,-0.063182000,1.590827000,0.000000000,0.000000000,0.000000000,1.000000000
1403715348.732142925,0.613722000,-0.062602000,1.589075000,0.000000000,0.000000000,0.000000000,1.000000000
1403715348.737143040,0.614728000,-0.062040000,1.587310000,0.000000000,0.000000000,0.000000000,1.000000000
1403715348.742143154,0.615735000,-0.061490000,1.585543000,0.000000000,0.000000000,0.000000000,1.000000000
1403715348.747143030,0.616748000,-0.060950000,1.583783000,0.000000000,0.000000000,0.000000000,1.000000000
1403715348.752142906,0.617812000,-0.060363000,1.581968000,0.000000000,0.000000000,0.000000000,1.000000000
1403715348.757143021,0.618852000,-0.059823000,1.580214000,0.000000000,0.000000000,0.000000000,1.000000000
1403715348.762143135,0.619903000,-0.059305000,1.578467000,0.000000000,0.000000000,0.000000000,1.000000000
1403715348.767143011,0.620944000,-0.058816000,1.576719000,0.000000000,0.000000000,0.000000000,1.000000000
1403715348.772142887,0.621978000,-0.058350000,1.574959000,0.000000000,0.000000000,0.000000000,1.000000000
1403715348.777143240,0.623020000,-0.057895000,1.573206000,0.000000000,0.000000000,0.000000000,1.000000000
1403715348.782143354,0.624072000,-0.057444000,1.571467000,0.000000000,0.000000000,0.000000000,1.000000000
1403715348.787142992,0.625131000,-0.056996000,1.569735000,0.000000000,0.000000000,0.000000000,1.000000000
1403715348.792143106,0.626196000,-0.056559000,1.568011000,0.000000000,0.000000000,0.000000000,1.000000000
1403715348.797143221,0.627256000,-0.056140000,1.566295000,0.000000000,0.000000000,0.000000000,1.000000000
1403715348.802143097,0.628369000,-0.055702000,1.564517000,0.000000000,0.000000000,0.000000000,1.000000000
1403715348.807142973,0.629427000,-0.055325000,1.562807000,0.000000000,0.000000000,0.000000000,1.000000000
1403715348.812143087,0.630490000,-0.054960000,1.561107000,0.000000000,0.000000000,0.000000000,1.000000000
1403715348.817143202,0.631571000,-0.054605000,1.559420000,0.000000000,0.000000000,0.000000000,1.000000000
1403715348.822143078,0.632657000,-0.054265000,1.557748000,0.000000000,0.000000000,0.000000000,1.000000000
1403715348.827142954,0.633740000,-0.053939000,1.556073000,0.000000000,0.000000000,0.000000000,1.000000000
1403715348.832143307,0.634828000,-0.053632000,1.554396000,0.000000000,0.000000000,0.000000000,1.000000000
1403715348.837143183,0.635920000,-0.053346000,1.552716000,0.000000000,0.000000000,0.000000000,1.000000000
1403715348.842143059,0.637007000,-0.053079000,1.551039000,0.000000000,0.000000000,0.000000000,1.000000000
1403715348.847142935,0.638092000,-0.052832000,1.549375000,0.000000000,0.000000000,0.000000000,1.000000000
1403715348.852143288,0.639259000,-0.052567000,1.547657000,0.000000000,0.000000000,0.000000000,1.000000000
1403715348.857143164,0.640367000,-0.052356000,1.545998000,0.000000000,0.000000000,0.000000000,1.000000000
1403715348.862143040,0.641478000,-0.052176000,1.544341000,0.000000000,0.000000000,0.000000000,1.000000000
1403715348.867142916,0.642580000,-0.052025000,1.542689000,0.000000000,0.000000000,0.000000000,1.000000000
1403715348.872143269,0.643666000,-0.051895000,1.541045000,0.000000000,0.000000000,0.000000000,1.000000000
1403715348.877142906,0.644750000,-0.051778000,1.539406000,0.000000000,0.000000000,0.000000000,1.000000000
1403715348.882143021,0.645843000,-0.051672000,1.537771000,0.000000000,0.000000000,0.000000000,1.000000000
1403715348.887142897,0.646938000,-0.051581000,1.536142000,0.000000000,0.000000000,0.000000000,1.000000000
1403715348.892143250,0.648028000,-0.051512000,1.534518000,0.000000000,0.000000000,0.000000000,1.000000000
1403715348.897142887,0.649114000,-0.051470000,1.532902000,0.000000000,0.000000000,0.000000000,1.000000000
1403715348.902143002,0.650286000,-0.051421000,1.531253000,0.000000000,0.000000000,0.000000000,1.000000000
1403715348.907143354,0.651392000,-0.051423000,1.529653000,0.000000000,0.000000000,0.000000000,1.000000000
1403715348.912143230,0.652501000,-0.051448000,1.528061000,0.000000000,0.000000000,0.000000000,1.000000000
1403715348.917143106,0.653618000,-0.051490000,1.526476000,0.000000000,0.000000000,0.000000000,1.000000000
1403715348.922142982,0.654732000,-0.051546000,1.524896000,0.000000000,0.000000000,0.000000000,1.000000000
1403715348.927143335,0.655839000,-0.051620000,1.523331000,0.000000000,0.000000000,0.000000000,1.000000000
1403715348.932142973,0.656945000,-0.051708000,1.521779000,0.000000000,0.000000000,0.000000000,1.000000000
1403715348.937143087,0.658051000,-0.051813000,1.520233000,0.000000000,0.000000000,0.000000000,1.000000000
1403715348.942142963,0.659145000,-0.051943000,1.518692000,0.000000000,0.000000000,0.000000000,1.000000000
1403715348.947143316,0.660228000,-0.052101000,1.517154000,0.000000000,0.000000000,0.000000000,1.000000000
1403715348.952142954,0.661402000,-0.052254000,1.515588000,0.000000000,0.000000000,0.000000000,1.000000000
1403715348.957143068,0.662510000,-0.052450000,1.514054000,0.000000000,0.000000000,0.000000000,1.000000000
1403715348.962142944,0.663615000,-0.052668000,1.512522000,0.000000000,0.000000000,0.000000000,1.000000000
1403715348.967143297,0.664719000,-0.052907000,1.511002000,0.000000000,0.000000000,0.000000000,1.000000000
1403715348.972142935,0.665837000,-0.053167000,1.509493000,0.000000000,0.000000000,0.000000000,1.000000000
1403715348.977143049,0.666982000,-0.053437000,1.507994000,0.000000000,0.000000000,0.000000000,1.000000000
1403715348.982143164,0.668136000,-0.053722000,1.506507000,0.000000000,0.000000000,0.000000000,1.000000000
1403715348.987143040,0.669291000,-0.054028000,1.505040000,0.000000000,0.000000000,0.000000000,1.000000000
1403715348.992142916,0.670452000,-0.054346000,1.503603000,0.000000000,0.000000000,0.000000000,1.000000000
1403715348.997143030,0.671619000,-0.054680000,1.502193000,0.000000000,0.000000000,0.000000000,1.000000000
1403715349.002143145,0.672888000,-0.055015000,1.500768000,0.000000000,0.000000000,0.000000000,1.000000000
1403715349.007143021,0.674081000,-0.055396000,1.499362000,0.000000000,0.000000000,0.000000000,1.000000000
1403715349.012142897,0.675275000,-0.055803000,1.497955000,0.000000000,0.000000000,0.000000000,1.000000000
1403715349.017143011,0.676474000,-0.056225000,1.496543000,0.000000000,0.000000000,0.000000000,1.000000000
1403715349.022143126,0.677678000,-0.056654000,1.495121000,0.000000000,0.000000000,0.000000000,1.000000000
1403715349.027143002,0.678883000,-0.057087000,1.493695000,0.000000000,0.000000000,0.000000000,1.000000000
1403715349.032143116,0.680084000,-0.057529000,1.492263000,0.000000000,0.000000000,0.000000000,1.000000000
1403715349.037143230,0.681282000,-0.057995000,1.490832000,0.000000000,0.000000000,0.000000000,1.000000000
1403715349.042143345,0.682484000,-0.058495000,1.489406000,0.000000000,0.000000000,0.000000000,1.000000000
1403715349.047142982,0.683687000,-0.059021000,1.487982000,0.000000000,0.000000000,0.000000000,1.000000000
1403715349.052143097,0.684997000,-0.059543000,1.486539000,0.000000000,0.000000000,0.000000000,1.000000000
1403715349.057143211,0.686232000,-0.060084000,1.485132000,0.000000000,0.000000000,0.000000000,1.000000000
1403715349.062143087,0.687464000,-0.060627000,1.483736000,0.000000000,0.000000000,0.000000000,1.000000000
1403715349.067142963,0.688693000,-0.061181000,1.482348000,0.000000000,0.000000000,0.000000000,1.000000000
1403715349.072143078,0.689924000,-0.061757000,1.480966000,0.000000000,0.000000000,0.000000000,1.000000000
1403715349.077143192,0.691154000,-0.062358000,1.479591000,0.000000000,0.000000000,0.000000000,1.000000000
1403715349.082143068,0.692386000,-0.062981000,1.478220000,0.000000000,0.000000000,0.000000000,1.000000000
1403715349.087142944,0.693628000,-0.063617000,1.476862000,0.000000000,0.000000000,0.000000000,1.000000000
1403715349.092143297,0.694869000,-0.064263000,1.475530000,0.000000000,0.000000000,0.000000000,1.000000000
1403715349.097143173,0.696096000,-0.064916000,1.474219000,0.000000000,0.000000000,0.000000000,1.000000000
1403715349.102143049,0.697409000,-0.065567000,1.472895000,0.000000000,0.000000000,0.000000000,1.000000000
1403715349.107142925,0.698646000,-0.066230000,1.471591000,0.000000000,0.000000000,0.000000000,1.000000000
1403715349.112143278,0.699884000,-0.066909000,1.470286000,0.000000000,0.000000000,0.000000000,1.000000000
1403715349.117143154,0.701111000,-0.067614000,1.468967000,0.000000000,0.000000000,0.000000000,1.000000000
1403715349.122143030,0.702324000,-0.068343000,1.467640000,0.000000000,0.000000000,0.000000000,1.000000000
1403715349.127142906,0.703522000,-0.069090000,1.466321000,0.000000000,0.000000000,0.000000000,1.000000000
1403715349.132143259,0.704710000,-0.069844000,1.465014000,0.000000000,0.000000000,0.000000000,1.000000000
1403715349.137142897,0.705897000,-0.070598000,1.463716000,0.000000000,0.000000000,0.000000000,1.000000000
1403715349.142143011,0.707090000,-0.071361000,1.462419000,0.000000000,0.000000000,0.000000000,1.000000000
1403715349.147142887,0.708282000,-0.072147000,1.461122000,0.000000000,0.000000000,0.000000000,1.000000000
1403715349.152143240,0.709573000,-0.072955000,1.459818000,0.000000000,0.000000000,0.000000000,1.000000000
1403715349.157143116,0.710790000,-0.073789000,1.458532000,0.000000000,0.000000000,0.000000000,1.000000000
1403715349.162142992,0.712007000,-0.074635000,1.457242000,0.000000000,0.000000000,0.000000000,1.000000000
1403715349.167143345,0.713223000,-0.075484000,1.455953000,0.000000000,0.000000000,0.000000000,1.000000000
1403715349.172143221,0.714432000,-0.076339000,1.454683000,0.000000000,0.000000000,0.000000000,1.000000000
1403715349.177143097,0.715635000,-0.077202000,1.453432000,0.000000000,0.000000000,0.000000000,1.000000000
1403715349.182142973,0.716843000,-0.078079000,1.452186000,0.000000000,0.000000000,0.000000000,1.000000000
1403715349.187143326,0.718058000,-0.078976000,1.450949000,0.000000000,0.000000000,0.000000000,1.000000000
1403715349.192142963,0.719279000,-0.079891000,1.449715000,0.000000000,0.000000000,0.000000000,1.000000000
1403715349.197143078,0.720499000,-0.080824000,1.448486000,0.000000000,0.000000000,0.000000000,1.000000000
1403715349.202142954,0.721812000,-0.081765000,1.447243000,0.000000000,0.000000000,0.000000000,1.000000000
1403715349.207143307,0.723047000,-0.082712000,1.446021000,0.000000000,0.000000000,0.000000000,1.000000000
1403715349.212142944,0.724274000,-0.083667000,1.444791000,0.000000000,0.000000000,0.000000000,1.000000000
1403715349.217143059,0.725489000,-0.084629000,1.443551000,0.000000000,0.000000000,0.000000000,1.000000000
1403715349.222143173,0.726700000,-0.085602000,1.442313000,0.000000000,0.000000000,0.000000000,1.000000000
1403715349.227143288,0.727912000,-0.086587000,1.441081000,0.000000000,0.000000000,0.000000000,1.000000000
1403715349.232142925,0.729121000,-0.087579000,1.439851000,0.000000000,0.000000000,0.000000000,1.000000000
1403715349.237143040,0.730321000,-0.088582000,1.438633000,0.000000000,0.000000000,0.000000000,1.000000000
1403715349.242143154,0.731507000,-0.089598000,1.437433000,0.000000000,0.000000000,0.000000000,1.000000000
1403715349.247143030,0.732689000,-0.090625000,1.436237000,0.000000000,0.000000000,0.000000000,1.000000000
1403715349.252142906,0.733963000,-0.091677000,1.435036000,0.000000000,0.000000000,0.000000000,1.000000000
1403715349.257143021,0.735157000,-0.092736000,1.433865000,0.000000000,0.000000000,0.000000000,1.000000000
1403715349.262143135,0.736340000,-0.093812000,1.432699000,0.000000000,0.000000000,0.000000000,1.000000000
1403715349.267143011,0.737515000,-0.094903000,1.431541000,0.000000000,0.000000000,0.000000000,1.000000000
1403715349.272142887,0.738687000,-0.096006000,1.430389000,0.000000000,0.000000000,0.000000000,1.000000000
1403715349.277143240,0.739858000,-0.097117000,1.429246000,0.000000000,0.000000000,0.000000000,1.000000000
1403715349.282143354,0.741024000,-0.098239000,1.428113000,0.000000000,0.000000000,0.000000000,1.000000000
1403715349.287142992,0.742182000,-0.099380000,1.426987000,0.000000000,0.000000000,0.000000000,1.000000000
1403715349.292143106,0.743335000,-0.100537000,1.425862000,0.000000000,0.000000000,0.000000000,1.000000000
1403715349.297143221,0.744487000,-0.101708000,1.424734000,0.000000000,0.000000000,0.000000000,1.000000000
1403715349.302143097,0.745729000,-0.102911000,1.423591000,0.000000000,0.000000000,0.000000000,1.000000000
1403715349.307142973,0.746907000,-0.104114000,1.422469000,0.000000000,0.000000000,0.000000000,1.000000000
1403715349.312143087,0.748082000,-0.105322000,1.421346000,0.000000000,0.000000000,0.000000000,1.000000000
1403715349.317143202,0.749247000,-0.106536000,1.420224000,0.000000000,0.000000000,0.000000000,1.000000000
1403715349.322143078,0.750408000,-0.107762000,1.419094000,0.000000000,0.000000000,0.000000000,1.000000000
1403715349.327142954,0.751572000,-0.109004000,1.417955000,0.000000000,0.000000000,0.000000000,1.000000000
1403715349.332143307,0.752730000,-0.110268000,1.416807000,0.000000000,0.000000000,0.000000000,1.000000000
1403715349.337143183,0.753873000,-0.111548000,1.415645000,0.000000000,0.000000000,0.000000000,1.000000000
1403715349.342143059,0.754999000,-0.112838000,1.414477000,0.000000000,0.000000000,0.000000000,1.000000000
1403715349.347142935,0.756110000,-0.114135000,1.413316000,0.000000000,0.000000000,0.000000000,1.000000000
1403715349.352143288,0.757295000,-0.115461000,1.412150000,0.000000000,0.000000000,0.000000000,1.000000000
1403715349.357143164,0.758413000,-0.116777000,1.411009000,0.000000000,0.000000000,0.000000000,1.000000000
1403715349.362143040,0.759522000,-0.118099000,1.409872000,0.000000000,0.000000000,0.000000000,1.000000000
1403715349.367142916,0.760622000,-0.119430000,1.408742000,0.000000000,0.000000000,0.000000000,1.000000000
1403715349.372143269,0.761704000,-0.120774000,1.407620000,0.000000000,0.000000000,0.000000000,1.000000000
1403715349.377142906,0.762774000,-0.122131000,1.406503000,0.000000000,0.000000000,0.000000000,1.000000000
1403715349.382143021,0.763843000,-0.123504000,1.405384000,0.000000000,0.000000000,0.000000000,1.000000000
1403715349.387142897,0.764914000,-0.124895000,1.404249000,0.000000000,0.000000000,0.000000000,1.000000000
1403715349.392143250,0.765985000,-0.126302000,1.403086000,0.000000000,0.000000000,0.000000000,1.000000000
1403715349.397142887,0.767046000,-0.127719000,1.401906000,0.000000000,0.000000000,0.000000000,1.000000000
1403715349.402143002,0.768165000,-0.129174000,1.400706000,0.000000000,0.000000000,0.000000000,1.000000000
1403715349.407143354,0.769212000,-0.130623000,1.399513000,0.000000000,0.000000000,0.000000000,1.000000000
1403715349.412143230,0.770253000,-0.132091000,1.398318000,0.000000000,0.000000000,0.000000000,1.000000000
1403715349.417143106,0.771287000,-0.133569000,1.397115000,0.000000000,0.000000000,0.000000000,1.000000000
1403715349.422142982,0.772307000,-0.135055000,1.395904000,0.000000000,0.000000000,0.000000000,1.000000000
1403715349.427143335,0.773314000,-0.136548000,1.394700000,0.000000000,0.000000000,0.000000000,1.000000000
1403715349.432142973,0.774313000,-0.138046000,1.393513000,0.000000000,0.000000000,0.000000000,1.000000000
1403715349.437143087,0.775307000,-0.139546000,1.392340000,0.000000000,0.000000000,0.000000000,1.000000000
1403715349.442142963,0.776296000,-0.141049000,1.391166000,0.000000000,0.000000000,0.000000000,1.000000000
1403715349.447143316,0.777277000,-0.142560000,1.389970000,0.000000000,0.000000000,0.000000000,1.000000000
1403715349.452142954,0.778321000,-0.144118000,1.388742000,0.000000000,0.000000000,0.000000000,1.000000000
1403715349.457143068,0.779286000,-0.145659000,1.387507000,0.000000000,0.000000000,0.000000000,1.000000000
1403715349.462142944,0.780243000,-0.147203000,1.386287000,0.000000000,0.000000000,0.000000000,1.000000000
1403715349.467143297,0.781200000,-0.148747000,1.385095000,0.000000000,0.000000000,0.000000000,1.000000000
1403715349.472142935,0.782153000,-0.150292000,1.383909000,0.000000000,0.000000000,0.000000000,1.000000000
1403715349.477143049,0.783097000,-0.151843000,1.382720000,0.000000000,0.000000000,0.000000000,1.000000000
1403715349.482143164,0.784025000,-0.153402000,1.381528000,0.000000000,0.000000000,0.000000000,1.000000000
1403715349.487143040,0.784940000,-0.154969000,1.380332000,0.000000000,0.000000000,0.000000000,1.000000000
1403715349.492142916,0.785846000,-0.156537000,1.379139000,0.000000000,0.000000000,0.000000000,1.000000000
1403715349.497143030,0.786746000,-0.158106000,1.377951000,0.000000000,0.000000000,0.000000000,1.000000000
1403715349.502143145,0.787714000,-0.159710000,1.376749000,0.000000000,0.000000000,0.000000000,1.000000000
1403715349.507143021,0.788610000,-0.161284000,1.375537000,0.000000000,0.000000000,0.000000000,1.000000000
1403715349.512142897,0.789498000,-0.162857000,1.374303000,0.000000000,0.000000000,0.000000000,1.000000000
1403715349.517143011,0.790378000,-0.164437000,1.373037000,0.000000000,0.000000000,0.000000000,1.000000000
1403715349.522143126,0.791248000,-0.166025000,1.371751000,0.000000000,0.000000000,0.000000000,1.000000000
1403715349.527143002,0.792099000,-0.167619000,1.370457000,0.000000000,0.000000000,0.000000000,1.000000000
1403715349.532143116,0.792930000,-0.169219000,1.369155000,0.000000000,0.000000000,0.000000000,1.000000000
1403715349.537143230,0.793751000,-0.170818000,1.367851000,0.000000000,0.000000000,0.000000000,1.000000000
1403715349.542143345,0.794565000,-0.172412000,1.366551000,0.000000000,0.000000000,0.000000000,1.000000000
1403715349.547142982,0.795377000,-0.174001000,1.365260000,0.000000000,0.000000000,0.000000000,1.000000000
1403715349.552143097,0.796259000,-0.175627000,1.363961000,0.000000000,0.000000000,0.000000000,1.000000000
1403715349.557143211,0.797073000,-0.177229000,1.362664000,0.000000000,0.000000000,0.000000000,1.000000000
1403715349.562143087,0.797871000,-0.178833000,1.361356000,0.000000000,0.000000000,0.000000000,1.000000000
1403715349.567142963,0.798660000,-0.180436000,1.360045000,0.000000000,0.000000000,0.000000000,1.000000000
1403715349.572143078,0.799441000,-0.182041000,1.358735000,0.000000000,0.000000000,0.000000000,1.000000000
1403715349.577143192,0.800212000,-0.183644000,1.357426000,0.000000000,0.000000000,0.000000000,1.000000000
1403715349.582143068,0.800970000,-0.185243000,1.356124000,0.000000000,0.000000000,0.000000000,1.000000000
1403715349.587142944,0.801707000,-0.186842000,1.354824000,0.000000000,0.000000000,0.000000000,1.000000000
1403715349.592143297,0.802418000,-0.188446000,1.353519000,0.000000000,0.000000000,0.000000000,1.000000000
1403715349.597143173,0.803108000,-0.190054000,1.352211000,0.000000000,0.000000000,0.000000000,1.000000000
1403715349.602143049,0.803853000,-0.191700000,1.350891000,0.000000000,0.000000000,0.000000000,1.000000000
1403715349.607142925,0.804533000,-0.193320000,1.349574000,0.000000000,0.000000000,0.000000000,1.000000000
1403715349.612143278,0.805202000,-0.194941000,1.348255000,0.000000000,0.000000000,0.000000000,1.000000000
1403715349.617143154,0.805861000,-0.196563000,1.346937000,0.000000000,0.000000000,0.000000000,1.000000000
1403715349.622143030,0.806516000,-0.198189000,1.345635000,0.000000000,0.000000000,0.000000000,1.000000000
1403715349.627142906,0.807165000,-0.199818000,1.344350000,0.000000000,0.000000000,0.000000000,1.000000000
1403715349.632143259,0.807802000,-0.201446000,1.343073000,0.000000000,0.000000000,0.000000000,1.000000000
1403715349.637142897,0.808432000,-0.203071000,1.341798000,0.000000000,0.000000000,0.000000000,1.000000000
1403715349.642143011,0.809058000,-0.204685000,1.340518000,0.000000000,0.000000000,0.000000000,1.000000000
1403715349.647142887,0.809676000,-0.206286000,1.339228000,0.000000000,0.000000000,0.000000000,1.000000000
1403715349.652143240,0.810350000,-0.207917000,1.337918000,0.000000000,0.000000000,0.000000000,1.000000000
1403715349.657143116,0.810955000,-0.209520000,1.336599000,0.000000000,0.000000000,0.000000000,1.000000000
1403715349.662142992,0.811545000,-0.211123000,1.335272000,0.000000000,0.000000000,0.000000000,1.000000000
1403715349.667143345,0.812121000,-0.212726000,1.333941000,0.000000000,0.000000000,0.000000000,1.000000000
1403715349.672143221,0.812680000,-0.214328000,1.332615000,0.000000000,0.000000000,0.000000000,1.000000000
1403715349.677143097,0.813224000,-0.215926000,1.331289000,0.000000000,0.000000000,0.000000000,1.000000000
1403715349.682142973,0.813755000,-0.217521000,1.329968000,0.000000000,0.000000000,0.000000000,1.000000000
1403715349.687143326,0.814277000,-0.219119000,1.328669000,0.000000000,0.000000000,0.000000000,1.000000000
1403715349.692142963,0.814793000,-0.220716000,1.327389000,0.000000000,0.000000000,0.000000000,1.000000000
1403715349.697143078,0.815304000,-0.222309000,1.326116000,0.000000000,0.000000000,0.000000000,1.000000000
1403715349.702142954,0.815874000,-0.223926000,1.324851000,0.000000000,0.000000000,0.000000000,1.000000000
1403715349.707143307,0.816387000,-0.225519000,1.323589000,0.000000000,0.000000000,0.000000000,1.000000000
1403715349.712142944,0.816901000,-0.227115000,1.322328000,0.000000000,0.000000000,0.000000000,1.000000000
1403715349.717143059,0.817414000,-0.228713000,1.321084000,0.000000000,0.000000000,0.000000000,1.000000000
1403715349.722143173,0.817916000,-0.230316000,1.319862000,0.000000000,0.000000000,0.000000000,1.000000000
1403715349.727143288,0.818407000,-0.231926000,1.318644000,0.000000000,0.000000000,0.000000000,1.000000000
1403715349.732142925,0.818892000,-0.233530000,1.317436000,0.000000000,0.000000000,0.000000000,1.000000000
1403715349.737143040,0.819371000,-0.235120000,1.316245000,0.000000000,0.000000000,0.000000000,1.000000000
1403715349.742143154,0.819843000,-0.236701000,1.315062000,0.000000000,0.000000000,0.000000000,1.000000000
1403715349.747143030,0.820305000,-0.238278000,1.313891000,0.000000000,0.000000000,0.000000000,1.000000000
1403715349.752142906,0.820816000,-0.239879000,1.312735000,0.000000000,0.000000000,0.000000000,1.000000000
1403715349.757143021,0.821269000,-0.241463000,1.311580000,0.000000000,0.000000000,0.000000000,1.000000000
1403715349.762143135,0.821714000,-0.243051000,1.310436000,0.000000000,0.000000000,0.000000000,1.000000000
1403715349.767143011,0.822153000,-0.244644000,1.309302000,0.000000000,0.000000000,0.000000000,1.000000000
1403715349.772142887,0.822586000,-0.246237000,1.308178000,0.000000000,0.000000000,0.000000000,1.000000000
1403715349.777143240,0.823018000,-0.247830000,1.307065000,0.000000000,0.000000000,0.000000000,1.000000000
1403715349.782143354,0.823447000,-0.249420000,1.305964000,0.000000000,0.000000000,0.000000000,1.000000000
1403715349.787142992,0.823860000,-0.251003000,1.304855000,0.000000000,0.000000000,0.000000000,1.000000000
1403715349.792143106,0.824258000,-0.252579000,1.303733000,0.000000000,0.000000000,0.000000000,1.000000000
1403715349.797143221,0.824647000,-0.254154000,1.302614000,0.000000000,0.000000000,0.000000000,1.000000000
1403715349.802143097,0.825080000,-0.255757000,1.301509000,0.000000000,0.000000000,0.000000000,1.000000000
1403715349.807142973,0.825466000,-0.257347000,1.300407000,0.000000000,0.000000000,0.000000000,1.000000000
1403715349.812143087,0.825847000,-0.258937000,1.299313000,0.000000000,0.000000000,0.000000000,1.000000000
1403715349.817143202,0.826224000,-0.260527000,1.298219000,0.000000000,0.000000000,0.000000000,1.000000000
1403715349.822143078,0.826599000,-0.262117000,1.297127000,0.000000000,0.000000000,0.000000000,1.000000000
1403715349.827142954,0.826971000,-0.263706000,1.296048000,0.000000000,0.000000000,0.000000000,1.000000000
1403715349.832143307,0.827342000,-0.265288000,1.294972000,0.000000000,0.000000000,0.000000000,1.000000000
1403715349.837143183,0.827708000,-0.266857000,1.293905000,0.000000000,0.000000000,0.000000000,1.000000000
1403715349.842143059,0.828063000,-0.268421000,1.292856000,0.000000000,0.000000000,0.000000000,1.000000000
1403715349.847142935,0.828411000,-0.269990000,1.291826000,0.000000000,0.000000000,0.000000000,1.000000000
1403715349.852143288,0.828810000,-0.271586000,1.290843000,0.000000000,0.000000000,0.000000000,1.000000000
1403715349.857143164,0.829181000,-0.273174000,1.289864000,0.000000000,0.000000000,0.000000000,1.000000000
1403715349.862143040,0.829554000,-0.274760000,1.288898000,0.000000000,0.000000000,0.000000000,1.000000000
1403715349.867142916,0.829924000,-0.276344000,1.287930000,0.000000000,0.000000000,0.000000000,1.000000000
1403715349.872143269,0.830295000,-0.277927000,1.286941000,0.000000000,0.000000000,0.000000000,1.000000000
1403715349.877142906,0.830664000,-0.279505000,1.285942000,0.000000000,0.000000000,0.000000000,1.000000000
1403715349.882143021,0.831029000,-0.281084000,1.284947000,0.000000000,0.000000000,0.000000000,1.000000000
1403715349.887142897,0.831390000,-0.282668000,1.283956000,0.000000000,0.000000000,0.000000000,1.000000000
1403715349.892143250,0.831747000,-0.284256000,1.282970000,0.000000000,0.000000000,0.000000000,1.000000000
1403715349.897142887,0.832100000,-0.285850000,1.281998000,0.000000000,0.000000000,0.000000000,1.000000000
1403715349.902143002,0.832481000,-0.287456000,1.281072000,0.000000000,0.000000000,0.000000000,1.000000000
1403715349.907143354,0.832823000,-0.289055000,1.280119000,0.000000000,0.000000000,0.000000000,1.000000000
1403715349.912143230,0.833153000,-0.290649000,1.279167000,0.000000000,0.000000000,0.000000000,1.000000000
1403715349.917143106,0.833480000,-0.292235000,1.278221000,0.000000000,0.000000000,0.000000000,1.000000000
1403715349.922142982,0.833804000,-0.293818000,1.277281000,0.000000000,0.000000000,0.000000000,1.000000000
1403715349.927143335,0.834125000,-0.295406000,1.276340000,0.000000000,0.000000000,0.000000000,1.000000000
1403715349.932142973,0.834439000,-0.297002000,1.275396000,0.000000000,0.000000000,0.000000000,1.000000000
1403715349.937143087,0.834739000,-0.298613000,1.274447000,0.000000000,0.000000000,0.000000000,1.000000000
1403715349.942142963,0.835032000,-0.300227000,1.273488000,0.000000000,0.000000000,0.000000000,1.000000000
1403715349.947143316,0.835328000,-0.301834000,1.272543000,0.000000000,0.000000000,0.000000000,1.000000000
1403715349.952142954,0.835651000,-0.303442000,1.271669000,0.000000000,0.000000000,0.000000000,1.000000000
1403715349.957143068,0.835948000,-0.305054000,1.270773000,0.000000000,0.000000000,0.000000000,1.000000000
1403715349.962142944,0.836241000,-0.306675000,1.269889000,0.000000000,0.000000000,0.000000000,1.000000000
1403715349.967143297,0.836527000,-0.308309000,1.269006000,0.000000000,0.000000000,0.000000000,1.000000000
1403715349.972142935,0.836811000,-0.309957000,1.268108000,0.000000000,0.000000000,0.000000000,1.000000000
1403715349.977143049,0.837095000,-0.311612000,1.267201000,0.000000000,0.000000000,0.000000000,1.000000000
1403715349.982143164,0.837367000,-0.313275000,1.266291000,0.000000000,0.000000000,0.000000000,1.000000000
1403715349.987143040,0.837632000,-0.314943000,1.265371000,0.000000000,0.000000000,0.000000000,1.000000000
1403715349.992142916,0.837902000,-0.316610000,1.264445000,0.000000000,0.000000000,0.000000000,1.000000000
1403715349.997143030,0.838172000,-0.318292000,1.263515000,0.000000000,0.000000000,0.000000000,1.000000000
1403715350.002143145,0.838458000,-0.319989000,1.262636000,0.000000000,0.000000000,0.000000000,1.000000000
1403715350.007143021,0.838725000,-0.321711000,1.261726000,0.000000000,0.000000000,0.000000000,1.000000000
1403715350.012142897,0.838996000,-0.323441000,1.260812000,0.000000000,0.000000000,0.000000000,1.000000000
1403715350.017143011,0.839269000,-0.325165000,1.259912000,0.000000000,0.000000000,0.000000000,1.000000000
1403715350.022143126,0.839536000,-0.326880000,1.259036000,0.000000000,0.000000000,0.000000000,1.000000000
1403715350.027143002,0.839795000,-0.328599000,1.258162000,0.000000000,0.000000000,0.000000000,1.000000000
1403715350.032143116,0.840049000,-0.330328000,1.257281000,0.000000000,0.000000000,0.000000000,1.000000000
1403715350.037143230,0.840304000,-0.332072000,1.256395000,0.000000000,0.000000000,0.000000000,1.000000000
1403715350.042143345,0.840559000,-0.333834000,1.255513000,0.000000000,0.000000000,0.000000000,1.000000000
1403715350.047142982,0.840810000,-0.335614000,1.254645000,0.000000000,0.000000000,0.000000000,1.000000000
1403715350.052143097,0.841064000,-0.337385000,1.253825000,0.000000000,0.000000000,0.000000000,1.000000000
1403715350.057143211,0.841304000,-0.339164000,1.252960000,0.000000000,0.000000000,0.000000000,1.000000000
1403715350.062143087,0.841540000,-0.340934000,1.252092000,0.000000000,0.000000000,0.000000000,1.000000000
1403715350.067142963,0.841770000,-0.342705000,1.251221000,0.000000000,0.000000000,0.000000000,1.000000000
1403715350.072143078,0.841994000,-0.344487000,1.250337000,0.000000000,0.000000000,0.000000000,1.000000000
1403715350.077143192,0.842215000,-0.346283000,1.249422000,0.000000000,0.000000000,0.000000000,1.000000000
1403715350.082143068,0.842430000,-0.348089000,1.248474000,0.000000000,0.000000000,0.000000000,1.000000000
1403715350.087142944,0.842637000,-0.349902000,1.247497000,0.000000000,0.000000000,0.000000000,1.000000000
1403715350.092143297,0.842837000,-0.351721000,1.246498000,0.000000000,0.000000000,0.000000000,1.000000000
1403715350.097143173,0.843031000,-0.353543000,1.245485000,0.000000000,0.000000000,0.000000000,1.000000000
1403715350.102143049,0.843228000,-0.355339000,1.244518000,0.000000000,0.000000000,0.000000000,1.000000000
1403715350.107142925,0.843420000,-0.357162000,1.243513000,0.000000000,0.000000000,0.000000000,1.000000000
1403715350.112143278,0.843606000,-0.358994000,1.242501000,0.000000000,0.000000000,0.000000000,1.000000000
1403715350.117143154,0.843791000,-0.360833000,1.241489000,0.000000000,0.000000000,0.000000000,1.000000000
1403715350.122143030,0.843977000,-0.362674000,1.240479000,0.000000000,0.000000000,0.000000000,1.000000000
1403715350.127142906,0.844163000,-0.364514000,1.239471000,0.000000000,0.000000000,0.000000000,1.000000000
1403715350.132143259,0.844351000,-0.366359000,1.238473000,0.000000000,0.000000000,0.000000000,1.000000000
1403715350.137142897,0.844545000,-0.368210000,1.237499000,0.000000000,0.000000000,0.000000000,1.000000000
1403715350.142143011,0.844745000,-0.370064000,1.236549000,0.000000000,0.000000000,0.000000000,1.000000000
1403715350.147142887,0.844954000,-0.371920000,1.235594000,0.000000000,0.000000000,0.000000000,1.000000000
1403715350.152143240,0.845165000,-0.373740000,1.234661000,0.000000000,0.000000000,0.000000000,1.000000000
1403715350.157143116,0.845381000,-0.375594000,1.233683000,0.000000000,0.000000000,0.000000000,1.000000000
1403715350.162142992,0.845608000,-0.377453000,1.232706000,0.000000000,0.000000000,0.000000000,1.000000000
1403715350.167143345,0.845845000,-0.379311000,1.231736000,0.000000000,0.000000000,0.000000000,1.000000000
1403715350.172143221,0.846091000,-0.381173000,1.230768000,0.000000000,0.000000000,0.000000000,1.000000000
1403715350.177143097,0.846340000,-0.383044000,1.229803000,0.000000000,0.000000000,0.000000000,1.000000000
1403715350.182142973,0.846587000,-0.384921000,1.228839000,0.000000000,0.000000000,0.000000000,1.000000000
1403715350.187143326,0.846833000,-0.386800000,1.227890000,0.000000000,0.000000000,0.000000000,1.000000000
1403715350.192142963,0.847083000,-0.388682000,1.226955000,0.000000000,0.000000000,0.000000000,1.000000000
1403715350.197143078,0.847340000,-0.390571000,1.226027000,0.000000000,0.000000000,0.000000000,1.000000000
1403715350.202142954,0.847601000,-0.392417000,1.225131000,0.000000000,0.000000000,0.000000000,1.000000000
1403715350.207143307,0.847868000,-0.394306000,1.224200000,0.000000000,0.000000000,0.000000000,1.000000000
1403715350.212142944,0.848135000,-0.396206000,1.223252000,0.000000000,0.000000000,0.000000000,1.000000000
1403715350.217143059,0.848404000,-0.398110000,1.222294000,0.000000000,0.000000000,0.000000000,1.000000000
1403715350.222143173,0.848668000,-0.400013000,1.221325000,0.000000000,0.000000000,0.000000000,1.000000000
1403715350.227143288,0.848931000,-0.401918000,1.220352000,0.000000000,0.000000000,0.000000000,1.000000000
1403715350.232142925,0.849195000,-0.403827000,1.219382000,0.000000000,0.000000000,0.000000000,1.000000000
1403715350.237143040,0.849463000,-0.405737000,1.218406000,0.000000000,0.000000000,0.000000000,1.000000000
1403715350.242143154,0.849736000,-0.407649000,1.217425000,0.000000000,0.000000000,0.000000000,1.000000000
1403715350.247143030,0.850013000,-0.409561000,1.216440000,0.000000000,0.000000000,0.000000000,1.000000000
1403715350.252142906,0.850282000,-0.411422000,1.215464000,0.000000000,0.000000000,0.000000000,1.000000000
1403715350.257143021,0.850562000,-0.413312000,1.214475000,0.000000000,0.000000000,0.000000000,1.000000000
1403715350.262143135,0.850851000,-0.415194000,1.213492000,0.000000000,0.000000000,0.000000000,1.000000000
1403715350.267143011,0.851154000,-0.417069000,1.212509000,0.000000000,0.000000000,0.000000000,1.000000000
1403715350.272142887,0.851465000,-0.418940000,1.211530000,0.000000000,0.000000000,0.000000000,1.000000000
1403715350.277143240,0.851777000,-0.420811000,1.210553000,0.000000000,0.000000000,0.000000000,1.000000000
1403715350.282143354,0.852094000,-0.422682000,1.209582000,0.000000000,0.000000000,0.000000000,1.000000000
1403715350.287142992,0.852419000,-0.424550000,1.208618000,0.000000000,0.000000000,0.000000000,1.000000000
1403715350.292143106,0.852746000,-0.426414000,1.207656000,0.000000000,0.000000000,0.000000000,1.000000000
1403715350.297143221,0.853076000,-0.428273000,1.206690000,0.000000000,0.000000000,0.000000000,1.000000000
1403715350.302143097,0.853403000,-0.430070000,1.205741000,0.000000000,0.000000000,0.000000000,1.000000000
1403715350.307142973,0.853747000,-0.431905000,1.204775000,0.000000000,0.000000000,0.000000000,1.000000000
1403715350.312143087,0.854091000,-0.433738000,1.203791000,0.000000000,0.000000000,0.000000000,1.000000000
1403715350.317143202,0.854436000,-0.435568000,1.202789000,0.000000000,0.000000000,0.000000000,1.000000000
1403715350.322143078,0.854786000,-0.437395000,1.201778000,0.000000000,0.000000000,0.000000000,1.000000000
1403715350.327142954,0.855137000,-0.439219000,1.200768000,0.000000000,0.000000000,0.000000000,1.000000000
1403715350.332143307,0.855494000,-0.441032000,1.199763000,0.000000000,0.000000000,0.000000000,1.000000000
1403715350.337143183,0.855861000,-0.442830000,1.198769000,0.000000000,0.000000000,0.000000000,1.000000000
1403715350.342143059,0.856235000,-0.444616000,1.197783000,0.000000000,0.000000000,0.000000000,1.000000000
1403715350.347142935,0.856615000,-0.446393000,1.196803000,0.000000000,0.000000000,0.000000000,1.000000000
1403715350.352143288,0.856989000,-0.448109000,1.195843000,0.000000000,0.000000000,0.000000000,1.000000000
1403715350.357143164,0.857380000,-0.449862000,1.194889000,0.000000000,0.000000000,0.000000000,1.000000000
1403715350.362143040,0.857778000,-0.451610000,1.193934000,0.000000000,0.000000000,0.000000000,1.000000000
1403715350.367142916,0.858191000,-0.453352000,1.192980000,0.000000000,0.000000000,0.000000000,1.000000000
1403715350.372143269,0.858609000,-0.455082000,1.192031000,0.000000000,0.000000000,0.000000000,1.000000000
1403715350.377142906,0.859029000,-0.456796000,1.191073000,0.000000000,0.000000000,0.000000000,1.000000000
1403715350.382143021,0.859457000,-0.458499000,1.190111000,0.000000000,0.000000000,0.000000000,1.000000000
1403715350.387142897,0.859891000,-0.460188000,1.189153000,0.000000000,0.000000000,0.000000000,1.000000000
1403715350.392143250,0.860328000,-0.461865000,1.188196000,0.000000000,0.000000000,0.000000000,1.000000000
1403715350.397142887,0.860774000,-0.463531000,1.187238000,0.000000000,0.000000000,0.000000000,1.000000000
1403715350.402143002,0.861210000,-0.465126000,1.186278000,0.000000000,0.000000000,0.000000000,1.000000000
1403715350.407143354,0.861664000,-0.466743000,1.185315000,0.000000000,0.000000000,0.000000000,1.000000000
1403715350.412143230,0.862125000,-0.468343000,1.184354000,0.000000000,0.000000000,0.000000000,1.000000000
1403715350.417143106,0.862601000,-0.469934000,1.183398000,0.000000000,0.000000000,0.000000000,1.000000000
1403715350.422142982,0.863089000,-0.471514000,1.182448000,0.000000000,0.000000000,0.000000000,1.000000000
1403715350.427143335,0.863580000,-0.473074000,1.181504000,0.000000000,0.000000000,0.000000000,1.000000000
1403715350.432142973,0.864071000,-0.474608000,1.180555000,0.000000000,0.000000000,0.000000000,1.000000000
1403715350.437143087,0.864565000,-0.476124000,1.179602000,0.000000000,0.000000000,0.000000000,1.000000000
1403715350.442142963,0.865067000,-0.477625000,1.178651000,0.000000000,0.000000000,0.000000000,1.000000000
1403715350.447143316,0.865577000,-0.479116000,1.177703000,0.000000000,0.000000000,0.000000000,1.000000000
1403715350.452142954,0.866074000,-0.480544000,1.176746000,0.000000000,0.000000000,0.000000000,1.000000000
1403715350.457143068,0.866592000,-0.481988000,1.175779000,0.000000000,0.000000000,0.000000000,1.000000000
1403715350.462142944,0.867112000,-0.483408000,1.174802000,0.000000000,0.000000000,0.000000000,1.000000000
1403715350.467143297,0.867632000,-0.484805000,1.173826000,0.000000000,0.000000000,0.000000000,1.000000000
1403715350.472142935,0.868157000,-0.486184000,1.172855000,0.000000000,0.000000000,0.000000000,1.000000000
1403715350.477143049,0.868705000,-0.487549000,1.171894000,0.000000000,0.000000000,0.000000000,1.000000000
1403715350.482143164,0.869274000,-0.488893000,1.170952000,0.000000000,0.000000000,0.000000000,1.000000000
1403715350.487143040,0.869849000,-0.490215000,1.170018000,0.000000000,0.000000000,0.000000000,1.000000000
1403715350.492142916,0.870429000,-0.491514000,1.169087000,0.000000000,0.000000000,0.000000000,1.000000000
1403715350.497143030,0.871011000,-0.492789000,1.168164000,0.000000000,0.000000000,0.000000000,1.000000000
1403715350.502143145,0.871572000,-0.493998000,1.167237000,0.000000000,0.000000000,0.000000000,1.000000000
1403715350.507143021,0.872163000,-0.495224000,1.166327000,0.000000000,0.000000000,0.000000000,1.000000000
1403715350.512142897,0.872767000,-0.496434000,1.165415000,0.000000000,0.000000000,0.000000000,1.000000000
1403715350.517143011,0.873381000,-0.497629000,1.164490000,0.000000000,0.000000000,0.000000000,1.000000000
1403715350.522143126,0.874002000,-0.498802000,1.163559000,0.000000000,0.000000000,0.000000000,1.000000000
1403715350.527143002,0.874622000,-0.499954000,1.162623000,0.000000000,0.000000000,0.000000000,1.000000000
1403715350.532143116,0.875245000,-0.501087000,1.161681000,0.000000000,0.000000000,0.000000000,1.000000000
1403715350.537143230,0.875880000,-0.502197000,1.160741000,0.000000000,0.000000000,0.000000000,1.000000000
1403715350.542143345,0.876530000,-0.503281000,1.159803000,0.000000000,0.000000000,0.000000000,1.000000000
1403715350.547142982,0.877192000,-0.504343000,1.158863000,0.000000000,0.000000000,0.000000000,1.000000000
1403715350.552143097,0.877833000,-0.505337000,1.157913000,0.000000000,0.000000000,0.000000000,1.000000000
1403715350.557143211,0.878502000,-0.506346000,1.156981000,0.000000000,0.000000000,0.000000000,1.000000000
1403715350.562143087,0.879183000,-0.507334000,1.156051000,0.000000000,0.000000000,0.000000000,1.000000000
1403715350.567142963,0.879877000,-0.508296000,1.155122000,0.000000000,0.000000000,0.000000000,1.000000000
1403715350.572143078,0.880577000,-0.509233000,1.154194000,0.000000000,0.000000000,0.000000000,1.000000000
1403715350.577143192,0.881281000,-0.510143000,1.153277000,0.000000000,0.000000000,0.000000000,1.000000000
1403715350.582143068,0.881994000,-0.511024000,1.152372000,0.000000000,0.000000000,0.000000000,1.000000000
1403715350.587142944,0.882721000,-0.511872000,1.151472000,0.000000000,0.000000000,0.000000000,1.000000000
1403715350.592143297,0.883459000,-0.512695000,1.150562000,0.000000000,0.000000000,0.000000000,1.000000000
1403715350.597143173,0.884205000,-0.513498000,1.149645000,0.000000000,0.000000000,0.000000000,1.000000000
1403715350.602143049,0.884922000,-0.514228000,1.148718000,0.000000000,0.000000000,0.000000000,1.000000000
1403715350.607142925,0.885671000,-0.514977000,1.147810000,0.000000000,0.000000000,0.000000000,1.000000000
1403715350.612143278,0.886424000,-0.515707000,1.146911000,0.000000000,0.000000000,0.000000000,1.000000000
1403715350.617143154,0.887185000,-0.516415000,1.146031000,0.000000000,0.000000000,0.000000000,1.000000000
1403715350.622143030,0.887951000,-0.517101000,1.145161000,0.000000000,0.000000000,0.000000000,1.000000000
1403715350.627142906,0.888723000,-0.517767000,1.144293000,0.000000000,0.000000000,0.000000000,1.000000000
1403715350.632143259,0.889505000,-0.518409000,1.143417000,0.000000000,0.000000000,0.000000000,1.000000000
1403715350.637142897,0.890304000,-0.519029000,1.142532000,0.000000000,0.000000000,0.000000000,1.000000000
1403715350.642143011,0.891115000,-0.519629000,1.141643000,0.000000000,0.000000000,0.000000000,1.000000000
1403715350.647142887,0.891927000,-0.520208000,1.140749000,0.000000000,0.000000000,0.000000000,1.000000000
1403715350.652143240,0.892704000,-0.520702000,1.139846000,0.000000000,0.000000000,0.000000000,1.000000000
1403715350.657143116,0.893524000,-0.521200000,1.138984000,0.000000000,0.000000000,0.000000000,1.000000000
1403715350.662142992,0.894352000,-0.521663000,1.138137000,0.000000000,0.000000000,0.000000000,1.000000000
1403715350.667143345,0.895185000,-0.522107000,1.137281000,0.000000000,0.000000000,0.000000000,1.000000000
1403715350.672143221,0.896025000,-0.522539000,1.136411000,0.000000000,0.000000000,0.000000000,1.000000000
1403715350.677143097,0.896877000,-0.522960000,1.135545000,0.000000000,0.000000000,0.000000000,1.000000000
1403715350.682142973,0.897739000,-0.523374000,1.134692000,0.000000000,0.000000000,0.000000000,1.000000000
1403715350.687143326,0.898602000,-0.523769000,1.133851000,0.000000000,0.000000000,0.000000000,1.000000000
1403715350.692142963,0.899466000,-0.524137000,1.132998000,0.000000000,0.000000000,0.000000000,1.000000000
1403715350.697143078,0.900338000,-0.524479000,1.132135000,0.000000000,0.000000000,0.000000000,1.000000000
1403715350.702142954,0.901169000,-0.524739000,1.131259000,0.000000000,0.000000000,0.000000000,1.000000000
1403715350.707143307,0.902043000,-0.525026000,1.130419000,0.000000000,0.000000000,0.000000000,1.000000000
1403715350.712142944,0.902934000,-0.525301000,1.129586000,0.000000000,0.000000000,0.000000000,1.000000000
1403715350.717143059,0.903839000,-0.525570000,1.128748000,0.000000000,0.000000000,0.000000000,1.000000000
1403715350.722143173,0.904757000,-0.525829000,1.127904000,0.000000000,0.000000000,0.000000000,1.000000000
1403715350.727143288,0.905684000,-0.526059000,1.127062000,0.000000000,0.000000000,0.000000000,1.000000000
1403715350.732142925,0.906614000,-0.526256000,1.126229000,0.000000000,0.000000000,0.000000000,1.000000000
1403715350.737143040,0.907547000,-0.526422000,1.125406000,0.000000000,0.000000000,0.000000000,1.000000000
1403715350.742143154,0.908492000,-0.526564000,1.124593000,0.000000000,0.000000000,0.000000000,1.000000000
1403715350.747143030,0.909456000,-0.526687000,1.123785000,0.000000000,0.000000000,0.000000000,1.000000000
1403715350.752142906,0.910392000,-0.526742000,1.122967000,0.000000000,0.000000000,0.000000000,1.000000000
1403715350.757143021,0.911383000,-0.526848000,1.122169000,0.000000000,0.000000000,0.000000000,1.000000000
1403715350.762143135,0.912384000,-0.526938000,1.121377000,0.000000000,0.000000000,0.000000000,1.000000000
1403715350.767143011,0.913389000,-0.527003000,1.120594000,0.000000000,0.000000000,0.000000000,1.000000000
1403715350.772142887,0.914394000,-0.527038000,1.119816000,0.000000000,0.000000000,0.000000000,1.000000000
1403715350.777143240,0.915400000,-0.527048000,1.119046000,0.000000000,0.000000000,0.000000000,1.000000000
1403715350.782143354,0.916416000,-0.527044000,1.118280000,0.000000000,0.000000000,0.000000000,1.000000000
1403715350.787142992,0.917451000,-0.527037000,1.117525000,0.000000000,0.000000000,0.000000000,1.000000000
1403715350.792143106,0.918503000,-0.527028000,1.116783000,0.000000000,0.000000000,0.000000000,1.000000000
1403715350.797143221,0.919573000,-0.527006000,1.116045000,0.000000000,0.000000000,0.000000000,1.000000000
1403715350.802143097,0.920613000,-0.526883000,1.115307000,0.000000000,0.000000000,0.000000000,1.000000000
1403715350.807142973,0.921707000,-0.526795000,1.114595000,0.000000000,0.000000000,0.000000000,1.000000000
1403715350.812143087,0.922811000,-0.526686000,1.113888000,0.000000000,0.000000000,0.000000000,1.000000000
1403715350.817143202,0.923923000,-0.526564000,1.113185000,0.000000000,0.000000000,0.000000000,1.000000000
1403715350.822143078,0.925041000,-0.526441000,1.112493000,0.000000000,0.000000000,0.000000000,1.000000000
1403715350.827142954,0.926161000,-0.526320000,1.111814000,0.000000000,0.000000000,0.000000000,1.000000000
1403715350.832143307,0.927291000,-0.526193000,1.111142000,0.000000000,0.000000000,0.000000000,1.000000000
1403715350.837143183,0.928437000,-0.526041000,1.110485000,0.000000000,0.000000000,0.000000000,1.000000000
1403715350.842143059,0.929591000,-0.525865000,1.109834000,0.000000000,0.000000000,0.000000000,1.000000000
1403715350.847142935,0.930742000,-0.525678000,1.109176000,0.000000000,0.000000000,0.000000000,1.000000000
1403715350.852143288,0.931839000,-0.525411000,1.108496000,0.000000000,0.000000000,0.000000000,1.000000000
1403715350.857143164,0.932983000,-0.525198000,1.107843000,0.000000000,0.000000000,0.000000000,1.000000000
1403715350.862143040,0.934142000,-0.524978000,1.107208000,0.000000000,0.000000000,0.000000000,1.000000000
1403715350.867142916,0.935315000,-0.524742000,1.106587000,0.000000000,0.000000000,0.000000000,1.000000000
1403715350.872143269,0.936496000,-0.524484000,1.105969000,0.000000000,0.000000000,0.000000000,1.000000000
1403715350.877142906,0.937683000,-0.524204000,1.105357000,0.000000000,0.000000000,0.000000000,1.000000000
1403715350.882143021,0.938873000,-0.523903000,1.104753000,0.000000000,0.000000000,0.000000000,1.000000000
1403715350.887142897,0.940072000,-0.523586000,1.104151000,0.000000000,0.000000000,0.000000000,1.000000000
1403715350.892143250,0.941277000,-0.523257000,1.103543000,0.000000000,0.000000000,0.000000000,1.000000000
1403715350.897142887,0.942488000,-0.522914000,1.102933000,0.000000000,0.000000000,0.000000000,1.000000000
1403715350.902143002,0.943650000,-0.522473000,1.102312000,0.000000000,0.000000000,0.000000000,1.000000000
1403715350.907143354,0.944849000,-0.522073000,1.101717000,0.000000000,0.000000000,0.000000000,1.000000000
1403715350.912143230,0.946039000,-0.521664000,1.101132000,0.000000000,0.000000000,0.000000000,1.000000000
1403715350.917143106,0.947233000,-0.521247000,1.100562000,0.000000000,0.000000000,0.000000000,1.000000000
1403715350.922142982,0.948443000,-0.520817000,1.100024000,0.000000000,0.000000000,0.000000000,1.000000000
1403715350.927143335,0.949670000,-0.520374000,1.099498000,0.000000000,0.000000000,0.000000000,1.000000000
1403715350.932142973,0.950908000,-0.519918000,1.098964000,0.000000000,0.000000000,0.000000000,1.000000000
1403715350.937143087,0.952146000,-0.519442000,1.098418000,0.000000000,0.000000000,0.000000000,1.000000000
1403715350.942142963,0.953387000,-0.518945000,1.097868000,0.000000000,0.000000000,0.000000000,1.000000000
1403715350.947143316,0.954635000,-0.518428000,1.097325000,0.000000000,0.000000000,0.000000000,1.000000000
1403715350.952142954,0.955840000,-0.517817000,1.096774000,0.000000000,0.000000000,0.000000000,1.000000000
1403715350.957143068,0.957092000,-0.517252000,1.096236000,0.000000000,0.000000000,0.000000000,1.000000000
1403715350.962142944,0.958348000,-0.516676000,1.095704000,0.000000000,0.000000000,0.000000000,1.000000000
1403715350.967143297,0.959599000,-0.516085000,1.095178000,0.000000000,0.000000000,0.000000000,1.000000000
1403715350.972142935,0.960843000,-0.515475000,1.094659000,0.000000000,0.000000000,0.000000000,1.000000000
1403715350.977143049,0.962086000,-0.514841000,1.094152000,0.000000000,0.000000000,0.000000000,1.000000000
1403715350.982143164,0.963333000,-0.514187000,1.093658000,0.000000000,0.000000000,0.000000000,1.000000000
1403715350.987143040,0.964583000,-0.513525000,1.093162000,0.000000000,0.000000000,0.000000000,1.000000000
1403715350.992142916,0.965839000,-0.512857000,1.092660000,0.000000000,0.000000000,0.000000000,1.000000000
1403715350.997143030,0.967103000,-0.512176000,1.092155000,0.000000000,0.000000000,0.000000000,1.000000000
1403715351.002143145,0.968323000,-0.511408000,1.091633000,0.000000000,0.000000000,0.000000000,1.000000000
1403715351.007143021,0.969579000,-0.510681000,1.091112000,0.000000000,0.000000000,0.000000000,1.000000000
1403715351.012142897,0.970828000,-0.509935000,1.090586000,0.000000000,0.000000000,0.000000000,1.000000000
1403715351.017143011,0.972067000,-0.509158000,1.090065000,0.000000000,0.000000000,0.000000000,1.000000000
1403715351.022143126,0.973306000,-0.508347000,1.089558000,0.000000000,0.000000000,0.000000000,1.000000000
1403715351.027143002,0.974554000,-0.507517000,1.089072000,0.000000000,0.000000000,0.000000000,1.000000000
1403715351.032143116,0.975810000,-0.506678000,1.088610000,0.000000000,0.000000000,0.000000000,1.000000000
1403715351.037143230,0.977064000,-0.505833000,1.088164000,0.000000000,0.000000000,0.000000000,1.000000000
1403715351.042143345,0.978314000,-0.504975000,1.087731000,0.000000000,0.000000000,0.000000000,1.000000000
1403715351.047142982,0.979567000,-0.504082000,1.087307000,0.000000000,0.000000000,0.000000000,1.000000000
1403715351.052143097,0.980777000,-0.503087000,1.086871000,0.000000000,0.000000000,0.000000000,1.000000000
1403715351.057143211,0.982022000,-0.502119000,1.086447000,0.000000000,0.000000000,0.000000000,1.000000000
1403715351.062143087,0.983264000,-0.501136000,1.086028000,0.000000000,0.000000000,0.000000000,1.000000000
1403715351.067142963,0.984514000,-0.500143000,1.085624000,0.000000000,0.000000000,0.000000000,1.000000000
1403715351.072143078,0.985770000,-0.499139000,1.085236000,0.000000000,0.000000000,0.000000000,1.000000000
1403715351.077143192,0.987022000,-0.498123000,1.084862000,0.000000000,0.000000000,0.000000000,1.000000000
1403715351.082143068,0.988271000,-0.497082000,1.084507000,0.000000000,0.000000000,0.000000000,1.000000000
1403715351.087142944,0.989521000,-0.496006000,1.084171000,0.000000000,0.000000000,0.000000000,1.000000000
1403715351.092143297,0.990770000,-0.494902000,1.083842000,0.000000000,0.000000000,0.000000000,1.000000000
1403715351.097143173,0.992019000,-0.493783000,1.083508000,0.000000000,0.000000000,0.000000000,1.000000000
1403715351.102143049,0.993229000,-0.492600000,1.083161000,0.000000000,0.000000000,0.000000000,1.000000000
1403715351.107142925,0.994483000,-0.491452000,1.082828000,0.000000000,0.000000000,0.000000000,1.000000000
1403715351.112143278,0.995740000,-0.490291000,1.082502000,0.000000000,0.000000000,0.000000000,1.000000000
1403715351.117143154,0.996995000,-0.489103000,1.082178000,0.000000000,0.000000000,0.000000000,1.000000000
1403715351.122143030,0.998240000,-0.487881000,1.081860000,0.000000000,0.000000000,0.000000000,1.000000000
1403715351.127142906,0.999479000,-0.486627000,1.081547000,0.000000000,0.000000000,0.000000000,1.000000000
1403715351.132143259,1.000724000,-0.485350000,1.081243000,0.000000000,0.000000000,0.000000000,1.000000000
1403715351.137142897,1.001974000,-0.484070000,1.080943000,0.000000000,0.000000000,0.000000000,1.000000000
1403715351.142143011,1.003226000,-0.482791000,1.080633000,0.000000000,0.000000000,0.000000000,1.000000000
1403715351.147142887,1.004479000,-0.481502000,1.080318000,0.000000000,0.000000000,0.000000000,1.000000000
1403715351.152143240,1.005689000,-0.480146000,1.080002000,0.000000000,0.000000000,0.000000000,1.000000000
1403715351.157143116,1.006931000,-0.478800000,1.079696000,0.000000000,0.000000000,0.000000000,1.000000000
1403715351.162142992,1.008172000,-0.477424000,1.079391000,0.000000000,0.000000000,0.000000000,1.000000000
1403715351.167143345,1.009419000,-0.476028000,1.079090000,0.000000000,0.000000000,0.000000000,1.000000000
1403715351.172143221,1.010670000,-0.474626000,1.078794000,0.000000000,0.000000000,0.000000000,1.000000000
1403715351.177143097,1.011922000,-0.473222000,1.078505000,0.000000000,0.000000000,0.000000000,1.000000000
1403715351.182142973,1.013181000,-0.471811000,1.078218000,0.000000000,0.000000000,0.000000000,1.000000000
1403715351.187143326,1.014449000,-0.470384000,1.077927000,0.000000000,0.000000000,0.000000000,1.000000000
1403715351.192142963,1.015716000,-0.468932000,1.077633000,0.000000000,0.000000000,0.000000000,1.000000000
1403715351.197143078,1.016977000,-0.467457000,1.077340000,0.000000000,0.000000000,0.000000000,1.000000000
1403715351.202142954,1.018202000,-0.465927000,1.077050000,0.000000000,0.000000000,0.000000000,1.000000000
1403715351.207143307,1.019456000,-0.464415000,1.076772000,0.000000000,0.000000000,0.000000000,1.000000000
1403715351.212142944,1.020717000,-0.462892000,1.076500000,0.000000000,0.000000000,0.000000000,1.000000000
1403715351.217143059,1.021983000,-0.461357000,1.076236000,0.000000000,0.000000000,0.000000000,1.000000000
1403715351.222143173,1.023245000,-0.459811000,1.075973000,0.000000000,0.000000000,0.000000000,1.000000000
1403715351.227143288,1.024506000,-0.458243000,1.075716000,0.000000000,0.000000000,0.000000000,1.000000000
1403715351.232142925,1.025772000,-0.456649000,1.075473000,0.000000000,0.000000000,0.000000000,1.000000000
1403715351.237143040,1.027046000,-0.455035000,1.075228000,0.000000000,0.000000000,0.000000000,1.000000000
1403715351.242143154,1.028328000,-0.453412000,1.074985000,0.000000000,0.000000000,0.000000000,1.000000000
1403715351.247143030,1.029615000,-0.451782000,1.074754000,0.000000000,0.000000000,0.000000000,1.000000000
1403715351.252142906,1.030875000,-0.450110000,1.074543000,0.000000000,0.000000000,0.000000000,1.000000000
1403715351.257143021,1.032170000,-0.448442000,1.074339000,0.000000000,0.000000000,0.000000000,1.000000000
1403715351.262143135,1.033462000,-0.446748000,1.074148000,0.000000000,0.000000000,0.000000000,1.000000000
1403715351.267143011,1.034754000,-0.445025000,1.073976000,0.000000000,0.000000000,0.000000000,1.000000000
1403715351.272142887,1.036054000,-0.443276000,1.073830000,0.000000000,0.000000000,0.000000000,1.000000000
1403715351.277143240,1.037364000,-0.441508000,1.073710000,0.000000000,0.000000000,0.000000000,1.000000000
1403715351.282143354,1.038682000,-0.439730000,1.073609000,0.000000000,0.000000000,0.000000000,1.000000000
1403715351.287142992,1.040003000,-0.437943000,1.073518000,0.000000000,0.000000000,0.000000000,1.000000000
1403715351.292143106,1.041330000,-0.436136000,1.073430000,0.000000000,0.000000000,0.000000000,1.000000000
1403715351.297143221,1.042656000,-0.434304000,1.073350000,0.000000000,0.000000000,0.000000000,1.000000000
1403715351.302143097,1.043940000,-0.432436000,1.073284000,0.000000000,0.000000000,0.000000000,1.000000000
1403715351.307142973,1.045249000,-0.430579000,1.073203000,0.000000000,0.000000000,0.000000000,1.000000000
1403715351.312143087,1.046566000,-0.428711000,1.073122000,0.000000000,0.000000000,0.000000000,1.000000000
1403715351.317143202,1.047891000,-0.426838000,1.073035000,0.000000000,0.000000000,0.000000000,1.000000000
1403715351.322143078,1.049215000,-0.424960000,1.072938000,0.000000000,0.000000000,0.000000000,1.000000000
1403715351.327142954,1.050531000,-0.423071000,1.072840000,0.000000000,0.000000000,0.000000000,1.000000000
1403715351.332143307,1.051841000,-0.421161000,1.072744000,0.000000000,0.000000000,0.000000000,1.000000000
1403715351.337143183,1.053148000,-0.419229000,1.072654000,0.000000000,0.000000000,0.000000000,1.000000000
1403715351.342143059,1.054455000,-0.417284000,1.072573000,0.000000000,0.000000000,0.000000000,1.000000000
1403715351.347142935,1.055768000,-0.415329000,1.072507000,0.000000000,0.000000000,0.000000000,1.000000000
1403715351.352143288,1.057061000,-0.413348000,1.072471000,0.000000000,0.000000000,0.000000000,1.000000000
1403715351.357143164,1.058380000,-0.411374000,1.072418000,0.000000000,0.000000000,0.000000000,1.000000000
1403715351.362143040,1.059696000,-0.409388000,1.072363000,0.000000000,0.000000000,0.000000000,1.000000000
1403715351.367142916,1.061002000,-0.407385000,1.072307000,0.000000000,0.000000000,0.000000000,1.000000000
1403715351.372143269,1.062302000,-0.405364000,1.072252000,0.000000000,0.000000000,0.000000000,1.000000000
1403715351.377142906,1.063598000,-0.403331000,1.072202000,0.000000000,0.000000000,0.000000000,1.000000000
1403715351.382143021,1.064890000,-0.401295000,1.072155000,0.000000000,0.000000000,0.000000000,1.000000000
1403715351.387142897,1.066183000,-0.399251000,1.072109000,0.000000000,0.000000000,0.000000000,1.000000000
1403715351.392143250,1.067484000,-0.397197000,1.072067000,0.000000000,0.000000000,0.000000000,1.000000000
1403715351.397142887,1.068785000,-0.395136000,1.072034000,0.000000000,0.000000000,0.000000000,1.000000000
1403715351.402143002,1.070044000,-0.393049000,1.072036000,0.000000000,0.000000000,0.000000000,1.000000000
1403715351.407143354,1.071324000,-0.390965000,1.072014000,0.000000000,0.000000000,0.000000000,1.000000000
1403715351.412143230,1.072606000,-0.388872000,1.071984000,0.000000000,0.000000000,0.000000000,1.000000000
1403715351.417143106,1.073883000,-0.386769000,1.071950000,0.000000000,0.000000000,0.000000000,1.000000000
1403715351.422142982,1.075155000,-0.384655000,1.071923000,0.000000000,0.000000000,0.000000000,1.000000000
1403715351.427143335,1.076425000,-0.382532000,1.071905000,0.000000000,0.000000000,0.000000000,1.000000000
1403715351.432142973,1.077696000,-0.380399000,1.071888000,0.000000000,0.000000000,0.000000000,1.000000000
1403715351.437143087,1.078968000,-0.378258000,1.071880000,0.000000000,0.000000000,0.000000000,1.000000000
1403715351.442142963,1.080241000,-0.376108000,1.071881000,0.000000000,0.000000000,0.000000000,1.000000000
1403715351.447143316,1.081523000,-0.373939000,1.071890000,0.000000000,0.000000000,0.000000000,1.000000000
1403715351.452142954,1.082782000,-0.371748000,1.071928000,0.000000000,0.000000000,0.000000000,1.000000000
1403715351.457143068,1.084050000,-0.369553000,1.071933000,0.000000000,0.000000000,0.000000000,1.000000000
1403715351.462142944,1.085311000,-0.367351000,1.071931000,0.000000000,0.000000000,0.000000000,1.000000000
1403715351.467143297,1.086565000,-0.365142000,1.071933000,0.000000000,0.000000000,0.000000000,1.000000000
1403715351.472142935,1.087813000,-0.362926000,1.071932000,0.000000000,0.000000000,0.000000000,1.000000000
1403715351.477143049,1.089056000,-0.360697000,1.071927000,0.000000000,0.000000000,0.000000000,1.000000000
1403715351.482143164,1.090290000,-0.358455000,1.071915000,0.000000000,0.000000000,0.000000000,1.000000000
1403715351.487143040,1.091514000,-0.356201000,1.071910000,0.000000000,0.000000000,0.000000000,1.000000000
1403715351.492142916,1.092729000,-0.353935000,1.071918000,0.000000000,0.000000000,0.000000000,1.000000000
1403715351.497143030,1.093942000,-0.351657000,1.071937000,0.000000000,0.000000000,0.000000000,1.000000000
1403715351.502143145,1.095131000,-0.349371000,1.071991000,0.000000000,0.000000000,0.000000000,1.000000000
1403715351.507143021,1.096338000,-0.347079000,1.072025000,0.000000000,0.000000000,0.000000000,1.000000000
1403715351.512142897,1.097539000,-0.344778000,1.072070000,0.000000000,0.000000000,0.000000000,1.000000000
1403715351.517143011,1.098737000,-0.342464000,1.072128000,0.000000000,0.000000000,0.000000000,1.000000000
1403715351.522143126,1.099936000,-0.340135000,1.072199000,0.000000000,0.000000000,0.000000000,1.000000000
1403715351.527143002,1.101132000,-0.337790000,1.072278000,0.000000000,0.000000000,0.000000000,1.000000000
1403715351.532143116,1.102321000,-0.335434000,1.072374000,0.000000000,0.000000000,0.000000000,1.000000000
1403715351.537143230,1.103505000,-0.333068000,1.072493000,0.000000000,0.000000000,0.000000000,1.000000000
1403715351.542143345,1.104690000,-0.330694000,1.072636000,0.000000000,0.000000000,0.000000000,1.000000000
1403715351.547142982,1.105877000,-0.328315000,1.072793000,0.000000000,0.000000000,0.000000000,1.000000000
1403715351.552143097,1.107027000,-0.325939000,1.072986000,0.000000000,0.000000000,0.000000000,1.000000000
1403715351.557143211,1.108178000,-0.323554000,1.073155000,0.000000000,0.000000000,0.000000000,1.000000000
1403715351.562143087,1.109320000,-0.321159000,1.073321000,0.000000000,0.000000000,0.000000000,1.000000000
1403715351.567142963,1.110461000,-0.318747000,1.073496000,0.000000000,0.000000000,0.000000000,1.000000000
1403715351.572143078,1.111599000,-0.316327000,1.073677000,0.000000000,0.000000000,0.000000000,1.000000000
1403715351.577143192,1.112728000,-0.313903000,1.073863000,0.000000000,0.000000000,0.000000000,1.000000000
1403715351.582143068,1.113842000,-0.311471000,1.074066000,0.000000000,0.000000000,0.000000000,1.000000000
1403715351.587142944,1.114946000,-0.309023000,1.074291000,0.000000000,0.000000000,0.000000000,1.000000000
1403715351.592143297,1.116044000,-0.306558000,1.074535000,0.000000000,0.000000000,0.000000000,1.000000000
1403715351.597143173,1.117129000,-0.304082000,1.074783000,0.000000000,0.000000000,0.000000000,1.000000000
1403715351.602143049,1.118181000,-0.301622000,1.075046000,0.000000000,0.000000000,0.000000000,1.000000000
1403715351.607142925,1.119248000,-0.299144000,1.075294000,0.000000000,0.000000000,0.000000000,1.000000000
1403715351.612143278,1.120307000,-0.296658000,1.075530000,0.000000000,0.000000000,0.000000000,1.000000000
1403715351.617143154,1.121355000,-0.294153000,1.075752000,0.000000000,0.000000000,0.000000000,1.000000000
1403715351.622143030,1.122386000,-0.291627000,1.075966000,0.000000000,0.000000000,0.000000000,1.000000000
1403715351.627142906,1.123395000,-0.289088000,1.076170000,0.000000000,0.000000000,0.000000000,1.000000000
1403715351.632143259,1.124383000,-0.286545000,1.076364000,0.000000000,0.000000000,0.000000000,1.000000000
1403715351.637142897,1.125355000,-0.284003000,1.076543000,0.000000000,0.000000000,0.000000000,1.000000000
1403715351.642143011,1.126316000,-0.281458000,1.076705000,0.000000000,0.000000000,0.000000000,1.000000000
1403715351.647142887,1.127273000,-0.278902000,1.076856000,0.000000000,0.000000000,0.000000000,1.000000000
1403715351.652143240,1.128191000,-0.276354000,1.077010000,0.000000000,0.000000000,0.000000000,1.000000000
1403715351.657143116,1.129123000,-0.273761000,1.077153000,0.000000000,0.000000000,0.000000000,1.000000000
1403715351.662142992,1.130047000,-0.271150000,1.077303000,0.000000000,0.000000000,0.000000000,1.000000000
1403715351.667143345,1.130965000,-0.268531000,1.077471000,0.000000000,0.000000000,0.000000000,1.000000000
1403715351.672143221,1.131878000,-0.265906000,1.077642000,0.000000000,0.000000000,0.000000000,1.000000000
1403715351.677143097,1.132783000,-0.263267000,1.077812000,0.000000000,0.000000000,0.000000000,1.000000000
1403715351.682142973,1.133670000,-0.260608000,1.077984000,0.000000000,0.000000000,0.000000000,1.000000000
1403715351.687143326,1.134530000,-0.257930000,1.078160000,0.000000000,0.000000000,0.000000000,1.000000000
1403715351.692142963,1.135366000,-0.255238000,1.078336000,0.000000000,0.000000000,0.000000000,1.000000000
1403715351.697143078,1.136192000,-0.252535000,1.078519000,0.000000000,0.000000000,0.000000000,1.000000000
1403715351.702142954,1.136979000,-0.249862000,1.078720000,0.000000000,0.000000000,0.000000000,1.000000000
1403715351.707143307,1.137787000,-0.247164000,1.078909000,0.000000000,0.000000000,0.000000000,1.000000000
1403715351.712142944,1.138583000,-0.244463000,1.079103000,0.000000000,0.000000000,0.000000000,1.000000000
1403715351.717143059,1.139359000,-0.241746000,1.079309000,0.000000000,0.000000000,0.000000000,1.000000000
1403715351.722143173,1.140115000,-0.239008000,1.079519000,0.000000000,0.000000000,0.000000000,1.000000000
1403715351.727143288,1.140854000,-0.236254000,1.079728000,0.000000000,0.000000000,0.000000000,1.000000000
1403715351.732142925,1.141580000,-0.233490000,1.079930000,0.000000000,0.000000000,0.000000000,1.000000000
1403715351.737143040,1.142301000,-0.230717000,1.080113000,0.000000000,0.000000000,0.000000000,1.000000000
1403715351.742143154,1.143020000,-0.227936000,1.080291000,0.000000000,0.000000000,0.000000000,1.000000000
1403715351.747143030,1.143728000,-0.225141000,1.080474000,0.000000000,0.000000000,0.000000000,1.000000000
1403715351.752142906,1.144387000,-0.222356000,1.080666000,0.000000000,0.000000000,0.000000000,1.000000000
1403715351.757143021,1.145065000,-0.219523000,1.080871000,0.000000000,0.000000000,0.000000000,1.000000000
1403715351.762143135,1.145733000,-0.216666000,1.081089000,0.000000000,0.000000000,0.000000000,1.000000000
1403715351.767143011,1.146387000,-0.213797000,1.081315000,0.000000000,0.000000000,0.000000000,1.000000000
1403715351.772142887,1.147024000,-0.210929000,1.081535000,0.000000000,0.000000000,0.000000000,1.000000000
1403715351.777143240,1.147641000,-0.208060000,1.081753000,0.000000000,0.000000000,0.000000000,1.000000000
1403715351.782143354,1.148241000,-0.205179000,1.081987000,0.000000000,0.000000000,0.000000000,1.000000000
1403715351.787142992,1.148833000,-0.202283000,1.082233000,0.000000000,0.000000000,0.000000000,1.000000000
1403715351.792143106,1.149414000,-0.199373000,1.082483000,0.000000000,0.000000000,0.000000000,1.000000000
1403715351.797143221,1.149982000,-0.196451000,1.082729000,0.000000000,0.000000000,0.000000000,1.000000000
1403715351.802143097,1.150502000,-0.193552000,1.082953000,0.000000000,0.000000000,0.000000000,1.000000000
1403715351.807142973,1.151038000,-0.190614000,1.083186000,0.000000000,0.000000000,0.000000000,1.000000000
1403715351.812143087,1.151557000,-0.187667000,1.083422000,0.000000000,0.000000000,0.000000000,1.000000000
1403715351.817143202,1.152060000,-0.184708000,1.083660000,0.000000000,0.000000000,0.000000000,1.000000000
1403715351.822143078,1.152563000,-0.181742000,1.083904000,0.000000000,0.000000000,0.000000000,1.000000000
1403715351.827142954,1.153069000,-0.178768000,1.084151000,0.000000000,0.000000000,0.000000000,1.000000000
1403715351.832143307,1.153574000,-0.175781000,1.084403000,0.000000000,0.000000000,0.000000000,1.000000000
1403715351.837143183,1.154075000,-0.172778000,1.084673000,0.000000000,0.000000000,0.000000000,1.000000000
1403715351.842143059,1.154566000,-0.169760000,1.084959000,0.000000000,0.000000000,0.000000000,1.000000000
1403715351.847142935,1.155045000,-0.166734000,1.085249000,0.000000000,0.000000000,0.000000000,1.000000000
1403715351.852143288,1.155471000,-0.163725000,1.085522000,0.000000000,0.000000000,0.000000000,1.000000000
1403715351.857143164,1.155911000,-0.160684000,1.085802000,0.000000000,0.000000000,0.000000000,1.000000000
1403715351.862143040,1.156334000,-0.157635000,1.086077000,0.000000000,0.000000000,0.000000000,1.000000000
1403715351.867142916,1.156750000,-0.154584000,1.086348000,0.000000000,0.000000000,0.000000000,1.000000000
1403715351.872143269,1.157161000,-0.151535000,1.086621000,0.000000000,0.000000000,0.000000000,1.000000000
1403715351.877142906,1.157566000,-0.148486000,1.086891000,0.000000000,0.000000000,0.000000000,1.000000000
1403715351.882143021,1.157967000,-0.145431000,1.087151000,0.000000000,0.000000000,0.000000000,1.000000000
1403715351.887142897,1.158360000,-0.142362000,1.087402000,0.000000000,0.000000000,0.000000000,1.000000000
1403715351.892143250,1.158747000,-0.139276000,1.087647000,0.000000000,0.000000000,0.000000000,1.000000000
1403715351.897142887,1.159124000,-0.136177000,1.087898000,0.000000000,0.000000000,0.000000000,1.000000000
1403715351.902143002,1.159454000,-0.133090000,1.088137000,0.000000000,0.000000000,0.000000000,1.000000000
1403715351.907143354,1.159815000,-0.129988000,1.088390000,0.000000000,0.000000000,0.000000000,1.000000000
1403715351.912143230,1.160175000,-0.126881000,1.088644000,0.000000000,0.000000000,0.000000000,1.000000000
1403715351.917143106,1.160532000,-0.123771000,1.088904000,0.000000000,0.000000000,0.000000000,1.000000000
1403715351.922142982,1.160880000,-0.120662000,1.089167000,0.000000000,0.000000000,0.000000000,1.000000000
1403715351.927143335,1.161221000,-0.117541000,1.089428000,0.000000000,0.000000000,0.000000000,1.000000000
1403715351.932142973,1.161561000,-0.114409000,1.089683000,0.000000000,0.000000000,0.000000000,1.000000000
1403715351.937143087,1.161910000,-0.111268000,1.089947000,0.000000000,0.000000000,0.000000000,1.000000000
1403715351.942142963,1.162260000,-0.108122000,1.090232000,0.000000000,0.000000000,0.000000000,1.000000000
1403715351.947143316,1.162601000,-0.104967000,1.090533000,0.000000000,0.000000000,0.000000000,1.000000000
1403715351.952142954,1.162899000,-0.101809000,1.090830000,0.000000000,0.000000000,0.000000000,1.000000000
1403715351.957143068,1.163239000,-0.098635000,1.091162000,0.000000000,0.000000000,0.000000000,1.000000000
1403715351.962142944,1.163582000,-0.095452000,1.091505000,0.000000000,0.000000000,0.000000000,1.000000000
1403715351.967143297,1.163925000,-0.092262000,1.091861000,0.000000000,0.000000000,0.000000000,1.000000000
1403715351.972142935,1.164262000,-0.089068000,1.092233000,0.000000000,0.000000000,0.000000000,1.000000000
1403715351.977143049,1.164596000,-0.085878000,1.092614000,0.000000000,0.000000000,0.000000000,1.000000000
1403715351.982143164,1.164916000,-0.082701000,1.093004000,0.000000000,0.000000000,0.000000000,1.000000000
1403715351.987143040,1.165211000,-0.079536000,1.093384000,0.000000000,0.000000000,0.000000000,1.000000000
1403715351.992142916,1.165488000,-0.076374000,1.093753000,0.000000000,0.000000000,0.000000000,1.000000000
1403715351.997143030,1.165751000,-0.073215000,1.094133000,0.000000000,0.000000000,0.000000000,1.000000000
1403715352.002143145,1.165960000,-0.070062000,1.094503000,0.000000000,0.000000000,0.000000000,1.000000000
1403715352.007143021,1.166198000,-0.066902000,1.094921000,0.000000000,0.000000000,0.000000000,1.000000000
1403715352.012142897,1.166441000,-0.063743000,1.095358000,0.000000000,0.000000000,0.000000000,1.000000000
1403715352.017143011,1.166691000,-0.060595000,1.095797000,0.000000000,0.000000000,0.000000000,1.000000000
1403715352.022143126,1.166942000,-0.057446000,1.096231000,0.000000000,0.000000000,0.000000000,1.000000000
1403715352.027143002,1.167190000,-0.054292000,1.096666000,0.000000000,0.000000000,0.000000000,1.000000000
1403715352.032143116,1.167438000,-0.051134000,1.097104000,0.000000000,0.000000000,0.000000000,1.000000000
1403715352.037143230,1.167686000,-0.047967000,1.097544000,0.000000000,0.000000000,0.000000000,1.000000000
1403715352.042143345,1.167932000,-0.044795000,1.097994000,0.000000000,0.000000000,0.000000000,1.000000000
1403715352.047142982,1.168176000,-0.041626000,1.098448000,0.000000000,0.000000000,0.000000000,1.000000000
1403715352.052143097,1.168421000,-0.038465000,1.098917000,0.000000000,0.000000000,0.000000000,1.000000000
1403715352.057143211,1.168620000,-0.035307000,1.099376000,0.000000000,0.000000000,0.000000000,1.000000000
1403715352.062143087,1.168858000,-0.032154000,1.099901000,0.000000000,0.000000000,0.000000000,1.000000000
1403715352.067142963,1.169103000,-0.029001000,1.100453000,0.000000000,0.000000000,0.000000000,1.000000000
1403715352.072143078,1.169358000,-0.025858000,1.101027000,0.000000000,0.000000000,0.000000000,1.000000000
1403715352.077143192,1.169619000,-0.022723000,1.101622000,0.000000000,0.000000000,0.000000000,1.000000000
1403715352.082143068,1.169884000,-0.019594000,1.102234000,0.000000000,0.000000000,0.000000000,1.000000000
1403715352.087142944,1.170155000,-0.016470000,1.102853000,0.000000000,0.000000000,0.000000000,1.000000000
1403715352.092143297,1.170426000,-0.013344000,1.103467000,0.000000000,0.000000000,0.000000000,1.000000000
1403715352.097143173,1.170689000,-0.010219000,1.104068000,0.000000000,0.000000000,0.000000000,1.000000000
1403715352.102143049,1.170914000,-0.007092000,1.104629000,0.000000000,0.000000000,0.000000000,1.000000000
1403715352.107142925,1.171165000,-0.003980000,1.105219000,0.000000000,0.000000000,0.000000000,1.000000000
1403715352.112143278,1.171414000,-0.000869000,1.105809000,0.000000000,0.000000000,0.000000000,1.000000000
1403715352.117143154,1.171658000,0.002238000,1.106403000,0.000000000,0.000000000,0.000000000,1.000000000
1403715352.122143030,1.171905000,0.005348000,1.106999000,0.000000000,0.000000000,0.000000000,1.000000000
1403715352.127142906,1.172157000,0.008463000,1.107599000,0.000000000,0.000000000,0.000000000,1.000000000
1403715352.132143259,1.172408000,0.011573000,1.108203000,0.000000000,0.000000000,0.000000000,1.000000000
1403715352.137142897,1.172651000,0.014668000,1.108810000,0.000000000,0.000000000,0.000000000,1.000000000
1403715352.142143011,1.172893000,0.017747000,1.109426000,0.000000000,0.000000000,0.000000000,1.000000000
1403715352.147142887,1.173137000,0.020820000,1.110051000,0.000000000,0.000000000,0.000000000,1.000000000
1403715352.152143240,1.173339000,0.023908000,1.110641000,0.000000000,0.000000000,0.000000000,1.000000000
1403715352.157143116,1.173562000,0.026984000,1.111241000,0.000000000,0.000000000,0.000000000,1.000000000
1403715352.162142992,1.173785000,0.030063000,1.111823000,0.000000000,0.000000000,0.000000000,1.000000000
1403715352.167143345,1.174011000,0.033135000,1.112405000,0.000000000,0.000000000,0.000000000,1.000000000
1403715352.172143221,1.174238000,0.036186000,1.112996000,0.000000000,0.000000000,0.000000000,1.000000000
1403715352.177143097,1.174470000,0.039220000,1.113590000,0.000000000,0.000000000,0.000000000,1.000000000
1403715352.182142973,1.174707000,0.042247000,1.114190000,0.000000000,0.000000000,0.000000000,1.000000000
1403715352.187143326,1.174942000,0.045272000,1.114798000,0.000000000,0.000000000,0.000000000,1.000000000
1403715352.192142963,1.175177000,0.048300000,1.115416000,0.000000000,0.000000000,0.000000000,1.000000000
1403715352.197143078,1.175415000,0.051335000,1.116040000,0.000000000,0.000000000,0.000000000,1.000000000
1403715352.202142954,1.175622000,0.054389000,1.116642000,0.000000000,0.000000000,0.000000000,1.000000000
1403715352.207143307,1.175854000,0.057422000,1.117268000,0.000000000,0.000000000,0.000000000,1.000000000
1403715352.212142944,1.176094000,0.060435000,1.117877000,0.000000000,0.000000000,0.000000000,1.000000000
1403715352.217143059,1.176342000,0.063428000,1.118467000,0.000000000,0.000000000,0.000000000,1.000000000
1403715352.222143173,1.176592000,0.066407000,1.119035000,0.000000000,0.000000000,0.000000000,1.000000000
1403715352.227143288,1.176842000,0.069384000,1.119593000,0.000000000,0.000000000,0.000000000,1.000000000
1403715352.232142925,1.177088000,0.072365000,1.120157000,0.000000000,0.000000000,0.000000000,1.000000000
1403715352.237143040,1.177334000,0.075347000,1.120729000,0.000000000,0.000000000,0.000000000,1.000000000
1403715352.242143154,1.177584000,0.078321000,1.121310000,0.000000000,0.000000000,0.000000000,1.000000000
1403715352.247143030,1.177835000,0.081280000,1.121901000,0.000000000,0.000000000,0.000000000,1.000000000
1403715352.252142906,1.178070000,0.084242000,1.122473000,0.000000000,0.000000000,0.000000000,1.000000000
1403715352.257143021,1.178348000,0.087183000,1.123079000,0.000000000,0.000000000,0.000000000,1.000000000
1403715352.262143135,1.178635000,0.090119000,1.123671000,0.000000000,0.000000000,0.000000000,1.000000000
1403715352.267143011,1.178922000,0.093054000,1.124236000,0.000000000,0.000000000,0.000000000,1.000000000
1403715352.272142887,1.179213000,0.095995000,1.124775000,0.000000000,0.000000000,0.000000000,1.000000000
1403715352.277143240,1.179509000,0.098939000,1.125298000,0.000000000,0.000000000,0.000000000,1.000000000
1403715352.282143354,1.179808000,0.101875000,1.125813000,0.000000000,0.000000000,0.000000000,1.000000000
1403715352.287142992,1.180109000,0.104800000,1.126328000,0.000000000,0.000000000,0.000000000,1.000000000
1403715352.292143106,1.180421000,0.107720000,1.126849000,0.000000000,0.000000000,0.000000000,1.000000000
1403715352.297143221,1.180741000,0.110636000,1.127374000,0.000000000,0.000000000,0.000000000,1.000000000
1403715352.302143097,1.181035000,0.113568000,1.127873000,0.000000000,0.000000000,0.000000000,1.000000000
1403715352.307142973,1.181354000,0.116482000,1.128380000,0.000000000,0.000000000,0.000000000,1.000000000
1403715352.312143087,1.181681000,0.119393000,1.128875000,0.000000000,0.000000000,0.000000000,1.000000000
1403715352.317143202,1.182011000,0.122297000,1.129363000,0.000000000,0.000000000,0.000000000,1.000000000
1403715352.322143078,1.182341000,0.125184000,1.129844000,0.000000000,0.000000000,0.000000000,1.000000000
1403715352.327142954,1.182681000,0.128055000,1.130318000,0.000000000,0.000000000,0.000000000,1.000000000
1403715352.332143307,1.183037000,0.130917000,1.130800000,0.000000000,0.000000000,0.000000000,1.000000000
1403715352.337143183,1.183403000,0.133771000,1.131288000,0.000000000,0.000000000,0.000000000,1.000000000
1403715352.342143059,1.183771000,0.136622000,1.131781000,0.000000000,0.000000000,0.000000000,1.000000000
1403715352.347142935,1.184144000,0.139472000,1.132281000,0.000000000,0.000000000,0.000000000,1.000000000
1403715352.352143288,1.184502000,0.142342000,1.132783000,0.000000000,0.000000000,0.000000000,1.000000000
1403715352.357143164,1.184879000,0.145197000,1.133289000,0.000000000,0.000000000,0.000000000,1.000000000
1403715352.362143040,1.185265000,0.148048000,1.133775000,0.000000000,0.000000000,0.000000000,1.000000000
1403715352.367142916,1.185658000,0.150883000,1.134236000,0.000000000,0.000000000,0.000000000,1.000000000
1403715352.372143269,1.186051000,0.153700000,1.134681000,0.000000000,0.000000000,0.000000000,1.000000000
1403715352.377142906,1.186448000,0.156511000,1.135107000,0.000000000,0.000000000,0.000000000,1.000000000
1403715352.382143021,1.186852000,0.159324000,1.135512000,0.000000000,0.000000000,0.000000000,1.000000000
1403715352.387142897,1.187255000,0.162136000,1.135894000,0.000000000,0.000000000,0.000000000,1.000000000
1403715352.392143250,1.187651000,0.164940000,1.136261000,0.000000000,0.000000000,0.000000000,1.000000000
1403715352.397142887,1.188044000,0.167734000,1.136631000,0.000000000,0.000000000,0.000000000,1.000000000
1403715352.402143002,1.188429000,0.170534000,1.137019000,0.000000000,0.000000000,0.000000000,1.000000000
1403715352.407143354,1.188826000,0.173311000,1.137411000,0.000000000,0.000000000,0.000000000,1.000000000
1403715352.412143230,1.189229000,0.176072000,1.137804000,0.000000000,0.000000000,0.000000000,1.000000000
1403715352.417143106,1.189631000,0.178828000,1.138187000,0.000000000,0.000000000,0.000000000,1.000000000
1403715352.422142982,1.190030000,0.181574000,1.138557000,0.000000000,0.000000000,0.000000000,1.000000000
1403715352.427143335,1.190430000,0.184306000,1.138910000,0.000000000,0.000000000,0.000000000,1.000000000
1403715352.432142973,1.190840000,0.187039000,1.139251000,0.000000000,0.000000000,0.000000000,1.000000000
1403715352.437143087,1.191267000,0.189774000,1.139593000,0.000000000,0.000000000,0.000000000,1.000000000
1403715352.442142963,1.191705000,0.192503000,1.139927000,0.000000000,0.000000000,0.000000000,1.000000000
1403715352.447143316,1.192150000,0.195227000,1.140242000,0.000000000,0.000000000,0.000000000,1.000000000
1403715352.452142954,1.192604000,0.197956000,1.140562000,0.000000000,0.000000000,0.000000000,1.000000000
1403715352.457143068,1.193069000,0.200662000,1.140876000,0.000000000,0.000000000,0.000000000,1.000000000
1403715352.462142944,1.193538000,0.203351000,1.141194000,0.000000000,0.000000000,0.000000000,1.000000000
1403715352.467143297,1.194020000,0.206027000,1.141510000,0.000000000,0.000000000,0.000000000,1.000000000
1403715352.472142935,1.194517000,0.208698000,1.141832000,0.000000000,0.000000000,0.000000000,1.000000000
1403715352.477143049,1.195025000,0.211366000,1.142165000,0.000000000,0.000000000,0.000000000,1.000000000
1403715352.482143164,1.195545000,0.214028000,1.142501000,0.000000000,0.000000000,0.000000000,1.000000000
1403715352.487143040,1.196080000,0.216683000,1.142836000,0.000000000,0.000000000,0.000000000,1.000000000
1403715352.492142916,1.196629000,0.219324000,1.143167000,0.000000000,0.000000000,0.000000000,1.000000000
1403715352.497143030,1.197189000,0.221947000,1.143494000,0.000000000,0.000000000,0.000000000,1.000000000
1403715352.502143145,1.197764000,0.224564000,1.143840000,0.000000000,0.000000000,0.000000000,1.000000000
1403715352.507143021,1.198350000,0.227161000,1.144178000,0.000000000,0.000000000,0.000000000,1.000000000
1403715352.512142897,1.198946000,0.229750000,1.144515000,0.000000000,0.000000000,0.000000000,1.000000000
1403715352.517143011,1.199545000,0.232330000,1.144837000,0.000000000,0.000000000,0.000000000,1.000000000
1403715352.522143126,1.200152000,0.234898000,1.145140000,0.000000000,0.000000000,0.000000000,1.000000000
1403715352.527143002,1.200774000,0.237450000,1.145442000,0.000000000,0.000000000,0.000000000,1.000000000
1403715352.532143116,1.201407000,0.239984000,1.145748000,0.000000000,0.000000000,0.000000000,1.000000000
1403715352.537143230,1.202052000,0.242505000,1.146049000,0.000000000,0.000000000,0.000000000,1.000000000
1403715352.542143345,1.202708000,0.245010000,1.146344000,0.000000000,0.000000000,0.000000000,1.000000000
1403715352.547142982,1.203372000,0.247499000,1.146632000,0.000000000,0.000000000,0.000000000,1.000000000
1403715352.552143097,1.204053000,0.249977000,1.146940000,0.000000000,0.000000000,0.000000000,1.000000000
1403715352.557143211,1.204739000,0.252434000,1.147237000,0.000000000,0.000000000,0.000000000,1.000000000
1403715352.562143087,1.205438000,0.254878000,1.147535000,0.000000000,0.000000000,0.000000000,1.000000000
1403715352.567142963,1.206147000,0.257308000,1.147834000,0.000000000,0.000000000,0.000000000,1.000000000
1403715352.572143078,1.206869000,0.259727000,1.148131000,0.000000000,0.000000000,0.000000000,1.000000000
1403715352.577143192,1.207610000,0.262134000,1.148429000,0.000000000,0.000000000,0.000000000,1.000000000
1403715352.582143068,1.208364000,0.264529000,1.148725000,0.000000000,0.000000000,0.000000000,1.000000000
1403715352.587142944,1.209130000,0.266912000,1.149015000,0.000000000,0.000000000,0.000000000,1.000000000
1403715352.592143297,1.209911000,0.269279000,1.149299000,0.000000000,0.000000000,0.000000000,1.000000000
1403715352.597143173,1.210701000,0.271631000,1.149571000,0.000000000,0.000000000,0.000000000,1.000000000
1403715352.602143049,1.211508000,0.273976000,1.149858000,0.000000000,0.000000000,0.000000000,1.000000000
1403715352.607142925,1.212315000,0.276306000,1.150121000,0.000000000,0.000000000,0.000000000,1.000000000
1403715352.612143278,1.213123000,0.278620000,1.150374000,0.000000000,0.000000000,0.000000000,1.000000000
1403715352.617143154,1.213934000,0.280918000,1.150612000,0.000000000,0.000000000,0.000000000,1.000000000
1403715352.622143030,1.214746000,0.283197000,1.150843000,0.000000000,0.000000000,0.000000000,1.000000000
1403715352.627142906,1.215565000,0.285453000,1.151069000,0.000000000,0.000000000,0.000000000,1.000000000
1403715352.632143259,1.216399000,0.287698000,1.151297000,0.000000000,0.000000000,0.000000000,1.000000000
1403715352.637142897,1.217242000,0.289938000,1.151521000,0.000000000,0.000000000,0.000000000,1.000000000
1403715352.642143011,1.218086000,0.292183000,1.151730000,0.000000000,0.000000000,0.000000000,1.000000000
1403715352.647142887,1.218923000,0.294431000,1.151922000,0.000000000,0.000000000,0.000000000,1.000000000
1403715352.652143240,1.219767000,0.296676000,1.152123000,0.000000000,0.000000000,0.000000000,1.000000000
1403715352.657143116,1.220611000,0.298910000,1.152297000,0.000000000,0.000000000,0.000000000,1.000000000
1403715352.662142992,1.221468000,0.301125000,1.152481000,0.000000000,0.000000000,0.000000000,1.000000000
1403715352.667143345,1.222338000,0.303324000,1.152675000,0.000000000,0.000000000,0.000000000,1.000000000
1403715352.672143221,1.223221000,0.305509000,1.152879000,0.000000000,0.000000000,0.000000000,1.000000000
1403715352.677143097,1.224116000,0.307686000,1.153089000,0.000000000,0.000000000,0.000000000,1.000000000
1403715352.682142973,1.225025000,0.309860000,1.153315000,0.000000000,0.000000000,0.000000000,1.000000000
1403715352.687143326,1.225940000,0.312029000,1.153559000,0.000000000,0.000000000,0.000000000,1.000000000
1403715352.692142963,1.226859000,0.314190000,1.153808000,0.000000000,0.000000000,0.000000000,1.000000000
1403715352.697143078,1.227783000,0.316339000,1.154049000,0.000000000,0.000000000,0.000000000,1.000000000
1403715352.702142954,1.228731000,0.318474000,1.154302000,0.000000000,0.000000000,0.000000000,1.000000000
1403715352.707143307,1.229665000,0.320593000,1.154523000,0.000000000,0.000000000,0.000000000,1.000000000
1403715352.712142944,1.230600000,0.322701000,1.154733000,0.000000000,0.000000000,0.000000000,1.000000000
1403715352.717143059,1.231536000,0.324804000,1.154941000,0.000000000,0.000000000,0.000000000,1.000000000
1403715352.722143173,1.232472000,0.326900000,1.155154000,0.000000000,0.000000000,0.000000000,1.000000000
1403715352.727143288,1.233412000,0.328990000,1.155372000,0.000000000,0.000000000,0.000000000,1.000000000
1403715352.732142925,1.234352000,0.331076000,1.155597000,0.000000000,0.000000000,0.000000000,1.000000000
1403715352.737143040,1.235284000,0.333150000,1.155817000,0.000000000,0.000000000,0.000000000,1.000000000
1403715352.742143154,1.236212000,0.335209000,1.156025000,0.000000000,0.000000000,0.000000000,1.000000000
1403715352.747143030,1.237143000,0.337259000,1.156233000,0.000000000,0.000000000,0.000000000,1.000000000
1403715352.752142906,1.238101000,0.339300000,1.156457000,0.000000000,0.000000000,0.000000000,1.000000000
1403715352.757143021,1.239038000,0.341326000,1.156655000,0.000000000,0.000000000,0.000000000,1.000000000
1403715352.762143135,1.239972000,0.343342000,1.156840000,0.000000000,0.000000000,0.000000000,1.000000000
1403715352.767143011,1.240904000,0.345354000,1.157019000,0.000000000,0.000000000,0.000000000,1.000000000
1403715352.772142887,1.241833000,0.347362000,1.157199000,0.000000000,0.000000000,0.000000000,1.000000000
1403715352.777143240,1.242764000,0.349364000,1.157374000,0.000000000,0.000000000,0.000000000,1.000000000
1403715352.782143354,1.243696000,0.351359000,1.157551000,0.000000000,0.000000000,0.000000000,1.000000000
1403715352.787142992,1.244619000,0.353332000,1.157737000,0.000000000,0.000000000,0.000000000,1.000000000
1403715352.792143106,1.245536000,0.355285000,1.157927000,0.000000000,0.000000000,0.000000000,1.000000000
1403715352.797143221,1.246453000,0.357229000,1.158119000,0.000000000,0.000000000,0.000000000,1.000000000
1403715352.802143097,1.247401000,0.359166000,1.158321000,0.000000000,0.000000000,0.000000000,1.000000000
1403715352.807142973,1.248323000,0.361091000,1.158521000,0.000000000,0.000000000,0.000000000,1.000000000
1403715352.812143087,1.249238000,0.363003000,1.158726000,0.000000000,0.000000000,0.000000000,1.000000000
1403715352.817143202,1.250150000,0.364915000,1.158926000,0.000000000,0.000000000,0.000000000,1.000000000
1403715352.822143078,1.251062000,0.366832000,1.159112000,0.000000000,0.000000000,0.000000000,1.000000000
1403715352.827142954,1.251973000,0.368745000,1.159272000,0.000000000,0.000000000,0.000000000,1.000000000
1403715352.832143307,1.252880000,0.370645000,1.159410000,0.000000000,0.000000000,0.000000000,1.000000000
1403715352.837143183,1.253784000,0.372527000,1.159534000,0.000000000,0.000000000,0.000000000,1.000000000
1403715352.842143059,1.254685000,0.374399000,1.159656000,0.000000000,0.000000000,0.000000000,1.000000000
1403715352.847142935,1.255581000,0.376267000,1.159787000,0.000000000,0.000000000,0.000000000,1.000000000
1403715352.852143288,1.256500000,0.378132000,1.159930000,0.000000000,0.000000000,0.000000000,1.000000000
1403715352.857143164,1.257391000,0.379995000,1.160066000,0.000000000,0.000000000,0.000000000,1.000000000
1403715352.862143040,1.258278000,0.381846000,1.160200000,0.000000000,0.000000000,0.000000000,1.000000000
1403715352.867142916,1.259159000,0.383679000,1.160332000,0.000000000,0.000000000,0.000000000,1.000000000
1403715352.872143269,1.260043000,0.385501000,1.160466000,0.000000000,0.000000000,0.000000000,1.000000000
1403715352.877142906,1.260928000,0.387319000,1.160609000,0.000000000,0.000000000,0.000000000,1.000000000
1403715352.882143021,1.261805000,0.389133000,1.160756000,0.000000000,0.000000000,0.000000000,1.000000000
1403715352.887142897,1.262669000,0.390943000,1.160899000,0.000000000,0.000000000,0.000000000,1.000000000
1403715352.892143250,1.263519000,0.392747000,1.161042000,0.000000000,0.000000000,0.000000000,1.000000000
1403715352.897142887,1.264362000,0.394543000,1.161187000,0.000000000,0.000000000,0.000000000,1.000000000
1403715352.902143002,1.265229000,0.396328000,1.161337000,0.000000000,0.000000000,0.000000000,1.000000000
1403715352.907143354,1.266062000,0.398097000,1.161478000,0.000000000,0.000000000,0.000000000,1.000000000
1403715352.912143230,1.266883000,0.399849000,1.161607000,0.000000000,0.000000000,0.000000000,1.000000000
1403715352.917143106,1.267698000,0.401596000,1.161732000,0.000000000,0.000000000,0.000000000,1.000000000
1403715352.922142982,1.268504000,0.403344000,1.161874000,0.000000000,0.000000000,0.000000000,1.000000000
1403715352.927143335,1.269297000,0.405092000,1.162030000,0.000000000,0.000000000,0.000000000,1.000000000
1403715352.932142973,1.270082000,0.406837000,1.162181000,0.000000000,0.000000000,0.000000000,1.000000000
1403715352.937143087,1.270861000,0.408575000,1.162327000,0.000000000,0.000000000,0.000000000,1.000000000
1403715352.942142963,1.271631000,0.410295000,1.162475000,0.000000000,0.000000000,0.000000000,1.000000000
1403715352.947143316,1.272392000,0.411995000,1.162622000,0.000000000,0.000000000,0.000000000,1.000000000
1403715352.952142954,1.273177000,0.413687000,1.162759000,0.000000000,0.000000000,0.000000000,1.000000000
1403715352.957143068,1.273922000,0.415376000,1.162887000,0.000000000,0.000000000,0.000000000,1.000000000
1403715352.962142944,1.274650000,0.417061000,1.163023000,0.000000000,0.000000000,0.000000000,1.000000000
1403715352.967143297,1.275373000,0.418749000,1.163168000,0.000000000,0.000000000,0.000000000,1.000000000
1403715352.972142935,1.276100000,0.420439000,1.163329000,0.000000000,0.000000000,0.000000000,1.000000000
1403715352.977143049,1.276826000,0.422120000,1.163501000,0.000000000,0.000000000,0.000000000,1.000000000
1403715352.982143164,1.277548000,0.423788000,1.163669000,0.000000000,0.000000000,0.000000000,1.000000000
1403715352.987143040,1.278269000,0.425444000,1.163832000,0.000000000,0.000000000,0.000000000,1.000000000
1403715352.992142916,1.278988000,0.427096000,1.163993000,0.000000000,0.000000000,0.000000000,1.000000000
1403715352.997143030,1.279699000,0.428748000,1.164153000,0.000000000,0.000000000,0.000000000,1.000000000
1403715353.002143145,1.280416000,0.430398000,1.164304000,0.000000000,0.000000000,0.000000000,1.000000000
1403715353.007143021,1.281098000,0.432039000,1.164438000,0.000000000,0.000000000,0.000000000,1.000000000
1403715353.012142897,1.281780000,0.433671000,1.164572000,0.000000000,0.000000000,0.000000000,1.000000000
1403715353.017143011,1.282461000,0.435287000,1.164716000,0.000000000,0.000000000,0.000000000,1.000000000
1403715353.022143126,1.283144000,0.436886000,1.164875000,0.000000000,0.000000000,0.000000000,1.000000000
1403715353.027143002,1.283823000,0.438473000,1.165049000,0.000000000,0.000000000,0.000000000,1.000000000
1403715353.032143116,1.284494000,0.440053000,1.165232000,0.000000000,0.000000000,0.000000000,1.000000000
1403715353.037143230,1.285160000,0.441632000,1.165435000,0.000000000,0.000000000,0.000000000,1.000000000
1403715353.042143345,1.285821000,0.443210000,1.165658000,0.000000000,0.000000000,0.000000000,1.000000000
1403715353.047142982,1.286481000,0.444780000,1.165881000,0.000000000,0.000000000,0.000000000,1.000000000
1403715353.052143097,1.287165000,0.446339000,1.166113000,0.000000000,0.000000000,0.000000000,1.000000000
1403715353.057143211,1.287824000,0.447884000,1.166328000,0.000000000,0.000000000,0.000000000,1.000000000
1403715353.062143087,1.288472000,0.449421000,1.166535000,0.000000000,0.000000000,0.000000000,1.000000000
1403715353.067142963,1.289112000,0.450954000,1.166740000,0.000000000,0.000000000,0.000000000,1.000000000
1403715353.072143078,1.289744000,0.452487000,1.166951000,0.000000000,0.000000000,0.000000000,1.000000000
1403715353.077143192,1.290366000,0.454015000,1.167173000,0.000000000,0.000000000,0.000000000,1.000000000
1403715353.082143068,1.290980000,0.455534000,1.167406000,0.000000000,0.000000000,0.000000000,1.000000000
1403715353.087142944,1.291592000,0.457042000,1.167660000,0.000000000,0.000000000,0.000000000,1.000000000
1403715353.092143297,1.292210000,0.458533000,1.167951000,0.000000000,0.000000000,0.000000000,1.000000000
1403715353.097143173,1.292830000,0.460004000,1.168275000,0.000000000,0.000000000,0.000000000,1.000000000
1403715353.102143049,1.293465000,0.461465000,1.168628000,0.000000000,0.000000000,0.000000000,1.000000000
1403715353.107142925,1.294074000,0.462917000,1.168973000,0.000000000,0.000000000,0.000000000,1.000000000
1403715353.112143278,1.294675000,0.464370000,1.169332000,0.000000000,0.000000000,0.000000000,1.000000000
1403715353.117143154,1.295266000,0.465816000,1.169696000,0.000000000,0.000000000,0.000000000,1.000000000
1403715353.122143030,1.295851000,0.467247000,1.170057000,0.000000000,0.000000000,0.000000000,1.000000000
1403715353.127142906,1.296433000,0.468663000,1.170423000,0.000000000,0.000000000,0.000000000,1.000000000
1403715353.132143259,1.297014000,0.470066000,1.170808000,0.000000000,0.000000000,0.000000000,1.000000000
1403715353.137142897,1.297593000,0.471463000,1.171226000,0.000000000,0.000000000,0.000000000,1.000000000
1403715353.142143011,1.298167000,0.472856000,1.171687000,0.000000000,0.000000000,0.000000000,1.000000000
1403715353.147142887,1.298735000,0.474244000,1.172191000,0.000000000,0.000000000,0.000000000,1.000000000
1403715353.152143240,1.299301000,0.475627000,1.172732000,0.000000000,0.000000000,0.000000000,1.000000000
1403715353.157143116,1.299899000,0.477009000,1.173313000,0.000000000,0.000000000,0.000000000,1.000000000
1403715353.162142992,1.300474000,0.478369000,1.173893000,0.000000000,0.000000000,0.000000000,1.000000000
1403715353.167143345,1.301040000,0.479718000,1.174491000,0.000000000,0.000000000,0.000000000,1.000000000
1403715353.172143221,1.301596000,0.481058000,1.175111000,0.000000000,0.000000000,0.000000000,1.000000000
1403715353.177143097,1.302147000,0.482390000,1.175751000,0.000000000,0.000000000,0.000000000,1.000000000
1403715353.182142973,1.302690000,0.483717000,1.176415000,0.000000000,0.000000000,0.000000000,1.000000000
1403715353.187143326,1.303221000,0.485041000,1.177110000,0.000000000,0.000000000,0.000000000,1.000000000
1403715353.192142963,1.303742000,0.486355000,1.177827000,0.000000000,0.000000000,0.000000000,1.000000000
1403715353.197143078,1.304254000,0.487651000,1.178583000,0.000000000,0.000000000,0.000000000,1.000000000
1403715353.202142954,1.304767000,0.488942000,1.179403000,0.000000000,0.000000000,0.000000000,1.000000000
1403715353.207143307,1.305260000,0.490213000,1.180243000,0.000000000,0.000000000,0.000000000,1.000000000
1403715353.212142944,1.305752000,0.491482000,1.181120000,0.000000000,0.000000000,0.000000000,1.000000000
1403715353.217143059,1.306248000,0.492757000,1.182036000,0.000000000,0.000000000,0.000000000,1.000000000
1403715353.222143173,1.306745000,0.494028000,1.182984000,0.000000000,0.000000000,0.000000000,1.000000000
1403715353.227143288,1.307243000,0.495292000,1.183948000,0.000000000,0.000000000,0.000000000,1.000000000
1403715353.232142925,1.307740000,0.496538000,1.184932000,0.000000000,0.000000000,0.000000000,1.000000000
1403715353.237143040,1.308226000,0.497762000,1.185940000,0.000000000,0.000000000,0.000000000,1.000000000
1403715353.242143154,1.308697000,0.498966000,1.186975000,0.000000000,0.000000000,0.000000000,1.000000000
1403715353.247143030,1.309153000,0.500158000,1.188036000,0.000000000,0.000000000,0.000000000,1.000000000
1403715353.252142906,1.309612000,0.501352000,1.189149000,0.000000000,0.000000000,0.000000000,1.000000000
1403715353.257143021,1.310055000,0.502538000,1.190255000,0.000000000,0.000000000,0.000000000,1.000000000
1403715353.262143135,1.310499000,0.503712000,1.191380000,0.000000000,0.000000000,0.000000000,1.000000000
1403715353.267143011,1.310943000,0.504870000,1.192533000,0.000000000,0.000000000,0.000000000,1.000000000
1403715353.272142887,1.311386000,0.506023000,1.193713000,0.000000000,0.000000000,0.000000000,1.000000000
1403715353.277143240,1.311819000,0.507176000,1.194926000,0.000000000,0.000000000,0.000000000,1.000000000
1403715353.282143354,1.312242000,0.508327000,1.196180000,0.000000000,0.000000000,0.000000000,1.000000000
1403715353.287142992,1.312662000,0.509473000,1.197472000,0.000000000,0.000000000,0.000000000,1.000000000
1403715353.292143106,1.313079000,0.510603000,1.198799000,0.000000000,0.000000000,0.000000000,1.000000000
1403715353.297143221,1.313492000,0.511717000,1.200152000,0.000000000,0.000000000,0.000000000,1.000000000
1403715353.302143097,1.313921000,0.512819000,1.201557000,0.000000000,0.000000000,0.000000000,1.000000000
1403715353.307142973,1.314340000,0.513919000,1.202955000,0.000000000,0.000000000,0.000000000,1.000000000
1403715353.312143087,1.314758000,0.515017000,1.204369000,0.000000000,0.000000000,0.000000000,1.000000000
1403715353.317143202,1.315175000,0.516106000,1.205788000,0.000000000,0.000000000,0.000000000,1.000000000
1403715353.322143078,1.315584000,0.517187000,1.207211000,0.000000000,0.000000000,0.000000000,1.000000000
1403715353.327142954,1.315978000,0.518259000,1.208633000,0.000000000,0.000000000,0.000000000,1.000000000
1403715353.332143307,1.316365000,0.519326000,1.210049000,0.000000000,0.000000000,0.000000000,1.000000000
1403715353.337143183,1.316748000,0.520389000,1.211455000,0.000000000,0.000000000,0.000000000,1.000000000
1403715353.342143059,1.317126000,0.521447000,1.212847000,0.000000000,0.000000000,0.000000000,1.000000000
1403715353.347142935,1.317502000,0.522503000,1.214238000,0.000000000,0.000000000,0.000000000,1.000000000
1403715353.352143288,1.317887000,0.523545000,1.215663000,0.000000000,0.000000000,0.000000000,1.000000000
1403715353.357143164,1.318259000,0.524580000,1.217057000,0.000000000,0.000000000,0.000000000,1.000000000
1403715353.362143040,1.318628000,0.525608000,1.218434000,0.000000000,0.000000000,0.000000000,1.000000000
1403715353.367142916,1.318991000,0.526633000,1.219793000,0.000000000,0.000000000,0.000000000,1.000000000
1403715353.372143269,1.319348000,0.527654000,1.221133000,0.000000000,0.000000000,0.000000000,1.000000000
1403715353.377142906,1.319704000,0.528666000,1.222453000,0.000000000,0.000000000,0.000000000,1.000000000
1403715353.382143021,1.320066000,0.529675000,1.223758000,0.000000000,0.000000000,0.000000000,1.000000000
1403715353.387142897,1.320434000,0.530686000,1.225041000,0.000000000,0.000000000,0.000000000,1.000000000
1403715353.392143250,1.320804000,0.531701000,1.226303000,0.000000000,0.000000000,0.000000000,1.000000000
1403715353.397142887,1.321173000,0.532720000,1.227546000,0.000000000,0.000000000,0.000000000,1.000000000
1403715353.402143002,1.321555000,0.533730000,1.228787000,0.000000000,0.000000000,0.000000000,1.000000000
1403715353.407143354,1.321921000,0.534747000,1.229982000,0.000000000,0.000000000,0.000000000,1.000000000
1403715353.412143230,1.322283000,0.535764000,1.231146000,0.000000000,0.000000000,0.000000000,1.000000000
1403715353.417143106,1.322645000,0.536779000,1.232284000,0.000000000,0.000000000,0.000000000,1.000000000
1403715353.422142982,1.323007000,0.537793000,1.233395000,0.000000000,0.000000000,0.000000000,1.000000000
1403715353.427143335,1.323366000,0.538807000,1.234474000,0.000000000,0.000000000,0.000000000,1.000000000
1403715353.432142973,1.323717000,0.539823000,1.235521000,0.000000000,0.000000000,0.000000000,1.000000000
1403715353.437143087,1.324056000,0.540840000,1.236532000,0.000000000,0.000000000,0.000000000,1.000000000
1403715353.442142963,1.324391000,0.541857000,1.237507000,0.000000000,0.000000000,0.000000000,1.000000000
1403715353.447143316,1.324727000,0.542875000,1.238451000,0.000000000,0.000000000,0.000000000,1.000000000
1403715353.452142954,1.325078000,0.543880000,1.239369000,0.000000000,0.000000000,0.000000000,1.000000000
1403715353.457143068,1.325413000,0.544903000,1.240235000,0.000000000,0.000000000,0.000000000,1.000000000
1403715353.462142944,1.325744000,0.545927000,1.241062000,0.000000000,0.000000000,0.000000000,1.000000000
1403715353.467143297,1.326072000,0.546953000,1.241855000,0.000000000,0.000000000,0.000000000,1.000000000
1403715353.472142935,1.326397000,0.547973000,1.242612000,0.000000000,0.000000000,0.000000000,1.000000000
1403715353.477143049,1.326719000,0.548987000,1.243333000,0.000000000,0.000000000,0.000000000,1.000000000
1403715353.482143164,1.327041000,0.549997000,1.244021000,0.000000000,0.000000000,0.000000000,1.000000000
1403715353.487143040,1.327364000,0.550996000,1.244670000,0.000000000,0.000000000,0.000000000,1.000000000
1403715353.492142916,1.327685000,0.551984000,1.245278000,0.000000000,0.000000000,0.000000000,1.000000000
1403715353.497143030,1.328000000,0.552969000,1.245846000,0.000000000,0.000000000,0.000000000,1.000000000
1403715353.502143145,1.328327000,0.553929000,1.246380000,0.000000000,0.000000000,0.000000000,1.000000000
1403715353.507143021,1.328638000,0.554896000,1.246878000,0.000000000,0.000000000,0.000000000,1.000000000
1403715353.512142897,1.328945000,0.555855000,1.247333000,0.000000000,0.000000000,0.000000000,1.000000000
1403715353.517143011,1.329247000,0.556809000,1.247747000,0.000000000,0.000000000,0.000000000,1.000000000
1403715353.522143126,1.329540000,0.557763000,1.248119000,0.000000000,0.000000000,0.000000000,1.000000000
1403715353.527143002,1.329822000,0.558720000,1.248452000,0.000000000,0.000000000,0.000000000,1.000000000
1403715353.532143116,1.330099000,0.559680000,1.248745000,0.000000000,0.000000000,0.000000000,1.000000000
1403715353.537143230,1.330375000,0.560631000,1.249002000,0.000000000,0.000000000,0.000000000,1.000000000
1403715353.542143345,1.330657000,0.561574000,1.249229000,0.000000000,0.000000000,0.000000000,1.000000000
1403715353.547142982,1.330938000,0.562512000,1.249424000,0.000000000,0.000000000,0.000000000,1.000000000
1403715353.552143097,1.331227000,0.563424000,1.249568000,0.000000000,0.000000000,0.000000000,1.000000000
1403715353.557143211,1.331492000,0.564355000,1.249678000,0.000000000,0.000000000,0.000000000,1.000000000
1403715353.562143087,1.331751000,0.565291000,1.249742000,0.000000000,0.000000000,0.000000000,1.000000000
1403715353.567142963,1.332004000,0.566229000,1.249761000,0.000000000,0.000000000,0.000000000,1.000000000
1403715353.572143078,1.332251000,0.567165000,1.249740000,0.000000000,0.000000000,0.000000000,1.000000000
1403715353.577143192,1.332502000,0.568099000,1.249680000,0.000000000,0.000000000,0.000000000,1.000000000
1403715353.582143068,1.332757000,0.569035000,1.249583000,0.000000000,0.000000000,0.000000000,1.000000000
1403715353.587142944,1.332999000,0.569971000,1.249453000,0.000000000,0.000000000,0.000000000,1.000000000
1403715353.592143297,1.333224000,0.570904000,1.249289000,0.000000000,0.000000000,0.000000000,1.000000000
1403715353.597143173,1.333436000,0.571833000,1.249099000,0.000000000,0.000000000,0.000000000,1.000000000
1403715353.602143049,1.333658000,0.572735000,1.248866000,0.000000000,0.000000000,0.000000000,1.000000000
1403715353.607142925,1.333861000,0.573643000,1.248630000,0.000000000,0.000000000,0.000000000,1.000000000
1403715353.612143278,1.334070000,0.574540000,1.248370000,0.000000000,0.000000000,0.000000000,1.000000000
1403715353.617143154,1.334286000,0.575428000,1.248087000,0.000000000,0.000000000,0.000000000,1.000000000
1403715353.622143030,1.334505000,0.576315000,1.247781000,0.000000000,0.000000000,0.000000000,1.000000000
1403715353.627142906,1.334722000,0.577207000,1.247449000,0.000000000,0.000000000,0.000000000,1.000000000
1403715353.632143259,1.334933000,0.578106000,1.247085000,0.000000000,0.000000000,0.000000000,1.000000000
1403715353.637142897,1.335137000,0.579011000,1.246689000,0.000000000,0.000000000,0.000000000,1.000000000
1403715353.642143011,1.335337000,0.579920000,1.246268000,0.000000000,0.000000000,0.000000000,1.000000000
1403715353.647142887,1.335536000,0.580825000,1.245826000,0.000000000,0.000000000,0.000000000,1.000000000
1403715353.652143240,1.335753000,0.581696000,1.245327000,0.000000000,0.000000000,0.000000000,1.000000000
1403715353.657143116,1.335951000,0.582575000,1.244825000,0.000000000,0.000000000,0.000000000,1.000000000
1403715353.662142992,1.336141000,0.583452000,1.244309000,0.000000000,0.000000000,0.000000000,1.000000000
1403715353.667143345,1.336322000,0.584330000,1.243780000,0.000000000,0.000000000,0.000000000,1.000000000
1403715353.672143221,1.336495000,0.585209000,1.243232000,0.000000000,0.000000000,0.000000000,1.000000000
1403715353.677143097,1.336662000,0.586087000,1.242666000,0.000000000,0.000000000,0.000000000,1.000000000
1403715353.682142973,1.336825000,0.586961000,1.242081000,0.000000000,0.000000000,0.000000000,1.000000000
1403715353.687143326,1.336989000,0.587824000,1.241488000,0.000000000,0.000000000,0.000000000,1.000000000
1403715353.692142963,1.337157000,0.588678000,1.240895000,0.000000000,0.000000000,0.000000000,1.000000000
1403715353.697143078,1.337326000,0.589527000,1.240312000,0.000000000,0.000000000,0.000000000,1.000000000
1403715353.702142954,1.337505000,0.590355000,1.239705000,0.000000000,0.000000000,0.000000000,1.000000000
1403715353.707143307,1.337667000,0.591210000,1.239120000,0.000000000,0.000000000,0.000000000,1.000000000
1403715353.712142944,1.337824000,0.592075000,1.238525000,0.000000000,0.000000000,0.000000000,1.000000000
1403715353.717143059,1.337976000,0.592942000,1.237914000,0.000000000,0.000000000,0.000000000,1.000000000
1403715353.722143173,1.338118000,0.593801000,1.237286000,0.000000000,0.000000000,0.000000000,1.000000000
1403715353.727143288,1.338252000,0.594654000,1.236639000,0.000000000,0.000000000,0.000000000,1.000000000
1403715353.732142925,1.338376000,0.595502000,1.235977000,0.000000000,0.000000000,0.000000000,1.000000000
1403715353.737143040,1.338491000,0.596345000,1.235302000,0.000000000,0.000000000,0.000000000,1.000000000
1403715353.742143154,1.338602000,0.597182000,1.234622000,0.000000000,0.000000000,0.000000000,1.000000000
1403715353.747143030,1.338711000,0.598016000,1.233941000,0.000000000,0.000000000,0.000000000,1.000000000
1403715353.752142906,1.338826000,0.598829000,1.233221000,0.000000000,0.000000000,0.000000000,1.000000000
1403715353.757143021,1.338930000,0.599672000,1.232528000,0.000000000,0.000000000,0.000000000,1.000000000
1403715353.762143135,1.339033000,0.600519000,1.231844000,0.000000000,0.000000000,0.000000000,1.000000000
1403715353.767143011,1.339131000,0.601371000,1.231163000,0.000000000,0.000000000,0.000000000,1.000000000
1403715353.772142887,1.339224000,0.602229000,1.230472000,0.000000000,0.000000000,0.000000000,1.000000000
1403715353.777143240,1.339312000,0.603094000,1.229769000,0.000000000,0.000000000,0.000000000,1.000000000
1403715353.782143354,1.339391000,0.603962000,1.229058000,0.000000000,0.000000000,0.000000000,1.000000000
1403715353.787142992,1.339460000,0.604829000,1.228339000,0.000000000,0.000000000,0.000000000,1.000000000
1403715353.792143106,1.339526000,0.605701000,1.227613000,0.000000000,0.000000000,0.000000000,1.000000000
1403715353.797143221,1.339587000,0.606577000,1.226878000,0.000000000,0.000000000,0.000000000,1.000000000
1403715353.802143097,1.339650000,0.607429000,1.226101000,0.000000000,0.000000000,0.000000000,1.000000000
1403715353.807142973,1.339705000,0.608302000,1.225348000,0.000000000,0.000000000,0.000000000,1.000000000
1403715353.812143087,1.339759000,0.609179000,1.224597000,0.000000000,0.000000000,0.000000000,1.000000000
1403715353.817143202,1.339810000,0.610052000,1.223832000,0.000000000,0.000000000,0.000000000,1.000000000
1403715353.822143078,1.339853000,0.610921000,1.223055000,0.000000000,0.000000000,0.000000000,1.000000000
1403715353.827142954,1.339882000,0.611789000,1.222275000,0.000000000,0.000000000,0.000000000,1.000000000
1403715353.832143307,1.339899000,0.612656000,1.221493000,0.000000000,0.000000000,0.000000000,1.000000000
1403715353.837143183,1.339914000,0.613527000,1.220711000,0.000000000,0.000000000,0.000000000,1.000000000
1403715353.842143059,1.339928000,0.614399000,1.219928000,0.000000000,0.000000000,0.000000000,1.000000000
1403715353.847142935,1.339942000,0.615276000,1.219138000,0.000000000,0.000000000,0.000000000,1.000000000
1403715353.852143288,1.339958000,0.616140000,1.218316000,0.000000000,0.000000000,0.000000000,1.000000000
1403715353.857143164,1.339970000,0.617019000,1.217507000,0.000000000,0.000000000,0.000000000,1.000000000
1403715353.862143040,1.339972000,0.617902000,1.216696000,0.000000000,0.000000000,0.000000000,1.000000000
1403715353.867142916,1.339964000,0.618792000,1.215891000,0.000000000,0.000000000,0.000000000,1.000000000
1403715353.872143269,1.339948000,0.619682000,1.215093000,0.000000000,0.000000000,0.000000000,1.000000000
1403715353.877142906,1.339925000,0.620564000,1.214292000,0.000000000,0.000000000,0.000000000,1.000000000
1403715353.882143021,1.339901000,0.621438000,1.213483000,0.000000000,0.000000000,0.000000000,1.000000000
1403715353.887142897,1.339881000,0.622308000,1.212668000,0.000000000,0.000000000,0.000000000,1.000000000
1403715353.892143250,1.339860000,0.623178000,1.211857000,0.000000000,0.000000000,0.000000000,1.000000000
1403715353.897142887,1.339829000,0.624048000,1.211050000,0.000000000,0.000000000,0.000000000,1.000000000
1403715353.902143002,1.339784000,0.624910000,1.210226000,0.000000000,0.000000000,0.000000000,1.000000000
1403715353.907143354,1.339735000,0.625783000,1.209402000,0.000000000,0.000000000,0.000000000,1.000000000
1403715353.912143230,1.339681000,0.626655000,1.208569000,0.000000000,0.000000000,0.000000000,1.000000000
1403715353.917143106,1.339619000,0.627522000,1.207721000,0.000000000,0.000000000,0.000000000,1.000000000
1403715353.922142982,1.339545000,0.628385000,1.206856000,0.000000000,0.000000000,0.000000000,1.000000000
1403715353.927143335,1.339462000,0.629247000,1.205974000,0.000000000,0.000000000,0.000000000,1.000000000
1403715353.932142973,1.339373000,0.630111000,1.205077000,0.000000000,0.000000000,0.000000000,1.000000000
1403715353.937143087,1.339272000,0.630983000,1.204178000,0.000000000,0.000000000,0.000000000,1.000000000
1403715353.942142963,1.339157000,0.631858000,1.203281000,0.000000000,0.000000000,0.000000000,1.000000000
1403715353.947143316,1.339035000,0.632733000,1.202386000,0.000000000,0.000000000,0.000000000,1.000000000
1403715353.952142954,1.338906000,0.633594000,1.201484000,0.000000000,0.000000000,0.000000000,1.000000000
1403715353.957143068,1.338786000,0.634454000,1.200569000,0.000000000,0.000000000,0.000000000,1.000000000
1403715353.962142944,1.338662000,0.635309000,1.199640000,0.000000000,0.000000000,0.000000000,1.000000000
1403715353.967143297,1.338531000,0.636162000,1.198705000,0.000000000,0.000000000,0.000000000,1.000000000
1403715353.972142935,1.338393000,0.637016000,1.197769000,0.000000000,0.000000000,0.000000000,1.000000000
1403715353.977143049,1.338244000,0.637871000,1.196829000,0.000000000,0.000000000,0.000000000,1.000000000
1403715353.982143164,1.338091000,0.638723000,1.195884000,0.000000000,0.000000000,0.000000000,1.000000000
1403715353.987143040,1.337948000,0.639575000,1.194934000,0.000000000,0.000000000,0.000000000,1.000000000
1403715353.992142916,1.337816000,0.640429000,1.193980000,0.000000000,0.000000000,0.000000000,1.000000000
1403715353.997143030,1.337680000,0.641287000,1.193009000,0.000000000,0.000000000,0.000000000,1.000000000
1403715354.002143145,1.337516000,0.642151000,1.192024000,0.000000000,0.000000000,0.000000000,1.000000000
1403715354.007143021,1.337353000,0.643027000,1.191014000,0.000000000,0.000000000,0.000000000,1.000000000
1403715354.012142897,1.337184000,0.643908000,1.189989000,0.000000000,0.000000000,0.000000000,1.000000000
1403715354.017143011,1.337015000,0.644783000,1.188948000,0.000000000,0.000000000,0.000000000,1.000000000
1403715354.022143126,1.336844000,0.645650000,1.187890000,0.000000000,0.000000000,0.000000000,1.000000000
1403715354.027143002,1.336669000,0.646513000,1.186830000,0.000000000,0.000000000,0.000000000,1.000000000
1403715354.032143116,1.336486000,0.647379000,1.185776000,0.000000000,0.000000000,0.000000000,1.000000000
1403715354.037143230,1.336293000,0.648256000,1.184734000,0.000000000,0.000000000,0.000000000,1.000000000
1403715354.042143345,1.336091000,0.649144000,1.183693000,0.000000000,0.000000000,0.000000000,1.000000000
1403715354.047142982,1.335882000,0.650036000,1.182648000,0.000000000,0.000000000,0.000000000,1.000000000
1403715354.052143097,1.335652000,0.650931000,1.181625000,0.000000000,0.000000000,0.000000000,1.000000000
1403715354.057143211,1.335432000,0.651825000,1.180592000,0.000000000,0.000000000,0.000000000,1.000000000
1403715354.062143087,1.335211000,0.652720000,1.179562000,0.000000000,0.000000000,0.000000000,1.000000000
1403715354.067142963,1.334989000,0.653617000,1.178535000,0.000000000,0.000000000,0.000000000,1.000000000
1403715354.072143078,1.334763000,0.654508000,1.177518000,0.000000000,0.000000000,0.000000000,1.000000000
1403715354.077143192,1.334535000,0.655396000,1.176503000,0.000000000,0.000000000,0.000000000,1.000000000
1403715354.082143068,1.334303000,0.656283000,1.175484000,0.000000000,0.000000000,0.000000000,1.000000000
1403715354.087142944,1.334067000,0.657162000,1.174462000,0.000000000,0.000000000,0.000000000,1.000000000
1403715354.092143297,1.333822000,0.658032000,1.173435000,0.000000000,0.000000000,0.000000000,1.000000000
1403715354.097143173,1.333569000,0.658895000,1.172408000,0.000000000,0.000000000,0.000000000,1.000000000
1403715354.102143049,1.333297000,0.659755000,1.171407000,0.000000000,0.000000000,0.000000000,1.000000000
1403715354.107142925,1.333040000,0.660606000,1.170387000,0.000000000,0.000000000,0.000000000,1.000000000
1403715354.112143278,1.332788000,0.661458000,1.169359000,0.000000000,0.000000000,0.000000000,1.000000000
1403715354.117143154,1.332542000,0.662310000,1.168321000,0.000000000,0.000000000,0.000000000,1.000000000
1403715354.122143030,1.332302000,0.663165000,1.167280000,0.000000000,0.000000000,0.000000000,1.000000000
1403715354.127142906,1.332061000,0.664015000,1.166238000,0.000000000,0.000000000,0.000000000,1.000000000
1403715354.132143259,1.331816000,0.664852000,1.165192000,0.000000000,0.000000000,0.000000000,1.000000000
1403715354.137142897,1.331569000,0.665679000,1.164157000,0.000000000,0.000000000,0.000000000,1.000000000
1403715354.142143011,1.331319000,0.666498000,1.163140000,0.000000000,0.000000000,0.000000000,1.000000000
1403715354.147142887,1.331075000,0.667313000,1.162134000,0.000000000,0.000000000,0.000000000,1.000000000
1403715354.152143240,1.330819000,0.668131000,1.161163000,0.000000000,0.000000000,0.000000000,1.000000000
1403715354.157143116,1.330579000,0.668939000,1.160163000,0.000000000,0.000000000,0.000000000,1.000000000
1403715354.162142992,1.330336000,0.669738000,1.159153000,0.000000000,0.000000000,0.000000000,1.000000000
1403715354.167143345,1.330092000,0.670530000,1.158124000,0.000000000,0.000000000,0.000000000,1.000000000
1403715354.172143221,1.329849000,0.671315000,1.157076000,0.000000000,0.000000000,0.000000000,1.000000000
1403715354.177143097,1.329609000,0.672098000,1.156016000,0.000000000,0.000000000,0.000000000,1.000000000
1403715354.182142973,1.329380000,0.672872000,1.154960000,0.000000000,0.000000000,0.000000000,1.000000000
1403715354.187143326,1.329159000,0.673638000,1.153920000,0.000000000,0.000000000,0.000000000,1.000000000
1403715354.192142963,1.328941000,0.674396000,1.152891000,0.000000000,0.000000000,0.000000000,1.000000000
1403715354.197143078,1.328727000,0.675142000,1.151873000,0.000000000,0.000000000,0.000000000,1.000000000
1403715354.202142954,1.328493000,0.675882000,1.150904000,0.000000000,0.000000000,0.000000000,1.000000000
1403715354.207143307,1.328297000,0.676604000,1.149902000,0.000000000,0.000000000,0.000000000,1.000000000
1403715354.212142944,1.328115000,0.677312000,1.148903000,0.000000000,0.000000000,0.000000000,1.000000000
1403715354.217143059,1.327947000,0.678014000,1.147908000,0.000000000,0.000000000,0.000000000,1.000000000
1403715354.222143173,1.327795000,0.678719000,1.146924000,0.000000000,0.000000000,0.000000000,1.000000000
1403715354.227143288,1.327650000,0.679422000,1.145957000,0.000000000,0.000000000,0.000000000,1.000000000
1403715354.232142925,1.327504000,0.680117000,1.144993000,0.000000000,0.000000000,0.000000000,1.000000000
1403715354.237143040,1.327365000,0.680801000,1.144020000,0.000000000,0.000000000,0.000000000,1.000000000
1403715354.242143154,1.327237000,0.681475000,1.143047000,0.000000000,0.000000000,0.000000000,1.000000000
1403715354.247143030,1.327120000,0.682136000,1.142074000,0.000000000,0.000000000,0.000000000,1.000000000
1403715354.252142906,1.326969000,0.682784000,1.141138000,0.000000000,0.000000000,0.000000000,1.000000000
1403715354.257143021,1.326856000,0.683420000,1.140175000,0.000000000,0.000000000,0.000000000,1.000000000
1403715354.262143135,1.326747000,0.684054000,1.139228000,0.000000000,0.000000000,0.000000000,1.000000000
1403715354.267143011,1.326647000,0.684684000,1.138295000,0.000000000,0.000000000,0.000000000,1.000000000
1403715354.272142887,1.326556000,0.685309000,1.137378000,0.000000000,0.000000000,0.000000000,1.000000000
1403715354.277143240,1.326477000,0.685926000,1.136477000,0.000000000,0.000000000,0.000000000,1.000000000
1403715354.282143354,1.326415000,0.686537000,1.135586000,0.000000000,0.000000000,0.000000000,1.000000000
1403715354.287142992,1.326366000,0.687139000,1.134706000,0.000000000,0.000000000,0.000000000,1.000000000
1403715354.292143106,1.326323000,0.687730000,1.133828000,0.000000000,0.000000000,0.000000000,1.000000000
1403715354.297143221,1.326279000,0.688316000,1.132951000,0.000000000,0.000000000,0.000000000,1.000000000
1403715354.302143097,1.326187000,0.688889000,1.132112000,0.000000000,0.000000000,0.000000000,1.000000000
1403715354.307142973,1.326142000,0.689455000,1.131230000,0.000000000,0.000000000,0.000000000,1.000000000
1403715354.312143087,1.326108000,0.690010000,1.130341000,0.000000000,0.000000000,0.000000000,1.000000000
1403715354.317143202,1.326085000,0.690554000,1.129440000,0.000000000,0.000000000,0.000000000,1.000000000
1403715354.322143078,1.326070000,0.691086000,1.128530000,0.000000000,0.000000000,0.000000000,1.000000000
1403715354.327142954,1.326064000,0.691607000,1.127614000,0.000000000,0.000000000,0.000000000,1.000000000
1403715354.332143307,1.326066000,0.692121000,1.126699000,0.000000000,0.000000000,0.000000000,1.000000000
1403715354.337143183,1.326078000,0.692636000,1.125785000,0.000000000,0.000000000,0.000000000,1.000000000
1403715354.342143059,1.326103000,0.693156000,1.124875000,0.000000000,0.000000000,0.000000000,1.000000000
1403715354.347142935,1.326144000,0.693675000,1.123978000,0.000000000,0.000000000,0.000000000,1.000000000
1403715354.352143288,1.326132000,0.694176000,1.123139000,0.000000000,0.000000000,0.000000000,1.000000000
1403715354.357143164,1.326175000,0.694684000,1.122283000,0.000000000,0.000000000,0.000000000,1.000000000
1403715354.362143040,1.326231000,0.695179000,1.121428000,0.000000000,0.000000000,0.000000000,1.000000000
1403715354.367142916,1.326297000,0.695658000,1.120572000,0.000000000,0.000000000,0.000000000,1.000000000
1403715354.372143269,1.326367000,0.696126000,1.119705000,0.000000000,0.000000000,0.000000000,1.000000000
1403715354.377142906,1.326444000,0.696595000,1.118824000,0.000000000,0.000000000,0.000000000,1.000000000
1403715354.382143021,1.326528000,0.697072000,1.117942000,0.000000000,0.000000000,0.000000000,1.000000000
1403715354.387142897,1.326620000,0.697557000,1.117065000,0.000000000,0.000000000,0.000000000,1.000000000
1403715354.392143250,1.326725000,0.698044000,1.116202000,0.000000000,0.000000000,0.000000000,1.000000000
1403715354.397142887,1.326852000,0.698528000,1.115347000,0.000000000,0.000000000,0.000000000,1.000000000
1403715354.402143002,1.326924000,0.698983000,1.114515000,0.000000000,0.000000000,0.000000000,1.000000000
1403715354.407143354,1.327060000,0.699452000,1.113668000,0.000000000,0.000000000,0.000000000,1.000000000
1403715354.412143230,1.327205000,0.699923000,1.112822000,0.000000000,0.000000000,0.000000000,1.000000000
1403715354.417143106,1.327362000,0.700396000,1.111974000,0.000000000,0.000000000,0.000000000,1.000000000
1403715354.422142982,1.327527000,0.700868000,1.111133000,0.000000000,0.000000000,0.000000000,1.000000000
1403715354.427143335,1.327698000,0.701338000,1.110300000,0.000000000,0.000000000,0.000000000,1.000000000
1403715354.432142973,1.327879000,0.701812000,1.109472000,0.000000000,0.000000000,0.000000000,1.000000000
1403715354.437143087,1.328070000,0.702289000,1.108652000,0.000000000,0.000000000,0.000000000,1.000000000
1403715354.442142963,1.328271000,0.702764000,1.107824000,0.000000000,0.000000000,0.000000000,1.000000000
1403715354.447143316,1.328482000,0.703238000,1.106989000,0.000000000,0.000000000,0.000000000,1.000000000
1403715354.452142954,1.328614000,0.703682000,1.106162000,0.000000000,0.000000000,0.000000000,1.000000000
1403715354.457143068,1.328817000,0.704143000,1.105314000,0.000000000,0.000000000,0.000000000,1.000000000
1403715354.462142944,1.329024000,0.704602000,1.104463000,0.000000000,0.000000000,0.000000000,1.000000000
1403715354.467143297,1.329235000,0.705065000,1.103621000,0.000000000,0.000000000,0.000000000,1.000000000
1403715354.472142935,1.329454000,0.705532000,1.102793000,0.000000000,0.000000000,0.000000000,1.000000000
1403715354.477143049,1.329689000,0.706001000,1.101968000,0.000000000,0.000000000,0.000000000,1.000000000
1403715354.482143164,1.329935000,0.706473000,1.101149000,0.000000000,0.000000000,0.000000000,1.000000000
1403715354.487143040,1.330186000,0.706944000,1.100332000,0.000000000,0.000000000,0.000000000,1.000000000
1403715354.492142916,1.330440000,0.707415000,1.099511000,0.000000000,0.000000000,0.000000000,1.000000000
1403715354.497143030,1.330699000,0.707894000,1.098686000,0.000000000,0.000000000,0.000000000,1.000000000
1403715354.502143145,1.330870000,0.708347000,1.097869000,0.000000000,0.000000000,0.000000000,1.000000000
1403715354.507143021,1.331120000,0.708828000,1.097072000,0.000000000,0.000000000,0.000000000,1.000000000
1403715354.512142897,1.331377000,0.709307000,1.096277000,0.000000000,0.000000000,0.000000000,1.000000000
1403715354.517143011,1.331643000,0.709791000,1.095485000,0.000000000,0.000000000,0.000000000,1.000000000
1403715354.522143126,1.331914000,0.710278000,1.094704000,0.000000000,0.000000000,0.000000000,1.000000000
1403715354.527143002,1.332187000,0.710766000,1.093928000,0.000000000,0.000000000,0.000000000,1.000000000
1403715354.532143116,1.332464000,0.711253000,1.093150000,0.000000000,0.000000000,0.000000000,1.000000000
1403715354.537143230,1.332743000,0.711741000,1.092369000,0.000000000,0.000000000,0.000000000,1.000000000
1403715354.542143345,1.333020000,0.712232000,1.091584000,0.000000000,0.000000000,0.000000000,1.000000000
1403715354.547142982,1.333303000,0.712730000,1.090793000,0.000000000,0.000000000,0.000000000,1.000000000
1403715354.552143097,1.333492000,0.713193000,1.089984000,0.000000000,0.000000000,0.000000000,1.000000000
1403715354.557143211,1.333756000,0.713697000,1.089204000,0.000000000,0.000000000,0.000000000,1.000000000
1403715354.562143087,1.334022000,0.714202000,1.088455000,0.000000000,0.000000000,0.000000000,1.000000000
1403715354.567142963,1.334292000,0.714711000,1.087752000,0.000000000,0.000000000,0.000000000,1.000000000
1403715354.572143078,1.334570000,0.715226000,1.087099000,0.000000000,0.000000000,0.000000000,1.000000000
1403715354.577143192,1.334854000,0.715738000,1.086493000,0.000000000,0.000000000,0.000000000,1.000000000
1403715354.582143068,1.335148000,0.716246000,1.085912000,0.000000000,0.000000000,0.000000000,1.000000000
1403715354.587142944,1.335452000,0.716759000,1.085356000,0.000000000,0.000000000,0.000000000,1.000000000
1403715354.592143297,1.335762000,0.717278000,1.084830000,0.000000000,0.000000000,0.000000000,1.000000000
1403715354.597143173,1.336073000,0.717803000,1.084332000,0.000000000,0.000000000,0.000000000,1.000000000
1403715354.602143049,1.336277000,0.718283000,1.083832000,0.000000000,0.000000000,0.000000000,1.000000000
1403715354.607142925,1.336570000,0.718805000,1.083360000,0.000000000,0.000000000,0.000000000,1.000000000
1403715354.612143278,1.336874000,0.719337000,1.082908000,0.000000000,0.000000000,0.000000000,1.000000000
1403715354.617143154,1.337189000,0.719878000,1.082480000,0.000000000,0.000000000,0.000000000,1.000000000
1403715354.622143030,1.337512000,0.720424000,1.082076000,0.000000000,0.000000000,0.000000000,1.000000000
1403715354.627142906,1.337847000,0.720973000,1.081698000,0.000000000,0.000000000,0.000000000,1.000000000
1403715354.632143259,1.338196000,0.721524000,1.081350000,0.000000000,0.000000000,0.000000000,1.000000000
1403715354.637142897,1.338555000,0.722074000,1.081031000,0.000000000,0.000000000,0.000000000,1.000000000
1403715354.642143011,1.338923000,0.722623000,1.080738000,0.000000000,0.000000000,0.000000000,1.000000000
1403715354.647142887,1.339297000,0.723174000,1.080466000,0.000000000,0.000000000,0.000000000,1.000000000
1403715354.652143240,1.339558000,0.723678000,1.080180000,0.000000000,0.000000000,0.000000000,1.000000000
1403715354.657143116,1.339908000,0.724226000,1.079933000,0.000000000,0.000000000,0.000000000,1.000000000
1403715354.662142992,1.340272000,0.724774000,1.079711000,0.000000000,0.000000000,0.000000000,1.000000000
1403715354.667143345,1.340657000,0.725322000,1.079525000,0.000000000,0.000000000,0.000000000,1.000000000
1403715354.672143221,1.341056000,0.725871000,1.079377000,0.000000000,0.000000000,0.000000000,1.000000000
1403715354.677143097,1.341466000,0.726425000,1.079268000,0.000000000,0.000000000,0.000000000,1.000000000
1403715354.682142973,1.341886000,0.726995000,1.079203000,0.000000000,0.000000000,0.000000000,1.000000000
1403715354.687143326,1.342313000,0.727585000,1.079179000,0.000000000,0.000000000,0.000000000,1.000000000
1403715354.692142963,1.342748000,0.728193000,1.079198000,0.000000000,0.000000000,0.000000000,1.000000000
1403715354.697143078,1.343198000,0.728808000,1.079257000,0.000000000,0.000000000,0.000000000,1.000000000
1403715354.702142954,1.343554000,0.729369000,1.079322000,0.000000000,0.000000000,0.000000000,1.000000000
1403715354.707143307,1.344015000,0.729964000,1.079445000,0.000000000,0.000000000,0.000000000,1.000000000
1403715354.712142944,1.344491000,0.730558000,1.079598000,0.000000000,0.000000000,0.000000000,1.000000000
1403715354.717143059,1.344977000,0.731154000,1.079783000,0.000000000,0.000000000,0.000000000,1.000000000
1403715354.722143173,1.345461000,0.731746000,1.080006000,0.000000000,0.000000000,0.000000000,1.000000000
1403715354.727143288,1.345947000,0.732331000,1.080261000,0.000000000,0.000000000,0.000000000,1.000000000
1403715354.732142925,1.346438000,0.732914000,1.080550000,0.000000000,0.000000000,0.000000000,1.000000000
1403715354.737143040,1.346937000,0.733499000,1.080879000,0.000000000,0.000000000,0.000000000,1.000000000
1403715354.742143154,1.347450000,0.734078000,1.081246000,0.000000000,0.000000000,0.000000000,1.000000000
1403715354.747143030,1.347973000,0.734653000,1.081649000,0.000000000,0.000000000,0.000000000,1.000000000
1403715354.752142906,1.348385000,0.735190000,1.082067000,0.000000000,0.000000000,0.000000000,1.000000000
1403715354.757143021,1.348892000,0.735776000,1.082542000,0.000000000,0.000000000,0.000000000,1.000000000
1403715354.762143135,1.349405000,0.736370000,1.083058000,0.000000000,0.000000000,0.000000000,1.000000000
1403715354.767143011,1.349917000,0.736972000,1.083606000,0.000000000,0.000000000,0.000000000,1.000000000
1403715354.772142887,1.350432000,0.737577000,1.084163000,0.000000000,0.000000000,0.000000000,1.000000000
1403715354.777143240,1.350958000,0.738185000,1.084744000,0.000000000,0.000000000,0.000000000,1.000000000
1403715354.782143354,1.351496000,0.738797000,1.085360000,0.000000000,0.000000000,0.000000000,1.000000000
1403715354.787142992,1.352043000,0.739412000,1.086003000,0.000000000,0.000000000,0.000000000,1.000000000
1403715354.792143106,1.352590000,0.740023000,1.086674000,0.000000000,0.000000000,0.000000000,1.000000000
1403715354.797143221,1.353134000,0.740629000,1.087365000,0.000000000,0.000000000,0.000000000,1.000000000
1403715354.802143097,1.353582000,0.741194000,1.088064000,0.000000000,0.000000000,0.000000000,1.000000000
1403715354.807142973,1.354123000,0.741796000,1.088800000,0.000000000,0.000000000,0.000000000,1.000000000
1403715354.812143087,1.354668000,0.742400000,1.089580000,0.000000000,0.000000000,0.000000000,1.000000000
1403715354.817143202,1.355223000,0.742998000,1.090398000,0.000000000,0.000000000,0.000000000,1.000000000
1403715354.822143078,1.355785000,0.743593000,1.091249000,0.000000000,0.000000000,0.000000000,1.000000000
1403715354.827142954,1.356353000,0.744190000,1.092140000,0.000000000,0.000000000,0.000000000,1.000000000
1403715354.832143307,1.356923000,0.744789000,1.093057000,0.000000000,0.000000000,0.000000000,1.000000000
1403715354.837143183,1.357493000,0.745389000,1.093997000,0.000000000,0.000000000,0.000000000,1.000000000
1403715354.842143059,1.358067000,0.745991000,1.094959000,0.000000000,0.000000000,0.000000000,1.000000000
1403715354.847142935,1.358647000,0.746597000,1.095938000,0.000000000,0.000000000,0.000000000,1.000000000
1403715354.852143288,1.359135000,0.747177000,1.096951000,0.000000000,0.000000000,0.000000000,1.000000000
1403715354.857143164,1.359708000,0.747781000,1.097980000,0.000000000,0.000000000,0.000000000,1.000000000
1403715354.862143040,1.360291000,0.748381000,1.099035000,0.000000000,0.000000000,0.000000000,1.000000000
1403715354.867142916,1.360881000,0.748980000,1.100120000,0.000000000,0.000000000,0.000000000,1.000000000
1403715354.872143269,1.361471000,0.749589000,1.101234000,0.000000000,0.000000000,0.000000000,1.000000000
1403715354.877142906,1.362057000,0.750206000,1.102378000,0.000000000,0.000000000,0.000000000,1.000000000
1403715354.882143021,1.362645000,0.750831000,1.103550000,0.000000000,0.000000000,0.000000000,1.000000000
1403715354.887142897,1.363241000,0.751462000,1.104757000,0.000000000,0.000000000,0.000000000,1.000000000
1403715354.892143250,1.363857000,0.752099000,1.105993000,0.000000000,0.000000000,0.000000000,1.000000000
1403715354.897142887,1.364486000,0.752740000,1.107253000,0.000000000,0.000000000,0.000000000,1.000000000
1403715354.902143002,1.365032000,0.753355000,1.108556000,0.000000000,0.000000000,0.000000000,1.000000000
1403715354.907143354,1.365653000,0.753997000,1.109848000,0.000000000,0.000000000,0.000000000,1.000000000
1403715354.912143230,1.366282000,0.754645000,1.111147000,0.000000000,0.000000000,0.000000000,1.000000000
1403715354.917143106,1.366914000,0.755292000,1.112455000,0.000000000,0.000000000,0.000000000,1.000000000
1403715354.922142982,1.367546000,0.755932000,1.113774000,0.000000000,0.000000000,0.000000000,1.000000000
1403715354.927143335,1.368184000,0.756565000,1.115100000,0.000000000,0.000000000,0.000000000,1.000000000
1403715354.932142973,1.368822000,0.757205000,1.116440000,0.000000000,0.000000000,0.000000000,1.000000000
1403715354.937143087,1.369463000,0.757848000,1.117801000,0.000000000,0.000000000,0.000000000,1.000000000
1403715354.942142963,1.370107000,0.758484000,1.119174000,0.000000000,0.000000000,0.000000000,1.000000000
1403715354.947143316,1.370750000,0.759116000,1.120572000,0.000000000,0.000000000,0.000000000,1.000000000
1403715354.952142954,1.371324000,0.759735000,1.122030000,0.000000000,0.000000000,0.000000000,1.000000000
1403715354.957143068,1.371969000,0.760365000,1.123497000,0.000000000,0.000000000,0.000000000,1.000000000
1403715354.962142944,1.372623000,0.760988000,1.125007000,0.000000000,0.000000000,0.000000000,1.000000000
1403715354.967143297,1.373287000,0.761609000,1.126538000,0.000000000,0.000000000,0.000000000,1.000000000
1403715354.972142935,1.373956000,0.762231000,1.128083000,0.000000000,0.000000000,0.000000000,1.000000000
1403715354.977143049,1.374633000,0.762856000,1.129635000,0.000000000,0.000000000,0.000000000,1.000000000
1403715354.982143164,1.375310000,0.763481000,1.131184000,0.000000000,0.000000000,0.000000000,1.000000000
1403715354.987143040,1.375987000,0.764094000,1.132715000,0.000000000,0.000000000,0.000000000,1.000000000
1403715354.992142916,1.376671000,0.764698000,1.134222000,0.000000000,0.000000000,0.000000000,1.000000000
1403715354.997143030,1.377364000,0.765300000,1.135720000,0.000000000,0.000000000,0.000000000,1.000000000
1403715355.002143145,1.377997000,0.765896000,1.137245000,0.000000000,0.000000000,0.000000000,1.000000000
1403715355.007143021,1.378679000,0.766493000,1.138737000,0.000000000,0.000000000,0.000000000,1.000000000
1403715355.012142897,1.379367000,0.767090000,1.140223000,0.000000000,0.000000000,0.000000000,1.000000000
1403715355.017143011,1.380070000,0.767684000,1.141711000,0.000000000,0.000000000,0.000000000,1.000000000
1403715355.022143126,1.380786000,0.768270000,1.143196000,0.000000000,0.000000000,0.000000000,1.000000000
1403715355.027143002,1.381514000,0.768851000,1.144672000,0.000000000,0.000000000,0.000000000,1.000000000
1403715355.032143116,1.382257000,0.769438000,1.146138000,0.000000000,0.000000000,0.000000000,1.000000000
1403715355.037143230,1.383003000,0.770037000,1.147601000,0.000000000,0.000000000,0.000000000,1.000000000
1403715355.042143345,1.383741000,0.770639000,1.149062000,0.000000000,0.000000000,0.000000000,1.000000000
1403715355.047142982,1.384477000,0.771228000,1.150514000,0.000000000,0.000000000,0.000000000,1.000000000
1403715355.052143097,1.385218000,0.771802000,1.151959000,0.000000000,0.000000000,0.000000000,1.000000000
1403715355.057143211,1.385917000,0.772377000,1.153435000,0.000000000,0.000000000,0.000000000,1.000000000
1403715355.062143087,1.386682000,0.772943000,1.154877000,0.000000000,0.000000000,0.000000000,1.000000000
1403715355.067142963,1.387456000,0.773515000,1.156323000,0.000000000,0.000000000,0.000000000,1.000000000
1403715355.072143078,1.388229000,0.774092000,1.157764000,0.000000000,0.000000000,0.000000000,1.000000000
1403715355.077143192,1.388996000,0.774669000,1.159191000,0.000000000,0.000000000,0.000000000,1.000000000
1403715355.082143068,1.389757000,0.775244000,1.160602000,0.000000000,0.000000000,0.000000000,1.000000000
1403715355.087142944,1.390519000,0.775812000,1.161992000,0.000000000,0.000000000,0.000000000,1.000000000
1403715355.092143297,1.391289000,0.776374000,1.163365000,0.000000000,0.000000000,0.000000000,1.000000000
1403715355.097143173,1.392064000,0.776935000,1.164730000,0.000000000,0.000000000,0.000000000,1.000000000
1403715355.102143049,1.392799000,0.777503000,1.166110000,0.000000000,0.000000000,0.000000000,1.000000000
1403715355.107142925,1.393569000,0.778057000,1.167455000,0.000000000,0.000000000,0.000000000,1.000000000
1403715355.112143278,1.394340000,0.778616000,1.168793000,0.000000000,0.000000000,0.000000000,1.000000000
1403715355.117143154,1.395114000,0.779182000,1.170126000,0.000000000,0.000000000,0.000000000,1.000000000
1403715355.122143030,1.395892000,0.779758000,1.171461000,0.000000000,0.000000000,0.000000000,1.000000000
1403715355.127142906,1.396674000,0.780339000,1.172802000,0.000000000,0.000000000,0.000000000,1.000000000
1403715355.132143259,1.397461000,0.780917000,1.174133000,0.000000000,0.000000000,0.000000000,1.000000000
1403715355.137142897,1.398251000,0.781490000,1.175460000,0.000000000,0.000000000,0.000000000,1.000000000
1403715355.142143011,1.399040000,0.782060000,1.176792000,0.000000000,0.000000000,0.000000000,1.000000000
1403715355.147142887,1.399827000,0.782624000,1.178115000,0.000000000,0.000000000,0.000000000,1.000000000
1403715355.152143240,1.400589000,0.783219000,1.179444000,0.000000000,0.000000000,0.000000000,1.000000000
1403715355.157143116,1.401379000,0.783804000,1.180744000,0.000000000,0.000000000,0.000000000,1.000000000
1403715355.162142992,1.402167000,0.784394000,1.182038000,0.000000000,0.000000000,0.000000000,1.000000000
1403715355.167143345,1.402953000,0.784987000,1.183323000,0.000000000,0.000000000,0.000000000,1.000000000
1403715355.172143221,1.403743000,0.785575000,1.184599000,0.000000000,0.000000000,0.000000000,1.000000000
1403715355.177143097,1.404537000,0.786155000,1.185864000,0.000000000,0.000000000,0.000000000,1.000000000
1403715355.182142973,1.405336000,0.786730000,1.187115000,0.000000000,0.000000000,0.000000000,1.000000000
1403715355.187143326,1.406139000,0.787301000,1.188346000,0.000000000,0.000000000,0.000000000,1.000000000
1403715355.192142963,1.406942000,0.787875000,1.189564000,0.000000000,0.000000000,0.000000000,1.000000000
1403715355.197143078,1.407748000,0.788455000,1.190784000,0.000000000,0.000000000,0.000000000,1.000000000
1403715355.202142954,1.408536000,0.789072000,1.192034000,0.000000000,0.000000000,0.000000000,1.000000000
1403715355.207143307,1.409350000,0.789661000,1.193277000,0.000000000,0.000000000,0.000000000,1.000000000
1403715355.212142944,1.410168000,0.790246000,1.194522000,0.000000000,0.000000000,0.000000000,1.000000000
1403715355.217143059,1.410993000,0.790830000,1.195769000,0.000000000,0.000000000,0.000000000,1.000000000
1403715355.222143173,1.411825000,0.791422000,1.197019000,0.000000000,0.000000000,0.000000000,1.000000000
1403715355.227143288,1.412659000,0.792016000,1.198263000,0.000000000,0.000000000,0.000000000,1.000000000
1403715355.232142925,1.413491000,0.792604000,1.199487000,0.000000000,0.000000000,0.000000000,1.000000000
1403715355.237143040,1.414323000,0.793185000,1.200690000,0.000000000,0.000000000,0.000000000,1.000000000
1403715355.242143154,1.415161000,0.793763000,1.201883000,0.000000000,0.000000000,0.000000000,1.000000000
1403715355.247143030,1.416002000,0.794333000,1.203066000,0.000000000,0.000000000,0.000000000,1.000000000
1403715355.252142906,1.416828000,0.794933000,1.204242000,0.000000000,0.000000000,0.000000000,1.000000000
1403715355.257143021,1.417675000,0.795500000,1.205399000,0.000000000,0.000000000,0.000000000,1.000000000
1403715355.262143135,1.418530000,0.796075000,1.206551000,0.000000000,0.000000000,0.000000000,1.000000000
1403715355.267143011,1.419389000,0.796656000,1.207687000,0.000000000,0.000000000,0.000000000,1.000000000
1403715355.272142887,1.420244000,0.797241000,1.208803000,0.000000000,0.000000000,0.000000000,1.000000000
1403715355.277143240,1.421101000,0.797828000,1.209909000,0.000000000,0.000000000,0.000000000,1.000000000
1403715355.282143354,1.421965000,0.798417000,1.211016000,0.000000000,0.000000000,0.000000000,1.000000000
1403715355.287142992,1.422835000,0.799010000,1.212127000,0.000000000,0.000000000,0.000000000,1.000000000
1403715355.292143106,1.423709000,0.799609000,1.213237000,0.000000000,0.000000000,0.000000000,1.000000000
1403715355.297143221,1.424580000,0.800215000,1.214345000,0.000000000,0.000000000,0.000000000,1.000000000
1403715355.302143097,1.425429000,0.800877000,1.215469000,0.000000000,0.000000000,0.000000000,1.000000000
1403715355.307142973,1.426282000,0.801510000,1.216588000,0.000000000,0.000000000,0.000000000,1.000000000
1403715355.312143087,1.427138000,0.802148000,1.217691000,0.000000000,0.000000000,0.000000000,1.000000000
1403715355.317143202,1.428003000,0.802785000,1.218774000,0.000000000,0.000000000,0.000000000,1.000000000
1403715355.322143078,1.428876000,0.803414000,1.219831000,0.000000000,0.000000000,0.000000000,1.000000000
1403715355.327142954,1.429754000,0.804035000,1.220875000,0.000000000,0.000000000,0.000000000,1.000000000
1403715355.332143307,1.430634000,0.804654000,1.221924000,0.000000000,0.000000000,0.000000000,1.000000000
1403715355.337143183,1.431511000,0.805276000,1.222978000,0.000000000,0.000000000,0.000000000,1.000000000
1403715355.342143059,1.432384000,0.805906000,1.224029000,0.000000000,0.000000000,0.000000000,1.000000000
1403715355.347142935,1.433256000,0.806540000,1.225090000,0.000000000,0.000000000,0.000000000,1.000000000
1403715355.352143288,1.434122000,0.807222000,1.226175000,0.000000000,0.000000000,0.000000000,1.000000000
1403715355.357143164,1.434998000,0.807864000,1.227264000,0.000000000,0.000000000,0.000000000,1.000000000
1403715355.362143040,1.435880000,0.808506000,1.228350000,0.000000000,0.000000000,0.000000000,1.000000000
1403715355.367142916,1.436760000,0.809148000,1.229435000,0.000000000,0.000000000,0.000000000,1.000000000
1403715355.372143269,1.437633000,0.809793000,1.230520000,0.000000000,0.000000000,0.000000000,1.000000000
1403715355.377142906,1.438505000,0.810447000,1.231606000,0.000000000,0.000000000,0.000000000,1.000000000
1403715355.382143021,1.439375000,0.811111000,1.232694000,0.000000000,0.000000000,0.000000000,1.000000000
1403715355.387142897,1.440247000,0.811779000,1.233781000,0.000000000,0.000000000,0.000000000,1.000000000
1403715355.392143250,1.441124000,0.812446000,1.234865000,0.000000000,0.000000000,0.000000000,1.000000000
1403715355.397142887,1.442006000,0.813106000,1.235950000,0.000000000,0.000000000,0.000000000,1.000000000
1403715355.402143002,1.442884000,0.813817000,1.237035000,0.000000000,0.000000000,0.000000000,1.000000000
1403715355.407143354,1.443771000,0.814487000,1.238115000,0.000000000,0.000000000,0.000000000,1.000000000
1403715355.412143230,1.444659000,0.815162000,1.239194000,0.000000000,0.000000000,0.000000000,1.000000000
1403715355.417143106,1.445549000,0.815841000,1.240265000,0.000000000,0.000000000,0.000000000,1.000000000
1403715355.422142982,1.446441000,0.816522000,1.241328000,0.000000000,0.000000000,0.000000000,1.000000000
1403715355.427143335,1.447336000,0.817196000,1.242386000,0.000000000,0.000000000,0.000000000,1.000000000
1403715355.432142973,1.448233000,0.817862000,1.243435000,0.000000000,0.000000000,0.000000000,1.000000000
1403715355.437143087,1.449135000,0.818525000,1.244475000,0.000000000,0.000000000,0.000000000,1.000000000
1403715355.442142963,1.450038000,0.819188000,1.245512000,0.000000000,0.000000000,0.000000000,1.000000000
1403715355.447143316,1.450936000,0.819850000,1.246546000,0.000000000,0.000000000,0.000000000,1.000000000
1403715355.452142954,1.451817000,0.820568000,1.247587000,0.000000000,0.000000000,0.000000000,1.000000000
1403715355.457143068,1.452708000,0.821254000,1.248625000,0.000000000,0.000000000,0.000000000,1.000000000
1403715355.462142944,1.453600000,0.821939000,1.249668000,0.000000000,0.000000000,0.000000000,1.000000000
1403715355.467143297,1.454496000,0.822616000,1.250710000,0.000000000,0.000000000,0.000000000,1.000000000
1403715355.472142935,1.455405000,0.823293000,1.251758000,0.000000000,0.000000000,0.000000000,1.000000000
1403715355.477143049,1.456324000,0.823970000,1.252819000,0.000000000,0.000000000,0.000000000,1.000000000
1403715355.482143164,1.457244000,0.824646000,1.253888000,0.000000000,0.000000000,0.000000000,1.000000000
1403715355.487143040,1.458160000,0.825320000,1.254966000,0.000000000,0.000000000,0.000000000,1.000000000
1403715355.492142916,1.459074000,0.825994000,1.256043000,0.000000000,0.000000000,0.000000000,1.000000000
1403715355.497143030,1.459994000,0.826675000,1.257121000,0.000000000,0.000000000,0.000000000,1.000000000
1403715355.502143145,1.460911000,0.827407000,1.258215000,0.000000000,0.000000000,0.000000000,1.000000000
1403715355.507143021,1.461839000,0.828098000,1.259295000,0.000000000,0.000000000,0.000000000,1.000000000
1403715355.512142897,1.462763000,0.828777000,1.260364000,0.000000000,0.000000000,0.000000000,1.000000000
1403715355.517143011,1.463681000,0.829441000,1.261420000,0.000000000,0.000000000,0.000000000,1.000000000
1403715355.522143126,1.464597000,0.830103000,1.262463000,0.000000000,0.000000000,0.000000000,1.000000000
1403715355.527143002,1.465507000,0.830766000,1.263501000,0.000000000,0.000000000,0.000000000,1.000000000
1403715355.532143116,1.466406000,0.831420000,1.264527000,0.000000000,0.000000000,0.000000000,1.000000000
1403715355.537143230,1.467303000,0.832070000,1.265548000,0.000000000,0.000000000,0.000000000,1.000000000
1403715355.542143345,1.468203000,0.832721000,1.266578000,0.000000000,0.000000000,0.000000000,1.000000000
1403715355.547142982,1.469112000,0.833365000,1.267615000,0.000000000,0.000000000,0.000000000,1.000000000
1403715355.552143097,1.470017000,0.834037000,1.268662000,0.000000000,0.000000000,0.000000000,1.000000000
1403715355.557143211,1.470942000,0.834673000,1.269689000,0.000000000,0.000000000,0.000000000,1.000000000
1403715355.562143087,1.471871000,0.835314000,1.270708000,0.000000000,0.000000000,0.000000000,1.000000000
1403715355.567142963,1.472792000,0.835965000,1.271717000,0.000000000,0.000000000,0.000000000,1.000000000
1403715355.572143078,1.473696000,0.836619000,1.272722000,0.000000000,0.000000000,0.000000000,1.000000000
1403715355.577143192,1.474590000,0.837271000,1.273722000,0.000000000,0.000000000,0.000000000,1.000000000
1403715355.582143068,1.475487000,0.837917000,1.274712000,0.000000000,0.000000000,0.000000000,1.000000000
1403715355.587142944,1.476392000,0.838548000,1.275689000,0.000000000,0.000000000,0.000000000,1.000000000
1403715355.592143297,1.477303000,0.839172000,1.276655000,0.000000000,0.000000000,0.000000000,1.000000000
1403715355.597143173,1.478210000,0.839803000,1.277609000,0.000000000,0.000000000,0.000000000,1.000000000
1403715355.602143049,1.479090000,0.840473000,1.278571000,0.000000000,0.000000000,0.000000000,1.000000000
1403715355.607142925,1.479986000,0.841124000,1.279507000,0.000000000,0.000000000,0.000000000,1.000000000
1403715355.612143278,1.480892000,0.841770000,1.280430000,0.000000000,0.000000000,0.000000000,1.000000000
1403715355.617143154,1.481812000,0.842410000,1.281347000,0.000000000,0.000000000,0.000000000,1.000000000
1403715355.622143030,1.482745000,0.843037000,1.282254000,0.000000000,0.000000000,0.000000000,1.000000000
1403715355.627142906,1.483685000,0.843652000,1.283156000,0.000000000,0.000000000,0.000000000,1.000000000
1403715355.632143259,1.484620000,0.844260000,1.284060000,0.000000000,0.000000000,0.000000000,1.000000000
1403715355.637142897,1.485551000,0.844869000,1.284956000,0.000000000,0.000000000,0.000000000,1.000000000
1403715355.642143011,1.486485000,0.845480000,1.285849000,0.000000000,0.000000000,0.000000000,1.000000000
1403715355.647142887,1.487424000,0.846086000,1.286740000,0.000000000,0.000000000,0.000000000,1.000000000
1403715355.652143240,1.488353000,0.846694000,1.287642000,0.000000000,0.000000000,0.000000000,1.000000000
1403715355.657143116,1.489307000,0.847279000,1.288520000,0.000000000,0.000000000,0.000000000,1.000000000
1403715355.662142992,1.490266000,0.847859000,1.289400000,0.000000000,0.000000000,0.000000000,1.000000000
1403715355.667143345,1.491226000,0.848442000,1.290286000,0.000000000,0.000000000,0.000000000,1.000000000
1403715355.672143221,1.492180000,0.849028000,1.291174000,0.000000000,0.000000000,0.000000000,1.000000000
1403715355.677143097,1.493133000,0.849612000,1.292052000,0.000000000,0.000000000,0.000000000,1.000000000
1403715355.682142973,1.494082000,0.850189000,1.292923000,0.000000000,0.000000000,0.000000000,1.000000000
1403715355.687143326,1.495029000,0.850756000,1.293787000,0.000000000,0.000000000,0.000000000,1.000000000
1403715355.692142963,1.495982000,0.851314000,1.294640000,0.000000000,0.000000000,0.000000000,1.000000000
1403715355.697143078,1.496941000,0.851867000,1.295482000,0.000000000,0.000000000,0.000000000,1.000000000
1403715355.702142954,1.497872000,0.852427000,1.296335000,0.000000000,0.000000000,0.000000000,1.000000000
1403715355.707143307,1.498821000,0.852981000,1.297150000,0.000000000,0.000000000,0.000000000,1.000000000
1403715355.712142944,1.499765000,0.853533000,1.297958000,0.000000000,0.000000000,0.000000000,1.000000000
1403715355.717143059,1.500709000,0.854079000,1.298764000,0.000000000,0.000000000,0.000000000,1.000000000
1403715355.722143173,1.501661000,0.854615000,1.299571000,0.000000000,0.000000000,0.000000000,1.000000000
1403715355.727143288,1.502620000,0.855141000,1.300381000,0.000000000,0.000000000,0.000000000,1.000000000
1403715355.732142925,1.503593000,0.855653000,1.301184000,0.000000000,0.000000000,0.000000000,1.000000000
1403715355.737143040,1.504575000,0.856151000,1.301986000,0.000000000,0.000000000,0.000000000,1.000000000
1403715355.742143154,1.505549000,0.856644000,1.302785000,0.000000000,0.000000000,0.000000000,1.000000000
1403715355.747143030,1.506514000,0.857141000,1.303575000,0.000000000,0.000000000,0.000000000,1.000000000
1403715355.752142906,1.507445000,0.857640000,1.304383000,0.000000000,0.000000000,0.000000000,1.000000000
1403715355.757143021,1.508402000,0.858142000,1.305171000,0.000000000,0.000000000,0.000000000,1.000000000
1403715355.762143135,1.509362000,0.858632000,1.305965000,0.000000000,0.000000000,0.000000000,1.000000000
1403715355.767143011,1.510327000,0.859106000,1.306754000,0.000000000,0.000000000,0.000000000,1.000000000
1403715355.772142887,1.511297000,0.859568000,1.307530000,0.000000000,0.000000000,0.000000000,1.000000000
1403715355.777143240,1.512264000,0.860028000,1.308291000,0.000000000,0.000000000,0.000000000,1.000000000
1403715355.782143354,1.513220000,0.860485000,1.309042000,0.000000000,0.000000000,0.000000000,1.000000000
1403715355.787142992,1.514161000,0.860938000,1.309783000,0.000000000,0.000000000,0.000000000,1.000000000
1403715355.792143106,1.515098000,0.861396000,1.310522000,0.000000000,0.000000000,0.000000000,1.000000000
1403715355.797143221,1.516040000,0.861858000,1.311263000,0.000000000,0.000000000,0.000000000,1.000000000
1403715355.802143097,1.516950000,0.862309000,1.312024000,0.000000000,0.000000000,0.000000000,1.000000000
1403715355.807142973,1.517894000,0.862766000,1.312760000,0.000000000,0.000000000,0.000000000,1.000000000
1403715355.812143087,1.518837000,0.863221000,1.313493000,0.000000000,0.000000000,0.000000000,1.000000000
1403715355.817143202,1.519776000,0.863675000,1.314227000,0.000000000,0.000000000,0.000000000,1.000000000
1403715355.822143078,1.520713000,0.864130000,1.314962000,0.000000000,0.000000000,0.000000000,1.000000000
1403715355.827142954,1.521649000,0.864585000,1.315703000,0.000000000,0.000000000,0.000000000,1.000000000
1403715355.832143307,1.522583000,0.865040000,1.316441000,0.000000000,0.000000000,0.000000000,1.000000000
1403715355.837143183,1.523521000,0.865495000,1.317171000,0.000000000,0.000000000,0.000000000,1.000000000
1403715355.842143059,1.524466000,0.865955000,1.317898000,0.000000000,0.000000000,0.000000000,1.000000000
1403715355.847142935,1.525415000,0.866414000,1.318614000,0.000000000,0.000000000,0.000000000,1.000000000
1403715355.852143288,1.526318000,0.866852000,1.319349000,0.000000000,0.000000000,0.000000000,1.000000000
1403715355.857143164,1.527247000,0.867305000,1.320076000,0.000000000,0.000000000,0.000000000,1.000000000
1403715355.862143040,1.528173000,0.867766000,1.320819000,0.000000000,0.000000000,0.000000000,1.000000000
1403715355.867142916,1.529102000,0.868232000,1.321581000,0.000000000,0.000000000,0.000000000,1.000000000
1403715355.872143269,1.530035000,0.868701000,1.322345000,0.000000000,0.000000000,0.000000000,1.000000000
1403715355.877142906,1.530976000,0.869171000,1.323104000,0.000000000,0.000000000,0.000000000,1.000000000
1403715355.882143021,1.531924000,0.869643000,1.323862000,0.000000000,0.000000000,0.000000000,1.000000000
1403715355.887142897,1.532878000,0.870117000,1.324611000,0.000000000,0.000000000,0.000000000,1.000000000
1403715355.892143250,1.533844000,0.870593000,1.325351000,0.000000000,0.000000000,0.000000000,1.000000000
1403715355.897142887,1.534816000,0.871076000,1.326100000,0.000000000,0.000000000,0.000000000,1.000000000
1403715355.902143002,1.535742000,0.871543000,1.326868000,0.000000000,0.000000000,0.000000000,1.000000000
1403715355.907143354,1.536701000,0.872031000,1.327606000,0.000000000,0.000000000,0.000000000,1.000000000
1403715355.912143230,1.537663000,0.872519000,1.328341000,0.000000000,0.000000000,0.000000000,1.000000000
1403715355.917143106,1.538632000,0.873000000,1.329071000,0.000000000,0.000000000,0.000000000,1.000000000
1403715355.922142982,1.539612000,0.873469000,1.329794000,0.000000000,0.000000000,0.000000000,1.000000000
1403715355.927143335,1.540602000,0.873936000,1.330511000,0.000000000,0.000000000,0.000000000,1.000000000
1403715355.932142973,1.541596000,0.874410000,1.331228000,0.000000000,0.000000000,0.000000000,1.000000000
1403715355.937143087,1.542589000,0.874894000,1.331953000,0.000000000,0.000000000,0.000000000,1.000000000
1403715355.942142963,1.543570000,0.875388000,1.332678000,0.000000000,0.000000000,0.000000000,1.000000000
1403715355.947143316,1.544533000,0.875879000,1.333395000,0.000000000,0.000000000,0.000000000,1.000000000
1403715355.952142954,1.545439000,0.876338000,1.334120000,0.000000000,0.000000000,0.000000000,1.000000000
1403715355.957143068,1.546385000,0.876805000,1.334828000,0.000000000,0.000000000,0.000000000,1.000000000
1403715355.962142944,1.547330000,0.877264000,1.335536000,0.000000000,0.000000000,0.000000000,1.000000000
1403715355.967143297,1.548269000,0.877720000,1.336249000,0.000000000,0.000000000,0.000000000,1.000000000
1403715355.972142935,1.549204000,0.878184000,1.336967000,0.000000000,0.000000000,0.000000000,1.000000000
1403715355.977143049,1.550135000,0.878656000,1.337683000,0.000000000,0.000000000,0.000000000,1.000000000
1403715355.982143164,1.551064000,0.879129000,1.338399000,0.000000000,0.000000000,0.000000000,1.000000000
1403715355.987143040,1.551994000,0.879601000,1.339119000,0.000000000,0.000000000,0.000000000,1.000000000
1403715355.992142916,1.552927000,0.880073000,1.339841000,0.000000000,0.000000000,0.000000000,1.000000000
1403715355.997143030,1.553865000,0.880548000,1.340558000,0.000000000,0.000000000,0.000000000,1.000000000
1403715356.002143145,1.554755000,0.881010000,1.341290000,0.000000000,0.000000000,0.000000000,1.000000000
1403715356.007143021,1.555683000,0.881494000,1.342011000,0.000000000,0.000000000,0.000000000,1.000000000
1403715356.012142897,1.556607000,0.881988000,1.342725000,0.000000000,0.000000000,0.000000000,1.000000000
1403715356.017143011,1.557529000,0.882490000,1.343433000,0.000000000,0.000000000,0.000000000,1.000000000
1403715356.022143126,1.558450000,0.882997000,1.344147000,0.000000000,0.000000000,0.000000000,1.000000000
1403715356.027143002,1.559369000,0.883500000,1.344874000,0.000000000,0.000000000,0.000000000,1.000000000
1403715356.032143116,1.560285000,0.883995000,1.345591000,0.000000000,0.000000000,0.000000000,1.000000000
1403715356.037143230,1.561197000,0.884483000,1.346301000,0.000000000,0.000000000,0.000000000,1.000000000
1403715356.042143345,1.562105000,0.884969000,1.347016000,0.000000000,0.000000000,0.000000000,1.000000000
1403715356.047142982,1.563010000,0.885458000,1.347730000,0.000000000,0.000000000,0.000000000,1.000000000
1403715356.052143097,1.563862000,0.885933000,1.348453000,0.000000000,0.000000000,0.000000000,1.000000000
1403715356.057143211,1.564754000,0.886430000,1.349157000,0.000000000,0.000000000,0.000000000,1.000000000
1403715356.062143087,1.565643000,0.886937000,1.349856000,0.000000000,0.000000000,0.000000000,1.000000000
1403715356.067142963,1.566525000,0.887450000,1.350555000,0.000000000,0.000000000,0.000000000,1.000000000
1403715356.072143078,1.567397000,0.887969000,1.351261000,0.000000000,0.000000000,0.000000000,1.000000000
1403715356.077143192,1.568262000,0.888488000,1.351977000,0.000000000,0.000000000,0.000000000,1.000000000
1403715356.082143068,1.569122000,0.889003000,1.352698000,0.000000000,0.000000000,0.000000000,1.000000000
1403715356.087142944,1.569981000,0.889515000,1.353416000,0.000000000,0.000000000,0.000000000,1.000000000
1403715356.092143297,1.570842000,0.890029000,1.354130000,0.000000000,0.000000000,0.000000000,1.000000000
1403715356.097143173,1.571697000,0.890545000,1.354838000,0.000000000,0.000000000,0.000000000,1.000000000
1403715356.102143049,1.572492000,0.891055000,1.355547000,0.000000000,0.000000000,0.000000000,1.000000000
1403715356.107142925,1.573316000,0.891593000,1.356237000,0.000000000,0.000000000,0.000000000,1.000000000
1403715356.112143278,1.574130000,0.892147000,1.356926000,0.000000000,0.000000000,0.000000000,1.000000000
1403715356.117143154,1.574942000,0.892713000,1.357614000,0.000000000,0.000000000,0.000000000,1.000000000
1403715356.122143030,1.575754000,0.893285000,1.358306000,0.000000000,0.000000000,0.000000000,1.000000000
1403715356.127142906,1.576564000,0.893856000,1.358995000,0.000000000,0.000000000,0.000000000,1.000000000
1403715356.132143259,1.577368000,0.894424000,1.359678000,0.000000000,0.000000000,0.000000000,1.000000000
1403715356.137142897,1.578168000,0.894993000,1.360352000,0.000000000,0.000000000,0.000000000,1.000000000
1403715356.142143011,1.578957000,0.895568000,1.361021000,0.000000000,0.000000000,0.000000000,1.000000000
1403715356.147142887,1.579726000,0.896149000,1.361696000,0.000000000,0.000000000,0.000000000,1.000000000
1403715356.152143240,1.580425000,0.896720000,1.362387000,0.000000000,0.000000000,0.000000000,1.000000000
1403715356.157143116,1.581158000,0.897302000,1.363067000,0.000000000,0.000000000,0.000000000,1.000000000
1403715356.162142992,1.581891000,0.897883000,1.363756000,0.000000000,0.000000000,0.000000000,1.000000000
1403715356.167143345,1.582620000,0.898465000,1.364457000,0.000000000,0.000000000,0.000000000,1.000000000
1403715356.172143221,1.583338000,0.899046000,1.365159000,0.000000000,0.000000000,0.000000000,1.000000000
1403715356.177143097,1.584040000,0.899634000,1.365855000,0.000000000,0.000000000,0.000000000,1.000000000
1403715356.182142973,1.584724000,0.900235000,1.366550000,0.000000000,0.000000000,0.000000000,1.000000000
1403715356.187143326,1.585396000,0.900853000,1.367231000,0.000000000,0.000000000,0.000000000,1.000000000
1403715356.192142963,1.586063000,0.901489000,1.367899000,0.000000000,0.000000000,0.000000000,1.000000000
1403715356.197143078,1.586729000,0.902131000,1.368565000,0.000000000,0.000000000,0.000000000,1.000000000
1403715356.202142954,1.587341000,0.902770000,1.369245000,0.000000000,0.000000000,0.000000000,1.000000000
1403715356.207143307,1.587991000,0.903423000,1.369915000,0.000000000,0.000000000,0.000000000,1.000000000
1403715356.212142944,1.588633000,0.904089000,1.370593000,0.000000000,0.000000000,0.000000000,1.000000000
1403715356.217143059,1.589264000,0.904768000,1.371276000,0.000000000,0.000000000,0.000000000,1.000000000
1403715356.222143173,1.589882000,0.905461000,1.371953000,0.000000000,0.000000000,0.000000000,1.000000000
1403715356.227143288,1.590491000,0.906167000,1.372623000,0.000000000,0.000000000,0.000000000,1.000000000
1403715356.232142925,1.591098000,0.906883000,1.373279000,0.000000000,0.000000000,0.000000000,1.000000000
1403715356.237143040,1.591710000,0.907602000,1.373911000,0.000000000,0.000000000,0.000000000,1.000000000
1403715356.242143154,1.592320000,0.908320000,1.374515000,0.000000000,0.000000000,0.000000000,1.000000000
1403715356.247143030,1.592918000,0.909033000,1.375100000,0.000000000,0.000000000,0.000000000,1.000000000
1403715356.252142906,1.593448000,0.909746000,1.375684000,0.000000000,0.000000000,0.000000000,1.000000000
1403715356.257143021,1.594010000,0.910471000,1.376248000,0.000000000,0.000000000,0.000000000,1.000000000
1403715356.262143135,1.594559000,0.911206000,1.376811000,0.000000000,0.000000000,0.000000000,1.000000000
1403715356.267143011,1.595098000,0.911946000,1.377369000,0.000000000,0.000000000,0.000000000,1.000000000
1403715356.272142887,1.595624000,0.912695000,1.377921000,0.000000000,0.000000000,0.000000000,1.000000000
1403715356.277143240,1.596135000,0.913452000,1.378470000,0.000000000,0.000000000,0.000000000,1.000000000
1403715356.282143354,1.596633000,0.914211000,1.379023000,0.000000000,0.000000000,0.000000000,1.000000000
1403715356.287142992,1.597120000,0.914974000,1.379569000,0.000000000,0.000000000,0.000000000,1.000000000
1403715356.292143106,1.597596000,0.915748000,1.380106000,0.000000000,0.000000000,0.000000000,1.000000000
1403715356.297143221,1.598059000,0.916537000,1.380637000,0.000000000,0.000000000,0.000000000,1.000000000
1403715356.302143097,1.598454000,0.917344000,1.381175000,0.000000000,0.000000000,0.000000000,1.000000000
1403715356.307142973,1.598885000,0.918161000,1.381699000,0.000000000,0.000000000,0.000000000,1.000000000
1403715356.312143087,1.599312000,0.918993000,1.382214000,0.000000000,0.000000000,0.000000000,1.000000000
1403715356.317143202,1.599737000,0.919844000,1.382720000,0.000000000,0.000000000,0.000000000,1.000000000
1403715356.322143078,1.600155000,0.920714000,1.383218000,0.000000000,0.000000000,0.000000000,1.000000000
1403715356.327142954,1.600557000,0.921599000,1.383711000,0.000000000,0.000000000,0.000000000,1.000000000
1403715356.332143307,1.600944000,0.922494000,1.384186000,0.000000000,0.000000000,0.000000000,1.000000000
1403715356.337143183,1.601318000,0.923398000,1.384637000,0.000000000,0.000000000,0.000000000,1.000000000
1403715356.342143059,1.601683000,0.924309000,1.385067000,0.000000000,0.000000000,0.000000000,1.000000000
1403715356.347142935,1.602041000,0.925229000,1.385474000,0.000000000,0.000000000,0.000000000,1.000000000
1403715356.352143288,1.602337000,0.926166000,1.385874000,0.000000000,0.000000000,0.000000000,1.000000000
1403715356.357143164,1.602668000,0.927103000,1.386245000,0.000000000,0.000000000,0.000000000,1.000000000
1403715356.362143040,1.602986000,0.928058000,1.386596000,0.000000000,0.000000000,0.000000000,1.000000000
1403715356.367142916,1.603285000,0.929040000,1.386948000,0.000000000,0.000000000,0.000000000,1.000000000
1403715356.372143269,1.603569000,0.930041000,1.387297000,0.000000000,0.000000000,0.000000000,1.000000000
1403715356.377142906,1.603844000,0.931052000,1.387643000,0.000000000,0.000000000,0.000000000,1.000000000
1403715356.382143021,1.604114000,0.932067000,1.388004000,0.000000000,0.000000000,0.000000000,1.000000000
1403715356.387142897,1.604388000,0.933087000,1.388373000,0.000000000,0.000000000,0.000000000,1.000000000
1403715356.392143250,1.604667000,0.934120000,1.388733000,0.000000000,0.000000000,0.000000000,1.000000000
1403715356.397142887,1.604936000,0.935164000,1.389087000,0.000000000,0.000000000,0.000000000,1.000000000
1403715356.402143002,1.605131000,0.936228000,1.389444000,0.000000000,0.000000000,0.000000000,1.000000000
1403715356.407143354,1.605351000,0.937297000,1.389778000,0.000000000,0.000000000,0.000000000,1.000000000
1403715356.412143230,1.605558000,0.938384000,1.390101000,0.000000000,0.000000000,0.000000000,1.000000000
1403715356.417143106,1.605765000,0.939486000,1.390431000,0.000000000,0.000000000,0.000000000,1.000000000
1403715356.422142982,1.605972000,0.940595000,1.390765000,0.000000000,0.000000000,0.000000000,1.000000000
1403715356.427143335,1.606178000,0.941705000,1.391095000,0.000000000,0.000000000,0.000000000,1.000000000
1403715356.432142973,1.606369000,0.942826000,1.391398000,0.000000000,0.000000000,0.000000000,1.000000000
1403715356.437143087,1.606540000,0.943965000,1.391668000,0.000000000,0.000000000,0.000000000,1.000000000
1403715356.442142963,1.606693000,0.945124000,1.391919000,0.000000000,0.000000000,0.000000000,1.000000000
1403715356.447143316,1.606837000,0.946301000,1.392143000,0.000000000,0.000000000,0.000000000,1.000000000
1403715356.452142954,1.606927000,0.947501000,1.392338000,0.000000000,0.000000000,0.000000000,1.000000000
1403715356.457143068,1.607058000,0.948687000,1.392524000,0.000000000,0.000000000,0.000000000,1.000000000
1403715356.462142944,1.607191000,0.949871000,1.392711000,0.000000000,0.000000000,0.000000000,1.000000000
1403715356.467143297,1.607320000,0.951064000,1.392910000,0.000000000,0.000000000,0.000000000,1.000000000
1403715356.472142935,1.607438000,0.952274000,1.393110000,0.000000000,0.000000000,0.000000000,1.000000000
1403715356.477143049,1.607546000,0.953506000,1.393299000,0.000000000,0.000000000,0.000000000,1.000000000
1403715356.482143164,1.607641000,0.954762000,1.393486000,0.000000000,0.000000000,0.000000000,1.000000000
1403715356.487143040,1.607717000,0.956028000,1.393664000,0.000000000,0.000000000,0.000000000,1.000000000
1403715356.492142916,1.607790000,0.957302000,1.393820000,0.000000000,0.000000000,0.000000000,1.000000000
1403715356.497143030,1.607866000,0.958592000,1.393961000,0.000000000,0.000000000,0.000000000,1.000000000
1403715356.502143145,1.607884000,0.959908000,1.394084000,0.000000000,0.000000000,0.000000000,1.000000000
1403715356.507143021,1.607946000,0.961214000,1.394203000,0.000000000,0.000000000,0.000000000,1.000000000
1403715356.512142897,1.608009000,0.962537000,1.394328000,0.000000000,0.000000000,0.000000000,1.000000000
1403715356.517143011,1.608070000,0.963875000,1.394460000,0.000000000,0.000000000,0.000000000,1.000000000
1403715356.522143126,1.608126000,0.965222000,1.394588000,0.000000000,0.000000000,0.000000000,1.000000000
1403715356.527143002,1.608181000,0.966579000,1.394717000,0.000000000,0.000000000,0.000000000,1.000000000
1403715356.532143116,1.608248000,0.967959000,1.394858000,0.000000000,0.000000000,0.000000000,1.000000000
1403715356.537143230,1.608320000,0.969358000,1.394997000,0.000000000,0.000000000,0.000000000,1.000000000
1403715356.542143345,1.608388000,0.970756000,1.395103000,0.000000000,0.000000000,0.000000000,1.000000000
1403715356.547142982,1.608450000,0.972152000,1.395187000,0.000000000,0.000000000,0.000000000,1.000000000
1403715356.552143097,1.608444000,0.973576000,1.395260000,0.000000000,0.000000000,0.000000000,1.000000000
1403715356.557143211,1.608477000,0.974994000,1.395333000,0.000000000,0.000000000,0.000000000,1.000000000
1403715356.562143087,1.608510000,0.976430000,1.395404000,0.000000000,0.000000000,0.000000000,1.000000000
1403715356.567142963,1.608544000,0.977880000,1.395489000,0.000000000,0.000000000,0.000000000,1.000000000
1403715356.572143078,1.608578000,0.979340000,1.395582000,0.000000000,0.000000000,0.000000000,1.000000000
1403715356.577143192,1.608617000,0.980825000,1.395680000,0.000000000,0.000000000,0.000000000,1.000000000
1403715356.582143068,1.608661000,0.982336000,1.395774000,0.000000000,0.000000000,0.000000000,1.000000000
1403715356.587142944,1.608710000,0.983862000,1.395858000,0.000000000,0.000000000,0.000000000,1.000000000
1403715356.592143297,1.608755000,0.985400000,1.395926000,0.000000000,0.000000000,0.000000000,1.000000000
1403715356.597143173,1.608793000,0.986948000,1.395970000,0.000000000,0.000000000,0.000000000,1.000000000
1403715356.602143049,1.608761000,0.988527000,1.395977000,0.000000000,0.000000000,0.000000000,1.000000000
1403715356.607142925,1.608774000,0.990097000,1.395985000,0.000000000,0.000000000,0.000000000,1.000000000
1403715356.612143278,1.608787000,0.991683000,1.395998000,0.000000000,0.000000000,0.000000000,1.000000000
1403715356.617143154,1.608805000,0.993281000,1.396021000,0.000000000,0.000000000,0.000000000,1.000000000
1403715356.622143030,1.608827000,0.994888000,1.396048000,0.000000000,0.000000000,0.000000000,1.000000000
1403715356.627142906,1.608853000,0.996508000,1.396073000,0.000000000,0.000000000,0.000000000,1.000000000
1403715356.632143259,1.608881000,0.998141000,1.396099000,0.000000000,0.000000000,0.000000000,1.000000000
1403715356.637142897,1.608911000,0.999791000,1.396129000,0.000000000,0.000000000,0.000000000,1.000000000
1403715356.642143011,1.608947000,1.001450000,1.396162000,0.000000000,0.000000000,0.000000000,1.000000000
1403715356.647142887,1.608992000,1.003110000,1.396198000,0.000000000,0.000000000,0.000000000,1.000000000
1403715356.652143240,1.608973000,1.004810000,1.396220000,0.000000000,0.000000000,0.000000000,1.000000000
1403715356.657143116,1.609013000,1.006506000,1.396268000,0.000000000,0.000000000,0.000000000,1.000000000
1403715356.662142992,1.609058000,1.008220000,1.396323000,0.000000000,0.000000000,0.000000000,1.000000000
1403715356.667143345,1.609108000,1.009951000,1.396391000,0.000000000,0.000000000,0.000000000,1.000000000
1403715356.672143221,1.609165000,1.011691000,1.396454000,0.000000000,0.000000000,0.000000000,1.000000000
1403715356.677143097,1.609231000,1.013443000,1.396497000,0.000000000,0.000000000,0.000000000,1.000000000
1403715356.682142973,1.609304000,1.015207000,1.396522000,0.000000000,0.000000000,0.000000000,1.000000000
1403715356.687143326,1.609380000,1.016982000,1.396532000,0.000000000,0.000000000,0.000000000,1.000000000
1403715356.692142963,1.609450000,1.018764000,1.396535000,0.000000000,0.000000000,0.000000000,1.000000000
1403715356.697143078,1.609518000,1.020562000,1.396522000,0.000000000,0.000000000,0.000000000,1.000000000
1403715356.702142954,1.609527000,1.022416000,1.396474000,0.000000000,0.000000000,0.000000000,1.000000000
1403715356.707143307,1.609606000,1.024259000,1.396461000,0.000000000,0.000000000,0.000000000,1.000000000
1403715356.712142944,1.609694000,1.026103000,1.396450000,0.000000000,0.000000000,0.000000000,1.000000000
1403715356.717143059,1.609791000,1.027954000,1.396441000,0.000000000,0.000000000,0.000000000,1.000000000
1403715356.722143173,1.609893000,1.029822000,1.396441000,0.000000000,0.000000000,0.000000000,1.000000000
1403715356.727143288,1.609994000,1.031711000,1.396447000,0.000000000,0.000000000,0.000000000,1.000000000
1403715356.732142925,1.610089000,1.033616000,1.396459000,0.000000000,0.000000000,0.000000000,1.000000000
1403715356.737143040,1.610177000,1.035523000,1.396475000,0.000000000,0.000000000,0.000000000,1.000000000
1403715356.742143154,1.610270000,1.037425000,1.396494000,0.000000000,0.000000000,0.000000000,1.000000000
1403715356.747143030,1.610376000,1.039327000,1.396513000,0.000000000,0.000000000,0.000000000,1.000000000
1403715356.752142906,1.610420000,1.041270000,1.396483000,0.000000000,0.000000000,0.000000000,1.000000000
1403715356.757143021,1.610539000,1.043184000,1.396466000,0.000000000,0.000000000,0.000000000,1.000000000
1403715356.762143135,1.610658000,1.045113000,1.396445000,0.000000000,0.000000000,0.000000000,1.000000000
1403715356.767143011,1.610775000,1.047054000,1.396422000,0.000000000,0.000000000,0.000000000,1.000000000
1403715356.772142887,1.610894000,1.049005000,1.396410000,0.000000000,0.000000000,0.000000000,1.000000000
1403715356.777143240,1.611013000,1.050959000,1.396412000,0.000000000,0.000000000,0.000000000,1.000000000
1403715356.782143354,1.611134000,1.052904000,1.396414000,0.000000000,0.000000000,0.000000000,1.000000000
1403715356.787142992,1.611272000,1.054850000,1.396405000,0.000000000,0.000000000,0.000000000,1.000000000
1403715356.792143106,1.611427000,1.056803000,1.396378000,0.000000000,0.000000000,0.000000000,1.000000000
1403715356.797143221,1.611591000,1.058763000,1.396343000,0.000000000,0.000000000,0.000000000,1.000000000
1403715356.802143097,1.611664000,1.060768000,1.396278000,0.000000000,0.000000000,0.000000000,1.000000000
1403715356.807142973,1.611801000,1.062729000,1.396213000,0.000000000,0.000000000,0.000000000,1.000000000
1403715356.812143087,1.611944000,1.064690000,1.396121000,0.000000000,0.000000000,0.000000000,1.000000000
1403715356.817143202,1.612087000,1.066655000,1.396032000,0.000000000,0.000000000,0.000000000,1.000000000
1403715356.822143078,1.612237000,1.068622000,1.395951000,0.000000000,0.000000000,0.000000000,1.000000000
1403715356.827142954,1.612406000,1.070599000,1.395882000,0.000000000,0.000000000,0.000000000,1.000000000
1403715356.832143307,1.612587000,1.072589000,1.395824000,0.000000000,0.000000000,0.000000000,1.000000000
1403715356.837143183,1.612779000,1.074588000,1.395770000,0.000000000,0.000000000,0.000000000,1.000000000
1403715356.842143059,1.612976000,1.076591000,1.395724000,0.000000000,0.000000000,0.000000000,1.000000000
1403715356.847142935,1.613173000,1.078597000,1.395679000,0.000000000,0.000000000,0.000000000,1.000000000
1403715356.852143288,1.613286000,1.080662000,1.395601000,0.000000000,0.000000000,0.000000000,1.000000000
1403715356.857143164,1.613472000,1.082695000,1.395528000,0.000000000,0.000000000,0.000000000,1.000000000
1403715356.862143040,1.613666000,1.084732000,1.395430000,0.000000000,0.000000000,0.000000000,1.000000000
1403715356.867142916,1.613879000,1.086777000,1.395319000,0.000000000,0.000000000,0.000000000,1.000000000
1403715356.872143269,1.614106000,1.088843000,1.395210000,0.000000000,0.000000000,0.000000000,1.000000000
1403715356.877142906,1.614337000,1.090931000,1.395104000,0.000000000,0.000000000,0.000000000,1.000000000
1403715356.882143021,1.614564000,1.093033000,1.395021000,0.000000000,0.000000000,0.000000000,1.000000000
1403715356.887142897,1.614787000,1.095136000,1.394971000,0.000000000,0.000000000,0.000000000,1.000000000
1403715356.892143250,1.615016000,1.097234000,1.394953000,0.000000000,0.000000000,0.000000000,1.000000000
1403715356.897142887,1.615264000,1.099331000,1.394970000,0.000000000,0.000000000,0.000000000,1.000000000
1403715356.902143002,1.615448000,1.101487000,1.394976000,0.000000000,0.000000000,0.000000000,1.000000000
1403715356.907143354,1.615718000,1.103603000,1.394998000,0.000000000,0.000000000,0.000000000,1.000000000
1403715356.912143230,1.615997000,1.105728000,1.395026000,0.000000000,0.000000000,0.000000000,1.000000000
1403715356.917143106,1.616281000,1.107867000,1.395077000,0.000000000,0.000000000,0.000000000,1.000000000
1403715356.922142982,1.616574000,1.110015000,1.395152000,0.000000000,0.000000000,0.000000000,1.000000000
1403715356.927143335,1.616894000,1.112158000,1.395242000,0.000000000,0.000000000,0.000000000,1.000000000
1403715356.932142973,1.617248000,1.114294000,1.395360000,0.000000000,0.000000000,0.000000000,1.000000000
1403715356.937143087,1.617630000,1.116435000,1.395508000,0.000000000,0.000000000,0.000000000,1.000000000
1403715356.942142963,1.618021000,1.118597000,1.395685000,0.000000000,0.000000000,0.000000000,1.000000000
1403715356.947143316,1.618409000,1.120779000,1.395882000,0.000000000,0.000000000,0.000000000,1.000000000
1403715356.952142954,1.618714000,1.123026000,1.396062000,0.000000000,0.000000000,0.000000000,1.000000000
1403715356.957143068,1.619081000,1.125230000,1.396266000,0.000000000,0.000000000,0.000000000,1.000000000
1403715356.962142944,1.619457000,1.127435000,1.396497000,0.000000000,0.000000000,0.000000000,1.000000000
1403715356.967143297,1.619856000,1.129645000,1.396753000,0.000000000,0.000000000,0.000000000,1.000000000
1403715356.972142935,1.620271000,1.131859000,1.397021000,0.000000000,0.000000000,0.000000000,1.000000000
1403715356.977143049,1.620691000,1.134077000,1.397299000,0.000000000,0.000000000,0.000000000,1.000000000
1403715356.982143164,1.621120000,1.136287000,1.397595000,0.000000000,0.000000000,0.000000000,1.000000000
1403715356.987143040,1.621564000,1.138490000,1.397915000,0.000000000,0.000000000,0.000000000,1.000000000
1403715356.992142916,1.622017000,1.140693000,1.398263000,0.000000000,0.000000000,0.000000000,1.000000000
1403715356.997143030,1.622482000,1.142896000,1.398624000,0.000000000,0.000000000,0.000000000,1.000000000
1403715357.002143145,1.622885000,1.145164000,1.398992000,0.000000000,0.000000000,0.000000000,1.000000000
1403715357.007143021,1.623350000,1.147398000,1.399391000,0.000000000,0.000000000,0.000000000,1.000000000
1403715357.012142897,1.623822000,1.149640000,1.399813000,0.000000000,0.000000000,0.000000000,1.000000000
1403715357.017143011,1.624298000,1.151884000,1.400244000,0.000000000,0.000000000,0.000000000,1.000000000
1403715357.022143126,1.624788000,1.154122000,1.400676000,0.000000000,0.000000000,0.000000000,1.000000000
1403715357.027143002,1.625293000,1.156353000,1.401109000,0.000000000,0.000000000,0.000000000,1.000000000
1403715357.032143116,1.625809000,1.158577000,1.401558000,0.000000000,0.000000000,0.000000000,1.000000000
1403715357.037143230,1.626336000,1.160794000,1.402018000,0.000000000,0.000000000,0.000000000,1.000000000
1403715357.042143345,1.626874000,1.163006000,1.402479000,0.000000000,0.000000000,0.000000000,1.000000000
1403715357.047142982,1.627414000,1.165214000,1.402947000,0.000000000,0.000000000,0.000000000,1.000000000
1403715357.052143097,1.627893000,1.167480000,1.403437000,0.000000000,0.000000000,0.000000000,1.000000000
1403715357.057143211,1.628431000,1.169698000,1.403936000,0.000000000,0.000000000,0.000000000,1.000000000
1403715357.062143087,1.628981000,1.171916000,1.404456000,0.000000000,0.000000000,0.000000000,1.000000000
1403715357.067142963,1.629537000,1.174136000,1.404996000,0.000000000,0.000000000,0.000000000,1.000000000
1403715357.072143078,1.630090000,1.176363000,1.405559000,0.000000000,0.000000000,0.000000000,1.000000000
1403715357.077143192,1.630631000,1.178600000,1.406132000,0.000000000,0.000000000,0.000000000,1.000000000
1403715357.082143068,1.631172000,1.180840000,1.406711000,0.000000000,0.000000000,0.000000000,1.000000000
1403715357.087142944,1.631728000,1.183075000,1.407304000,0.000000000,0.000000000,0.000000000,1.000000000
1403715357.092143297,1.632310000,1.185296000,1.407907000,0.000000000,0.000000000,0.000000000,1.000000000
1403715357.097143173,1.632905000,1.187508000,1.408520000,0.000000000,0.000000000,0.000000000,1.000000000
1403715357.102143049,1.633452000,1.189774000,1.409176000,0.000000000,0.000000000,0.000000000,1.000000000
1403715357.107142925,1.634046000,1.192003000,1.409809000,0.000000000,0.000000000,0.000000000,1.000000000
1403715357.112143278,1.634635000,1.194239000,1.410437000,0.000000000,0.000000000,0.000000000,1.000000000
1403715357.117143154,1.635221000,1.196466000,1.411065000,0.000000000,0.000000000,0.000000000,1.000000000
1403715357.122143030,1.635812000,1.198675000,1.411680000,0.000000000,0.000000000,0.000000000,1.000000000
1403715357.127142906,1.636412000,1.200878000,1.412284000,0.000000000,0.000000000,0.000000000,1.000000000
1403715357.132143259,1.637021000,1.203081000,1.412894000,0.000000000,0.000000000,0.000000000,1.000000000
1403715357.137142897,1.637636000,1.205292000,1.413520000,0.000000000,0.000000000,0.000000000,1.000000000
1403715357.142143011,1.638257000,1.207521000,1.414169000,0.000000000,0.000000000,0.000000000,1.000000000
1403715357.147142887,1.638883000,1.209754000,1.414829000,0.000000000,0.000000000,0.000000000,1.000000000
1403715357.152143240,1.639473000,1.212016000,1.415528000,0.000000000,0.000000000,0.000000000,1.000000000
1403715357.157143116,1.640111000,1.214230000,1.416185000,0.000000000,0.000000000,0.000000000,1.000000000
1403715357.162142992,1.640765000,1.216436000,1.416836000,0.000000000,0.000000000,0.000000000,1.000000000
1403715357.167143345,1.641436000,1.218641000,1.417494000,0.000000000,0.000000000,0.000000000,1.000000000
1403715357.172143221,1.642116000,1.220851000,1.418175000,0.000000000,0.000000000,0.000000000,1.000000000
1403715357.177143097,1.642797000,1.223070000,1.418872000,0.000000000,0.000000000,0.000000000,1.000000000
1403715357.182142973,1.643482000,1.225295000,1.419576000,0.000000000,0.000000000,0.000000000,1.000000000
1403715357.187143326,1.644173000,1.227516000,1.420290000,0.000000000,0.000000000,0.000000000,1.000000000
1403715357.192142963,1.644870000,1.229731000,1.421012000,0.000000000,0.000000000,0.000000000,1.000000000
1403715357.197143078,1.645581000,1.231943000,1.421738000,0.000000000,0.000000000,0.000000000,1.000000000
1403715357.202142954,1.646268000,1.234179000,1.422529000,0.000000000,0.000000000,0.000000000,1.000000000
1403715357.207143307,1.647002000,1.236382000,1.423266000,0.000000000,0.000000000,0.000000000,1.000000000
1403715357.212142944,1.647747000,1.238581000,1.424022000,0.000000000,0.000000000,0.000000000,1.000000000
1403715357.217143059,1.648506000,1.240786000,1.424805000,0.000000000,0.000000000,0.000000000,1.000000000
1403715357.222143173,1.649284000,1.243000000,1.425611000,0.000000000,0.000000000,0.000000000,1.000000000
1403715357.227143288,1.650079000,1.245229000,1.426426000,0.000000000,0.000000000,0.000000000,1.000000000
1403715357.232142925,1.650878000,1.247466000,1.427240000,0.000000000,0.000000000,0.000000000,1.000000000
1403715357.237143040,1.651672000,1.249686000,1.428029000,0.000000000,0.000000000,0.000000000,1.000000000
1403715357.242143154,1.652468000,1.251885000,1.428787000,0.000000000,0.000000000,0.000000000,1.000000000
1403715357.247143030,1.653273000,1.254074000,1.429538000,0.000000000,0.000000000,0.000000000,1.000000000
1403715357.252142906,1.654053000,1.256278000,1.430360000,0.000000000,0.000000000,0.000000000,1.000000000
1403715357.257143021,1.654886000,1.258465000,1.431122000,0.000000000,0.000000000,0.000000000,1.000000000
1403715357.262143135,1.655739000,1.260655000,1.431895000,0.000000000,0.000000000,0.000000000,1.000000000
1403715357.267143011,1.656604000,1.262847000,1.432677000,0.000000000,0.000000000,0.000000000,1.000000000
1403715357.272142887,1.657471000,1.265042000,1.433474000,0.000000000,0.000000000,0.000000000,1.000000000
1403715357.277143240,1.658340000,1.267245000,1.434279000,0.000000000,0.000000000,0.000000000,1.000000000
1403715357.282143354,1.659217000,1.269453000,1.435092000,0.000000000,0.000000000,0.000000000,1.000000000
1403715357.287142992,1.660124000,1.271662000,1.435906000,0.000000000,0.000000000,0.000000000,1.000000000
1403715357.292143106,1.661066000,1.273875000,1.436731000,0.000000000,0.000000000,0.000000000,1.000000000
1403715357.297143221,1.662017000,1.276087000,1.437566000,0.000000000,0.000000000,0.000000000,1.000000000
1403715357.302143097,1.662927000,1.278319000,1.438473000,0.000000000,0.000000000,0.000000000,1.000000000
1403715357.307142973,1.663869000,1.280544000,1.439316000,0.000000000,0.000000000,0.000000000,1.000000000
1403715357.312143087,1.664812000,1.282776000,1.440182000,0.000000000,0.000000000,0.000000000,1.000000000
1403715357.317143202,1.665765000,1.285002000,1.441071000,0.000000000,0.000000000,0.000000000,1.000000000
1403715357.322143078,1.666737000,1.287226000,1.441974000,0.000000000,0.000000000,0.000000000,1.000000000
1403715357.327142954,1.667726000,1.289455000,1.442898000,0.000000000,0.000000000,0.000000000,1.000000000
1403715357.332143307,1.668725000,1.291693000,1.443838000,0.000000000,0.000000000,0.000000000,1.000000000
1403715357.337143183,1.669728000,1.293939000,1.444779000,0.000000000,0.000000000,0.000000000,1.000000000
1403715357.342143059,1.670719000,1.296186000,1.445708000,0.000000000,0.000000000,0.000000000,1.000000000
1403715357.347142935,1.671699000,1.298420000,1.446619000,0.000000000,0.000000000,0.000000000,1.000000000
1403715357.352143288,1.672641000,1.300661000,1.447596000,0.000000000,0.000000000,0.000000000,1.000000000
1403715357.357143164,1.673621000,1.302875000,1.448498000,0.000000000,0.000000000,0.000000000,1.000000000
1403715357.362143040,1.674605000,1.305080000,1.449390000,0.000000000,0.000000000,0.000000000,1.000000000
1403715357.367142916,1.675587000,1.307286000,1.450277000,0.000000000,0.000000000,0.000000000,1.000000000
1403715357.372143269,1.676562000,1.309503000,1.451168000,0.000000000,0.000000000,0.000000000,1.000000000
1403715357.377142906,1.677526000,1.311727000,1.452071000,0.000000000,0.000000000,0.000000000,1.000000000
1403715357.382143021,1.678487000,1.313946000,1.452981000,0.000000000,0.000000000,0.000000000,1.000000000
1403715357.387142897,1.679457000,1.316152000,1.453892000,0.000000000,0.000000000,0.000000000,1.000000000
1403715357.392143250,1.680440000,1.318343000,1.454810000,0.000000000,0.000000000,0.000000000,1.000000000
1403715357.397142887,1.681416000,1.320523000,1.455719000,0.000000000,0.000000000,0.000000000,1.000000000
1403715357.402143002,1.682338000,1.322727000,1.456675000,0.000000000,0.000000000,0.000000000,1.000000000
1403715357.407143354,1.683276000,1.324898000,1.457547000,0.000000000,0.000000000,0.000000000,1.000000000
1403715357.412143230,1.684209000,1.327067000,1.458408000,0.000000000,0.000000000,0.000000000,1.000000000
1403715357.417143106,1.685149000,1.329231000,1.459261000,0.000000000,0.000000000,0.000000000,1.000000000
1403715357.422142982,1.686098000,1.331388000,1.460112000,0.000000000,0.000000000,0.000000000,1.000000000
1403715357.427143335,1.687052000,1.333538000,1.460969000,0.000000000,0.000000000,0.000000000,1.000000000
1403715357.432142973,1.688010000,1.335684000,1.461828000,0.000000000,0.000000000,0.000000000,1.000000000
1403715357.437143087,1.688965000,1.337835000,1.462690000,0.000000000,0.000000000,0.000000000,1.000000000
1403715357.442142963,1.689914000,1.339991000,1.463554000,0.000000000,0.000000000,0.000000000,1.000000000
1403715357.447143316,1.690853000,1.342158000,1.464410000,0.000000000,0.000000000,0.000000000,1.000000000
1403715357.452142954,1.691754000,1.344374000,1.465329000,0.000000000,0.000000000,0.000000000,1.000000000
1403715357.457143068,1.692673000,1.346545000,1.466186000,0.000000000,0.000000000,0.000000000,1.000000000
1403715357.462142944,1.693595000,1.348704000,1.467034000,0.000000000,0.000000000,0.000000000,1.000000000
1403715357.467143297,1.694519000,1.350851000,1.467859000,0.000000000,0.000000000,0.000000000,1.000000000
1403715357.472142935,1.695440000,1.352988000,1.468654000,0.000000000,0.000000000,0.000000000,1.000000000
1403715357.477143049,1.696356000,1.355121000,1.469429000,0.000000000,0.000000000,0.000000000,1.000000000
1403715357.482143164,1.697261000,1.357255000,1.470194000,0.000000000,0.000000000,0.000000000,1.000000000
1403715357.487143040,1.698153000,1.359392000,1.470950000,0.000000000,0.000000000,0.000000000,1.000000000
1403715357.492142916,1.699043000,1.361526000,1.471700000,0.000000000,0.000000000,0.000000000,1.000000000
1403715357.497143030,1.699935000,1.363658000,1.472434000,0.000000000,0.000000000,0.000000000,1.000000000
1403715357.502143145,1.700805000,1.365851000,1.473217000,0.000000000,0.000000000,0.000000000,1.000000000
1403715357.507143021,1.701702000,1.368000000,1.473949000,0.000000000,0.000000000,0.000000000,1.000000000
1403715357.512142897,1.702601000,1.370146000,1.474662000,0.000000000,0.000000000,0.000000000,1.000000000
1403715357.517143011,1.703495000,1.372290000,1.475347000,0.000000000,0.000000000,0.000000000,1.000000000
1403715357.522143126,1.704377000,1.374432000,1.476005000,0.000000000,0.000000000,0.000000000,1.000000000
1403715357.527143002,1.705245000,1.376575000,1.476647000,0.000000000,0.000000000,0.000000000,1.000000000
1403715357.532143116,1.706106000,1.378715000,1.477278000,0.000000000,0.000000000,0.000000000,1.000000000
1403715357.537143230,1.706970000,1.380855000,1.477898000,0.000000000,0.000000000,0.000000000,1.000000000
1403715357.542143345,1.707844000,1.382991000,1.478515000,0.000000000,0.000000000,0.000000000,1.000000000
1403715357.547142982,1.708722000,1.385120000,1.479132000,0.000000000,0.000000000,0.000000000,1.000000000
1403715357.552143097,1.709567000,1.387321000,1.479791000,0.000000000,0.000000000,0.000000000,1.000000000
1403715357.557143211,1.710416000,1.389480000,1.480413000,0.000000000,0.000000000,0.000000000,1.000000000
1403715357.562143087,1.711251000,1.391639000,1.481020000,0.000000000,0.000000000,0.000000000,1.000000000
1403715357.567142963,1.712079000,1.393798000,1.481614000,0.000000000,0.000000000,0.000000000,1.000000000
1403715357.572143078,1.712911000,1.395952000,1.482203000,0.000000000,0.000000000,0.000000000,1.000000000
1403715357.577143192,1.713751000,1.398097000,1.482790000,0.000000000,0.000000000,0.000000000,1.000000000
1403715357.582143068,1.714595000,1.400241000,1.483374000,0.000000000,0.000000000,0.000000000,1.000000000
1403715357.587142944,1.715437000,1.402386000,1.483953000,0.000000000,0.000000000,0.000000000,1.000000000
1403715357.592143297,1.716267000,1.404532000,1.484527000,0.000000000,0.000000000,0.000000000,1.000000000
1403715357.597143173,1.717082000,1.406687000,1.485098000,0.000000000,0.000000000,0.000000000,1.000000000
1403715357.602143049,1.717865000,1.408919000,1.485705000,0.000000000,0.000000000,0.000000000,1.000000000
1403715357.607142925,1.718657000,1.411091000,1.486295000,0.000000000,0.000000000,0.000000000,1.000000000
1403715357.612143278,1.719447000,1.413266000,1.486884000,0.000000000,0.000000000,0.000000000,1.000000000
1403715357.617143154,1.720241000,1.415449000,1.487461000,0.000000000,0.000000000,0.000000000,1.000000000
1403715357.622143030,1.721034000,1.417641000,1.488023000,0.000000000,0.000000000,0.000000000,1.000000000
1403715357.627142906,1.721820000,1.419836000,1.488570000,0.000000000,0.000000000,0.000000000,1.000000000
1403715357.632143259,1.722598000,1.422030000,1.489103000,0.000000000,0.000000000,0.000000000,1.000000000
1403715357.637142897,1.723370000,1.424224000,1.489627000,0.000000000,0.000000000,0.000000000,1.000000000
1403715357.642143011,1.724140000,1.426416000,1.490145000,0.000000000,0.000000000,0.000000000,1.000000000
1403715357.647142887,1.724913000,1.428603000,1.490661000,0.000000000,0.000000000,0.000000000,1.000000000
1403715357.652143240,1.725672000,1.430877000,1.491188000,0.000000000,0.000000000,0.000000000,1.000000000
1403715357.657143116,1.726447000,1.433082000,1.491712000,0.000000000,0.000000000,0.000000000,1.000000000
1403715357.662142992,1.727211000,1.435280000,1.492248000,0.000000000,0.000000000,0.000000000,1.000000000
1403715357.667143345,1.727972000,1.437486000,1.492801000,0.000000000,0.000000000,0.000000000,1.000000000
1403715357.672143221,1.728727000,1.439698000,1.493383000,0.000000000,0.000000000,0.000000000,1.000000000
1403715357.677143097,1.729475000,1.441908000,1.493982000,0.000000000,0.000000000,0.000000000,1.000000000
1403715357.682142973,1.730218000,1.444118000,1.494586000,0.000000000,0.000000000,0.000000000,1.000000000
1403715357.687143326,1.730957000,1.446330000,1.495196000,0.000000000,0.000000000,0.000000000,1.000000000
1403715357.692142963,1.731690000,1.448543000,1.495809000,0.000000000,0.000000000,0.000000000,1.000000000
1403715357.697143078,1.732420000,1.450755000,1.496422000,0.000000000,0.000000000,0.000000000,1.000000000
1403715357.702142954,1.733124000,1.453054000,1.497031000,0.000000000,0.000000000,0.000000000,1.000000000
1403715357.707143307,1.733846000,1.455286000,1.497617000,0.000000000,0.000000000,0.000000000,1.000000000
1403715357.712142944,1.734560000,1.457514000,1.498189000,0.000000000,0.000000000,0.000000000,1.000000000
1403715357.717143059,1.735261000,1.459742000,1.498746000,0.000000000,0.000000000,0.000000000,1.000000000
1403715357.722143173,1.735954000,1.461968000,1.499287000,0.000000000,0.000000000,0.000000000,1.000000000
1403715357.727143288,1.736638000,1.464190000,1.499809000,0.000000000,0.000000000,0.000000000,1.000000000
1403715357.732142925,1.737318000,1.466408000,1.500318000,0.000000000,0.000000000,0.000000000,1.000000000
1403715357.737143040,1.737992000,1.468621000,1.500821000,0.000000000,0.000000000,0.000000000,1.000000000
1403715357.742143154,1.738659000,1.470826000,1.501317000,0.000000000,0.000000000,0.000000000,1.000000000
1403715357.747143030,1.739321000,1.473027000,1.501804000,0.000000000,0.000000000,0.000000000,1.000000000
1403715357.752142906,1.739950000,1.475314000,1.502290000,0.000000000,0.000000000,0.000000000,1.000000000
1403715357.757143021,1.740588000,1.477541000,1.502773000,0.000000000,0.000000000,0.000000000,1.000000000
1403715357.762143135,1.741215000,1.479767000,1.503265000,0.000000000,0.000000000,0.000000000,1.000000000
1403715357.767143011,1.741832000,1.481993000,1.503764000,0.000000000,0.000000000,0.000000000,1.000000000
1403715357.772142887,1.742439000,1.484223000,1.504268000,0.000000000,0.000000000,0.000000000,1.000000000
1403715357.777143240,1.743035000,1.486456000,1.504771000,0.000000000,0.000000000,0.000000000,1.000000000
1403715357.782143354,1.743620000,1.488684000,1.505258000,0.000000000,0.000000000,0.000000000,1.000000000
1403715357.787142992,1.744195000,1.490910000,1.505726000,0.000000000,0.000000000,0.000000000,1.000000000
1403715357.792143106,1.744760000,1.493137000,1.506176000,0.000000000,0.000000000,0.000000000,1.000000000
1403715357.797143221,1.745309000,1.495363000,1.506608000,0.000000000,0.000000000,0.000000000,1.000000000
1403715357.802143097,1.745822000,1.497669000,1.507020000,0.000000000,0.000000000,0.000000000,1.000000000
1403715357.807142973,1.746345000,1.499913000,1.507412000,0.000000000,0.000000000,0.000000000,1.000000000
1403715357.812143087,1.746864000,1.502152000,1.507779000,0.000000000,0.000000000,0.000000000,1.000000000
1403715357.817143202,1.747373000,1.504388000,1.508120000,0.000000000,0.000000000,0.000000000,1.000000000
1403715357.822143078,1.747864000,1.506622000,1.508437000,0.000000000,0.000000000,0.000000000,1.000000000
1403715357.827142954,1.748333000,1.508853000,1.508745000,0.000000000,0.000000000,0.000000000,1.000000000
1403715357.832143307,1.748784000,1.511091000,1.509055000,0.000000000,0.000000000,0.000000000,1.000000000
1403715357.837143183,1.749219000,1.513338000,1.509375000,0.000000000,0.000000000,0.000000000,1.000000000
1403715357.842143059,1.749645000,1.515587000,1.509698000,0.000000000,0.000000000,0.000000000,1.000000000
1403715357.847142935,1.750066000,1.517837000,1.510018000,0.000000000,0.000000000,0.000000000,1.000000000
1403715357.852143288,1.750461000,1.520164000,1.510328000,0.000000000,0.000000000,0.000000000,1.000000000
1403715357.857143164,1.750867000,1.522441000,1.510635000,0.000000000,0.000000000,0.000000000,1.000000000
1403715357.862143040,1.751262000,1.524725000,1.510922000,0.000000000,0.000000000,0.000000000,1.000000000
1403715357.867142916,1.751636000,1.527012000,1.511183000,0.000000000,0.000000000,0.000000000,1.000000000
1403715357.872143269,1.751985000,1.529297000,1.511422000,0.000000000,0.000000000,0.000000000,1.000000000
1403715357.877142906,1.752315000,1.531579000,1.511640000,0.000000000,0.000000000,0.000000000,1.000000000
1403715357.882143021,1.752639000,1.533865000,1.511847000,0.000000000,0.000000000,0.000000000,1.000000000
1403715357.887142897,1.752961000,1.536159000,1.512050000,0.000000000,0.000000000,0.000000000,1.000000000
1403715357.892143250,1.753272000,1.538452000,1.512246000,0.000000000,0.000000000,0.000000000,1.000000000
1403715357.897142887,1.753563000,1.540743000,1.512434000,0.000000000,0.000000000,0.000000000,1.000000000
1403715357.902143002,1.753810000,1.543099000,1.512605000,0.000000000,0.000000000,0.000000000,1.000000000
1403715357.907143354,1.754050000,1.545420000,1.512789000,0.000000000,0.000000000,0.000000000,1.000000000
1403715357.912143230,1.754276000,1.547750000,1.512967000,0.000000000,0.000000000,0.000000000,1.000000000
1403715357.917143106,1.754495000,1.550089000,1.513135000,0.000000000,0.000000000,0.000000000,1.000000000
1403715357.922142982,1.754712000,1.552431000,1.513296000,0.000000000,0.000000000,0.000000000,1.000000000
1403715357.927143335,1.754923000,1.554768000,1.513447000,0.000000000,0.000000000,0.000000000,1.000000000
1403715357.932142973,1.755116000,1.557107000,1.513593000,0.000000000,0.000000000,0.000000000,1.000000000
1403715357.937143087,1.755287000,1.559456000,1.513733000,0.000000000,0.000000000,0.000000000,1.000000000
1403715357.942142963,1.755442000,1.561815000,1.513860000,0.000000000,0.000000000,0.000000000,1.000000000
1403715357.947143316,1.755585000,1.564180000,1.513974000,0.000000000,0.000000000,0.000000000,1.000000000
1403715357.952142954,1.755706000,1.566593000,1.514054000,0.000000000,0.000000000,0.000000000,1.000000000
1403715357.957143068,1.755832000,1.568972000,1.514137000,0.000000000,0.000000000,0.000000000,1.000000000
1403715357.962142944,1.755946000,1.571353000,1.514206000,0.000000000,0.000000000,0.000000000,1.000000000
1403715357.967143297,1.756049000,1.573737000,1.514253000,0.000000000,0.000000000,0.000000000,1.000000000
1403715357.972142935,1.756133000,1.576120000,1.514280000,0.000000000,0.000000000,0.000000000,1.000000000
1403715357.977143049,1.756195000,1.578504000,1.514300000,0.000000000,0.000000000,0.000000000,1.000000000
1403715357.982143164,1.756243000,1.580899000,1.514326000,0.000000000,0.000000000,0.000000000,1.000000000
1403715357.987143040,1.756282000,1.583315000,1.514373000,0.000000000,0.000000000,0.000000000,1.000000000
1403715357.992142916,1.756306000,1.585746000,1.514436000,0.000000000,0.000000000,0.000000000,1.000000000
1403715357.997143030,1.756312000,1.588180000,1.514501000,0.000000000,0.000000000,0.000000000,1.000000000
1403715358.002143145,1.756285000,1.590634000,1.514552000,0.000000000,0.000000000,0.000000000,1.000000000
1403715358.007143021,1.756248000,1.593069000,1.514587000,0.000000000,0.000000000,0.000000000,1.000000000
1403715358.012142897,1.756198000,1.595514000,1.514609000,0.000000000,0.000000000,0.000000000,1.000000000
1403715358.017143011,1.756140000,1.597965000,1.514617000,0.000000000,0.000000000,0.000000000,1.000000000
1403715358.022143126,1.756072000,1.600419000,1.514606000,0.000000000,0.000000000,0.000000000,1.000000000
1403715358.027143002,1.755993000,1.602876000,1.514584000,0.000000000,0.000000000,0.000000000,1.000000000
1403715358.032143116,1.755902000,1.605337000,1.514562000,0.000000000,0.000000000,0.000000000,1.000000000
1403715358.037143230,1.755794000,1.607805000,1.514549000,0.000000000,0.000000000,0.000000000,1.000000000
1403715358.042143345,1.755669000,1.610281000,1.514536000,0.000000000,0.000000000,0.000000000,1.000000000
1403715358.047142982,1.755524000,1.612763000,1.514517000,0.000000000,0.000000000,0.000000000,1.000000000
1403715358.052143097,1.755343000,1.615261000,1.514496000,0.000000000,0.000000000,0.000000000,1.000000000
1403715358.057143211,1.755151000,1.617757000,1.514460000,0.000000000,0.000000000,0.000000000,1.000000000
1403715358.062143087,1.754945000,1.620261000,1.514410000,0.000000000,0.000000000,0.000000000,1.000000000
1403715358.067142963,1.754727000,1.622769000,1.514345000,0.000000000,0.000000000,0.000000000,1.000000000
1403715358.072143078,1.754497000,1.625283000,1.514266000,0.000000000,0.000000000,0.000000000,1.000000000
1403715358.077143192,1.754255000,1.627803000,1.514182000,0.000000000,0.000000000,0.000000000,1.000000000
1403715358.082143068,1.753998000,1.630330000,1.514100000,0.000000000,0.000000000,0.000000000,1.000000000
1403715358.087142944,1.753721000,1.632869000,1.514023000,0.000000000,0.000000000,0.000000000,1.000000000
1403715358.092143297,1.753419000,1.635421000,1.513954000,0.000000000,0.000000000,0.000000000,1.000000000
1403715358.097143173,1.753095000,1.637984000,1.513891000,0.000000000,0.000000000,0.000000000,1.000000000
1403715358.102143049,1.752751000,1.640554000,1.513834000,0.000000000,0.000000000,0.000000000,1.000000000
1403715358.107142925,1.752403000,1.643135000,1.513765000,0.000000000,0.000000000,0.000000000,1.000000000
1403715358.112143278,1.752047000,1.645724000,1.513694000,0.000000000,0.000000000,0.000000000,1.000000000
1403715358.117143154,1.751681000,1.648319000,1.513617000,0.000000000,0.000000000,0.000000000,1.000000000
1403715358.122143030,1.751298000,1.650920000,1.513537000,0.000000000,0.000000000,0.000000000,1.000000000
1403715358.127142906,1.750897000,1.653526000,1.513453000,0.000000000,0.000000000,0.000000000,1.000000000
1403715358.132143259,1.750476000,1.656143000,1.513370000,0.000000000,0.000000000,0.000000000,1.000000000
1403715358.137142897,1.750035000,1.658773000,1.513281000,0.000000000,0.000000000,0.000000000,1.000000000
1403715358.142143011,1.749582000,1.661422000,1.513182000,0.000000000,0.000000000,0.000000000,1.000000000
1403715358.147142887,1.749130000,1.664087000,1.513074000,0.000000000,0.000000000,0.000000000,1.000000000
1403715358.152143240,1.748672000,1.666749000,1.512970000,0.000000000,0.000000000,0.000000000,1.000000000
1403715358.157143116,1.748211000,1.669429000,1.512831000,0.000000000,0.000000000,0.000000000,1.000000000
1403715358.162142992,1.747733000,1.672120000,1.512676000,0.000000000,0.000000000,0.000000000,1.000000000
1403715358.167143345,1.747228000,1.674822000,1.512505000,0.000000000,0.000000000,0.000000000,1.000000000
1403715358.172143221,1.746702000,1.677532000,1.512325000,0.000000000,0.000000000,0.000000000,1.000000000
1403715358.177143097,1.746163000,1.680255000,1.512153000,0.000000000,0.000000000,0.000000000,1.000000000
1403715358.182142973,1.745618000,1.682993000,1.511985000,0.000000000,0.000000000,0.000000000,1.000000000
1403715358.187143326,1.745070000,1.685744000,1.511812000,0.000000000,0.000000000,0.000000000,1.000000000
1403715358.192142963,1.744513000,1.688498000,1.511638000,0.000000000,0.000000000,0.000000000,1.000000000
1403715358.197143078,1.743941000,1.691263000,1.511464000,0.000000000,0.000000000,0.000000000,1.000000000
1403715358.202142954,1.743352000,1.694048000,1.511284000,0.000000000,0.000000000,0.000000000,1.000000000
1403715358.207143307,1.742739000,1.696826000,1.511138000,0.000000000,0.000000000,0.000000000,1.000000000
1403715358.212142944,1.742111000,1.699624000,1.510943000,0.000000000,0.000000000,0.000000000,1.000000000
1403715358.217143059,1.741470000,1.702421000,1.510754000,0.000000000,0.000000000,0.000000000,1.000000000
1403715358.222143173,1.740824000,1.705224000,1.510579000,0.000000000,0.000000000,0.000000000,1.000000000
1403715358.227143288,1.740174000,1.708036000,1.510415000,0.000000000,0.000000000,0.000000000,1.000000000
1403715358.232142925,1.739519000,1.710855000,1.510271000,0.000000000,0.000000000,0.000000000,1.000000000
1403715358.237143040,1.738854000,1.713684000,1.510144000,0.000000000,0.000000000,0.000000000,1.000000000
1403715358.242143154,1.738172000,1.716527000,1.510026000,0.000000000,0.000000000,0.000000000,1.000000000
1403715358.247143030,1.737479000,1.719384000,1.509907000,0.000000000,0.000000000,0.000000000,1.000000000
1403715358.252142906,1.736780000,1.722235000,1.509835000,0.000000000,0.000000000,0.000000000,1.000000000
1403715358.257143021,1.736078000,1.725106000,1.509709000,0.000000000,0.000000000,0.000000000,1.000000000
1403715358.262143135,1.735378000,1.727985000,1.509568000,0.000000000,0.000000000,0.000000000,1.000000000
1403715358.267143011,1.734679000,1.730872000,1.509405000,0.000000000,0.000000000,0.000000000,1.000000000
1403715358.272142887,1.733975000,1.733765000,1.509228000,0.000000000,0.000000000,0.000000000,1.000000000
1403715358.277143240,1.733259000,1.736669000,1.509045000,0.000000000,0.000000000,0.000000000,1.000000000
1403715358.282143354,1.732533000,1.739584000,1.508860000,0.000000000,0.000000000,0.000000000,1.000000000
1403715358.287142992,1.731799000,1.742502000,1.508672000,0.000000000,0.000000000,0.000000000,1.000000000
1403715358.292143106,1.731058000,1.745423000,1.508484000,0.000000000,0.000000000,0.000000000,1.000000000
1403715358.297143221,1.730322000,1.748358000,1.508293000,0.000000000,0.000000000,0.000000000,1.000000000
1403715358.302143097,1.729600000,1.751301000,1.508161000,0.000000000,0.000000000,0.000000000,1.000000000
1403715358.307142973,1.728880000,1.754263000,1.507955000,0.000000000,0.000000000,0.000000000,1.000000000
1403715358.312143087,1.728153000,1.757243000,1.507732000,0.000000000,0.000000000,0.000000000,1.000000000
1403715358.317143202,1.727417000,1.760249000,1.507512000,0.000000000,0.000000000,0.000000000,1.000000000
1403715358.322143078,1.726671000,1.763279000,1.507297000,0.000000000,0.000000000,0.000000000,1.000000000
1403715358.327142954,1.725922000,1.766325000,1.507088000,0.000000000,0.000000000,0.000000000,1.000000000
1403715358.332143307,1.725179000,1.769381000,1.506890000,0.000000000,0.000000000,0.000000000,1.000000000
1403715358.337143183,1.724442000,1.772442000,1.506701000,0.000000000,0.000000000,0.000000000,1.000000000
1403715358.342143059,1.723706000,1.775513000,1.506512000,0.000000000,0.000000000,0.000000000,1.000000000
1403715358.347142935,1.722964000,1.778599000,1.506325000,0.000000000,0.000000000,0.000000000,1.000000000
1403715358.352143288,1.722212000,1.781703000,1.506216000,0.000000000,0.000000000,0.000000000,1.000000000
1403715358.357143164,1.721443000,1.784827000,1.506043000,0.000000000,0.000000000,0.000000000,1.000000000
1403715358.362143040,1.720661000,1.787956000,1.505876000,0.000000000,0.000000000,0.000000000,1.000000000
1403715358.367142916,1.719872000,1.791086000,1.505711000,0.000000000,0.000000000,0.000000000,1.000000000
1403715358.372143269,1.719082000,1.794219000,1.505547000,0.000000000,0.000000000,0.000000000,1.000000000
1403715358.377142906,1.718288000,1.797364000,1.505379000,0.000000000,0.000000000,0.000000000,1.000000000
1403715358.382143021,1.717486000,1.800527000,1.505209000,0.000000000,0.000000000,0.000000000,1.000000000
1403715358.387142897,1.716679000,1.803701000,1.505038000,0.000000000,0.000000000,0.000000000,1.000000000
1403715358.392143250,1.715862000,1.806878000,1.504864000,0.000000000,0.000000000,0.000000000,1.000000000
1403715358.397142887,1.715036000,1.810056000,1.504692000,0.000000000,0.000000000,0.000000000,1.000000000
1403715358.402143002,1.714206000,1.813250000,1.504612000,0.000000000,0.000000000,0.000000000,1.000000000
1403715358.407143354,1.713353000,1.816448000,1.504467000,0.000000000,0.000000000,0.000000000,1.000000000
1403715358.412143230,1.712485000,1.819643000,1.504311000,0.000000000,0.000000000,0.000000000,1.000000000
1403715358.417143106,1.711611000,1.822836000,1.504139000,0.000000000,0.000000000,0.000000000,1.000000000
1403715358.422142982,1.710729000,1.826038000,1.503955000,0.000000000,0.000000000,0.000000000,1.000000000
1403715358.427143335,1.709834000,1.829249000,1.503765000,0.000000000,0.000000000,0.000000000,1.000000000
1403715358.432142973,1.708928000,1.832471000,1.503563000,0.000000000,0.000000000,0.000000000,1.000000000
1403715358.437143087,1.708010000,1.835707000,1.503352000,0.000000000,0.000000000,0.000000000,1.000000000
1403715358.442142963,1.707082000,1.838962000,1.503141000,0.000000000,0.000000000,0.000000000,1.000000000
1403715358.447143316,1.706144000,1.842230000,1.502935000,0.000000000,0.000000000,0.000000000,1.000000000
1403715358.452142954,1.705204000,1.845530000,1.502823000,0.000000000,0.000000000,0.000000000,1.000000000
1403715358.457143068,1.704250000,1.848834000,1.502643000,0.000000000,0.000000000,0.000000000,1.000000000
1403715358.462142944,1.703288000,1.852170000,1.502469000,0.000000000,0.000000000,0.000000000,1.000000000
1403715358.467143297,1.702309000,1.855532000,1.502305000,0.000000000,0.000000000,0.000000000,1.000000000
1403715358.472142935,1.701317000,1.858911000,1.502147000,0.000000000,0.000000000,0.000000000,1.000000000
1403715358.477143049,1.700316000,1.862300000,1.501984000,0.000000000,0.000000000,0.000000000,1.000000000
1403715358.482143164,1.699297000,1.865687000,1.501809000,0.000000000,0.000000000,0.000000000,1.000000000
1403715358.487143040,1.698260000,1.869074000,1.501618000,0.000000000,0.000000000,0.000000000,1.000000000
1403715358.492142916,1.697212000,1.872467000,1.501412000,0.000000000,0.000000000,0.000000000,1.000000000
1403715358.497143030,1.696162000,1.875865000,1.501203000,0.000000000,0.000000000,0.000000000,1.000000000
1403715358.502143145,1.695119000,1.879299000,1.501093000,0.000000000,0.000000000,0.000000000,1.000000000
1403715358.507143021,1.694063000,1.882706000,1.500914000,0.000000000,0.000000000,0.000000000,1.000000000
1403715358.512142897,1.692994000,1.886121000,1.500720000,0.000000000,0.000000000,0.000000000,1.000000000
1403715358.517143011,1.691916000,1.889556000,1.500518000,0.000000000,0.000000000,0.000000000,1.000000000
1403715358.522143126,1.690823000,1.893012000,1.500321000,0.000000000,0.000000000,0.000000000,1.000000000
1403715358.527143002,1.689717000,1.896479000,1.500116000,0.000000000,0.000000000,0.000000000,1.000000000
1403715358.532143116,1.688604000,1.899950000,1.499897000,0.000000000,0.000000000,0.000000000,1.000000000
1403715358.537143230,1.687488000,1.903420000,1.499670000,0.000000000,0.000000000,0.000000000,1.000000000
1403715358.542143345,1.686367000,1.906890000,1.499440000,0.000000000,0.000000000,0.000000000,1.000000000
1403715358.547142982,1.685238000,1.910361000,1.499206000,0.000000000,0.000000000,0.000000000,1.000000000
1403715358.552143097,1.684107000,1.913885000,1.499050000,0.000000000,0.000000000,0.000000000,1.000000000
1403715358.557143211,1.682955000,1.917380000,1.498824000,0.000000000,0.000000000,0.000000000,1.000000000
1403715358.562143087,1.681791000,1.920877000,1.498594000,0.000000000,0.000000000,0.000000000,1.000000000
1403715358.567142963,1.680611000,1.924379000,1.498355000,0.000000000,0.000000000,0.000000000,1.000000000
1403715358.572143078,1.679412000,1.927881000,1.498093000,0.000000000,0.000000000,0.000000000,1.000000000
1403715358.577143192,1.678200000,1.931384000,1.497808000,0.000000000,0.000000000,0.000000000,1.000000000
1403715358.582143068,1.676980000,1.934888000,1.497508000,0.000000000,0.000000000,0.000000000,1.000000000
1403715358.587142944,1.675749000,1.938391000,1.497195000,0.000000000,0.000000000,0.000000000,1.000000000
1403715358.592143297,1.674505000,1.941889000,1.496883000,0.000000000,0.000000000,0.000000000,1.000000000
1403715358.597143173,1.673246000,1.945391000,1.496570000,0.000000000,0.000000000,0.000000000,1.000000000
1403715358.602143049,1.671981000,1.948959000,1.496345000,0.000000000,0.000000000,0.000000000,1.000000000
1403715358.607142925,1.670696000,1.952497000,1.496080000,0.000000000,0.000000000,0.000000000,1.000000000
1403715358.612143278,1.669398000,1.956035000,1.495828000,0.000000000,0.000000000,0.000000000,1.000000000
1403715358.617143154,1.668087000,1.959578000,1.495583000,0.000000000,0.000000000,0.000000000,1.000000000
1403715358.622143030,1.666760000,1.963126000,1.495342000,0.000000000,0.000000000,0.000000000,1.000000000
1403715358.627142906,1.665416000,1.966675000,1.495092000,0.000000000,0.000000000,0.000000000,1.000000000
1403715358.632143259,1.664055000,1.970228000,1.494829000,0.000000000,0.000000000,0.000000000,1.000000000
1403715358.637142897,1.662681000,1.973784000,1.494557000,0.000000000,0.000000000,0.000000000,1.000000000
1403715358.642143011,1.661296000,1.977340000,1.494270000,0.000000000,0.000000000,0.000000000,1.000000000
1403715358.647142887,1.659903000,1.980902000,1.493969000,0.000000000,0.000000000,0.000000000,1.000000000
1403715358.652143240,1.658510000,1.984530000,1.493733000,0.000000000,0.000000000,0.000000000,1.000000000
1403715358.657143116,1.657095000,1.988108000,1.493436000,0.000000000,0.000000000,0.000000000,1.000000000
1403715358.662142992,1.655663000,1.991684000,1.493141000,0.000000000,0.000000000,0.000000000,1.000000000
1403715358.667143345,1.654214000,1.995260000,1.492855000,0.000000000,0.000000000,0.000000000,1.000000000
1403715358.672143221,1.652750000,1.998834000,1.492586000,0.000000000,0.000000000,0.000000000,1.000000000
1403715358.677143097,1.651274000,2.002403000,1.492332000,0.000000000,0.000000000,0.000000000,1.000000000
1403715358.682142973,1.649787000,2.005966000,1.492081000,0.000000000,0.000000000,0.000000000,1.000000000
1403715358.687143326,1.648294000,2.009527000,1.491833000,0.000000000,0.000000000,0.000000000,1.000000000
1403715358.692142963,1.646796000,2.013092000,1.491587000,0.000000000,0.000000000,0.000000000,1.000000000
1403715358.697143078,1.645288000,2.016665000,1.491336000,0.000000000,0.000000000,0.000000000,1.000000000
1403715358.702142954,1.643780000,2.020307000,1.491140000,0.000000000,0.000000000,0.000000000,1.000000000
1403715358.707143307,1.642250000,2.023892000,1.490865000,0.000000000,0.000000000,0.000000000,1.000000000
1403715358.712142944,1.640709000,2.027476000,1.490573000,0.000000000,0.000000000,0.000000000,1.000000000
1403715358.717143059,1.639160000,2.031058000,1.490279000,0.000000000,0.000000000,0.000000000,1.000000000
1403715358.722143173,1.637607000,2.034634000,1.489986000,0.000000000,0.000000000,0.000000000,1.000000000
1403715358.727143288,1.636050000,2.038200000,1.489697000,0.000000000,0.000000000,0.000000000,1.000000000
1403715358.732142925,1.634490000,2.041754000,1.489418000,0.000000000,0.000000000,0.000000000,1.000000000
1403715358.737143040,1.632922000,2.045306000,1.489155000,0.000000000,0.000000000,0.000000000,1.000000000
1403715358.742143154,1.631342000,2.048862000,1.488914000,0.000000000,0.000000000,0.000000000,1.000000000
1403715358.747143030,1.629751000,2.052417000,1.488682000,0.000000000,0.000000000,0.000000000,1.000000000
1403715358.752142906,1.628173000,2.056039000,1.488511000,0.000000000,0.000000000,0.000000000,1.000000000
1403715358.757143021,1.626587000,2.059601000,1.488270000,0.000000000,0.000000000,0.000000000,1.000000000
1403715358.762143135,1.625005000,2.063156000,1.488032000,0.000000000,0.000000000,0.000000000,1.000000000
1403715358.767143011,1.623422000,2.066698000,1.487793000,0.000000000,0.000000000,0.000000000,1.000000000
1403715358.772142887,1.621835000,2.070226000,1.487539000,0.000000000,0.000000000,0.000000000,1.000000000
1403715358.777143240,1.620240000,2.073745000,1.487269000,0.000000000,0.000000000,0.000000000,1.000000000
1403715358.782143354,1.618636000,2.077260000,1.486997000,0.000000000,0.000000000,0.000000000,1.000000000
1403715358.787142992,1.617019000,2.080771000,1.486727000,0.000000000,0.000000000,0.000000000,1.000000000
1403715358.792143106,1.615399000,2.084278000,1.486450000,0.000000000,0.000000000,0.000000000,1.000000000
1403715358.797143221,1.613781000,2.087784000,1.486165000,0.000000000,0.000000000,0.000000000,1.000000000
1403715358.802143097,1.612185000,2.091360000,1.485947000,0.000000000,0.000000000,0.000000000,1.000000000
1403715358.807142973,1.610579000,2.094868000,1.485649000,0.000000000,0.000000000,0.000000000,1.000000000
1403715358.812143087,1.608970000,2.098364000,1.485327000,0.000000000,0.000000000,0.000000000,1.000000000
1403715358.817143202,1.607350000,2.101844000,1.484994000,0.000000000,0.000000000,0.000000000,1.000000000
1403715358.822143078,1.605715000,2.105309000,1.484662000,0.000000000,0.000000000,0.000000000,1.000000000
1403715358.827142954,1.604072000,2.108767000,1.484335000,0.000000000,0.000000000,0.000000000,1.000000000
1403715358.832143307,1.602431000,2.112220000,1.484010000,0.000000000,0.000000000,0.000000000,1.000000000
1403715358.837143183,1.600804000,2.115668000,1.483692000,0.000000000,0.000000000,0.000000000,1.000000000
1403715358.842143059,1.599188000,2.119111000,1.483383000,0.000000000,0.000000000,0.000000000,1.000000000
1403715358.847142935,1.597574000,2.122542000,1.483083000,0.000000000,0.000000000,0.000000000,1.000000000
1403715358.852143288,1.595979000,2.126041000,1.482867000,0.000000000,0.000000000,0.000000000,1.000000000
1403715358.857143164,1.594357000,2.129469000,1.482592000,0.000000000,0.000000000,0.000000000,1.000000000
1403715358.862143040,1.592732000,2.132886000,1.482303000,0.000000000,0.000000000,0.000000000,1.000000000
1403715358.867142916,1.591110000,2.136289000,1.482000000,0.000000000,0.000000000,0.000000000,1.000000000
1403715358.872143269,1.589500000,2.139680000,1.481681000,0.000000000,0.000000000,0.000000000,1.000000000
1403715358.877142906,1.587904000,2.143058000,1.481353000,0.000000000,0.000000000,0.000000000,1.000000000
1403715358.882143021,1.586313000,2.146423000,1.481019000,0.000000000,0.000000000,0.000000000,1.000000000
1403715358.887142897,1.584720000,2.149780000,1.480675000,0.000000000,0.000000000,0.000000000,1.000000000
1403715358.892143250,1.583116000,2.153128000,1.480326000,0.000000000,0.000000000,0.000000000,1.000000000
1403715358.897142887,1.581507000,2.156464000,1.479975000,0.000000000,0.000000000,0.000000000,1.000000000
1403715358.902143002,1.579932000,2.159869000,1.479703000,0.000000000,0.000000000,0.000000000,1.000000000
1403715358.907143354,1.578334000,2.163194000,1.479375000,0.000000000,0.000000000,0.000000000,1.000000000
1403715358.912143230,1.576739000,2.166503000,1.479037000,0.000000000,0.000000000,0.000000000,1.000000000
1403715358.917143106,1.575140000,2.169803000,1.478684000,0.000000000,0.000000000,0.000000000,1.000000000
1403715358.922142982,1.573531000,2.173090000,1.478325000,0.000000000,0.000000000,0.000000000,1.000000000
1403715358.927143335,1.571909000,2.176366000,1.477958000,0.000000000,0.000000000,0.000000000,1.000000000
1403715358.932142973,1.570281000,2.179628000,1.477576000,0.000000000,0.000000000,0.000000000,1.000000000
1403715358.937143087,1.568657000,2.182871000,1.477174000,0.000000000,0.000000000,0.000000000,1.000000000
1403715358.942142963,1.567042000,2.186102000,1.476750000,0.000000000,0.000000000,0.000000000,1.000000000
1403715358.947143316,1.565437000,2.189326000,1.476312000,0.000000000,0.000000000,0.000000000,1.000000000
1403715358.952142954,1.563879000,2.192622000,1.475939000,0.000000000,0.000000000,0.000000000,1.000000000
1403715358.957143068,1.562286000,2.195837000,1.475507000,0.000000000,0.000000000,0.000000000,1.000000000
1403715358.962142944,1.560685000,2.199047000,1.475069000,0.000000000,0.000000000,0.000000000,1.000000000
1403715358.967143297,1.559078000,2.202249000,1.474634000,0.000000000,0.000000000,0.000000000,1.000000000
1403715358.972142935,1.557471000,2.205437000,1.474206000,0.000000000,0.000000000,0.000000000,1.000000000
1403715358.977143049,1.555872000,2.208610000,1.473777000,0.000000000,0.000000000,0.000000000,1.000000000
1403715358.982143164,1.554284000,2.211765000,1.473332000,0.000000000,0.000000000,0.000000000,1.000000000
1403715358.987143040,1.552700000,2.214909000,1.472862000,0.000000000,0.000000000,0.000000000,1.000000000
1403715358.992142916,1.551113000,2.218044000,1.472376000,0.000000000,0.000000000,0.000000000,1.000000000
1403715358.997143030,1.549528000,2.221171000,1.471883000,0.000000000,0.000000000,0.000000000,1.000000000
1403715359.002143145,1.547996000,2.224381000,1.471459000,0.000000000,0.000000000,0.000000000,1.000000000
1403715359.007143021,1.546426000,2.227515000,1.470985000,0.000000000,0.000000000,0.000000000,1.000000000
1403715359.012142897,1.544861000,2.230636000,1.470502000,0.000000000,0.000000000,0.000000000,1.000000000
1403715359.017143011,1.543305000,2.233744000,1.470010000,0.000000000,0.000000000,0.000000000,1.000000000
1403715359.022143126,1.541753000,2.236841000,1.469517000,0.000000000,0.000000000,0.000000000,1.000000000
1403715359.027143002,1.540205000,2.239921000,1.469010000,0.000000000,0.000000000,0.000000000,1.000000000
1403715359.032143116,1.538661000,2.242990000,1.468485000,0.000000000,0.000000000,0.000000000,1.000000000
1403715359.037143230,1.537113000,2.246053000,1.467946000,0.000000000,0.000000000,0.000000000,1.000000000
1403715359.042143345,1.535561000,2.249108000,1.467392000,0.000000000,0.000000000,0.000000000,1.000000000
1403715359.047142982,1.534007000,2.252151000,1.466833000,0.000000000,0.000000000,0.000000000,1.000000000
1403715359.052143097,1.532521000,2.255268000,1.466336000,0.000000000,0.000000000,0.000000000,1.000000000
1403715359.057143211,1.531003000,2.258290000,1.465804000,0.000000000,0.000000000,0.000000000,1.000000000
1403715359.062143087,1.529491000,2.261294000,1.465299000,0.000000000,0.000000000,0.000000000,1.000000000
1403715359.067142963,1.527978000,2.264281000,1.464812000,0.000000000,0.000000000,0.000000000,1.000000000
1403715359.072143078,1.526465000,2.267250000,1.464335000,0.000000000,0.000000000,0.000000000,1.000000000
1403715359.077143192,1.524951000,2.270201000,1.463862000,0.000000000,0.000000000,0.000000000,1.000000000
1403715359.082143068,1.523441000,2.273134000,1.463388000,0.000000000,0.000000000,0.000000000,1.000000000
1403715359.087142944,1.521937000,2.276055000,1.462912000,0.000000000,0.000000000,0.000000000,1.000000000
1403715359.092143297,1.520443000,2.278959000,1.462427000,0.000000000,0.000000000,0.000000000,1.000000000
1403715359.097143173,1.518965000,2.281843000,1.461928000,0.000000000,0.000000000,0.000000000,1.000000000
1403715359.102143049,1.517561000,2.284809000,1.461484000,0.000000000,0.000000000,0.000000000,1.000000000
1403715359.107142925,1.516107000,2.287682000,1.460999000,0.000000000,0.000000000,0.000000000,1.000000000
1403715359.112143278,1.514645000,2.290543000,1.460521000,0.000000000,0.000000000,0.000000000,1.000000000
1403715359.117143154,1.513178000,2.293391000,1.460052000,0.000000000,0.000000000,0.000000000,1.000000000
1403715359.122143030,1.511708000,2.296225000,1.459585000,0.000000000,0.000000000,0.000000000,1.000000000
1403715359.127142906,1.510244000,2.299043000,1.459119000,0.000000000,0.000000000,0.000000000,1.000000000
1403715359.132143259,1.508791000,2.301848000,1.458647000,0.000000000,0.000000000,0.000000000,1.000000000
1403715359.137142897,1.507348000,2.304642000,1.458164000,0.000000000,0.000000000,0.000000000,1.000000000
1403715359.142143011,1.505906000,2.307426000,1.457673000,0.000000000,0.000000000,0.000000000,1.000000000
1403715359.147142887,1.504455000,2.310206000,1.457184000,0.000000000,0.000000000,0.000000000,1.000000000
1403715359.152143240,1.503065000,2.313095000,1.456747000,0.000000000,0.000000000,0.000000000,1.000000000
1403715359.157143116,1.501615000,2.315899000,1.456279000,0.000000000,0.000000000,0.000000000,1.000000000
1403715359.162142992,1.500166000,2.318685000,1.455817000,0.000000000,0.000000000,0.000000000,1.000000000
1403715359.167143345,1.498725000,2.321457000,1.455353000,0.000000000,0.000000000,0.000000000,1.000000000
1403715359.172143221,1.497294000,2.324214000,1.454885000,0.000000000,0.000000000,0.000000000,1.000000000
1403715359.177143097,1.495876000,2.326955000,1.454406000,0.000000000,0.000000000,0.000000000,1.000000000
1403715359.182142973,1.494465000,2.329682000,1.453918000,0.000000000,0.000000000,0.000000000,1.000000000
1403715359.187143326,1.493049000,2.332395000,1.453429000,0.000000000,0.000000000,0.000000000,1.000000000
1403715359.192142963,1.491623000,2.335092000,1.452937000,0.000000000,0.000000000,0.000000000,1.000000000
1403715359.197143078,1.490187000,2.337781000,1.452441000,0.000000000,0.000000000,0.000000000,1.000000000
1403715359.202142954,1.488818000,2.340564000,1.451982000,0.000000000,0.000000000,0.000000000,1.000000000
1403715359.207143307,1.487395000,2.343246000,1.451483000,0.000000000,0.000000000,0.000000000,1.000000000
1403715359.212142944,1.485988000,2.345908000,1.450990000,0.000000000,0.000000000,0.000000000,1.000000000
1403715359.217143059,1.484592000,2.348554000,1.450514000,0.000000000,0.000000000,0.000000000,1.000000000
1403715359.222143173,1.483203000,2.351186000,1.450040000,0.000000000,0.000000000,0.000000000,1.000000000
1403715359.227143288,1.481817000,2.353800000,1.449558000,0.000000000,0.000000000,0.000000000,1.000000000
1403715359.232142925,1.480430000,2.356393000,1.449076000,0.000000000,0.000000000,0.000000000,1.000000000
1403715359.237143040,1.479045000,2.358969000,1.448599000,0.000000000,0.000000000,0.000000000,1.000000000
1403715359.242143154,1.477662000,2.361527000,1.448131000,0.000000000,0.000000000,0.000000000,1.000000000
1403715359.247143030,1.476281000,2.364063000,1.447675000,0.000000000,0.000000000,0.000000000,1.000000000
1403715359.252142906,1.474978000,2.366689000,1.447256000,0.000000000,0.000000000,0.000000000,1.000000000
1403715359.257143021,1.473625000,2.369209000,1.446810000,0.000000000,0.000000000,0.000000000,1.000000000
1403715359.262143135,1.472283000,2.371705000,1.446364000,0.000000000,0.000000000,0.000000000,1.000000000
1403715359.267143011,1.470950000,2.374184000,1.445919000,0.000000000,0.000000000,0.000000000,1.000000000
1403715359.272142887,1.469618000,2.376652000,1.445483000,0.000000000,0.000000000,0.000000000,1.000000000
1403715359.277143240,1.468278000,2.379113000,1.445049000,0.000000000,0.000000000,0.000000000,1.000000000
1403715359.282143354,1.466930000,2.381564000,1.444609000,0.000000000,0.000000000,0.000000000,1.000000000
1403715359.287142992,1.465585000,2.383999000,1.444158000,0.000000000,0.000000000,0.000000000,1.000000000
1403715359.292143106,1.464246000,2.386410000,1.443705000,0.000000000,0.000000000,0.000000000,1.000000000
1403715359.297143221,1.462913000,2.388797000,1.443253000,0.000000000,0.000000000,0.000000000,1.000000000
1403715359.302143097,1.461661000,2.391268000,1.442825000,0.000000000,0.000000000,0.000000000,1.000000000
1403715359.307142973,1.460343000,2.393641000,1.442369000,0.000000000,0.000000000,0.000000000,1.000000000
1403715359.312143087,1.459015000,2.396009000,1.441905000,0.000000000,0.000000000,0.000000000,1.000000000
1403715359.317143202,1.457678000,2.398368000,1.441441000,0.000000000,0.000000000,0.000000000,1.000000000
1403715359.322143078,1.456337000,2.400711000,1.440976000,0.000000000,0.000000000,0.000000000,1.000000000
1403715359.327142954,1.455001000,2.403031000,1.440514000,0.000000000,0.000000000,0.000000000,1.000000000
1403715359.332143307,1.453670000,2.405324000,1.440058000,0.000000000,0.000000000,0.000000000,1.000000000
1403715359.337143183,1.452334000,2.407588000,1.439604000,0.000000000,0.000000000,0.000000000,1.000000000
1403715359.342143059,1.450990000,2.409824000,1.439142000,0.000000000,0.000000000,0.000000000,1.000000000
1403715359.347142935,1.449638000,2.412042000,1.438669000,0.000000000,0.000000000,0.000000000,1.000000000
1403715359.352143288,1.448362000,2.414349000,1.438215000,0.000000000,0.000000000,0.000000000,1.000000000
1403715359.357143164,1.447015000,2.416564000,1.437744000,0.000000000,0.000000000,0.000000000,1.000000000
1403715359.362143040,1.445668000,2.418769000,1.437275000,0.000000000,0.000000000,0.000000000,1.000000000
1403715359.367142916,1.444327000,2.420960000,1.436817000,0.000000000,0.000000000,0.000000000,1.000000000
1403715359.372143269,1.442993000,2.423134000,1.436375000,0.000000000,0.000000000,0.000000000,1.000000000
1403715359.377142906,1.441657000,2.425296000,1.435946000,0.000000000,0.000000000,0.000000000,1.000000000
1403715359.382143021,1.440307000,2.427448000,1.435528000,0.000000000,0.000000000,0.000000000,1.000000000
1403715359.387142897,1.438943000,2.429589000,1.435122000,0.000000000,0.000000000,0.000000000,1.000000000
1403715359.392143250,1.437573000,2.431720000,1.434729000,0.000000000,0.000000000,0.000000000,1.000000000
1403715359.397142887,1.436205000,2.433832000,1.434346000,0.000000000,0.000000000,0.000000000,1.000000000
1403715359.402143002,1.434938000,2.436018000,1.433977000,0.000000000,0.000000000,0.000000000,1.000000000
1403715359.407143354,1.433607000,2.438118000,1.433594000,0.000000000,0.000000000,0.000000000,1.000000000
1403715359.412143230,1.432272000,2.440208000,1.433206000,0.000000000,0.000000000,0.000000000,1.000000000
1403715359.417143106,1.430923000,2.442287000,1.432808000,0.000000000,0.000000000,0.000000000,1.000000000
1403715359.422142982,1.429558000,2.444359000,1.432403000,0.000000000,0.000000000,0.000000000,1.000000000
1403715359.427143335,1.428180000,2.446430000,1.432004000,0.000000000,0.000000000,0.000000000,1.000000000
1403715359.432142973,1.426798000,2.448488000,1.431615000,0.000000000,0.000000000,0.000000000,1.000000000
1403715359.437143087,1.425418000,2.450528000,1.431232000,0.000000000,0.000000000,0.000000000,1.000000000
1403715359.442142963,1.424037000,2.452554000,1.430862000,0.000000000,0.000000000,0.000000000,1.000000000
1403715359.447143316,1.422649000,2.454568000,1.430510000,0.000000000,0.000000000,0.000000000,1.000000000
1403715359.452142954,1.421339000,2.456656000,1.430185000,0.000000000,0.000000000,0.000000000,1.000000000
1403715359.457143068,1.419940000,2.458669000,1.429863000,0.000000000,0.000000000,0.000000000,1.000000000
1403715359.462142944,1.418524000,2.460674000,1.429549000,0.000000000,0.000000000,0.000000000,1.000000000
1403715359.467143297,1.417099000,2.462665000,1.429245000,0.000000000,0.000000000,0.000000000,1.000000000
1403715359.472142935,1.415668000,2.464640000,1.428951000,0.000000000,0.000000000,0.000000000,1.000000000
1403715359.477143049,1.414235000,2.466593000,1.428670000,0.000000000,0.000000000,0.000000000,1.000000000
1403715359.482143164,1.412802000,2.468528000,1.428403000,0.000000000,0.000000000,0.000000000,1.000000000
1403715359.487143040,1.411359000,2.470456000,1.428151000,0.000000000,0.000000000,0.000000000,1.000000000
1403715359.492142916,1.409897000,2.472379000,1.427908000,0.000000000,0.000000000,0.000000000,1.000000000
1403715359.497143030,1.408416000,2.474295000,1.427679000,0.000000000,0.000000000,0.000000000,1.000000000
1403715359.502143145,1.407017000,2.476280000,1.427469000,0.000000000,0.000000000,0.000000000,1.000000000
1403715359.507143021,1.405544000,2.478193000,1.427268000,0.000000000,0.000000000,0.000000000,1.000000000
1403715359.512142897,1.404066000,2.480082000,1.427082000,0.000000000,0.000000000,0.000000000,1.000000000
1403715359.517143011,1.402582000,2.481954000,1.426900000,0.000000000,0.000000000,0.000000000,1.000000000
1403715359.522143126,1.401091000,2.483824000,1.426718000,0.000000000,0.000000000,0.000000000,1.000000000
1403715359.527143002,1.399585000,2.485696000,1.426545000,0.000000000,0.000000000,0.000000000,1.000000000
1403715359.532143116,1.398061000,2.487555000,1.426388000,0.000000000,0.000000000,0.000000000,1.000000000
1403715359.537143230,1.396523000,2.489390000,1.426233000,0.000000000,0.000000000,0.000000000,1.000000000
1403715359.542143345,1.394978000,2.491207000,1.426070000,0.000000000,0.000000000,0.000000000,1.000000000
1403715359.547142982,1.393430000,2.493009000,1.425915000,0.000000000,0.000000000,0.000000000,1.000000000
1403715359.552143097,1.391972000,2.494867000,1.425771000,0.000000000,0.000000000,0.000000000,1.000000000
1403715359.557143211,1.390441000,2.496664000,1.425640000,0.000000000,0.000000000,0.000000000,1.000000000
1403715359.562143087,1.388894000,2.498451000,1.425524000,0.000000000,0.000000000,0.000000000,1.000000000
1403715359.567142963,1.387324000,2.500227000,1.425421000,0.000000000,0.000000000,0.000000000,1.000000000
1403715359.572143078,1.385729000,2.501989000,1.425327000,0.000000000,0.000000000,0.000000000,1.000000000
1403715359.577143192,1.384119000,2.503738000,1.425236000,0.000000000,0.000000000,0.000000000,1.000000000
1403715359.582143068,1.382504000,2.505478000,1.425142000,0.000000000,0.000000000,0.000000000,1.000000000
1403715359.587142944,1.380883000,2.507208000,1.425044000,0.000000000,0.000000000,0.000000000,1.000000000
1403715359.592143297,1.379252000,2.508922000,1.424941000,0.000000000,0.000000000,0.000000000,1.000000000
1403715359.597143173,1.377609000,2.510620000,1.424835000,0.000000000,0.000000000,0.000000000,1.000000000
1403715359.602143049,1.376029000,2.512367000,1.424734000,0.000000000,0.000000000,0.000000000,1.000000000
1403715359.607142925,1.374359000,2.514058000,1.424639000,0.000000000,0.000000000,0.000000000,1.000000000
1403715359.612143278,1.372670000,2.515741000,1.424546000,0.000000000,0.000000000,0.000000000,1.000000000
1403715359.617143154,1.370972000,2.517404000,1.424451000,0.000000000,0.000000000,0.000000000,1.000000000
1403715359.622143030,1.369274000,2.519045000,1.424359000,0.000000000,0.000000000,0.000000000,1.000000000
1403715359.627142906,1.367575000,2.520674000,1.424274000,0.000000000,0.000000000,0.000000000,1.000000000
1403715359.632143259,1.365867000,2.522298000,1.424188000,0.000000000,0.000000000,0.000000000,1.000000000
1403715359.637142897,1.364142000,2.523916000,1.424092000,0.000000000,0.000000000,0.000000000,1.000000000
1403715359.642143011,1.362397000,2.525529000,1.423994000,0.000000000,0.000000000,0.000000000,1.000000000
1403715359.647142887,1.360632000,2.527135000,1.423920000,0.000000000,0.000000000,0.000000000,1.000000000
1403715359.652143240,1.358935000,2.528786000,1.423873000,0.000000000,0.000000000,0.000000000,1.000000000
1403715359.657143116,1.357171000,2.530373000,1.423838000,0.000000000,0.000000000,0.000000000,1.000000000
1403715359.662142992,1.355404000,2.531948000,1.423808000,0.000000000,0.000000000,0.000000000,1.000000000
1403715359.667143345,1.353631000,2.533511000,1.423777000,0.000000000,0.000000000,0.000000000,1.000000000
1403715359.672143221,1.351849000,2.535060000,1.423738000,0.000000000,0.000000000,0.000000000,1.000000000
1403715359.677143097,1.350057000,2.536600000,1.423693000,0.000000000,0.000000000,0.000000000,1.000000000
1403715359.682142973,1.348255000,2.538130000,1.423652000,0.000000000,0.000000000,0.000000000,1.000000000
1403715359.687143326,1.346441000,2.539646000,1.423618000,0.000000000,0.000000000,0.000000000,1.000000000
1403715359.692142963,1.344618000,2.541141000,1.423596000,0.000000000,0.000000000,0.000000000,1.000000000
1403715359.697143078,1.342787000,2.542617000,1.423585000,0.000000000,0.000000000,0.000000000,1.000000000
1403715359.702142954,1.341021000,2.544140000,1.423587000,0.000000000,0.000000000,0.000000000,1.000000000
1403715359.707143307,1.339190000,2.545607000,1.423607000,0.000000000,0.000000000,0.000000000,1.000000000
1403715359.712142944,1.337348000,2.547068000,1.423637000,0.000000000,0.000000000,0.000000000,1.000000000
1403715359.717143059,1.335490000,2.548521000,1.423677000,0.000000000,0.000000000,0.000000000,1.000000000
1403715359.722143173,1.333619000,2.549963000,1.423712000,0.000000000,0.000000000,0.000000000,1.000000000
1403715359.727143288,1.331739000,2.551394000,1.423739000,0.000000000,0.000000000,0.000000000,1.000000000
1403715359.732142925,1.329858000,2.552813000,1.423756000,0.000000000,0.000000000,0.000000000,1.000000000
1403715359.737143040,1.327982000,2.554218000,1.423762000,0.000000000,0.000000000,0.000000000,1.000000000
1403715359.742143154,1.326108000,2.555613000,1.423764000,0.000000000,0.000000000,0.000000000,1.000000000
1403715359.747143030,1.324218000,2.557000000,1.423774000,0.000000000,0.000000000,0.000000000,1.000000000
1403715359.752142906,1.322375000,2.558433000,1.423796000,0.000000000,0.000000000,0.000000000,1.000000000
1403715359.757143021,1.320466000,2.559805000,1.423829000,0.000000000,0.000000000,0.000000000,1.000000000
1403715359.762143135,1.318549000,2.561168000,1.423879000,0.000000000,0.000000000,0.000000000,1.000000000
1403715359.767143011,1.316627000,2.562516000,1.423941000,0.000000000,0.000000000,0.000000000,1.000000000
1403715359.772142887,1.314700000,2.563840000,1.424013000,0.000000000,0.000000000,0.000000000,1.000000000
1403715359.777143240,1.312769000,2.565145000,1.424088000,0.000000000,0.000000000,0.000000000,1.000000000
1403715359.782143354,1.310830000,2.566433000,1.424168000,0.000000000,0.000000000,0.000000000,1.000000000
1403715359.787142992,1.308882000,2.567709000,1.424253000,0.000000000,0.000000000,0.000000000,1.000000000
1403715359.792143106,1.306928000,2.568975000,1.424343000,0.000000000,0.000000000,0.000000000,1.000000000
1403715359.797143221,1.304971000,2.570231000,1.424443000,0.000000000,0.000000000,0.000000000,1.000000000
1403715359.802143097,1.303071000,2.571538000,1.424558000,0.000000000,0.000000000,0.000000000,1.000000000
1403715359.807142973,1.301118000,2.572788000,1.424682000,0.000000000,0.000000000,0.000000000,1.000000000
1403715359.812143087,1.299159000,2.574032000,1.424818000,0.000000000,0.000000000,0.000000000,1.000000000
1403715359.817143202,1.297195000,2.575264000,1.424958000,0.000000000,0.000000000,0.000000000,1.000000000
1403715359.822143078,1.295225000,2.576488000,1.425097000,0.000000000,0.000000000,0.000000000,1.000000000
1403715359.827142954,1.293251000,2.577701000,1.425234000,0.000000000,0.000000000,0.000000000,1.000000000
1403715359.832143307,1.291277000,2.578899000,1.425363000,0.000000000,0.000000000,0.000000000,1.000000000
1403715359.837143183,1.289300000,2.580082000,1.425485000,0.000000000,0.000000000,0.000000000,1.000000000
1403715359.842143059,1.287317000,2.581254000,1.425604000,0.000000000,0.000000000,0.000000000,1.000000000
1403715359.847142935,1.285324000,2.582415000,1.425726000,0.000000000,0.000000000,0.000000000,1.000000000
1403715359.852143288,1.283377000,2.583622000,1.425852000,0.000000000,0.000000000,0.000000000,1.000000000
1403715359.857143164,1.281381000,2.584759000,1.425973000,0.000000000,0.000000000,0.000000000,1.000000000
1403715359.862143040,1.279384000,2.585886000,1.426102000,0.000000000,0.000000000,0.000000000,1.000000000
1403715359.867142916,1.277383000,2.587004000,1.426245000,0.000000000,0.000000000,0.000000000,1.000000000
1403715359.872143269,1.275379000,2.588107000,1.426401000,0.000000000,0.000000000,0.000000000,1.000000000
1403715359.877142906,1.273372000,2.589196000,1.426563000,0.000000000,0.000000000,0.000000000,1.000000000
1403715359.882143021,1.271361000,2.590275000,1.426727000,0.000000000,0.000000000,0.000000000,1.000000000
1403715359.887142897,1.269344000,2.591344000,1.426880000,0.000000000,0.000000000,0.000000000,1.000000000
1403715359.892143250,1.267320000,2.592403000,1.427013000,0.000000000,0.000000000,0.000000000,1.000000000
1403715359.897142887,1.265292000,2.593452000,1.427131000,0.000000000,0.000000000,0.000000000,1.000000000
1403715359.902143002,1.263314000,2.594561000,1.427250000,0.000000000,0.000000000,0.000000000,1.000000000
1403715359.907143354,1.261290000,2.595604000,1.427365000,0.000000000,0.000000000,0.000000000,1.000000000
1403715359.912143230,1.259269000,2.596623000,1.427478000,0.000000000,0.000000000,0.000000000,1.000000000
1403715359.917143106,1.257255000,2.597627000,1.427597000,0.000000000,0.000000000,0.000000000,1.000000000
1403715359.922142982,1.255239000,2.598637000,1.427734000,0.000000000,0.000000000,0.000000000,1.000000000
1403715359.927143335,1.253214000,2.599651000,1.427893000,0.000000000,0.000000000,0.000000000,1.000000000
1403715359.932142973,1.251178000,2.600654000,1.428070000,0.000000000,0.000000000,0.000000000,1.000000000
1403715359.937143087,1.249136000,2.601643000,1.428247000,0.000000000,0.000000000,0.000000000,1.000000000
1403715359.942142963,1.247093000,2.602614000,1.428416000,0.000000000,0.000000000,0.000000000,1.000000000
1403715359.947143316,1.245053000,2.603574000,1.428573000,0.000000000,0.000000000,0.000000000,1.000000000
1403715359.952142954,1.243067000,2.604596000,1.428735000,0.000000000,0.000000000,0.000000000,1.000000000
1403715359.957143068,1.241041000,2.605560000,1.428897000,0.000000000,0.000000000,0.000000000,1.000000000
1403715359.962142944,1.239017000,2.606514000,1.429062000,0.000000000,0.000000000,0.000000000,1.000000000
1403715359.967143297,1.236993000,2.607460000,1.429242000,0.000000000,0.000000000,0.000000000,1.000000000
1403715359.972142935,1.234967000,2.608395000,1.429439000,0.000000000,0.000000000,0.000000000,1.000000000
1403715359.977143049,1.232945000,2.609318000,1.429646000,0.000000000,0.000000000,0.000000000,1.000000000
1403715359.982143164,1.230926000,2.610228000,1.429850000,0.000000000,0.000000000,0.000000000,1.000000000
1403715359.987143040,1.228909000,2.611133000,1.430046000,0.000000000,0.000000000,0.000000000,1.000000000
1403715359.992142916,1.226889000,2.612035000,1.430236000,0.000000000,0.000000000,0.000000000,1.000000000
1403715359.997143030,1.224864000,2.612933000,1.430432000,0.000000000,0.000000000,0.000000000,1.000000000
1403715360.002143145,1.222881000,2.613892000,1.430642000,0.000000000,0.000000000,0.000000000,1.000000000
1403715360.007143021,1.220861000,2.614793000,1.430854000,0.000000000,0.000000000,0.000000000,1.000000000
1403715360.012142897,1.218847000,2.615692000,1.431075000,0.000000000,0.000000000,0.000000000,1.000000000
1403715360.017143011,1.216843000,2.616585000,1.431291000,0.000000000,0.000000000,0.000000000,1.000000000
1403715360.022143126,1.214841000,2.617469000,1.431502000,0.000000000,0.000000000,0.000000000,1.000000000
1403715360.027143002,1.212833000,2.618349000,1.431711000,0.000000000,0.000000000,0.000000000,1.000000000
1403715360.032143116,1.210818000,2.619224000,1.431915000,0.000000000,0.000000000,0.000000000,1.000000000
1403715360.037143230,1.208797000,2.620093000,1.432113000,0.000000000,0.000000000,0.000000000,1.000000000
1403715360.042143345,1.206775000,2.620948000,1.432300000,0.000000000,0.000000000,0.000000000,1.000000000
1403715360.047142982,1.204759000,2.621792000,1.432468000,0.000000000,0.000000000,0.000000000,1.000000000
1403715360.052143097,1.202795000,2.622696000,1.432630000,0.000000000,0.000000000,0.000000000,1.000000000
1403715360.057143211,1.200799000,2.623534000,1.432781000,0.000000000,0.000000000,0.000000000,1.000000000
1403715360.062143087,1.198802000,2.624360000,1.432930000,0.000000000,0.000000000,0.000000000,1.000000000
1403715360.067142963,1.196803000,2.625188000,1.433081000,0.000000000,0.000000000,0.000000000,1.000000000
1403715360.072143078,1.194805000,2.626018000,1.433248000,0.000000000,0.000000000,0.000000000,1.000000000
1403715360.077143192,1.192803000,2.626846000,1.433439000,0.000000000,0.000000000,0.000000000,1.000000000
1403715360.082143068,1.190799000,2.627674000,1.433647000,0.000000000,0.000000000,0.000000000,1.000000000
1403715360.087142944,1.188791000,2.628503000,1.433857000,0.000000000,0.000000000,0.000000000,1.000000000
1403715360.092143297,1.186780000,2.629332000,1.434058000,0.000000000,0.000000000,0.000000000,1.000000000
1403715360.097143173,1.184768000,2.630161000,1.434247000,0.000000000,0.000000000,0.000000000,1.000000000
1403715360.102143049,1.182800000,2.631053000,1.434431000,0.000000000,0.000000000,0.000000000,1.000000000
1403715360.107142925,1.180800000,2.631883000,1.434607000,0.000000000,0.000000000,0.000000000,1.000000000
1403715360.112143278,1.178801000,2.632708000,1.434780000,0.000000000,0.000000000,0.000000000,1.000000000
1403715360.117143154,1.176801000,2.633526000,1.434952000,0.000000000,0.000000000,0.000000000,1.000000000
1403715360.122143030,1.174803000,2.634341000,1.435128000,0.000000000,0.000000000,0.000000000,1.000000000
1403715360.127142906,1.172805000,2.635158000,1.435317000,0.000000000,0.000000000,0.000000000,1.000000000
1403715360.132143259,1.170808000,2.635977000,1.435524000,0.000000000,0.000000000,0.000000000,1.000000000
1403715360.137142897,1.168816000,2.636797000,1.435741000,0.000000000,0.000000000,0.000000000,1.000000000
1403715360.142143011,1.166826000,2.637616000,1.435962000,0.000000000,0.000000000,0.000000000,1.000000000
1403715360.147142887,1.164830000,2.638428000,1.436175000,0.000000000,0.000000000,0.000000000,1.000000000
1403715360.152143240,1.162876000,2.639310000,1.436376000,0.000000000,0.000000000,0.000000000,1.000000000
1403715360.157143116,1.160875000,2.640134000,1.436574000,0.000000000,0.000000000,0.000000000,1.000000000
1403715360.162142992,1.158876000,2.640958000,1.436766000,0.000000000,0.000000000,0.000000000,1.000000000
1403715360.167143345,1.156885000,2.641776000,1.436948000,0.000000000,0.000000000,0.000000000,1.000000000
1403715360.172143221,1.154900000,2.642579000,1.437126000,0.000000000,0.000000000,0.000000000,1.000000000
1403715360.177143097,1.152920000,2.643371000,1.437303000,0.000000000,0.000000000,0.000000000,1.000000000
1403715360.182142973,1.150940000,2.644159000,1.437492000,0.000000000,0.000000000,0.000000000,1.000000000
1403715360.187143326,1.148953000,2.644941000,1.437699000,0.000000000,0.000000000,0.000000000,1.000000000
1403715360.192142963,1.146968000,2.645715000,1.437911000,0.000000000,0.000000000,0.000000000,1.000000000
1403715360.197143078,1.144993000,2.646484000,1.438129000,0.000000000,0.000000000,0.000000000,1.000000000
1403715360.202142954,1.143074000,2.647331000,1.438342000,0.000000000,0.000000000,0.000000000,1.000000000
1403715360.207143307,1.141118000,2.648118000,1.438551000,0.000000000,0.000000000,0.000000000,1.000000000
1403715360.212142944,1.139162000,2.648897000,1.438758000,0.000000000,0.000000000,0.000000000,1.000000000
1403715360.217143059,1.137205000,2.649664000,1.438960000,0.000000000,0.000000000,0.000000000,1.000000000
1403715360.222143173,1.135249000,2.650420000,1.439168000,0.000000000,0.000000000,0.000000000,1.000000000
1403715360.227143288,1.133292000,2.651162000,1.439385000,0.000000000,0.000000000,0.000000000,1.000000000
1403715360.232142925,1.131343000,2.651885000,1.439604000,0.000000000,0.000000000,0.000000000,1.000000000
1403715360.237143040,1.129403000,2.652602000,1.439820000,0.000000000,0.000000000,0.000000000,1.000000000
1403715360.242143154,1.127469000,2.653319000,1.440033000,0.000000000,0.000000000,0.000000000,1.000000000
1403715360.247143030,1.125536000,2.654034000,1.440249000,0.000000000,0.000000000,0.000000000,1.000000000
1403715360.252142906,1.123651000,2.654832000,1.440470000,0.000000000,0.000000000,0.000000000,1.000000000
1403715360.257143021,1.121726000,2.655560000,1.440687000,0.000000000,0.000000000,0.000000000,1.000000000
1403715360.262143135,1.119803000,2.656281000,1.440900000,0.000000000,0.000000000,0.000000000,1.000000000
1403715360.267143011,1.117882000,2.656990000,1.441110000,0.000000000,0.000000000,0.000000000,1.000000000
1403715360.272142887,1.115966000,2.657692000,1.441316000,0.000000000,0.000000000,0.000000000,1.000000000
1403715360.277143240,1.114053000,2.658398000,1.441522000,0.000000000,0.000000000,0.000000000,1.000000000
1403715360.282143354,1.112140000,2.659109000,1.441728000,0.000000000,0.000000000,0.000000000,1.000000000
1403715360.287142992,1.110225000,2.659813000,1.441932000,0.000000000,0.000000000,0.000000000,1.000000000
1403715360.292143106,1.108308000,2.660505000,1.442128000,0.000000000,0.000000000,0.000000000,1.000000000
1403715360.297143221,1.106393000,2.661185000,1.442323000,0.000000000,0.000000000,0.000000000,1.000000000
1403715360.302143097,1.104534000,2.661947000,1.442519000,0.000000000,0.000000000,0.000000000,1.000000000
1403715360.307142973,1.102646000,2.662630000,1.442703000,0.000000000,0.000000000,0.000000000,1.000000000
1403715360.312143087,1.100767000,2.663304000,1.442884000,0.000000000,0.000000000,0.000000000,1.000000000
1403715360.317143202,1.098893000,2.663972000,1.443064000,0.000000000,0.000000000,0.000000000,1.000000000
1403715360.322143078,1.097023000,2.664636000,1.443249000,0.000000000,0.000000000,0.000000000,1.000000000
1403715360.327142954,1.095149000,2.665299000,1.443437000,0.000000000,0.000000000,0.000000000,1.000000000
1403715360.332143307,1.093274000,2.665965000,1.443623000,0.000000000,0.000000000,0.000000000,1.000000000
1403715360.337143183,1.091410000,2.666636000,1.443801000,0.000000000,0.000000000,0.000000000,1.000000000
1403715360.342143059,1.089558000,2.667305000,1.443987000,0.000000000,0.000000000,0.000000000,1.000000000
1403715360.347142935,1.087716000,2.667964000,1.444187000,0.000000000,0.000000000,0.000000000,1.000000000
1403715360.352143288,1.085934000,2.668713000,1.444387000,0.000000000,0.000000000,0.000000000,1.000000000
1403715360.357143164,1.084115000,2.669383000,1.444572000,0.000000000,0.000000000,0.000000000,1.000000000
1403715360.362143040,1.082297000,2.670044000,1.444759000,0.000000000,0.000000000,0.000000000,1.000000000
1403715360.367142916,1.080480000,2.670692000,1.444945000,0.000000000,0.000000000,0.000000000,1.000000000
1403715360.372143269,1.078665000,2.671336000,1.445126000,0.000000000,0.000000000,0.000000000,1.000000000
1403715360.377142906,1.076854000,2.671976000,1.445308000,0.000000000,0.000000000,0.000000000,1.000000000
1403715360.382143021,1.075050000,2.672608000,1.445501000,0.000000000,0.000000000,0.000000000,1.000000000
1403715360.387142897,1.073253000,2.673225000,1.445706000,0.000000000,0.000000000,0.000000000,1.000000000
1403715360.392143250,1.071464000,2.673827000,1.445920000,0.000000000,0.000000000,0.000000000,1.000000000
1403715360.397142887,1.069681000,2.674419000,1.446137000,0.000000000,0.000000000,0.000000000,1.000000000
1403715360.402143002,1.067961000,2.675099000,1.446374000,0.000000000,0.000000000,0.000000000,1.000000000
1403715360.407143354,1.066207000,2.675694000,1.446606000,0.000000000,0.000000000,0.000000000,1.000000000
1403715360.412143230,1.064462000,2.676286000,1.446839000,0.000000000,0.000000000,0.000000000,1.000000000
1403715360.417143106,1.062726000,2.676875000,1.447070000,0.000000000,0.000000000,0.000000000,1.000000000
1403715360.422142982,1.061001000,2.677455000,1.447304000,0.000000000,0.000000000,0.000000000,1.000000000
1403715360.427143335,1.059281000,2.678020000,1.447546000,0.000000000,0.000000000,0.000000000,1.000000000
1403715360.432142973,1.057568000,2.678570000,1.447784000,0.000000000,0.000000000,0.000000000,1.000000000
1403715360.437143087,1.055866000,2.679107000,1.448013000,0.000000000,0.000000000,0.000000000,1.000000000
1403715360.442142963,1.054178000,2.679642000,1.448233000,0.000000000,0.000000000,0.000000000,1.000000000
1403715360.447143316,1.052500000,2.680177000,1.448452000,0.000000000,0.000000000,0.000000000,1.000000000
1403715360.452142954,1.050894000,2.680802000,1.448703000,0.000000000,0.000000000,0.000000000,1.000000000
1403715360.457143068,1.049245000,2.681348000,1.448936000,0.000000000,0.000000000,0.000000000,1.000000000
1403715360.462142944,1.047606000,2.681896000,1.449165000,0.000000000,0.000000000,0.000000000,1.000000000
1403715360.467143297,1.045976000,2.682442000,1.449386000,0.000000000,0.000000000,0.000000000,1.000000000
1403715360.472142935,1.044361000,2.682982000,1.449602000,0.000000000,0.000000000,0.000000000,1.000000000
1403715360.477143049,1.042768000,2.683513000,1.449819000,0.000000000,0.000000000,0.000000000,1.000000000
1403715360.482143164,1.041193000,2.684038000,1.450044000,0.000000000,0.000000000,0.000000000,1.000000000
1403715360.487143040,1.039629000,2.684558000,1.450279000,0.000000000,0.000000000,0.000000000,1.000000000
1403715360.492142916,1.038073000,2.685074000,1.450513000,0.000000000,0.000000000,0.000000000,1.000000000
1403715360.497143030,1.036528000,2.685584000,1.450744000,0.000000000,0.000000000,0.000000000,1.000000000
1403715360.502143145,1.035073000,2.686184000,1.451001000,0.000000000,0.000000000,0.000000000,1.000000000
1403715360.507143021,1.033585000,2.686701000,1.451223000,0.000000000,0.000000000,0.000000000,1.000000000
1403715360.512142897,1.032113000,2.687211000,1.451439000,0.000000000,0.000000000,0.000000000,1.000000000
1403715360.517143011,1.030655000,2.687712000,1.451646000,0.000000000,0.000000000,0.000000000,1.000000000
1403715360.522143126,1.029210000,2.688206000,1.451844000,0.000000000,0.000000000,0.000000000,1.000000000
1403715360.527143002,1.027780000,2.688700000,1.452044000,0.000000000,0.000000000,0.000000000,1.000000000
1403715360.532143116,1.026367000,2.689190000,1.452242000,0.000000000,0.000000000,0.000000000,1.000000000
1403715360.537143230,1.024970000,2.689671000,1.452432000,0.000000000,0.000000000,0.000000000,1.000000000
1403715360.542143345,1.023585000,2.690138000,1.452616000,0.000000000,0.000000000,0.000000000,1.000000000
1403715360.547142982,1.022216000,2.690595000,1.452794000,0.000000000,0.000000000,0.000000000,1.000000000
1403715360.552143097,1.020926000,2.691152000,1.453005000,0.000000000,0.000000000,0.000000000,1.000000000
1403715360.557143211,1.019581000,2.691629000,1.453184000,0.000000000,0.000000000,0.000000000,1.000000000
1403715360.562143087,1.018251000,2.692097000,1.453355000,0.000000000,0.000000000,0.000000000,1.000000000
1403715360.567142963,1.016941000,2.692557000,1.453520000,0.000000000,0.000000000,0.000000000,1.000000000
1403715360.572143078,1.015656000,2.693008000,1.453694000,0.000000000,0.000000000,0.000000000,1.000000000
1403715360.577143192,1.014396000,2.693447000,1.453885000,0.000000000,0.000000000,0.000000000,1.000000000
1403715360.582143068,1.013163000,2.693876000,1.454097000,0.000000000,0.000000000,0.000000000,1.000000000
1403715360.587142944,1.011952000,2.694303000,1.454329000,0.000000000,0.000000000,0.000000000,1.000000000
1403715360.592143297,1.010751000,2.694732000,1.454579000,0.000000000,0.000000000,0.000000000,1.000000000
1403715360.597143173,1.009560000,2.695158000,1.454837000,0.000000000,0.000000000,0.000000000,1.000000000
1403715360.602143049,1.008461000,2.695671000,1.455148000,0.000000000,0.000000000,0.000000000,1.000000000
1403715360.607142925,1.007324000,2.696096000,1.455443000,0.000000000,0.000000000,0.000000000,1.000000000
1403715360.612143278,1.006213000,2.696514000,1.455750000,0.000000000,0.000000000,0.000000000,1.000000000
1403715360.617143154,1.005118000,2.696933000,1.456058000,0.000000000,0.000000000,0.000000000,1.000000000
1403715360.622143030,1.004038000,2.697352000,1.456365000,0.000000000,0.000000000,0.000000000,1.000000000
1403715360.627142906,1.002970000,2.697766000,1.456680000,0.000000000,0.000000000,0.000000000,1.000000000
1403715360.632143259,1.001919000,2.698175000,1.457012000,0.000000000,0.000000000,0.000000000,1.000000000
1403715360.637142897,1.000892000,2.698575000,1.457353000,0.000000000,0.000000000,0.000000000,1.000000000
1403715360.642143011,0.999893000,2.698961000,1.457693000,0.000000000,0.000000000,0.000000000,1.000000000
1403715360.647142887,0.998915000,2.699328000,1.458037000,0.000000000,0.000000000,0.000000000,1.000000000
1403715360.652143240,0.998027000,2.699765000,1.458424000,0.000000000,0.000000000,0.000000000,1.000000000
1403715360.657143116,0.997094000,2.700110000,1.458773000,0.000000000,0.000000000,0.000000000,1.000000000
1403715360.662142992,0.996175000,2.700442000,1.459118000,0.000000000,0.000000000,0.000000000,1.000000000
1403715360.667143345,0.995275000,2.700764000,1.459463000,0.000000000,0.000000000,0.000000000,1.000000000
1403715360.672143221,0.994392000,2.701072000,1.459812000,0.000000000,0.000000000,0.000000000,1.000000000
1403715360.677143097,0.993523000,2.701361000,1.460168000,0.000000000,0.000000000,0.000000000,1.000000000
1403715360.682142973,0.992675000,2.701633000,1.460523000,0.000000000,0.000000000,0.000000000,1.000000000
1403715360.687143326,0.991852000,2.701891000,1.460883000,0.000000000,0.000000000,0.000000000,1.000000000
1403715360.692142963,0.991058000,2.702133000,1.461263000,0.000000000,0.000000000,0.000000000,1.000000000
1403715360.697143078,0.990281000,2.702367000,1.461668000,0.000000000,0.000000000,0.000000000,1.000000000
1403715360.702142954,0.989588000,2.702685000,1.462140000,0.000000000,0.000000000,0.000000000,1.000000000
1403715360.707143307,0.988843000,2.702930000,1.462605000,0.000000000,0.000000000,0.000000000,1.000000000
1403715360.712142944,0.988109000,2.703168000,1.463088000,0.000000000,0.000000000,0.000000000,1.000000000
1403715360.717143059,0.987400000,2.703392000,1.463573000,0.000000000,0.000000000,0.000000000,1.000000000
1403715360.722143173,0.986727000,2.703601000,1.464048000,0.000000000,0.000000000,0.000000000,1.000000000
1403715360.727143288,0.986082000,2.703799000,1.464507000,0.000000000,0.000000000,0.000000000,1.000000000
1403715360.732142925,0.985452000,2.703987000,1.464959000,0.000000000,0.000000000,0.000000000,1.000000000
1403715360.737143040,0.984828000,2.704173000,1.465415000,0.000000000,0.000000000,0.000000000,1.000000000
1403715360.742143154,0.984206000,2.704366000,1.465873000,0.000000000,0.000000000,0.000000000,1.000000000
1403715360.747143030,0.983593000,2.704560000,1.466328000,0.000000000,0.000000000,0.000000000,1.000000000
1403715360.752142906,0.983073000,2.704831000,1.466812000,0.000000000,0.000000000,0.000000000,1.000000000
1403715360.757143021,0.982516000,2.705022000,1.467262000,0.000000000,0.000000000,0.000000000,1.000000000
1403715360.762143135,0.981979000,2.705205000,1.467702000,0.000000000,0.000000000,0.000000000,1.000000000
1403715360.767143011,0.981460000,2.705383000,1.468132000,0.000000000,0.000000000,0.000000000,1.000000000
1403715360.772142887,0.980950000,2.705553000,1.468547000,0.000000000,0.000000000,0.000000000,1.000000000
1403715360.777143240,0.980446000,2.705716000,1.468955000,0.000000000,0.000000000,0.000000000,1.000000000
1403715360.782143354,0.979953000,2.705869000,1.469369000,0.000000000,0.000000000,0.000000000,1.000000000
1403715360.787142992,0.979470000,2.706010000,1.469790000,0.000000000,0.000000000,0.000000000,1.000000000
1403715360.792143106,0.978998000,2.706139000,1.470218000,0.000000000,0.000000000,0.000000000,1.000000000
1403715360.797143221,0.978537000,2.706258000,1.470646000,0.000000000,0.000000000,0.000000000,1.000000000
1403715360.802143097,0.978159000,2.706448000,1.471110000,0.000000000,0.000000000,0.000000000,1.000000000
1403715360.807142973,0.977729000,2.706571000,1.471551000,0.000000000,0.000000000,0.000000000,1.000000000
1403715360.812143087,0.977304000,2.706688000,1.471996000,0.000000000,0.000000000,0.000000000,1.000000000
1403715360.817143202,0.976883000,2.706805000,1.472450000,0.000000000,0.000000000,0.000000000,1.000000000
1403715360.822143078,0.976464000,2.706924000,1.472911000,0.000000000,0.000000000,0.000000000,1.000000000
1403715360.827142954,0.976045000,2.707039000,1.473381000,0.000000000,0.000000000,0.000000000,1.000000000
1403715360.832143307,0.975639000,2.707146000,1.473852000,0.000000000,0.000000000,0.000000000,1.000000000
1403715360.837143183,0.975248000,2.707248000,1.474324000,0.000000000,0.000000000,0.000000000,1.000000000
1403715360.842143059,0.974870000,2.707348000,1.474791000,0.000000000,0.000000000,0.000000000,1.000000000
1403715360.847142935,0.974503000,2.707448000,1.475257000,0.000000000,0.000000000,0.000000000,1.000000000
1403715360.852143288,0.974215000,2.707618000,1.475762000,0.000000000,0.000000000,0.000000000,1.000000000
1403715360.857143164,0.973867000,2.707731000,1.476247000,0.000000000,0.000000000,0.000000000,1.000000000
1403715360.862143040,0.973521000,2.707840000,1.476731000,0.000000000,0.000000000,0.000000000,1.000000000
1403715360.867142916,0.973185000,2.707941000,1.477210000,0.000000000,0.000000000,0.000000000,1.000000000
1403715360.872143269,0.972861000,2.708027000,1.477697000,0.000000000,0.000000000,0.000000000,1.000000000
1403715360.877142906,0.972550000,2.708094000,1.478189000,0.000000000,0.000000000,0.000000000,1.000000000
1403715360.882143021,0.972253000,2.708151000,1.478675000,0.000000000,0.000000000,0.000000000,1.000000000
1403715360.887142897,0.971966000,2.708207000,1.479148000,0.000000000,0.000000000,0.000000000,1.000000000
1403715360.892143250,0.971679000,2.708263000,1.479607000,0.000000000,0.000000000,0.000000000,1.000000000
1403715360.897142887,0.971387000,2.708315000,1.480065000,0.000000000,0.000000000,0.000000000,1.000000000
1403715360.902143002,0.971168000,2.708422000,1.480547000,0.000000000,0.000000000,0.000000000,1.000000000
1403715360.907143354,0.970884000,2.708484000,1.481009000,0.000000000,0.000000000,0.000000000,1.000000000
1403715360.912143230,0.970607000,2.708551000,1.481476000,0.000000000,0.000000000,0.000000000,1.000000000
1403715360.917143106,0.970343000,2.708620000,1.481935000,0.000000000,0.000000000,0.000000000,1.000000000
1403715360.922142982,0.970092000,2.708690000,1.482391000,0.000000000,0.000000000,0.000000000,1.000000000
1403715360.927143335,0.969846000,2.708759000,1.482849000,0.000000000,0.000000000,0.000000000,1.000000000
1403715360.932142973,0.969598000,2.708822000,1.483318000,0.000000000,0.000000000,0.000000000,1.000000000
1403715360.937143087,0.969342000,2.708885000,1.483799000,0.000000000,0.000000000,0.000000000,1.000000000
1403715360.942142963,0.969079000,2.708950000,1.484287000,0.000000000,0.000000000,0.000000000,1.000000000
1403715360.947143316,0.968816000,2.709011000,1.484779000,0.000000000,0.000000000,0.000000000,1.000000000
1403715360.952142954,0.968645000,2.709113000,1.485288000,0.000000000,0.000000000,0.000000000,1.000000000
1403715360.957143068,0.968424000,2.709166000,1.485782000,0.000000000,0.000000000,0.000000000,1.000000000
1403715360.962142944,0.968210000,2.709210000,1.486277000,0.000000000,0.000000000,0.000000000,1.000000000
1403715360.967143297,0.967993000,2.709255000,1.486775000,0.000000000,0.000000000,0.000000000,1.000000000
1403715360.972142935,0.967765000,2.709309000,1.487275000,0.000000000,0.000000000,0.000000000,1.000000000
1403715360.977143049,0.967526000,2.709372000,1.487779000,0.000000000,0.000000000,0.000000000,1.000000000
1403715360.982143164,0.967294000,2.709432000,1.488287000,0.000000000,0.000000000,0.000000000,1.000000000
1403715360.987143040,0.967077000,2.709485000,1.488802000,0.000000000,0.000000000,0.000000000,1.000000000
1403715360.992142916,0.966875000,2.709530000,1.489323000,0.000000000,0.000000000,0.000000000,1.000000000
1403715360.997143030,0.966685000,2.709569000,1.489837000,0.000000000,0.000000000,0.000000000,1.000000000
1403715361.002143145,0.966573000,2.709652000,1.490363000,0.000000000,0.000000000,0.000000000,1.000000000
1403715361.007143021,0.966381000,2.709702000,1.490884000,0.000000000,0.000000000,0.000000000,1.000000000
1403715361.012142897,0.966176000,2.709750000,1.491400000,0.000000000,0.000000000,0.000000000,1.000000000
1403715361.017143011,0.965968000,2.709797000,1.491911000,0.000000000,0.000000000,0.000000000,1.000000000
1403715361.022143126,0.965766000,2.709841000,1.492422000,0.000000000,0.000000000,0.000000000,1.000000000
1403715361.027143002,0.965573000,2.709873000,1.492937000,0.000000000,0.000000000,0.000000000,1.000000000
1403715361.032143116,0.965383000,2.709894000,1.493441000,0.000000000,0.000000000,0.000000000,1.000000000
1403715361.037143230,0.965186000,2.709914000,1.493936000,0.000000000,0.000000000,0.000000000,1.000000000
1403715361.042143345,0.964980000,2.709938000,1.494427000,0.000000000,0.000000000,0.000000000,1.000000000
1403715361.047142982,0.964765000,2.709967000,1.494916000,0.000000000,0.000000000,0.000000000,1.000000000
1403715361.052143097,0.964633000,2.710038000,1.495420000,0.000000000,0.000000000,0.000000000,1.000000000
1403715361.057143211,0.964432000,2.710082000,1.495921000,0.000000000,0.000000000,0.000000000,1.000000000
1403715361.062143087,0.964233000,2.710120000,1.496430000,0.000000000,0.000000000,0.000000000,1.000000000
1403715361.067142963,0.964036000,2.710149000,1.496938000,0.000000000,0.000000000,0.000000000,1.000000000
1403715361.072143078,0.963838000,2.710172000,1.497444000,0.000000000,0.000000000,0.000000000,1.000000000
1403715361.077143192,0.963629000,2.710198000,1.497945000,0.000000000,0.000000000,0.000000000,1.000000000
1403715361.082143068,0.963405000,2.710237000,1.498436000,0.000000000,0.000000000,0.000000000,1.000000000
1403715361.087142944,0.963170000,2.710285000,1.498918000,0.000000000,0.000000000,0.000000000,1.000000000
1403715361.092143297,0.962933000,2.710330000,1.499391000,0.000000000,0.000000000,0.000000000,1.000000000
1403715361.097143173,0.962697000,2.710366000,1.499856000,0.000000000,0.000000000,0.000000000,1.000000000
1403715361.102143049,0.962549000,2.710427000,1.500318000,0.000000000,0.000000000,0.000000000,1.000000000
1403715361.107142925,0.962323000,2.710462000,1.500776000,0.000000000,0.000000000,0.000000000,1.000000000
1403715361.112143278,0.962084000,2.710498000,1.501242000,0.000000000,0.000000000,0.000000000,1.000000000
1403715361.117143154,0.961836000,2.710535000,1.501716000,0.000000000,0.000000000,0.000000000,1.000000000
1403715361.122143030,0.961586000,2.710571000,1.502199000,0.000000000,0.000000000,0.000000000,1.000000000
1403715361.127142906,0.961341000,2.710610000,1.502686000,0.000000000,0.000000000,0.000000000,1.000000000
1403715361.132143259,0.961102000,2.710654000,1.503173000,0.000000000,0.000000000,0.000000000,1.000000000
1403715361.137142897,0.960867000,2.710700000,1.503652000,0.000000000,0.000000000,0.000000000,1.000000000
1403715361.142143011,0.960627000,2.710748000,1.504127000,0.000000000,0.000000000,0.000000000,1.000000000
1403715361.147142887,0.960376000,2.710795000,1.504597000,0.000000000,0.000000000,0.000000000,1.000000000
1403715361.152143240,0.960210000,2.710871000,1.505067000,0.000000000,0.000000000,0.000000000,1.000000000
1403715361.157143116,0.959973000,2.710927000,1.505542000,0.000000000,0.000000000,0.000000000,1.000000000
1403715361.162142992,0.959740000,2.710978000,1.506016000,0.000000000,0.000000000,0.000000000,1.000000000
1403715361.167143345,0.959515000,2.711023000,1.506491000,0.000000000,0.000000000,0.000000000,1.000000000
1403715361.172143221,0.959295000,2.711063000,1.506966000,0.000000000,0.000000000,0.000000000,1.000000000
1403715361.177143097,0.959071000,2.711099000,1.507448000,0.000000000,0.000000000,0.000000000,1.000000000
1403715361.182142973,0.958845000,2.711139000,1.507935000,0.000000000,0.000000000,0.000000000,1.000000000
1403715361.187143326,0.958616000,2.711188000,1.508422000,0.000000000,0.000000000,0.000000000,1.000000000
1403715361.192142963,0.958385000,2.711244000,1.508913000,0.000000000,0.000000000,0.000000000,1.000000000
1403715361.197143078,0.958156000,2.711308000,1.509405000,0.000000000,0.000000000,0.000000000,1.000000000
1403715361.202142954,0.958017000,2.711394000,1.509893000,0.000000000,0.000000000,0.000000000,1.000000000
1403715361.207143307,0.957809000,2.711469000,1.510385000,0.000000000,0.000000000,0.000000000,1.000000000
1403715361.212142944,0.957599000,2.711549000,1.510877000,0.000000000,0.000000000,0.000000000,1.000000000
1403715361.217143059,0.957388000,2.711634000,1.511372000,0.000000000,0.000000000,0.000000000,1.000000000
1403715361.222143173,0.957174000,2.711722000,1.511869000,0.000000000,0.000000000,0.000000000,1.000000000
1403715361.227143288,0.956953000,2.711808000,1.512364000,0.000000000,0.000000000,0.000000000,1.000000000
1403715361.232142925,0.956725000,2.711889000,1.512853000,0.000000000,0.000000000,0.000000000,1.000000000
1403715361.237143040,0.956494000,2.711969000,1.513343000,0.000000000,0.000000000,0.000000000,1.000000000
1403715361.242143154,0.956265000,2.712056000,1.513830000,0.000000000,0.000000000,0.000000000,1.000000000
1403715361.247143030,0.956034000,2.712148000,1.514316000,0.000000000,0.000000000,0.000000000,1.000000000
1403715361.252142906,0.955880000,2.712262000,1.514793000,0.000000000,0.000000000,0.000000000,1.000000000
1403715361.257143021,0.955647000,2.712366000,1.515276000,0.000000000,0.000000000,0.000000000,1.000000000
1403715361.262143135,0.955412000,2.712468000,1.515758000,0.000000000,0.000000000,0.000000000,1.000000000
1403715361.267143011,0.955179000,2.712567000,1.516232000,0.000000000,0.000000000,0.000000000,1.000000000
1403715361.272142887,0.954947000,2.712668000,1.516697000,0.000000000,0.000000000,0.000000000,1.000000000
1403715361.277143240,0.954714000,2.712775000,1.517157000,0.000000000,0.000000000,0.000000000,1.000000000
1403715361.282143354,0.954475000,2.712887000,1.517622000,0.000000000,0.000000000,0.000000000,1.000000000
1403715361.287142992,0.954221000,2.712998000,1.518092000,0.000000000,0.000000000,0.000000000,1.000000000
1403715361.292143106,0.953955000,2.713112000,1.518565000,0.000000000,0.000000000,0.000000000,1.000000000
1403715361.297143221,0.953685000,2.713232000,1.519037000,0.000000000,0.000000000,0.000000000,1.000000000
1403715361.302143097,0.953503000,2.713364000,1.519486000,0.000000000,0.000000000,0.000000000,1.000000000
1403715361.307142973,0.953256000,2.713483000,1.519934000,0.000000000,0.000000000,0.000000000,1.000000000
1403715361.312143087,0.953014000,2.713602000,1.520385000,0.000000000,0.000000000,0.000000000,1.000000000
1403715361.317143202,0.952771000,2.713724000,1.520839000,0.000000000,0.000000000,0.000000000,1.000000000
1403715361.322143078,0.952521000,2.713850000,1.521285000,0.000000000,0.000000000,0.000000000,1.000000000
1403715361.327142954,0.952262000,2.713979000,1.521735000,0.000000000,0.000000000,0.000000000,1.000000000
1403715361.332143307,0.951995000,2.714112000,1.522192000,0.000000000,0.000000000,0.000000000,1.000000000
1403715361.337143183,0.951728000,2.714252000,1.522655000,0.000000000,0.000000000,0.000000000,1.000000000
1403715361.342143059,0.951466000,2.714397000,1.523123000,0.000000000,0.000000000,0.000000000,1.000000000
1403715361.347142935,0.951206000,2.714544000,1.523591000,0.000000000,0.000000000,0.000000000,1.000000000
1403715361.352143288,0.951026000,2.714698000,1.524030000,0.000000000,0.000000000,0.000000000,1.000000000
1403715361.357143164,0.950773000,2.714842000,1.524468000,0.000000000,0.000000000,0.000000000,1.000000000
1403715361.362143040,0.950512000,2.714975000,1.524883000,0.000000000,0.000000000,0.000000000,1.000000000
1403715361.367142916,0.950242000,2.715109000,1.525274000,0.000000000,0.000000000,0.000000000,1.000000000
1403715361.372143269,0.949960000,2.715257000,1.525654000,0.000000000,0.000000000,0.000000000,1.000000000
1403715361.377142906,0.949669000,2.715414000,1.526026000,0.000000000,0.000000000,0.000000000,1.000000000
1403715361.382143021,0.949374000,2.715575000,1.526390000,0.000000000,0.000000000,0.000000000,1.000000000
1403715361.387142897,0.949079000,2.715740000,1.526746000,0.000000000,0.000000000,0.000000000,1.000000000
1403715361.392143250,0.948789000,2.715912000,1.527100000,0.000000000,0.000000000,0.000000000,1.000000000
1403715361.397142887,0.948499000,2.716091000,1.527453000,0.000000000,0.000000000,0.000000000,1.000000000
1403715361.402143002,0.948285000,2.716271000,1.527778000,0.000000000,0.000000000,0.000000000,1.000000000
1403715361.407143354,0.947998000,2.716456000,1.528109000,0.000000000,0.000000000,0.000000000,1.000000000
1403715361.412143230,0.947702000,2.716652000,1.528429000,0.000000000,0.000000000,0.000000000,1.000000000
1403715361.417143106,0.947398000,2.716862000,1.528741000,0.000000000,0.000000000,0.000000000,1.000000000
1403715361.422142982,0.947089000,2.717077000,1.529039000,0.000000000,0.000000000,0.000000000,1.000000000
1403715361.427143335,0.946768000,2.717292000,1.529326000,0.000000000,0.000000000,0.000000000,1.000000000
1403715361.432142973,0.946439000,2.717514000,1.529602000,0.000000000,0.000000000,0.000000000,1.000000000
1403715361.437143087,0.946105000,2.717745000,1.529876000,0.000000000,0.000000000,0.000000000,1.000000000
1403715361.442142963,0.945768000,2.717982000,1.530150000,0.000000000,0.000000000,0.000000000,1.000000000
1403715361.447143316,0.945427000,2.718224000,1.530422000,0.000000000,0.000000000,0.000000000,1.000000000
1403715361.452142954,0.945160000,2.718466000,1.530667000,0.000000000,0.000000000,0.000000000,1.000000000
1403715361.457143068,0.944823000,2.718728000,1.530932000,0.000000000,0.000000000,0.000000000,1.000000000
1403715361.462142944,0.944479000,2.719003000,1.531188000,0.000000000,0.000000000,0.000000000,1.000000000
1403715361.467143297,0.944129000,2.719286000,1.531433000,0.000000000,0.000000000,0.000000000,1.000000000
1403715361.472142935,0.943771000,2.719572000,1.531672000,0.000000000,0.000000000,0.000000000,1.000000000
1403715361.477143049,0.943407000,2.719864000,1.531908000,0.000000000,0.000000000,0.000000000,1.000000000
1403715361.482143164,0.943036000,2.720169000,1.532144000,0.000000000,0.000000000,0.000000000,1.000000000
1403715361.487143040,0.942655000,2.720489000,1.532379000,0.000000000,0.000000000,0.000000000,1.000000000
1403715361.492142916,0.942266000,2.720818000,1.532602000,0.000000000,0.000000000,0.000000000,1.000000000
1403715361.497143030,0.941875000,2.721155000,1.532815000,0.000000000,0.000000000,0.000000000,1.000000000
1403715361.502143145,0.941558000,2.721470000,1.532994000,0.000000000,0.000000000,0.000000000,1.000000000
1403715361.507143021,0.941182000,2.721803000,1.533196000,0.000000000,0.000000000,0.000000000,1.000000000
1403715361.512142897,0.940797000,2.722145000,1.533383000,0.000000000,0.000000000,0.000000000,1.000000000
1403715361.517143011,0.940402000,2.722507000,1.533555000,0.000000000,0.000000000,0.000000000,1.000000000
1403715361.522143126,0.940002000,2.722886000,1.533717000,0.000000000,0.000000000,0.000000000,1.000000000
1403715361.527143002,0.939597000,2.723277000,1.533875000,0.000000000,0.000000000,0.000000000,1.000000000
1403715361.532143116,0.939185000,2.723674000,1.534029000,0.000000000,0.000000000,0.000000000,1.000000000
1403715361.537143230,0.938763000,2.724071000,1.534186000,0.000000000,0.000000000,0.000000000,1.000000000
1403715361.542143345,0.938341000,2.724476000,1.534348000,0.000000000,0.000000000,0.000000000,1.000000000
1403715361.547142982,0.937919000,2.724892000,1.534508000,0.000000000,0.000000000,0.000000000,1.000000000
1403715361.552143097,0.937553000,2.725279000,1.534602000,0.000000000,0.000000000,0.000000000,1.000000000
1403715361.557143211,0.937123000,2.725695000,1.534707000,0.000000000,0.000000000,0.000000000,1.000000000
1403715361.562143087,0.936677000,2.726115000,1.534820000,0.000000000,0.000000000,0.000000000,1.000000000
1403715361.567142963,0.936212000,2.726541000,1.534941000,0.000000000,0.000000000,0.000000000,1.000000000
1403715361.572143078,0.935744000,2.726988000,1.535054000,0.000000000,0.000000000,0.000000000,1.000000000
1403715361.577143192,0.935283000,2.727452000,1.535156000,0.000000000,0.000000000,0.000000000,1.000000000
1403715361.582143068,0.934818000,2.727919000,1.535245000,0.000000000,0.000000000,0.000000000,1.000000000
1403715361.587142944,0.934345000,2.728387000,1.535335000,0.000000000,0.000000000,0.000000000,1.000000000
1403715361.592143297,0.933863000,2.728860000,1.535435000,0.000000000,0.000000000,0.000000000,1.000000000
1403715361.597143173,0.933374000,2.729348000,1.535545000,0.000000000,0.000000000,0.000000000,1.000000000
1403715361.602143049,0.932933000,2.729805000,1.535613000,0.000000000,0.000000000,0.000000000,1.000000000
1403715361.607142925,0.932443000,2.730317000,1.535705000,0.000000000,0.000000000,0.000000000,1.000000000
1403715361.612143278,0.931947000,2.730847000,1.535781000,0.000000000,0.000000000,0.000000000,1.000000000
1403715361.617143154,0.931443000,2.731387000,1.535848000,0.000000000,0.000000000,0.000000000,1.000000000
1403715361.622143030,0.930930000,2.731934000,1.535909000,0.000000000,0.000000000,0.000000000,1.000000000
1403715361.627142906,0.930421000,2.732485000,1.535964000,0.000000000,0.000000000,0.000000000,1.000000000
1403715361.632143259,0.929916000,2.733043000,1.536021000,0.000000000,0.000000000,0.000000000,1.000000000
1403715361.637142897,0.929405000,2.733616000,1.536074000,0.000000000,0.000000000,0.000000000,1.000000000
1403715361.642143011,0.928886000,2.734199000,1.536114000,0.000000000,0.000000000,0.000000000,1.000000000
1403715361.647142887,0.928358000,2.734790000,1.536146000,0.000000000,0.000000000,0.000000000,1.000000000
1403715361.652143240,0.927861000,2.735330000,1.536125000,0.000000000,0.000000000,0.000000000,1.000000000
1403715361.657143116,0.927327000,2.735934000,1.536138000,0.000000000,0.000000000,0.000000000,1.000000000
1403715361.662142992,0.926789000,2.736551000,1.536145000,0.000000000,0.000000000,0.000000000,1.000000000
1403715361.667143345,0.926249000,2.737178000,1.536141000,0.000000000,0.000000000,0.000000000,1.000000000
1403715361.672143221,0.925705000,2.737813000,1.536129000,0.000000000,0.000000000,0.000000000,1.000000000
1403715361.677143097,0.925156000,2.738453000,1.536108000,0.000000000,0.000000000,0.000000000,1.000000000
1403715361.682142973,0.924609000,2.739108000,1.536084000,0.000000000,0.000000000,0.000000000,1.000000000
1403715361.687143326,0.924063000,2.739785000,1.536060000,0.000000000,0.000000000,0.000000000,1.000000000
1403715361.692142963,0.923511000,2.740480000,1.536018000,0.000000000,0.000000000,0.000000000,1.000000000
1403715361.697143078,0.922952000,2.741186000,1.535954000,0.000000000,0.000000000,0.000000000,1.000000000
1403715361.702142954,0.922422000,2.741817000,1.535821000,0.000000000,0.000000000,0.000000000,1.000000000
1403715361.707143307,0.921863000,2.742506000,1.535717000,0.000000000,0.000000000,0.000000000,1.000000000
1403715361.712142944,0.921307000,2.743197000,1.535610000,0.000000000,0.000000000,0.000000000,1.000000000
1403715361.717143059,0.920752000,2.743896000,1.535508000,0.000000000,0.000000000,0.000000000,1.000000000
1403715361.722143173,0.920192000,2.744610000,1.535404000,0.000000000,0.000000000,0.000000000,1.000000000
1403715361.727143288,0.919622000,2.745342000,1.535294000,0.000000000,0.000000000,0.000000000,1.000000000
1403715361.732142925,0.919043000,2.746087000,1.535172000,0.000000000,0.000000000,0.000000000,1.000000000
1403715361.737143040,0.918466000,2.746838000,1.535036000,0.000000000,0.000000000,0.000000000,1.000000000
1403715361.742143154,0.917896000,2.747596000,1.534895000,0.000000000,0.000000000,0.000000000,1.000000000
1403715361.747143030,0.917332000,2.748361000,1.534750000,0.000000000,0.000000000,0.000000000,1.000000000
1403715361.752142906,0.916797000,2.749054000,1.534549000,0.000000000,0.000000000,0.000000000,1.000000000
1403715361.757143021,0.916236000,2.749836000,1.534380000,0.000000000,0.000000000,0.000000000,1.000000000
1403715361.762143135,0.915664000,2.750629000,1.534193000,0.000000000,0.000000000,0.000000000,1.000000000
1403715361.767143011,0.915084000,2.751428000,1.533996000,0.000000000,0.000000000,0.000000000,1.000000000
1403715361.772142887,0.914506000,2.752233000,1.533803000,0.000000000,0.000000000,0.000000000,1.000000000
1403715361.777143240,0.913935000,2.753051000,1.533615000,0.000000000,0.000000000,0.000000000,1.000000000
1403715361.782143354,0.913363000,2.753881000,1.533428000,0.000000000,0.000000000,0.000000000,1.000000000
1403715361.787142992,0.912793000,2.754717000,1.533227000,0.000000000,0.000000000,0.000000000,1.000000000
1403715361.792143106,0.912232000,2.755562000,1.533023000,0.000000000,0.000000000,0.000000000,1.000000000
1403715361.797143221,0.911678000,2.756419000,1.532825000,0.000000000,0.000000000,0.000000000,1.000000000
1403715361.802143097,0.911143000,2.757189000,1.532573000,0.000000000,0.000000000,0.000000000,1.000000000
1403715361.807142973,0.910595000,2.758049000,1.532336000,0.000000000,0.000000000,0.000000000,1.000000000
1403715361.812143087,0.910039000,2.758920000,1.532086000,0.000000000,0.000000000,0.000000000,1.000000000
1403715361.817143202,0.909476000,2.759802000,1.531835000,0.000000000,0.000000000,0.000000000,1.000000000
1403715361.822143078,0.908917000,2.760695000,1.531590000,0.000000000,0.000000000,0.000000000,1.000000000
1403715361.827142954,0.908372000,2.761596000,1.531349000,0.000000000,0.000000000,0.000000000,1.000000000
1403715361.832143307,0.907837000,2.762500000,1.531105000,0.000000000,0.000000000,0.000000000,1.000000000
1403715361.837143183,0.907301000,2.763406000,1.530849000,0.000000000,0.000000000,0.000000000,1.000000000
1403715361.842143059,0.906763000,2.764326000,1.530593000,0.000000000,0.000000000,0.000000000,1.000000000
1403715361.847142935,0.906217000,2.765267000,1.530344000,0.000000000,0.000000000,0.000000000,1.000000000
1403715361.852143288,0.905674000,2.766118000,1.530042000,0.000000000,0.000000000,0.000000000,1.000000000
1403715361.857143164,0.905127000,2.767063000,1.529758000,0.000000000,0.000000000,0.000000000,1.000000000
1403715361.862143040,0.904588000,2.768008000,1.529479000,0.000000000,0.000000000,0.000000000,1.000000000
1403715361.867142916,0.904059000,2.768943000,1.529202000,0.000000000,0.000000000,0.000000000,1.000000000
1403715361.872143269,0.903543000,2.769880000,1.528924000,0.000000000,0.000000000,0.000000000,1.000000000
1403715361.877142906,0.903039000,2.770827000,1.528648000,0.000000000,0.000000000,0.000000000,1.000000000
1403715361.882143021,0.902536000,2.771795000,1.528372000,0.000000000,0.000000000,0.000000000,1.000000000
1403715361.887142897,0.902025000,2.772789000,1.528089000,0.000000000,0.000000000,0.000000000,1.000000000
1403715361.892143250,0.901510000,2.773801000,1.527790000,0.000000000,0.000000000,0.000000000,1.000000000
1403715361.897142887,0.901004000,2.774826000,1.527488000,0.000000000,0.000000000,0.000000000,1.000000000
1403715361.902143002,0.900512000,2.775747000,1.527164000,0.000000000,0.000000000,0.000000000,1.000000000
1403715361.907143354,0.900021000,2.776746000,1.526854000,0.000000000,0.000000000,0.000000000,1.000000000
1403715361.912143230,0.899529000,2.777748000,1.526539000,0.000000000,0.000000000,0.000000000,1.000000000
1403715361.917143106,0.899033000,2.778772000,1.526238000,0.000000000,0.000000000,0.000000000,1.000000000
1403715361.922142982,0.898538000,2.779821000,1.525959000,0.000000000,0.000000000,0.000000000,1.000000000
1403715361.927143335,0.898042000,2.780888000,1.525686000,0.000000000,0.000000000,0.000000000,1.000000000
1403715361.932142973,0.897549000,2.781963000,1.525418000,0.000000000,0.000000000,0.000000000,1.000000000
1403715361.937143087,0.897066000,2.783044000,1.525165000,0.000000000,0.000000000,0.000000000,1.000000000
1403715361.942142963,0.896589000,2.784129000,1.524917000,0.000000000,0.000000000,0.000000000,1.000000000
1403715361.947143316,0.896117000,2.785218000,1.524654000,0.000000000,0.000000000,0.000000000,1.000000000
1403715361.952142954,0.895641000,2.786209000,1.524354000,0.000000000,0.000000000,0.000000000,1.000000000
1403715361.957143068,0.895165000,2.787298000,1.524062000,0.000000000,0.000000000,0.000000000,1.000000000
1403715361.962142944,0.894686000,2.788393000,1.523760000,0.000000000,0.000000000,0.000000000,1.000000000
1403715361.967143297,0.894214000,2.789492000,1.523452000,0.000000000,0.000000000,0.000000000,1.000000000
1403715361.972142935,0.893751000,2.790600000,1.523147000,0.000000000,0.000000000,0.000000000,1.000000000
1403715361.977143049,0.893297000,2.791716000,1.522847000,0.000000000,0.000000000,0.000000000,1.000000000
1403715361.982143164,0.892847000,2.792840000,1.522544000,0.000000000,0.000000000,0.000000000,1.000000000
1403715361.987143040,0.892398000,2.793976000,1.522245000,0.000000000,0.000000000,0.000000000,1.000000000
1403715361.992142916,0.891954000,2.795126000,1.521953000,0.000000000,0.000000000,0.000000000,1.000000000
1403715361.997143030,0.891517000,2.796289000,1.521659000,0.000000000,0.000000000,0.000000000,1.000000000
1403715362.002143145,0.891078000,2.797344000,1.521342000,0.000000000,0.000000000,0.000000000,1.000000000
1403715362.007143021,0.890642000,2.798485000,1.521018000,0.000000000,0.000000000,0.000000000,1.000000000
1403715362.012142897,0.890208000,2.799632000,1.520685000,0.000000000,0.000000000,0.000000000,1.000000000
1403715362.017143011,0.889779000,2.800796000,1.520356000,0.000000000,0.000000000,0.000000000,1.000000000
1403715362.022143126,0.889353000,2.801970000,1.520020000,0.000000000,0.000000000,0.000000000,1.000000000
1403715362.027143002,0.888932000,2.803150000,1.519671000,0.000000000,0.000000000,0.000000000,1.000000000
1403715362.032143116,0.888514000,2.804339000,1.519318000,0.000000000,0.000000000,0.000000000,1.000000000
1403715362.037143230,0.888102000,2.805544000,1.518969000,0.000000000,0.000000000,0.000000000,1.000000000
1403715362.042143345,0.887692000,2.806768000,1.518623000,0.000000000,0.000000000,0.000000000,1.000000000
1403715362.047142982,0.887277000,2.808005000,1.518271000,0.000000000,0.000000000,0.000000000,1.000000000
1403715362.052143097,0.886849000,2.809146000,1.517920000,0.000000000,0.000000000,0.000000000,1.000000000
1403715362.057143211,0.886439000,2.810387000,1.517574000,0.000000000,0.000000000,0.000000000,1.000000000
1403715362.062143087,0.886045000,2.811624000,1.517219000,0.000000000,0.000000000,0.000000000,1.000000000
1403715362.067142963,0.885665000,2.812859000,1.516846000,0.000000000,0.000000000,0.000000000,1.000000000
1403715362.072143078,0.885295000,2.814107000,1.516461000,0.000000000,0.000000000,0.000000000,1.000000000
1403715362.077143192,0.884919000,2.815368000,1.516068000,0.000000000,0.000000000,0.000000000,1.000000000
1403715362.082143068,0.884532000,2.816640000,1.515666000,0.000000000,0.000000000,0.000000000,1.000000000
1403715362.087142944,0.884141000,2.817920000,1.515260000,0.000000000,0.000000000,0.000000000,1.000000000
1403715362.092143297,0.883757000,2.819208000,1.514860000,0.000000000,0.000000000,0.000000000,1.000000000
1403715362.097143173,0.883379000,2.820499000,1.514470000,0.000000000,0.000000000,0.000000000,1.000000000
1403715362.102143049,0.882992000,2.821680000,1.514085000,0.000000000,0.000000000,0.000000000,1.000000000
1403715362.107142925,0.882632000,2.822965000,1.513693000,0.000000000,0.000000000,0.000000000,1.000000000
1403715362.112143278,0.882276000,2.824269000,1.513301000,0.000000000,0.000000000,0.000000000,1.000000000
1403715362.117143154,0.881914000,2.825585000,1.512892000,0.000000000,0.000000000,0.000000000,1.000000000
1403715362.122143030,0.881550000,2.826910000,1.512454000,0.000000000,0.000000000,0.000000000,1.000000000
1403715362.127142906,0.881191000,2.828245000,1.511988000,0.000000000,0.000000000,0.000000000,1.000000000
1403715362.132143259,0.880839000,2.829589000,1.511505000,0.000000000,0.000000000,0.000000000,1.000000000
1403715362.137142897,0.880491000,2.830940000,1.511013000,0.000000000,0.000000000,0.000000000,1.000000000
1403715362.142143011,0.880146000,2.832294000,1.510517000,0.000000000,0.000000000,0.000000000,1.000000000
1403715362.147142887,0.879807000,2.833648000,1.510018000,0.000000000,0.000000000,0.000000000,1.000000000
1403715362.152143240,0.879458000,2.834894000,1.509538000,0.000000000,0.000000000,0.000000000,1.000000000
1403715362.157143116,0.879133000,2.836239000,1.509060000,0.000000000,0.000000000,0.000000000,1.000000000
1403715362.162142992,0.878817000,2.837592000,1.508591000,0.000000000,0.000000000,0.000000000,1.000000000
1403715362.167143345,0.878506000,2.838956000,1.508125000,0.000000000,0.000000000,0.000000000,1.000000000
1403715362.172143221,0.878197000,2.840332000,1.507660000,0.000000000,0.000000000,0.000000000,1.000000000
1403715362.177143097,0.877893000,2.841720000,1.507196000,0.000000000,0.000000000,0.000000000,1.000000000
1403715362.182142973,0.877594000,2.843115000,1.506724000,0.000000000,0.000000000,0.000000000,1.000000000
1403715362.187143326,0.877301000,2.844514000,1.506237000,0.000000000,0.000000000,0.000000000,1.000000000
1403715362.192142963,0.877011000,2.845922000,1.505741000,0.000000000,0.000000000,0.000000000,1.000000000
1403715362.197143078,0.876725000,2.847346000,1.505245000,0.000000000,0.000000000,0.000000000,1.000000000
1403715362.202142954,0.876426000,2.848663000,1.504766000,0.000000000,0.000000000,0.000000000,1.000000000
1403715362.207143307,0.876146000,2.850082000,1.504265000,0.000000000,0.000000000,0.000000000,1.000000000
1403715362.212142944,0.875876000,2.851515000,1.503763000,0.000000000,0.000000000,0.000000000,1.000000000
1403715362.217143059,0.875610000,2.852957000,1.503257000,0.000000000,0.000000000,0.000000000,1.000000000
1403715362.222143173,0.875347000,2.854401000,1.502744000,0.000000000,0.000000000,0.000000000,1.000000000
1403715362.227143288,0.875091000,2.855854000,1.502233000,0.000000000,0.000000000,0.000000000,1.000000000
1403715362.232142925,0.874841000,2.857319000,1.501737000,0.000000000,0.000000000,0.000000000,1.000000000
1403715362.237143040,0.874593000,2.858793000,1.501248000,0.000000000,0.000000000,0.000000000,1.000000000
1403715362.242143154,0.874339000,2.860273000,1.500753000,0.000000000,0.000000000,0.000000000,1.000000000
1403715362.247143030,0.874080000,2.861761000,1.500239000,0.000000000,0.000000000,0.000000000,1.000000000
1403715362.252142906,0.873823000,2.863269000,1.499710000,0.000000000,0.000000000,0.000000000,1.000000000
1403715362.257143021,0.873548000,2.864654000,1.499203000,0.000000000,0.000000000,0.000000000,1.000000000
1403715362.262143135,0.873286000,2.866165000,1.498656000,0.000000000,0.000000000,0.000000000,1.000000000
1403715362.267143011,0.873032000,2.867682000,1.498096000,0.000000000,0.000000000,0.000000000,1.000000000
1403715362.272142887,0.872787000,2.869206000,1.497526000,0.000000000,0.000000000,0.000000000,1.000000000
1403715362.277143240,0.872546000,2.870742000,1.496950000,0.000000000,0.000000000,0.000000000,1.000000000
1403715362.282143354,0.872307000,2.872294000,1.496370000,0.000000000,0.000000000,0.000000000,1.000000000
1403715362.287142992,0.872076000,2.873867000,1.495793000,0.000000000,0.000000000,0.000000000,1.000000000
1403715362.292143106,0.871853000,2.875461000,1.495224000,0.000000000,0.000000000,0.000000000,1.000000000
1403715362.297143221,0.871636000,2.877068000,1.494656000,0.000000000,0.000000000,0.000000000,1.000000000
1403715362.302143097,0.871416000,2.878568000,1.494107000,0.000000000,0.000000000,0.000000000,1.000000000
1403715362.307142973,0.871211000,2.880169000,1.493542000,0.000000000,0.000000000,0.000000000,1.000000000
1403715362.312143087,0.871011000,2.881777000,1.492977000,0.000000000,0.000000000,0.000000000,1.000000000
1403715362.317143202,0.870818000,2.883400000,1.492415000,0.000000000,0.000000000,0.000000000,1.000000000
1403715362.322143078,0.870625000,2.885042000,1.491850000,0.000000000,0.000000000,0.000000000,1.000000000
1403715362.327142954,0.870429000,2.886697000,1.491282000,0.000000000,0.000000000,0.000000000,1.000000000
1403715362.332143307,0.870228000,2.888366000,1.490710000,0.000000000,0.000000000,0.000000000,1.000000000
1403715362.337143183,0.870027000,2.890046000,1.490131000,0.000000000,0.000000000,0.000000000,1.000000000
1403715362.342143059,0.869827000,2.891730000,1.489551000,0.000000000,0.000000000,0.000000000,1.000000000
1403715362.347142935,0.869629000,2.893419000,1.488977000,0.000000000,0.000000000,0.000000000,1.000000000
1403715362.352143288,0.869422000,2.895000000,1.488425000,0.000000000,0.000000000,0.000000000,1.000000000
1403715362.357143164,0.869223000,2.896688000,1.487848000,0.000000000,0.000000000,0.000000000,1.000000000
1403715362.362143040,0.869022000,2.898393000,1.487274000,0.000000000,0.000000000,0.000000000,1.000000000
1403715362.367142916,0.868815000,2.900114000,1.486706000,0.000000000,0.000000000,0.000000000,1.000000000
1403715362.372143269,0.868607000,2.901852000,1.486138000,0.000000000,0.000000000,0.000000000,1.000000000
1403715362.377142906,0.868399000,2.903596000,1.485572000,0.000000000,0.000000000,0.000000000,1.000000000
1403715362.382143021,0.868187000,2.905344000,1.485009000,0.000000000,0.000000000,0.000000000,1.000000000
1403715362.387142897,0.867973000,2.907100000,1.484445000,0.000000000,0.000000000,0.000000000,1.000000000
1403715362.392143250,0.867759000,2.908870000,1.483878000,0.000000000,0.000000000,0.000000000,1.000000000
1403715362.397142887,0.867542000,2.910659000,1.483297000,0.000000000,0.000000000,0.000000000,1.000000000
1403715362.402143002,0.867312000,2.912356000,1.482730000,0.000000000,0.000000000,0.000000000,1.000000000
1403715362.407143354,0.867085000,2.914161000,1.482136000,0.000000000,0.000000000,0.000000000,1.000000000
1403715362.412143230,0.866859000,2.915978000,1.481535000,0.000000000,0.000000000,0.000000000,1.000000000
1403715362.417143106,0.866636000,2.917805000,1.480931000,0.000000000,0.000000000,0.000000000,1.000000000
1403715362.422142982,0.866411000,2.919641000,1.480329000,0.000000000,0.000000000,0.000000000,1.000000000
1403715362.427143335,0.866185000,2.921489000,1.479731000,0.000000000,0.000000000,0.000000000,1.000000000
1403715362.432142973,0.865954000,2.923360000,1.479142000,0.000000000,0.000000000,0.000000000,1.000000000
1403715362.437143087,0.865710000,2.925246000,1.478554000,0.000000000,0.000000000,0.000000000,1.000000000
1403715362.442142963,0.865465000,2.927141000,1.477967000,0.000000000,0.000000000,0.000000000,1.000000000
1403715362.447143316,0.865226000,2.929054000,1.477388000,0.000000000,0.000000000,0.000000000,1.000000000
1403715362.452142954,0.864980000,2.930875000,1.476834000,0.000000000,0.000000000,0.000000000,1.000000000
1403715362.457143068,0.864742000,2.932792000,1.476258000,0.000000000,0.000000000,0.000000000,1.000000000
1403715362.462142944,0.864503000,2.934716000,1.475682000,0.000000000,0.000000000,0.000000000,1.000000000
1403715362.467143297,0.864264000,2.936644000,1.475109000,0.000000000,0.000000000,0.000000000,1.000000000
1403715362.472142935,0.864024000,2.938578000,1.474537000,0.000000000,0.000000000,0.000000000,1.000000000
1403715362.477143049,0.863785000,2.940524000,1.473962000,0.000000000,0.000000000,0.000000000,1.000000000
1403715362.482143164,0.863547000,2.942490000,1.473377000,0.000000000,0.000000000,0.000000000,1.000000000
1403715362.487143040,0.863308000,2.944479000,1.472781000,0.000000000,0.000000000,0.000000000,1.000000000
1403715362.492142916,0.863064000,2.946478000,1.472171000,0.000000000,0.000000000,0.000000000,1.000000000
1403715362.497143030,0.862824000,2.948485000,1.471545000,0.000000000,0.000000000,0.000000000,1.000000000
1403715362.502143145,0.862571000,2.950393000,1.470935000,0.000000000,0.000000000,0.000000000,1.000000000
1403715362.507143021,0.862325000,2.952391000,1.470318000,0.000000000,0.000000000,0.000000000,1.000000000
1403715362.512142897,0.862081000,2.954397000,1.469708000,0.000000000,0.000000000,0.000000000,1.000000000
1403715362.517143011,0.861841000,2.956418000,1.469114000,0.000000000,0.000000000,0.000000000,1.000000000
1403715362.522143126,0.861601000,2.958455000,1.468531000,0.000000000,0.000000000,0.000000000,1.000000000
1403715362.527143002,0.861363000,2.960508000,1.467945000,0.000000000,0.000000000,0.000000000,1.000000000
1403715362.532143116,0.861126000,2.962580000,1.467356000,0.000000000,0.000000000,0.000000000,1.000000000
1403715362.537143230,0.860898000,2.964667000,1.466754000,0.000000000,0.000000000,0.000000000,1.000000000
1403715362.542143345,0.860681000,2.966772000,1.466145000,0.000000000,0.000000000,0.000000000,1.000000000
1403715362.547142982,0.860461000,2.968890000,1.465528000,0.000000000,0.000000000,0.000000000,1.000000000
1403715362.552143097,0.860223000,2.970917000,1.464906000,0.000000000,0.000000000,0.000000000,1.000000000
1403715362.557143211,0.860000000,2.973039000,1.464287000,0.000000000,0.000000000,0.000000000,1.000000000
1403715362.562143087,0.859778000,2.975177000,1.463682000,0.000000000,0.000000000,0.000000000,1.000000000
1403715362.567142963,0.859557000,2.977329000,1.463084000,0.000000000,0.000000000,0.000000000,1.000000000
1403715362.572143078,0.859341000,2.979500000,1.462492000,0.000000000,0.000000000,0.000000000,1.000000000
1403715362.577143192,0.859131000,2.981689000,1.461908000,0.000000000,0.000000000,0.000000000,1.000000000
1403715362.582143068,0.858926000,2.983892000,1.461326000,0.000000000,0.000000000,0.000000000,1.000000000
1403715362.587142944,0.858723000,2.986101000,1.460746000,0.000000000,0.000000000,0.000000000,1.000000000
1403715362.592143297,0.858528000,2.988316000,1.460171000,0.000000000,0.000000000,0.000000000,1.000000000
1403715362.597143173,0.858339000,2.990547000,1.459604000,0.000000000,0.000000000,0.000000000,1.000000000
1403715362.602143049,0.858129000,2.992698000,1.459043000,0.000000000,0.000000000,0.000000000,1.000000000
1403715362.607142925,0.857937000,2.994944000,1.458497000,0.000000000,0.000000000,0.000000000,1.000000000
1403715362.612143278,0.857754000,2.997203000,1.457968000,0.000000000,0.000000000,0.000000000,1.000000000
1403715362.617143154,0.857576000,2.999471000,1.457448000,0.000000000,0.000000000,0.000000000,1.000000000
1403715362.622143030,0.857400000,3.001749000,1.456926000,0.000000000,0.000000000,0.000000000,1.000000000
1403715362.627142906,0.857227000,3.004042000,1.456403000,0.000000000,0.000000000,0.000000000,1.000000000
1403715362.632143259,0.857052000,3.006352000,1.455884000,0.000000000,0.000000000,0.000000000,1.000000000
1403715362.637142897,0.856871000,3.008680000,1.455367000,0.000000000,0.000000000,0.000000000,1.000000000
1403715362.642143011,0.856688000,3.011027000,1.454848000,0.000000000,0.000000000,0.000000000,1.000000000
1403715362.647142887,0.856513000,3.013390000,1.454333000,0.000000000,0.000000000,0.000000000,1.000000000
1403715362.652143240,0.856322000,3.015669000,1.453810000,0.000000000,0.000000000,0.000000000,1.000000000
1403715362.657143116,0.856157000,3.018037000,1.453307000,0.000000000,0.000000000,0.000000000,1.000000000
1403715362.662142992,0.855998000,3.020417000,1.452811000,0.000000000,0.000000000,0.000000000,1.000000000
1403715362.667143345,0.855845000,3.022808000,1.452324000,0.000000000,0.000000000,0.000000000,1.000000000
1403715362.672143221,0.855699000,3.025209000,1.451842000,0.000000000,0.000000000,0.000000000,1.000000000
1403715362.677143097,0.855560000,3.027623000,1.451365000,0.000000000,0.000000000,0.000000000,1.000000000
1403715362.682142973,0.855424000,3.030048000,1.450892000,0.000000000,0.000000000,0.000000000,1.000000000
1403715362.687143326,0.855289000,3.032484000,1.450420000,0.000000000,0.000000000,0.000000000,1.000000000
1403715362.692142963,0.855156000,3.034933000,1.449946000,0.000000000,0.000000000,0.000000000,1.000000000
1403715362.697143078,0.855030000,3.037398000,1.449478000,0.000000000,0.000000000,0.000000000,1.000000000
1403715362.702142954,0.854887000,3.039779000,1.448988000,0.000000000,0.000000000,0.000000000,1.000000000
1403715362.707143307,0.854768000,3.042249000,1.448517000,0.000000000,0.000000000,0.000000000,1.000000000
1403715362.712142944,0.854653000,3.044729000,1.448050000,0.000000000,0.000000000,0.000000000,1.000000000
1403715362.717143059,0.854543000,3.047221000,1.447584000,0.000000000,0.000000000,0.000000000,1.000000000
1403715362.722143173,0.854438000,3.049724000,1.447112000,0.000000000,0.000000000,0.000000000,1.000000000
1403715362.727143288,0.854335000,3.052242000,1.446629000,0.000000000,0.000000000,0.000000000,1.000000000
1403715362.732142925,0.854237000,3.054779000,1.446150000,0.000000000,0.000000000,0.000000000,1.000000000
1403715362.737143040,0.854147000,3.057335000,1.445684000,0.000000000,0.000000000,0.000000000,1.000000000
1403715362.742143154,0.854068000,3.059903000,1.445231000,0.000000000,0.000000000,0.000000000,1.000000000
1403715362.747143030,0.853995000,3.062478000,1.444789000,0.000000000,0.000000000,0.000000000,1.000000000
1403715362.752142906,0.853894000,3.064964000,1.444333000,0.000000000,0.000000000,0.000000000,1.000000000
1403715362.757143021,0.853819000,3.067537000,1.443916000,0.000000000,0.000000000,0.000000000,1.000000000
1403715362.762143135,0.853752000,3.070121000,1.443510000,0.000000000,0.000000000,0.000000000,1.000000000
1403715362.767143011,0.853685000,3.072720000,1.443110000,0.000000000,0.000000000,0.000000000,1.000000000
1403715362.772142887,0.853617000,3.075330000,1.442709000,0.000000000,0.000000000,0.000000000,1.000000000
1403715362.777143240,0.853550000,3.077949000,1.442311000,0.000000000,0.000000000,0.000000000,1.000000000
1403715362.782143354,0.853478000,3.080575000,1.441913000,0.000000000,0.000000000,0.000000000,1.000000000
1403715362.787142992,0.853408000,3.083209000,1.441514000,0.000000000,0.000000000,0.000000000,1.000000000
1403715362.792143106,0.853345000,3.085850000,1.441123000,0.000000000,0.000000000,0.000000000,1.000000000
1403715362.797143221,0.853284000,3.088499000,1.440744000,0.000000000,0.000000000,0.000000000,1.000000000
1403715362.802143097,0.853196000,3.091058000,1.440330000,0.000000000,0.000000000,0.000000000,1.000000000
1403715362.807142973,0.853130000,3.093702000,1.439953000,0.000000000,0.000000000,0.000000000,1.000000000
1403715362.812143087,0.853062000,3.096353000,1.439579000,0.000000000,0.000000000,0.000000000,1.000000000
1403715362.817143202,0.852995000,3.099010000,1.439197000,0.000000000,0.000000000,0.000000000,1.000000000
1403715362.822143078,0.852935000,3.101673000,1.438810000,0.000000000,0.000000000,0.000000000,1.000000000
1403715362.827142954,0.852878000,3.104340000,1.438423000,0.000000000,0.000000000,0.000000000,1.000000000
1403715362.832143307,0.852823000,3.107011000,1.438040000,0.000000000,0.000000000,0.000000000,1.000000000
1403715362.837143183,0.852772000,3.109684000,1.437664000,0.000000000,0.000000000,0.000000000,1.000000000
1403715362.842143059,0.852731000,3.112362000,1.437302000,0.000000000,0.000000000,0.000000000,1.000000000
1403715362.847142935,0.852695000,3.115047000,1.436958000,0.000000000,0.000000000,0.000000000,1.000000000
1403715362.852143288,0.852634000,3.117641000,1.436598000,0.000000000,0.000000000,0.000000000,1.000000000
1403715362.857143164,0.852598000,3.120318000,1.436279000,0.000000000,0.000000000,0.000000000,1.000000000
1403715362.862143040,0.852575000,3.122999000,1.435978000,0.000000000,0.000000000,0.000000000,1.000000000
1403715362.867142916,0.852557000,3.125682000,1.435692000,0.000000000,0.000000000,0.000000000,1.000000000
1403715362.872143269,0.852541000,3.128357000,1.435411000,0.000000000,0.000000000,0.000000000,1.000000000
1403715362.877142906,0.852529000,3.131028000,1.435140000,0.000000000,0.000000000,0.000000000,1.000000000
1403715362.882143021,0.852527000,3.133697000,1.434877000,0.000000000,0.000000000,0.000000000,1.000000000
1403715362.887142897,0.852532000,3.136366000,1.434617000,0.000000000,0.000000000,0.000000000,1.000000000
1403715362.892143250,0.852537000,3.139037000,1.434359000,0.000000000,0.000000000,0.000000000,1.000000000
1403715362.897142887,0.852549000,3.141706000,1.434110000,0.000000000,0.000000000,0.000000000,1.000000000
1403715362.902143002,0.852553000,3.144268000,1.433848000,0.000000000,0.000000000,0.000000000,1.000000000
1403715362.907143354,0.852580000,3.146898000,1.433618000,0.000000000,0.000000000,0.000000000,1.000000000
1403715362.912143230,0.852621000,3.149516000,1.433400000,0.000000000,0.000000000,0.000000000,1.000000000
1403715362.917143106,0.852680000,3.152124000,1.433210000,0.000000000,0.000000000,0.000000000,1.000000000
1403715362.922142982,0.852745000,3.154725000,1.433037000,0.000000000,0.000000000,0.000000000,1.000000000
1403715362.927143335,0.852813000,3.157323000,1.432868000,0.000000000,0.000000000,0.000000000,1.000000000
1403715362.932142973,0.852886000,3.159916000,1.432719000,0.000000000,0.000000000,0.000000000,1.000000000
1403715362.937143087,0.852965000,3.162497000,1.432589000,0.000000000,0.000000000,0.000000000,1.000000000
1403715362.942142963,0.853051000,3.165060000,1.432463000,0.000000000,0.000000000,0.000000000,1.000000000
1403715362.947143316,0.853146000,3.167605000,1.432336000,0.000000000,0.000000000,0.000000000,1.000000000
1403715362.952142954,0.853231000,3.170032000,1.432193000,0.000000000,0.000000000,0.000000000,1.000000000
1403715362.957143068,0.853329000,3.172536000,1.432072000,0.000000000,0.000000000,0.000000000,1.000000000
1403715362.962142944,0.853433000,3.175038000,1.431956000,0.000000000,0.000000000,0.000000000,1.000000000
1403715362.967143297,0.853551000,3.177530000,1.431846000,0.000000000,0.000000000,0.000000000,1.000000000
1403715362.972142935,0.853684000,3.180001000,1.431744000,0.000000000,0.000000000,0.000000000,1.000000000
1403715362.977143049,0.853822000,3.182449000,1.431645000,0.000000000,0.000000000,0.000000000,1.000000000
1403715362.982143164,0.853966000,3.184879000,1.431550000,0.000000000,0.000000000,0.000000000,1.000000000
1403715362.987143040,0.854112000,3.187300000,1.431464000,0.000000000,0.000000000,0.000000000,1.000000000
1403715362.992142916,0.854263000,3.189718000,1.431383000,0.000000000,0.000000000,0.000000000,1.000000000
1403715362.997143030,0.854415000,3.192130000,1.431302000,0.000000000,0.000000000,0.000000000,1.000000000
1403715363.002143145,0.854552000,3.194412000,1.431208000,0.000000000,0.000000000,0.000000000,1.000000000
1403715363.007143021,0.854698000,3.196761000,1.431123000,0.000000000,0.000000000,0.000000000,1.000000000
1403715363.012142897,0.854845000,3.199084000,1.431032000,0.000000000,0.000000000,0.000000000,1.000000000
1403715363.017143011,0.854994000,3.201386000,1.430942000,0.000000000,0.000000000,0.000000000,1.000000000
1403715363.022143126,0.855142000,3.203672000,1.430863000,0.000000000,0.000000000,0.000000000,1.000000000
1403715363.027143002,0.855295000,3.205955000,1.430806000,0.000000000,0.000000000,0.000000000,1.000000000
1403715363.032143116,0.855461000,3.208234000,1.430768000,0.000000000,0.000000000,0.000000000,1.000000000
1403715363.037143230,0.855634000,3.210498000,1.430739000,0.000000000,0.000000000,0.000000000,1.000000000
1403715363.042143345,0.855806000,3.212733000,1.430719000,0.000000000,0.000000000,0.000000000,1.000000000
1403715363.047142982,0.855975000,3.214932000,1.430711000,0.000000000,0.000000000,0.000000000,1.000000000
1403715363.052143097,0.856132000,3.216976000,1.430700000,0.000000000,0.000000000,0.000000000,1.000000000
1403715363.057143211,0.856290000,3.219095000,1.430699000,0.000000000,0.000000000,0.000000000,1.000000000
1403715363.062143087,0.856452000,3.221196000,1.430705000,0.000000000,0.000000000,0.000000000,1.000000000
1403715363.067142963,0.856621000,3.223283000,1.430719000,0.000000000,0.000000000,0.000000000,1.000000000
1403715363.072143078,0.856789000,3.225350000,1.430737000,0.000000000,0.000000000,0.000000000,1.000000000
1403715363.077143192,0.856944000,3.227397000,1.430761000,0.000000000,0.000000000,0.000000000,1.000000000
1403715363.082143068,0.857091000,3.229427000,1.430788000,0.000000000,0.000000000,0.000000000,1.000000000
1403715363.087142944,0.857242000,3.231437000,1.430823000,0.000000000,0.000000000,0.000000000,1.000000000
1403715363.092143297,0.857394000,3.233422000,1.430871000,0.000000000,0.000000000,0.000000000,1.000000000
1403715363.097143173,0.857540000,3.235386000,1.430927000,0.000000000,0.000000000,0.000000000,1.000000000
1403715363.102143049,0.857685000,3.237193000,1.430987000,0.000000000,0.000000000,0.000000000,1.000000000
1403715363.107142925,0.857830000,3.239085000,1.431042000,0.000000000,0.000000000,0.000000000,1.000000000
1403715363.112143278,0.857974000,3.240951000,1.431083000,0.000000000,0.000000000,0.000000000,1.000000000
1403715363.117143154,0.858117000,3.242790000,1.431125000,0.000000000,0.000000000,0.000000000,1.000000000
1403715363.122143030,0.858248000,3.244604000,1.431169000,0.000000000,0.000000000,0.000000000,1.000000000
1403715363.127142906,0.858372000,3.246402000,1.431207000,0.000000000,0.000000000,0.000000000,1.000000000
1403715363.132143259,0.858496000,3.248179000,1.431245000,0.000000000,0.000000000,0.000000000,1.000000000
1403715363.137142897,0.858624000,3.249933000,1.431290000,0.000000000,0.000000000,0.000000000,1.000000000
1403715363.142143011,0.858750000,3.251663000,1.431343000,0.000000000,0.000000000,0.000000000,1.000000000
1403715363.147142887,0.858870000,3.253361000,1.431402000,0.000000000,0.000000000,0.000000000,1.000000000
1403715363.152143240,0.858992000,3.254881000,1.431465000,0.000000000,0.000000000,0.000000000,1.000000000
1403715363.157143116,0.859105000,3.256494000,1.431530000,0.000000000,0.000000000,0.000000000,1.000000000
1403715363.162142992,0.859215000,3.258082000,1.431601000,0.000000000,0.000000000,0.000000000,1.000000000
1403715363.167143345,0.859320000,3.259646000,1.431689000,0.000000000,0.000000000,0.000000000,1.000000000
1403715363.172143221,0.859424000,3.261186000,1.431791000,0.000000000,0.000000000,0.000000000,1.000000000
1403715363.177143097,0.859529000,3.262702000,1.431900000,0.000000000,0.000000000,0.000000000,1.000000000
1403715363.182142973,0.859639000,3.264196000,1.432015000,0.000000000,0.000000000,0.000000000,1.000000000
1403715363.187143326,0.859755000,3.265666000,1.432147000,0.000000000,0.000000000,0.000000000,1.000000000
1403715363.192142963,0.859871000,3.267109000,1.432296000,0.000000000,0.000000000,0.000000000,1.000000000
1403715363.197143078,0.859986000,3.268523000,1.432455000,0.000000000,0.000000000,0.000000000,1.000000000
1403715363.202142954,0.860109000,3.269746000,1.432621000,0.000000000,0.000000000,0.000000000,1.000000000
1403715363.207143307,0.860218000,3.271064000,1.432792000,0.000000000,0.000000000,0.000000000,1.000000000
1403715363.212142944,0.860328000,3.272357000,1.432967000,0.000000000,0.000000000,0.000000000,1.000000000
1403715363.217143059,0.860438000,3.273632000,1.433152000,0.000000000,0.000000000,0.000000000,1.000000000
1403715363.222143173,0.860546000,3.274888000,1.433350000,0.000000000,0.000000000,0.000000000,1.000000000
1403715363.227143288,0.860653000,3.276121000,1.433555000,0.000000000,0.000000000,0.000000000,1.000000000
1403715363.232142925,0.860767000,3.277329000,1.433760000,0.000000000,0.000000000,0.000000000,1.000000000
1403715363.237143040,0.860894000,3.278513000,1.433974000,0.000000000,0.000000000,0.000000000,1.000000000
1403715363.242143154,0.861025000,3.279669000,1.434203000,0.000000000,0.000000000,0.000000000,1.000000000
1403715363.247143030,0.861153000,3.280799000,1.434441000,0.000000000,0.000000000,0.000000000,1.000000000
1403715363.252142906,0.861295000,3.281742000,1.434677000,0.000000000,0.000000000,0.000000000,1.000000000
1403715363.257143021,0.861429000,3.282802000,1.434917000,0.000000000,0.000000000,0.000000000,1.000000000
1403715363.262143135,0.861566000,3.283850000,1.435166000,0.000000000,0.000000000,0.000000000,1.000000000
1403715363.267143011,0.861704000,3.284881000,1.435426000,0.000000000,0.000000000,0.000000000,1.000000000
1403715363.272142887,0.861837000,3.285887000,1.435691000,0.000000000,0.000000000,0.000000000,1.000000000
1403715363.277143240,0.861965000,3.286860000,1.435957000,0.000000000,0.000000000,0.000000000,1.000000000
1403715363.282143354,0.862092000,3.287799000,1.436232000,0.000000000,0.000000000,0.000000000,1.000000000
1403715363.287142992,0.862219000,3.288711000,1.436521000,0.000000000,0.000000000,0.000000000,1.000000000
1403715363.292143106,0.862348000,3.289610000,1.436818000,0.000000000,0.000000000,0.000000000,1.000000000
1403715363.297143221,0.862474000,3.290500000,1.437117000,0.000000000,0.000000000,0.000000000,1.000000000
1403715363.302143097,0.862607000,3.291197000,1.437412000,0.000000000,0.000000000,0.000000000,1.000000000
1403715363.307142973,0.862737000,3.292012000,1.437723000,0.000000000,0.000000000,0.000000000,1.000000000
1403715363.312143087,0.862865000,3.292792000,1.438043000,0.000000000,0.000000000,0.000000000,1.000000000
1403715363.317143202,0.862977000,3.293538000,1.438376000,0.000000000,0.000000000,0.000000000,1.000000000
1403715363.322143078,0.863070000,3.294258000,1.438711000,0.000000000,0.000000000,0.000000000,1.000000000
1403715363.327142954,0.863161000,3.294957000,1.439047000,0.000000000,0.000000000,0.000000000,1.000000000
1403715363.332143307,0.863257000,3.295640000,1.439397000,0.000000000,0.000000000,0.000000000,1.000000000
1403715363.337143183,0.863351000,3.296309000,1.439757000,0.000000000,0.000000000,0.000000000,1.000000000
1403715363.342143059,0.863448000,3.296964000,1.440113000,0.000000000,0.000000000,0.000000000,1.000000000
1403715363.347142935,0.863554000,3.297601000,1.440465000,0.000000000,0.000000000,0.000000000,1.000000000
1403715363.352143288,0.863666000,3.298031000,1.440805000,0.000000000,0.000000000,0.000000000,1.000000000
1403715363.357143164,0.863775000,3.298588000,1.441172000,0.000000000,0.000000000,0.000000000,1.000000000
1403715363.362143040,0.863877000,3.299128000,1.441561000,0.000000000,0.000000000,0.000000000,1.000000000
1403715363.367142916,0.863977000,3.299654000,1.441960000,0.000000000,0.000000000,0.000000000,1.000000000
1403715363.372143269,0.864083000,3.300164000,1.442370000,0.000000000,0.000000000,0.000000000,1.000000000
1403715363.377142906,0.864192000,3.300652000,1.442803000,0.000000000,0.000000000,0.000000000,1.000000000
1403715363.382143021,0.864294000,3.301111000,1.443251000,0.000000000,0.000000000,0.000000000,1.000000000
1403715363.387142897,0.864382000,3.301543000,1.443695000,0.000000000,0.000000000,0.000000000,1.000000000
1403715363.392143250,0.864462000,3.301952000,1.444125000,0.000000000,0.000000000,0.000000000,1.000000000
1403715363.397142887,0.864537000,3.302345000,1.444548000,0.000000000,0.000000000,0.000000000,1.000000000
1403715363.402143002,0.864606000,3.302533000,1.444952000,0.000000000,0.000000000,0.000000000,1.000000000
1403715363.407143354,0.864684000,3.302848000,1.445377000,0.000000000,0.000000000,0.000000000,1.000000000
1403715363.412143230,0.864767000,3.303138000,1.445807000,0.000000000,0.000000000,0.000000000,1.000000000
1403715363.417143106,0.864849000,3.303398000,1.446235000,0.000000000,0.000000000,0.000000000,1.000000000
1403715363.422142982,0.864929000,3.303630000,1.446670000,0.000000000,0.000000000,0.000000000,1.000000000
1403715363.427143335,0.865004000,3.303836000,1.447119000,0.000000000,0.000000000,0.000000000,1.000000000
1403715363.432142973,0.865077000,3.304020000,1.447578000,0.000000000,0.000000000,0.000000000,1.000000000
1403715363.437143087,0.865155000,3.304190000,1.448043000,0.000000000,0.000000000,0.000000000,1.000000000
1403715363.442142963,0.865235000,3.304346000,1.448514000,0.000000000,0.000000000,0.000000000,1.000000000
1403715363.447143316,0.865311000,3.304482000,1.448993000,0.000000000,0.000000000,0.000000000,1.000000000
1403715363.452142954,0.865369000,3.304403000,1.449448000,0.000000000,0.000000000,0.000000000,1.000000000
1403715363.457143068,0.865441000,3.304439000,1.449934000,0.000000000,0.000000000,0.000000000,1.000000000
1403715363.462142944,0.865512000,3.304451000,1.450426000,0.000000000,0.000000000,0.000000000,1.000000000
1403715363.467143297,0.865580000,3.304444000,1.450923000,0.000000000,0.000000000,0.000000000,1.000000000
1403715363.472142935,0.865646000,3.304422000,1.451430000,0.000000000,0.000000000,0.000000000,1.000000000
1403715363.477143049,0.865710000,3.304386000,1.451943000,0.000000000,0.000000000,0.000000000,1.000000000
1403715363.482143164,0.865773000,3.304329000,1.452455000,0.000000000,0.000000000,0.000000000,1.000000000
1403715363.487143040,0.865834000,3.304250000,1.452966000,0.000000000,0.000000000,0.000000000,1.000000000
1403715363.492142916,0.865892000,3.304145000,1.453475000,0.000000000,0.000000000,0.000000000,1.000000000
1403715363.497143030,0.865948000,3.304019000,1.453987000,0.000000000,0.000000000,0.000000000,1.000000000
1403715363.502143145,0.865969000,3.303694000,1.454470000,0.000000000,0.000000000,0.000000000,1.000000000
1403715363.507143021,0.866020000,3.303495000,1.454990000,0.000000000,0.000000000,0.000000000,1.000000000
1403715363.512142897,0.866078000,3.303281000,1.455519000,0.000000000,0.000000000,0.000000000,1.000000000
1403715363.517143011,0.866132000,3.303048000,1.456054000,0.000000000,0.000000000,0.000000000,1.000000000
1403715363.522143126,0.866179000,3.302795000,1.456596000,0.000000000,0.000000000,0.000000000,1.000000000
1403715363.527143002,0.866227000,3.302521000,1.457154000,0.000000000,0.000000000,0.000000000,1.000000000
1403715363.532143116,0.866270000,3.302227000,1.457720000,0.000000000,0.000000000,0.000000000,1.000000000
1403715363.537143230,0.866301000,3.301925000,1.458285000,0.000000000,0.000000000,0.000000000,1.000000000
1403715363.542143345,0.866322000,3.301612000,1.458850000,0.000000000,0.000000000,0.000000000,1.000000000
1403715363.547142982,0.866343000,3.301279000,1.459423000,0.000000000,0.000000000,0.000000000,1.000000000
1403715363.552143097,0.866313000,3.300749000,1.459961000,0.000000000,0.000000000,0.000000000,1.000000000
1403715363.557143211,0.866325000,3.300330000,1.460526000,0.000000000,0.000000000,0.000000000,1.000000000
1403715363.562143087,0.866348000,3.299883000,1.461099000,0.000000000,0.000000000,0.000000000,1.000000000
1403715363.567142963,0.866375000,3.299417000,1.461684000,0.000000000,0.000000000,0.000000000,1.000000000
1403715363.572143078,0.866400000,3.298937000,1.462270000,0.000000000,0.000000000,0.000000000,1.000000000
1403715363.577143192,0.866432000,3.298446000,1.462862000,0.000000000,0.000000000,0.000000000,1.000000000
1403715363.582143068,0.866465000,3.297947000,1.463456000,0.000000000,0.000000000,0.000000000,1.000000000
1403715363.587142944,0.866492000,3.297434000,1.464037000,0.000000000,0.000000000,0.000000000,1.000000000
1403715363.592143297,0.866521000,3.296899000,1.464616000,0.000000000,0.000000000,0.000000000,1.000000000
1403715363.597143173,0.866555000,3.296344000,1.465198000,0.000000000,0.000000000,0.000000000,1.000000000
1403715363.602143049,0.866530000,3.295606000,1.465733000,0.000000000,0.000000000,0.000000000,1.000000000
1403715363.607142925,0.866557000,3.294988000,1.466309000,0.000000000,0.000000000,0.000000000,1.000000000
1403715363.612143278,0.866592000,3.294365000,1.466887000,0.000000000,0.000000000,0.000000000,1.000000000
1403715363.617143154,0.866634000,3.293727000,1.467473000,0.000000000,0.000000000,0.000000000,1.000000000
1403715363.622143030,0.866679000,3.293073000,1.468064000,0.000000000,0.000000000,0.000000000,1.000000000
1403715363.627142906,0.866719000,3.292402000,1.468651000,0.000000000,0.000000000,0.000000000,1.000000000
1403715363.632143259,0.866749000,3.291714000,1.469239000,0.000000000,0.000000000,0.000000000,1.000000000
1403715363.637142897,0.866771000,3.291010000,1.469834000,0.000000000,0.000000000,0.000000000,1.000000000
1403715363.642143011,0.866789000,3.290292000,1.470432000,0.000000000,0.000000000,0.000000000,1.000000000
1403715363.647142887,0.866810000,3.289570000,1.471030000,0.000000000,0.000000000,0.000000000,1.000000000
1403715363.652143240,0.866839000,3.288852000,1.471630000,0.000000000,0.000000000,0.000000000,1.000000000
1403715363.657143116,0.866776000,3.287940000,1.472167000,0.000000000,0.000000000,0.000000000,1.000000000
1403715363.662142992,0.866784000,3.287176000,1.472764000,0.000000000,0.000000000,0.000000000,1.000000000
1403715363.667143345,0.866793000,3.286385000,1.473364000,0.000000000,0.000000000,0.000000000,1.000000000
1403715363.672143221,0.866806000,3.285560000,1.473972000,0.000000000,0.000000000,0.000000000,1.000000000
1403715363.677143097,0.866816000,3.284718000,1.474589000,0.000000000,0.000000000,0.000000000,1.000000000
1403715363.682142973,0.866825000,3.283878000,1.475204000,0.000000000,0.000000000,0.000000000,1.000000000
1403715363.687143326,0.866842000,3.283043000,1.475815000,0.000000000,0.000000000,0.000000000,1.000000000
1403715363.692142963,0.866871000,3.282211000,1.476431000,0.000000000,0.000000000,0.000000000,1.000000000
1403715363.697143078,0.866901000,3.281373000,1.477052000,0.000000000,0.000000000,0.000000000,1.000000000
1403715363.702142954,0.866843000,3.280373000,1.477628000,0.000000000,0.000000000,0.000000000,1.000000000
1403715363.707143307,0.866857000,3.279471000,1.478251000,0.000000000,0.000000000,0.000000000,1.000000000
1403715363.712142944,0.866878000,3.278553000,1.478872000,0.000000000,0.000000000,0.000000000,1.000000000
1403715363.717143059,0.866894000,3.277632000,1.479484000,0.000000000,0.000000000,0.000000000,1.000000000
1403715363.722143173,0.866902000,3.276715000,1.480085000,0.000000000,0.000000000,0.000000000,1.000000000
1403715363.727143288,0.866908000,3.275800000,1.480685000,0.000000000,0.000000000,0.000000000,1.000000000
1403715363.732142925,0.866908000,3.274879000,1.481290000,0.000000000,0.000000000,0.000000000,1.000000000
1403715363.737143040,0.866902000,3.273946000,1.481894000,0.000000000,0.000000000,0.000000000,1.000000000
1403715363.742143154,0.866891000,3.273000000,1.482493000,0.000000000,0.000000000,0.000000000,1.000000000
1403715363.747143030,0.866872000,3.272048000,1.483085000,0.000000000,0.000000000,0.000000000,1.000000000
1403715363.752142906,0.866763000,3.270962000,1.483615000,0.000000000,0.000000000,0.000000000,1.000000000
1403715363.757143021,0.866730000,3.269996000,1.484189000,0.000000000,0.000000000,0.000000000,1.000000000
1403715363.762143135,0.866695000,3.269039000,1.484769000,0.000000000,0.000000000,0.000000000,1.000000000
1403715363.767143011,0.866655000,3.268080000,1.485349000,0.000000000,0.000000000,0.000000000,1.000000000
1403715363.772142887,0.866613000,3.267104000,1.485928000,0.000000000,0.000000000,0.000000000,1.000000000
1403715363.777143240,0.866569000,3.266108000,1.486511000,0.000000000,0.000000000,0.000000000,1.000000000
1403715363.782143354,0.866523000,3.265103000,1.487097000,0.000000000,0.000000000,0.000000000,1.000000000
1403715363.787142992,0.866480000,3.264101000,1.487682000,0.000000000,0.000000000,0.000000000,1.000000000
1403715363.792143106,0.866444000,3.263109000,1.488268000,0.000000000,0.000000000,0.000000000,1.000000000
1403715363.797143221,0.866413000,3.262123000,1.488850000,0.000000000,0.000000000,0.000000000,1.000000000
1403715363.802143097,0.866289000,3.260998000,1.489380000,0.000000000,0.000000000,0.000000000,1.000000000
1403715363.807142973,0.866231000,3.259963000,1.489942000,0.000000000,0.000000000,0.000000000,1.000000000
1403715363.812143087,0.866164000,3.258913000,1.490492000,0.000000000,0.000000000,0.000000000,1.000000000
1403715363.817143202,0.866094000,3.257857000,1.491031000,0.000000000,0.000000000,0.000000000,1.000000000
1403715363.822143078,0.866022000,3.256804000,1.491560000,0.000000000,0.000000000,0.000000000,1.000000000
1403715363.827142954,0.865957000,3.255761000,1.492086000,0.000000000,0.000000000,0.000000000,1.000000000
1403715363.832143307,0.865900000,3.254727000,1.492618000,0.000000000,0.000000000,0.000000000,1.000000000
1403715363.837143183,0.865843000,3.253696000,1.493153000,0.000000000,0.000000000,0.000000000,1.000000000
1403715363.842143059,0.865780000,3.252654000,1.493686000,0.000000000,0.000000000,0.000000000,1.000000000
1403715363.847142935,0.865711000,3.251600000,1.494220000,0.000000000,0.000000000,0.000000000,1.000000000
1403715363.852143288,0.865549000,3.250419000,1.494709000,0.000000000,0.000000000,0.000000000,1.000000000
1403715363.857143164,0.865459000,3.249336000,1.495227000,0.000000000,0.000000000,0.000000000,1.000000000
1403715363.862143040,0.865369000,3.248262000,1.495741000,0.000000000,0.000000000,0.000000000,1.000000000
1403715363.867142916,0.865280000,3.247197000,1.496259000,0.000000000,0.000000000,0.000000000,1.000000000
1403715363.872143269,0.865190000,3.246133000,1.496786000,0.000000000,0.000000000,0.000000000,1.000000000
1403715363.877142906,0.865094000,3.245054000,1.497318000,0.000000000,0.000000000,0.000000000,1.000000000
1403715363.882143021,0.864992000,3.243956000,1.497852000,0.000000000,0.000000000,0.000000000,1.000000000
1403715363.887142897,0.864881000,3.242848000,1.498387000,0.000000000,0.000000000,0.000000000,1.000000000
1403715363.892143250,0.864767000,3.241740000,1.498926000,0.000000000,0.000000000,0.000000000,1.000000000
1403715363.897142887,0.864657000,3.240638000,1.499474000,0.000000000,0.000000000,0.000000000,1.000000000
1403715363.902143002,0.864461000,3.239425000,1.499989000,0.000000000,0.000000000,0.000000000,1.000000000
1403715363.907143354,0.864337000,3.238309000,1.500540000,0.000000000,0.000000000,0.000000000,1.000000000
1403715363.912143230,0.864209000,3.237183000,1.501096000,0.000000000,0.000000000,0.000000000,1.000000000
1403715363.917143106,0.864073000,3.236040000,1.501656000,0.000000000,0.000000000,0.000000000,1.000000000
1403715363.922142982,0.863930000,3.234884000,1.502219000,0.000000000,0.000000000,0.000000000,1.000000000
1403715363.927143335,0.863783000,3.233722000,1.502784000,0.000000000,0.000000000,0.000000000,1.000000000
1403715363.932142973,0.863640000,3.232561000,1.503354000,0.000000000,0.000000000,0.000000000,1.000000000
1403715363.937143087,0.863503000,3.231406000,1.503931000,0.000000000,0.000000000,0.000000000,1.000000000
1403715363.942142963,0.863367000,3.230250000,1.504506000,0.000000000,0.000000000,0.000000000,1.000000000
1403715363.947143316,0.863219000,3.229085000,1.505063000,0.000000000,0.000000000,0.000000000,1.000000000
1403715363.952142954,0.862962000,3.227792000,1.505562000,0.000000000,0.000000000,0.000000000,1.000000000
1403715363.957143068,0.862768000,3.226591000,1.506072000,0.000000000,0.000000000,0.000000000,1.000000000
1403715363.962142944,0.862572000,3.225397000,1.506580000,0.000000000,0.000000000,0.000000000,1.000000000
1403715363.967143297,0.862378000,3.224214000,1.507083000,0.000000000,0.000000000,0.000000000,1.000000000
1403715363.972142935,0.862191000,3.223041000,1.507581000,0.000000000,0.000000000,0.000000000,1.000000000
1403715363.977143049,0.862003000,3.221869000,1.508076000,0.000000000,0.000000000,0.000000000,1.000000000
1403715363.982143164,0.861806000,3.220691000,1.508573000,0.000000000,0.000000000,0.000000000,1.000000000
1403715363.987143040,0.861601000,3.219504000,1.509072000,0.000000000,0.000000000,0.000000000,1.000000000
1403715363.992142916,0.861393000,3.218308000,1.509571000,0.000000000,0.000000000,0.000000000,1.000000000
1403715363.997143030,0.861184000,3.217113000,1.510068000,0.000000000,0.000000000,0.000000000,1.000000000
1403715364.002143145,0.860885000,3.215804000,1.510548000,0.000000000,0.000000000,0.000000000,1.000000000
1403715364.007143021,0.860660000,3.214588000,1.511053000,0.000000000,0.000000000,0.000000000,1.000000000
1403715364.012142897,0.860431000,3.213371000,1.511563000,0.000000000,0.000000000,0.000000000,1.000000000
1403715364.017143011,0.860198000,3.212152000,1.512078000,0.000000000,0.000000000,0.000000000,1.000000000
1403715364.022143126,0.859964000,3.210936000,1.512597000,0.000000000,0.000000000,0.000000000,1.000000000
1403715364.027143002,0.859732000,3.209723000,1.513107000,0.000000000,0.000000000,0.000000000,1.000000000
1403715364.032143116,0.859499000,3.208515000,1.513602000,0.000000000,0.000000000,0.000000000,1.000000000
1403715364.037143230,0.859260000,3.207312000,1.514088000,0.000000000,0.000000000,0.000000000,1.000000000
1403715364.042143345,0.859012000,3.206110000,1.514572000,0.000000000,0.000000000,0.000000000,1.000000000
1403715364.047142982,0.858755000,3.204906000,1.515055000,0.000000000,0.000000000,0.000000000,1.000000000
1403715364.052143097,0.858493000,3.203703000,1.515549000,0.000000000,0.000000000,0.000000000,1.000000000
1403715364.057143211,0.858122000,3.202358000,1.516048000,0.000000000,0.000000000,0.000000000,1.000000000
1403715364.062143087,0.857841000,3.201146000,1.516571000,0.000000000,0.000000000,0.000000000,1.000000000
1403715364.067142963,0.857555000,3.199943000,1.517097000,0.000000000,0.000000000,0.000000000,1.000000000
1403715364.072143078,0.857259000,3.198745000,1.517618000,0.000000000,0.000000000,0.000000000,1.000000000
1403715364.077143192,0.856959000,3.197544000,1.518131000,0.000000000,0.000000000,0.000000000,1.000000000
1403715364.082143068,0.856655000,3.196338000,1.518638000,0.000000000,0.000000000,0.000000000,1.000000000
1403715364.087142944,0.856342000,3.195140000,1.519141000,0.000000000,0.000000000,0.000000000,1.000000000
1403715364.092143297,0.856027000,3.193954000,1.519641000,0.000000000,0.000000000,0.000000000,1.000000000
1403715364.097143173,0.855719000,3.192780000,1.520150000,0.000000000,0.000000000,0.000000000,1.000000000
1403715364.102143049,0.855318000,3.191487000,1.520671000,0.000000000,0.000000000,0.000000000,1.000000000
1403715364.107142925,0.854980000,3.190304000,1.521212000,0.000000000,0.000000000,0.000000000,1.000000000
1403715364.112143278,0.854638000,3.189123000,1.521766000,0.000000000,0.000000000,0.000000000,1.000000000
1403715364.117143154,0.854291000,3.187939000,1.522326000,0.000000000,0.000000000,0.000000000,1.000000000
1403715364.122143030,0.853937000,3.186756000,1.522890000,0.000000000,0.000000000,0.000000000,1.000000000
1403715364.127142906,0.853579000,3.185580000,1.523461000,0.000000000,0.000000000,0.000000000,1.000000000
1403715364.132143259,0.853216000,3.184414000,1.524027000,0.000000000,0.000000000,0.000000000,1.000000000
1403715364.137142897,0.852851000,3.183264000,1.524578000,0.000000000,0.000000000,0.000000000,1.000000000
1403715364.142143011,0.852482000,3.182126000,1.525113000,0.000000000,0.000000000,0.000000000,1.000000000
1403715364.147142887,0.852098000,3.180995000,1.525640000,0.000000000,0.000000000,0.000000000,1.000000000
1403715364.152143240,0.851610000,3.179735000,1.526158000,0.000000000,0.000000000,0.000000000,1.000000000
1403715364.157143116,0.851190000,3.178587000,1.526663000,0.000000000,0.000000000,0.000000000,1.000000000
1403715364.162142992,0.850764000,3.177441000,1.527158000,0.000000000,0.000000000,0.000000000,1.000000000
1403715364.167143345,0.850339000,3.176303000,1.527645000,0.000000000,0.000000000,0.000000000,1.000000000
1403715364.172143221,0.849918000,3.175175000,1.528132000,0.000000000,0.000000000,0.000000000,1.000000000
1403715364.177143097,0.849509000,3.174057000,1.528626000,0.000000000,0.000000000,0.000000000,1.000000000
1403715364.182142973,0.849113000,3.172947000,1.529130000,0.000000000,0.000000000,0.000000000,1.000000000
1403715364.187143326,0.848723000,3.171841000,1.529633000,0.000000000,0.000000000,0.000000000,1.000000000
1403715364.192142963,0.848336000,3.170739000,1.530137000,0.000000000,0.000000000,0.000000000,1.000000000
1403715364.197143078,0.847947000,3.169648000,1.530644000,0.000000000,0.000000000,0.000000000,1.000000000
1403715364.202142954,0.847465000,3.168420000,1.531148000,0.000000000,0.000000000,0.000000000,1.000000000
1403715364.207143307,0.847057000,3.167310000,1.531635000,0.000000000,0.000000000,0.000000000,1.000000000
1403715364.212142944,0.846647000,3.166205000,1.532116000,0.000000000,0.000000000,0.000000000,1.000000000
1403715364.217143059,0.846246000,3.165107000,1.532597000,0.000000000,0.000000000,0.000000000,1.000000000
1403715364.222143173,0.845856000,3.164017000,1.533081000,0.000000000,0.000000000,0.000000000,1.000000000
1403715364.227143288,0.845473000,3.162934000,1.533558000,0.000000000,0.000000000,0.000000000,1.000000000
1403715364.232142925,0.845087000,3.161859000,1.534044000,0.000000000,0.000000000,0.000000000,1.000000000
1403715364.237143040,0.844699000,3.160789000,1.534552000,0.000000000,0.000000000,0.000000000,1.000000000
1403715364.242143154,0.844310000,3.159711000,1.535085000,0.000000000,0.000000000,0.000000000,1.000000000
1403715364.247143030,0.843919000,3.158628000,1.535642000,0.000000000,0.000000000,0.000000000,1.000000000
1403715364.252142906,0.843429000,3.157403000,1.536223000,0.000000000,0.000000000,0.000000000,1.000000000
1403715364.257143021,0.843008000,3.156317000,1.536786000,0.000000000,0.000000000,0.000000000,1.000000000
1403715364.262143135,0.842577000,3.155251000,1.537324000,0.000000000,0.000000000,0.000000000,1.000000000
1403715364.267143011,0.842143000,3.154187000,1.537845000,0.000000000,0.000000000,0.000000000,1.000000000
1403715364.272142887,0.841703000,3.153120000,1.538370000,0.000000000,0.000000000,0.000000000,1.000000000
1403715364.277143240,0.841255000,3.152050000,1.538896000,0.000000000,0.000000000,0.000000000,1.000000000
1403715364.282143354,0.840800000,3.150976000,1.539421000,0.000000000,0.000000000,0.000000000,1.000000000
1403715364.287142992,0.840344000,3.149903000,1.539956000,0.000000000,0.000000000,0.000000000,1.000000000
1403715364.292143106,0.839900000,3.148842000,1.540506000,0.000000000,0.000000000,0.000000000,1.000000000
1403715364.297143221,0.839463000,3.147785000,1.541058000,0.000000000,0.000000000,0.000000000,1.000000000
1403715364.302143097,0.838922000,3.146559000,1.541629000,0.000000000,0.000000000,0.000000000,1.000000000
1403715364.307142973,0.838447000,3.145458000,1.542205000,0.000000000,0.000000000,0.000000000,1.000000000
1403715364.312143087,0.837958000,3.144365000,1.542790000,0.000000000,0.000000000,0.000000000,1.000000000
1403715364.317143202,0.837460000,3.143286000,1.543374000,0.000000000,0.000000000,0.000000000,1.000000000
1403715364.322143078,0.836961000,3.142225000,1.543943000,0.000000000,0.000000000,0.000000000,1.000000000
1403715364.327142954,0.836461000,3.141184000,1.544506000,0.000000000,0.000000000,0.000000000,1.000000000
1403715364.332143307,0.835957000,3.140158000,1.545080000,0.000000000,0.000000000,0.000000000,1.000000000
1403715364.337143183,0.835453000,3.139134000,1.545658000,0.000000000,0.000000000,0.000000000,1.000000000
1403715364.342143059,0.834948000,3.138106000,1.546227000,0.000000000,0.000000000,0.000000000,1.000000000
1403715364.347142935,0.834440000,3.137077000,1.546779000,0.000000000,0.000000000,0.000000000,1.000000000
1403715364.352143288,0.833827000,3.135894000,1.547352000,0.000000000,0.000000000,0.000000000,1.000000000
1403715364.357143164,0.833295000,3.134851000,1.547930000,0.000000000,0.000000000,0.000000000,1.000000000
1403715364.362143040,0.832773000,3.133813000,1.548523000,0.000000000,0.000000000,0.000000000,1.000000000
1403715364.367142916,0.832264000,3.132776000,1.549145000,0.000000000,0.000000000,0.000000000,1.000000000
1403715364.372143269,0.831759000,3.131736000,1.549788000,0.000000000,0.000000000,0.000000000,1.000000000
1403715364.377142906,0.831243000,3.130684000,1.550434000,0.000000000,0.000000000,0.000000000,1.000000000
1403715364.382143021,0.830716000,3.129631000,1.551087000,0.000000000,0.000000000,0.000000000,1.000000000
1403715364.387142897,0.830188000,3.128589000,1.551733000,0.000000000,0.000000000,0.000000000,1.000000000
1403715364.392143250,0.829659000,3.127554000,1.552363000,0.000000000,0.000000000,0.000000000,1.000000000
1403715364.397142887,0.829134000,3.126520000,1.552991000,0.000000000,0.000000000,0.000000000,1.000000000
1403715364.402143002,0.828506000,3.125324000,1.553656000,0.000000000,0.000000000,0.000000000,1.000000000
1403715364.407143354,0.827962000,3.124251000,1.554310000,0.000000000,0.000000000,0.000000000,1.000000000
1403715364.412143230,0.827416000,3.123175000,1.554977000,0.000000000,0.000000000,0.000000000,1.000000000
1403715364.417143106,0.826866000,3.122088000,1.555659000,0.000000000,0.000000000,0.000000000,1.000000000
1403715364.422142982,0.826326000,3.120995000,1.556354000,0.000000000,0.000000000,0.000000000,1.000000000
1403715364.427143335,0.825799000,3.119905000,1.557061000,0.000000000,0.000000000,0.000000000,1.000000000
1403715364.432142973,0.825278000,3.118820000,1.557769000,0.000000000,0.000000000,0.000000000,1.000000000
1403715364.437143087,0.824758000,3.117731000,1.558479000,0.000000000,0.000000000,0.000000000,1.000000000
1403715364.442142963,0.824242000,3.116636000,1.559208000,0.000000000,0.000000000,0.000000000,1.000000000
1403715364.447143316,0.823724000,3.115524000,1.559925000,0.000000000,0.000000000,0.000000000,1.000000000
1403715364.452142954,0.823088000,3.114243000,1.560671000,0.000000000,0.000000000,0.000000000,1.000000000
1403715364.457143068,0.822542000,3.113077000,1.561363000,0.000000000,0.000000000,0.000000000,1.000000000
1403715364.462142944,0.822001000,3.111916000,1.562034000,0.000000000,0.000000000,0.000000000,1.000000000
1403715364.467143297,0.821460000,3.110763000,1.562702000,0.000000000,0.000000000,0.000000000,1.000000000
1403715364.472142935,0.820917000,3.109608000,1.563361000,0.000000000,0.000000000,0.000000000,1.000000000
1403715364.477143049,0.820381000,3.108448000,1.564019000,0.000000000,0.000000000,0.000000000,1.000000000
1403715364.482143164,0.819853000,3.107279000,1.564679000,0.000000000,0.000000000,0.000000000,1.000000000
1403715364.487143040,0.819315000,3.106099000,1.565352000,0.000000000,0.000000000,0.000000000,1.000000000
1403715364.492142916,0.818761000,3.104911000,1.566042000,0.000000000,0.000000000,0.000000000,1.000000000
1403715364.497143030,0.818202000,3.103717000,1.566746000,0.000000000,0.000000000,0.000000000,1.000000000
1403715364.502143145,0.817525000,3.102377000,1.567509000,0.000000000,0.000000000,0.000000000,1.000000000
1403715364.507143021,0.816937000,3.101137000,1.568224000,0.000000000,0.000000000,0.000000000,1.000000000
1403715364.512142897,0.816353000,3.099896000,1.568960000,0.000000000,0.000000000,0.000000000,1.000000000
1403715364.517143011,0.815765000,3.098658000,1.569709000,0.000000000,0.000000000,0.000000000,1.000000000
1403715364.522143126,0.815168000,3.097420000,1.570455000,0.000000000,0.000000000,0.000000000,1.000000000
1403715364.527143002,0.814559000,3.096186000,1.571196000,0.000000000,0.000000000,0.000000000,1.000000000
1403715364.532143116,0.813932000,3.094956000,1.571916000,0.000000000,0.000000000,0.000000000,1.000000000
1403715364.537143230,0.813293000,3.093721000,1.572632000,0.000000000,0.000000000,0.000000000,1.000000000
1403715364.542143345,0.812654000,3.092486000,1.573362000,0.000000000,0.000000000,0.000000000,1.000000000
1403715364.547142982,0.812012000,3.091249000,1.574103000,0.000000000,0.000000000,0.000000000,1.000000000
1403715364.552143097,0.811244000,3.089874000,1.574919000,0.000000000,0.000000000,0.000000000,1.000000000
1403715364.557143211,0.810566000,3.088594000,1.575714000,0.000000000,0.000000000,0.000000000,1.000000000
1403715364.562143087,0.809882000,3.087302000,1.576536000,0.000000000,0.000000000,0.000000000,1.000000000
1403715364.567142963,0.809193000,3.085998000,1.577366000,0.000000000,0.000000000,0.000000000,1.000000000
1403715364.572143078,0.808504000,3.084685000,1.578194000,0.000000000,0.000000000,0.000000000,1.000000000
1403715364.577143192,0.807819000,3.083369000,1.579020000,0.000000000,0.000000000,0.000000000,1.000000000
1403715364.582143068,0.807147000,3.082048000,1.579837000,0.000000000,0.000000000,0.000000000,1.000000000
1403715364.587142944,0.806486000,3.080722000,1.580637000,0.000000000,0.000000000,0.000000000,1.000000000
1403715364.592143297,0.805819000,3.079387000,1.581421000,0.000000000,0.000000000,0.000000000,1.000000000
1403715364.597143173,0.805141000,3.078044000,1.582187000,0.000000000,0.000000000,0.000000000,1.000000000
1403715364.602143049,0.804337000,3.076559000,1.582992000,0.000000000,0.000000000,0.000000000,1.000000000
1403715364.607142925,0.803624000,3.075148000,1.583780000,0.000000000,0.000000000,0.000000000,1.000000000
1403715364.612143278,0.802904000,3.073722000,1.584591000,0.000000000,0.000000000,0.000000000,1.000000000
1403715364.617143154,0.802178000,3.072290000,1.585412000,0.000000000,0.000000000,0.000000000,1.000000000
1403715364.622143030,0.801450000,3.070856000,1.586250000,0.000000000,0.000000000,0.000000000,1.000000000
1403715364.627142906,0.800720000,3.069415000,1.587098000,0.000000000,0.000000000,0.000000000,1.000000000
1403715364.632143259,0.799984000,3.067972000,1.587956000,0.000000000,0.000000000,0.000000000,1.000000000
1403715364.637142897,0.799236000,3.066536000,1.588798000,0.000000000,0.000000000,0.000000000,1.000000000
1403715364.642143011,0.798480000,3.065097000,1.589605000,0.000000000,0.000000000,0.000000000,1.000000000
1403715364.647142887,0.797726000,3.063646000,1.590412000,0.000000000,0.000000000,0.000000000,1.000000000
1403715364.652143240,0.796858000,3.062069000,1.591268000,0.000000000,0.000000000,0.000000000,1.000000000
1403715364.657143116,0.796096000,3.060565000,1.592093000,0.000000000,0.000000000,0.000000000,1.000000000
1403715364.662142992,0.795332000,3.059047000,1.592944000,0.000000000,0.000000000,0.000000000,1.000000000
1403715364.667143345,0.794556000,3.057520000,1.593817000,0.000000000,0.000000000,0.000000000,1.000000000
1403715364.672143221,0.793762000,3.055989000,1.594705000,0.000000000,0.000000000,0.000000000,1.000000000
1403715364.677143097,0.792947000,3.054450000,1.595616000,0.000000000,0.000000000,0.000000000,1.000000000
1403715364.682142973,0.792119000,3.052908000,1.596542000,0.000000000,0.000000000,0.000000000,1.000000000
1403715364.687143326,0.791284000,3.051364000,1.597476000,0.000000000,0.000000000,0.000000000,1.000000000
1403715364.692142963,0.790444000,3.049819000,1.598424000,0.000000000,0.000000000,0.000000000,1.000000000
1403715364.697143078,0.789603000,3.048267000,1.599377000,0.000000000,0.000000000,0.000000000,1.000000000
1403715364.702142954,0.788626000,3.046600000,1.600364000,0.000000000,0.000000000,0.000000000,1.000000000
1403715364.707143307,0.787741000,3.045005000,1.601318000,0.000000000,0.000000000,0.000000000,1.000000000
1403715364.712142944,0.786846000,3.043403000,1.602259000,0.000000000,0.000000000,0.000000000,1.000000000
1403715364.717143059,0.785938000,3.041795000,1.603193000,0.000000000,0.000000000,0.000000000,1.000000000
1403715364.722143173,0.785019000,3.040186000,1.604130000,0.000000000,0.000000000,0.000000000,1.000000000
1403715364.727143288,0.784087000,3.038574000,1.605083000,0.000000000,0.000000000,0.000000000,1.000000000
1403715364.732142925,0.783149000,3.036960000,1.606044000,0.000000000,0.000000000,0.000000000,1.000000000
1403715364.737143040,0.782210000,3.035344000,1.606995000,0.000000000,0.000000000,0.000000000,1.000000000
1403715364.742143154,0.781268000,3.033723000,1.607938000,0.000000000,0.000000000,0.000000000,1.000000000
1403715364.747143030,0.780325000,3.032097000,1.608877000,0.000000000,0.000000000,0.000000000,1.000000000
1403715364.752142906,0.779242000,3.030380000,1.609837000,0.000000000,0.000000000,0.000000000,1.000000000
1403715364.757143021,0.778247000,3.028728000,1.610779000,0.000000000,0.000000000,0.000000000,1.000000000
1403715364.762143135,0.777245000,3.027065000,1.611719000,0.000000000,0.000000000,0.000000000,1.000000000
1403715364.767143011,0.776243000,3.025396000,1.612654000,0.000000000,0.000000000,0.000000000,1.000000000
1403715364.772142887,0.775243000,3.023731000,1.613581000,0.000000000,0.000000000,0.000000000,1.000000000
1403715364.777143240,0.774242000,3.022073000,1.614499000,0.000000000,0.000000000,0.000000000,1.000000000
1403715364.782143354,0.773239000,3.020421000,1.615407000,0.000000000,0.000000000,0.000000000,1.000000000
1403715364.787142992,0.772238000,3.018769000,1.616306000,0.000000000,0.000000000,0.000000000,1.000000000
1403715364.792143106,0.771241000,3.017115000,1.617193000,0.000000000,0.000000000,0.000000000,1.000000000
1403715364.797143221,0.770245000,3.015463000,1.618064000,0.000000000,0.000000000,0.000000000,1.000000000
1403715364.802143097,0.769113000,3.013740000,1.618936000,0.000000000,0.000000000,0.000000000,1.000000000
1403715364.807142973,0.768083000,3.012079000,1.619796000,0.000000000,0.000000000,0.000000000,1.000000000
1403715364.812143087,0.767048000,3.010418000,1.620659000,0.000000000,0.000000000,0.000000000,1.000000000
1403715364.817143202,0.766008000,3.008754000,1.621528000,0.000000000,0.000000000,0.000000000,1.000000000
1403715364.822143078,0.764969000,3.007088000,1.622397000,0.000000000,0.000000000,0.000000000,1.000000000
1403715364.827142954,0.763932000,3.005420000,1.623263000,0.000000000,0.000000000,0.000000000,1.000000000
1403715364.832143307,0.762898000,3.003758000,1.624130000,0.000000000,0.000000000,0.000000000,1.000000000
1403715364.837143183,0.761865000,3.002106000,1.625000000,0.000000000,0.000000000,0.000000000,1.000000000
1403715364.842143059,0.760827000,3.000457000,1.625880000,0.000000000,0.000000000,0.000000000,1.000000000
1403715364.847142935,0.759788000,2.998811000,1.626772000,0.000000000,0.000000000,0.000000000,1.000000000
1403715364.852143288,0.758605000,2.997107000,1.627659000,0.000000000,0.000000000,0.000000000,1.000000000
1403715364.857143164,0.757529000,2.995456000,1.628521000,0.000000000,0.000000000,0.000000000,1.000000000
1403715364.862143040,0.756462000,2.993817000,1.629375000,0.000000000,0.000000000,0.000000000,1.000000000
1403715364.867142916,0.755404000,2.992187000,1.630234000,0.000000000,0.000000000,0.000000000,1.000000000
1403715364.872143269,0.754352000,2.990561000,1.631108000,0.000000000,0.000000000,0.000000000,1.000000000
1403715364.877142906,0.753301000,2.988937000,1.631982000,0.000000000,0.000000000,0.000000000,1.000000000
1403715364.882143021,0.752243000,2.987309000,1.632846000,0.000000000,0.000000000,0.000000000,1.000000000
1403715364.887142897,0.751178000,2.985681000,1.633700000,0.000000000,0.000000000,0.000000000,1.000000000
1403715364.892143250,0.750109000,2.984060000,1.634551000,0.000000000,0.000000000,0.000000000,1.000000000
1403715364.897142887,0.749048000,2.982449000,1.635405000,0.000000000,0.000000000,0.000000000,1.000000000
1403715364.902143002,0.747865000,2.980801000,1.636258000,0.000000000,0.000000000,0.000000000,1.000000000
1403715364.907143354,0.746795000,2.979197000,1.637109000,0.000000000,0.000000000,0.000000000,1.000000000
1403715364.912143230,0.745733000,2.977594000,1.637952000,0.000000000,0.000000000,0.000000000,1.000000000
1403715364.917143106,0.744674000,2.975988000,1.638798000,0.000000000,0.000000000,0.000000000,1.000000000
1403715364.922142982,0.743611000,2.974385000,1.639658000,0.000000000,0.000000000,0.000000000,1.000000000
1403715364.927143335,0.742547000,2.972795000,1.640523000,0.000000000,0.000000000,0.000000000,1.000000000
1403715364.932142973,0.741492000,2.971216000,1.641384000,0.000000000,0.000000000,0.000000000,1.000000000
1403715364.937143087,0.740442000,2.969645000,1.642242000,0.000000000,0.000000000,0.000000000,1.000000000
1403715364.942142963,0.739395000,2.968079000,1.643097000,0.000000000,0.000000000,0.000000000,1.000000000
1403715364.947143316,0.738351000,2.966509000,1.643955000,0.000000000,0.000000000,0.000000000,1.000000000
1403715364.952142954,0.737178000,2.964898000,1.644801000,0.000000000,0.000000000,0.000000000,1.000000000
1403715364.957143068,0.736103000,2.963315000,1.645659000,0.000000000,0.000000000,0.000000000,1.000000000
1403715364.962142944,0.735036000,2.961733000,1.646525000,0.000000000,0.000000000,0.000000000,1.000000000
1403715364.967143297,0.733978000,2.960158000,1.647397000,0.000000000,0.000000000,0.000000000,1.000000000
1403715364.972142935,0.732932000,2.958592000,1.648267000,0.000000000,0.000000000,0.000000000,1.000000000
1403715364.977143049,0.731899000,2.957034000,1.649134000,0.000000000,0.000000000,0.000000000,1.000000000
1403715364.982143164,0.730868000,2.955480000,1.650001000,0.000000000,0.000000000,0.000000000,1.000000000
1403715364.987143040,0.729839000,2.953923000,1.650864000,0.000000000,0.000000000,0.000000000,1.000000000
1403715364.992142916,0.728815000,2.952367000,1.651719000,0.000000000,0.000000000,0.000000000,1.000000000
1403715364.997143030,0.727798000,2.950821000,1.652568000,0.000000000,0.000000000,0.000000000,1.000000000
1403715365.002143145,0.726669000,2.949258000,1.653397000,0.000000000,0.000000000,0.000000000,1.000000000
1403715365.007143021,0.725640000,2.947708000,1.654231000,0.000000000,0.000000000,0.000000000,1.000000000
1403715365.012142897,0.724614000,2.946151000,1.655066000,0.000000000,0.000000000,0.000000000,1.000000000
1403715365.017143011,0.723587000,2.944590000,1.655911000,0.000000000,0.000000000,0.000000000,1.000000000
1403715365.022143126,0.722550000,2.943027000,1.656764000,0.000000000,0.000000000,0.000000000,1.000000000
1403715365.027143002,0.721513000,2.941464000,1.657613000,0.000000000,0.000000000,0.000000000,1.000000000
1403715365.032143116,0.720486000,2.939903000,1.658457000,0.000000000,0.000000000,0.000000000,1.000000000
1403715365.037143230,0.719468000,2.938353000,1.659303000,0.000000000,0.000000000,0.000000000,1.000000000
1403715365.042143345,0.718457000,2.936815000,1.660155000,0.000000000,0.000000000,0.000000000,1.000000000
1403715365.047142982,0.717454000,2.935283000,1.661013000,0.000000000,0.000000000,0.000000000,1.000000000
1403715365.052143097,0.716337000,2.933745000,1.661855000,0.000000000,0.000000000,0.000000000,1.000000000
1403715365.057143211,0.715321000,2.932217000,1.662702000,0.000000000,0.000000000,0.000000000,1.000000000
1403715365.062143087,0.714312000,2.930688000,1.663558000,0.000000000,0.000000000,0.000000000,1.000000000
1403715365.067142963,0.713304000,2.929163000,1.664427000,0.000000000,0.000000000,0.000000000,1.000000000
1403715365.072143078,0.712298000,2.927641000,1.665298000,0.000000000,0.000000000,0.000000000,1.000000000
1403715365.077143192,0.711302000,2.926124000,1.666168000,0.000000000,0.000000000,0.000000000,1.000000000
1403715365.082143068,0.710310000,2.924616000,1.667042000,0.000000000,0.000000000,0.000000000,1.000000000
1403715365.087142944,0.709318000,2.923114000,1.667915000,0.000000000,0.000000000,0.000000000,1.000000000
1403715365.092143297,0.708333000,2.921615000,1.668789000,0.000000000,0.000000000,0.000000000,1.000000000
1403715365.097143173,0.707354000,2.920120000,1.669674000,0.000000000,0.000000000,0.000000000,1.000000000
1403715365.102143049,0.706266000,2.918626000,1.670548000,0.000000000,0.000000000,0.000000000,1.000000000
1403715365.107142925,0.705282000,2.917148000,1.671424000,0.000000000,0.000000000,0.000000000,1.000000000
1403715365.112143278,0.704313000,2.915679000,1.672306000,0.000000000,0.000000000,0.000000000,1.000000000
1403715365.117143154,0.703359000,2.914220000,1.673201000,0.000000000,0.000000000,0.000000000,1.000000000
1403715365.122143030,0.702413000,2.912768000,1.674099000,0.000000000,0.000000000,0.000000000,1.000000000
1403715365.127142906,0.701468000,2.911322000,1.674998000,0.000000000,0.000000000,0.000000000,1.000000000
1403715365.132143259,0.700517000,2.909882000,1.675894000,0.000000000,0.000000000,0.000000000,1.000000000
1403715365.137142897,0.699570000,2.908448000,1.676785000,0.000000000,0.000000000,0.000000000,1.000000000
1403715365.142143011,0.698629000,2.907017000,1.677682000,0.000000000,0.000000000,0.000000000,1.000000000
1403715365.147142887,0.697692000,2.905594000,1.678585000,0.000000000,0.000000000,0.000000000,1.000000000
1403715365.152143240,0.696648000,2.904172000,1.679480000,0.000000000,0.000000000,0.000000000,1.000000000
1403715365.157143116,0.695702000,2.902756000,1.680386000,0.000000000,0.000000000,0.000000000,1.000000000
1403715365.162142992,0.694756000,2.901344000,1.681297000,0.000000000,0.000000000,0.000000000,1.000000000
1403715365.167143345,0.693819000,2.899925000,1.682207000,0.000000000,0.000000000,0.000000000,1.000000000
1403715365.172143221,0.692904000,2.898514000,1.683127000,0.000000000,0.000000000,0.000000000,1.000000000
1403715365.177143097,0.692002000,2.897124000,1.684039000,0.000000000,0.000000000,0.000000000,1.000000000
1403715365.182142973,0.691114000,2.895751000,1.684932000,0.000000000,0.000000000,0.000000000,1.000000000
1403715365.187143326,0.690236000,2.894388000,1.685824000,0.000000000,0.000000000,0.000000000,1.000000000
1403715365.192142963,0.689358000,2.893031000,1.686711000,0.000000000,0.000000000,0.000000000,1.000000000
1403715365.197143078,0.688484000,2.891675000,1.687588000,0.000000000,0.000000000,0.000000000,1.000000000
1403715365.202142954,0.687617000,2.890328000,1.688454000,0.000000000,0.000000000,0.000000000,1.000000000
1403715365.207143307,0.686615000,2.889000000,1.689321000,0.000000000,0.000000000,0.000000000,1.000000000
1403715365.212142944,0.685738000,2.887682000,1.690186000,0.000000000,0.000000000,0.000000000,1.000000000
1403715365.217143059,0.684873000,2.886368000,1.691061000,0.000000000,0.000000000,0.000000000,1.000000000
1403715365.222143173,0.684019000,2.885057000,1.691941000,0.000000000,0.000000000,0.000000000,1.000000000
1403715365.227143288,0.683167000,2.883750000,1.692805000,0.000000000,0.000000000,0.000000000,1.000000000
1403715365.232142925,0.682313000,2.882451000,1.693654000,0.000000000,0.000000000,0.000000000,1.000000000
1403715365.237143040,0.681463000,2.881169000,1.694495000,0.000000000,0.000000000,0.000000000,1.000000000
1403715365.242143154,0.680625000,2.879899000,1.695327000,0.000000000,0.000000000,0.000000000,1.000000000
1403715365.247143030,0.679796000,2.878637000,1.696157000,0.000000000,0.000000000,0.000000000,1.000000000
1403715365.252142906,0.678854000,2.877381000,1.696991000,0.000000000,0.000000000,0.000000000,1.000000000
1403715365.257143021,0.677998000,2.876124000,1.697807000,0.000000000,0.000000000,0.000000000,1.000000000
1403715365.262143135,0.677145000,2.874872000,1.698623000,0.000000000,0.000000000,0.000000000,1.000000000
1403715365.267143011,0.676296000,2.873631000,1.699439000,0.000000000,0.000000000,0.000000000,1.000000000
1403715365.272142887,0.675455000,2.872405000,1.700247000,0.000000000,0.000000000,0.000000000,1.000000000
1403715365.277143240,0.674623000,2.871190000,1.701049000,0.000000000,0.000000000,0.000000000,1.000000000
1403715365.282143354,0.673800000,2.869981000,1.701855000,0.000000000,0.000000000,0.000000000,1.000000000
1403715365.287142992,0.672985000,2.868779000,1.702662000,0.000000000,0.000000000,0.000000000,1.000000000
1403715365.292143106,0.672183000,2.867582000,1.703462000,0.000000000,0.000000000,0.000000000,1.000000000
1403715365.297143221,0.671390000,2.866392000,1.704247000,0.000000000,0.000000000,0.000000000,1.000000000
1403715365.302143097,0.670484000,2.865224000,1.705033000,0.000000000,0.000000000,0.000000000,1.000000000
1403715365.307142973,0.669670000,2.864062000,1.705788000,0.000000000,0.000000000,0.000000000,1.000000000
1403715365.312143087,0.668863000,2.862915000,1.706538000,0.000000000,0.000000000,0.000000000,1.000000000
1403715365.317143202,0.668069000,2.861781000,1.707288000,0.000000000,0.000000000,0.000000000,1.000000000
1403715365.322143078,0.667288000,2.860657000,1.708038000,0.000000000,0.000000000,0.000000000,1.000000000
1403715365.327142954,0.666514000,2.859543000,1.708783000,0.000000000,0.000000000,0.000000000,1.000000000
1403715365.332143307,0.665733000,2.858441000,1.709528000,0.000000000,0.000000000,0.000000000,1.000000000
1403715365.337143183,0.664947000,2.857347000,1.710267000,0.000000000,0.000000000,0.000000000,1.000000000
1403715365.342143059,0.664173000,2.856252000,1.710993000,0.000000000,0.000000000,0.000000000,1.000000000
1403715365.347142935,0.663413000,2.855160000,1.711716000,0.000000000,0.000000000,0.000000000,1.000000000
1403715365.352143288,0.662541000,2.854096000,1.712461000,0.000000000,0.000000000,0.000000000,1.000000000
1403715365.357143164,0.661763000,2.853038000,1.713174000,0.000000000,0.000000000,0.000000000,1.000000000
1403715365.362143040,0.660990000,2.851987000,1.713881000,0.000000000,0.000000000,0.000000000,1.000000000
1403715365.367142916,0.660225000,2.850944000,1.714587000,0.000000000,0.000000000,0.000000000,1.000000000
1403715365.372143269,0.659463000,2.849910000,1.715290000,0.000000000,0.000000000,0.000000000,1.000000000
1403715365.377142906,0.658706000,2.848888000,1.715992000,0.000000000,0.000000000,0.000000000,1.000000000
1403715365.382143021,0.657954000,2.847872000,1.716698000,0.000000000,0.000000000,0.000000000,1.000000000
1403715365.387142897,0.657206000,2.846856000,1.717411000,0.000000000,0.000000000,0.000000000,1.000000000
1403715365.392143250,0.656464000,2.845847000,1.718125000,0.000000000,0.000000000,0.000000000,1.000000000
1403715365.397142887,0.655723000,2.844847000,1.718822000,0.000000000,0.000000000,0.000000000,1.000000000
1403715365.402143002,0.654857000,2.843875000,1.719531000,0.000000000,0.000000000,0.000000000,1.000000000
1403715365.407143354,0.654081000,2.842903000,1.720203000,0.000000000,0.000000000,0.000000000,1.000000000
1403715365.412143230,0.653297000,2.841939000,1.720869000,0.000000000,0.000000000,0.000000000,1.000000000
1403715365.417143106,0.652511000,2.840974000,1.721530000,0.000000000,0.000000000,0.000000000,1.000000000
1403715365.422142982,0.651728000,2.840013000,1.722188000,0.000000000,0.000000000,0.000000000,1.000000000
1403715365.427143335,0.650950000,2.839060000,1.722842000,0.000000000,0.000000000,0.000000000,1.000000000
1403715365.432142973,0.650169000,2.838121000,1.723493000,0.000000000,0.000000000,0.000000000,1.000000000
1403715365.437143087,0.649383000,2.837193000,1.724147000,0.000000000,0.000000000,0.000000000,1.000000000
1403715365.442142963,0.648598000,2.836273000,1.724795000,0.000000000,0.000000000,0.000000000,1.000000000
1403715365.447143316,0.647817000,2.835357000,1.725425000,0.000000000,0.000000000,0.000000000,1.000000000
1403715365.452142954,0.646923000,2.834471000,1.726077000,0.000000000,0.000000000,0.000000000,1.000000000
1403715365.457143068,0.646138000,2.833576000,1.726694000,0.000000000,0.000000000,0.000000000,1.000000000
1403715365.462142944,0.645356000,2.832697000,1.727308000,0.000000000,0.000000000,0.000000000,1.000000000
1403715365.467143297,0.644575000,2.831832000,1.727925000,0.000000000,0.000000000,0.000000000,1.000000000
1403715365.472142935,0.643788000,2.830976000,1.728543000,0.000000000,0.000000000,0.000000000,1.000000000
1403715365.477143049,0.642999000,2.830127000,1.729158000,0.000000000,0.000000000,0.000000000,1.000000000
1403715365.482143164,0.642213000,2.829282000,1.729766000,0.000000000,0.000000000,0.000000000,1.000000000
1403715365.487143040,0.641432000,2.828436000,1.730371000,0.000000000,0.000000000,0.000000000,1.000000000
1403715365.492142916,0.640658000,2.827591000,1.730978000,0.000000000,0.000000000,0.000000000,1.000000000
1403715365.497143030,0.639885000,2.826751000,1.731580000,0.000000000,0.000000000,0.000000000,1.000000000
1403715365.502143145,0.638979000,2.825953000,1.732206000,0.000000000,0.000000000,0.000000000,1.000000000
1403715365.507143021,0.638181000,2.825142000,1.732790000,0.000000000,0.000000000,0.000000000,1.000000000
1403715365.512142897,0.637387000,2.824341000,1.733363000,0.000000000,0.000000000,0.000000000,1.000000000
1403715365.517143011,0.636599000,2.823551000,1.733936000,0.000000000,0.000000000,0.000000000,1.000000000
1403715365.522143126,0.635814000,2.822770000,1.734514000,0.000000000,0.000000000,0.000000000,1.000000000
1403715365.527143002,0.635024000,2.821992000,1.735086000,0.000000000,0.000000000,0.000000000,1.000000000
1403715365.532143116,0.634231000,2.821219000,1.735647000,0.000000000,0.000000000,0.000000000,1.000000000
1403715365.537143230,0.633440000,2.820456000,1.736206000,0.000000000,0.000000000,0.000000000,1.000000000
1403715365.542143345,0.632655000,2.819699000,1.736768000,0.000000000,0.000000000,0.000000000,1.000000000
1403715365.547142982,0.631875000,2.818947000,1.737328000,0.000000000,0.000000000,0.000000000,1.000000000
1403715365.552143097,0.631097000,2.818202000,1.737881000,0.000000000,0.000000000,0.000000000,1.000000000
1403715365.557143211,0.630154000,2.817506000,1.738472000,0.000000000,0.000000000,0.000000000,1.000000000
1403715365.562143087,0.629346000,2.816782000,1.739028000,0.000000000,0.000000000,0.000000000,1.000000000
1403715365.567142963,0.628538000,2.816066000,1.739579000,0.000000000,0.000000000,0.000000000,1.000000000
1403715365.572143078,0.627727000,2.815367000,1.740126000,0.000000000,0.000000000,0.000000000,1.000000000
1403715365.577143192,0.626912000,2.814683000,1.740670000,0.000000000,0.000000000,0.000000000,1.000000000
1403715365.582143068,0.626100000,2.814008000,1.741212000,0.000000000,0.000000000,0.000000000,1.000000000
1403715365.587142944,0.625294000,2.813335000,1.741749000,0.000000000,0.000000000,0.000000000,1.000000000
1403715365.592143297,0.624486000,2.812660000,1.742281000,0.000000000,0.000000000,0.000000000,1.000000000
1403715365.597143173,0.623675000,2.811979000,1.742808000,0.000000000,0.000000000,0.000000000,1.000000000
1403715365.602143049,0.622728000,2.811337000,1.743365000,0.000000000,0.000000000,0.000000000,1.000000000
1403715365.607142925,0.621884000,2.810670000,1.743895000,0.000000000,0.000000000,0.000000000,1.000000000
1403715365.612143278,0.621042000,2.810017000,1.744428000,0.000000000,0.000000000,0.000000000,1.000000000
1403715365.617143154,0.620202000,2.809374000,1.744968000,0.000000000,0.000000000,0.000000000,1.000000000
1403715365.622143030,0.619366000,2.808734000,1.745505000,0.000000000,0.000000000,0.000000000,1.000000000
1403715365.627142906,0.618529000,2.808098000,1.746038000,0.000000000,0.000000000,0.000000000,1.000000000
1403715365.632143259,0.617689000,2.807467000,1.746561000,0.000000000,0.000000000,0.000000000,1.000000000
1403715365.637142897,0.616844000,2.806836000,1.747081000,0.000000000,0.000000000,0.000000000,1.000000000
1403715365.642143011,0.615996000,2.806205000,1.747601000,0.000000000,0.000000000,0.000000000,1.000000000
1403715365.647142887,0.615149000,2.805576000,1.748113000,0.000000000,0.000000000,0.000000000,1.000000000
1403715365.652143240,0.614170000,2.804996000,1.748643000,0.000000000,0.000000000,0.000000000,1.000000000
1403715365.657143116,0.613307000,2.804389000,1.749144000,0.000000000,0.000000000,0.000000000,1.000000000
1403715365.662142992,0.612446000,2.803789000,1.749645000,0.000000000,0.000000000,0.000000000,1.000000000
1403715365.667143345,0.611582000,2.803192000,1.750150000,0.000000000,0.000000000,0.000000000,1.000000000
1403715365.672143221,0.610711000,2.802591000,1.750657000,0.000000000,0.000000000,0.000000000,1.000000000
1403715365.677143097,0.609838000,2.801987000,1.751159000,0.000000000,0.000000000,0.000000000,1.000000000
1403715365.682142973,0.608968000,2.801383000,1.751656000,0.000000000,0.000000000,0.000000000,1.000000000
1403715365.687143326,0.608098000,2.800780000,1.752150000,0.000000000,0.000000000,0.000000000,1.000000000
1403715365.692142963,0.607225000,2.800181000,1.752634000,0.000000000,0.000000000,0.000000000,1.000000000
1403715365.697143078,0.606354000,2.799587000,1.753100000,0.000000000,0.000000000,0.000000000,1.000000000
1403715365.702142954,0.605351000,2.799036000,1.753585000,0.000000000,0.000000000,0.000000000,1.000000000
1403715365.707143307,0.604454000,2.798447000,1.754042000,0.000000000,0.000000000,0.000000000,1.000000000
1403715365.712142944,0.603551000,2.797853000,1.754490000,0.000000000,0.000000000,0.000000000,1.000000000
1403715365.717143059,0.602640000,2.797255000,1.754936000,0.000000000,0.000000000,0.000000000,1.000000000
1403715365.722143173,0.601724000,2.796654000,1.755382000,0.000000000,0.000000000,0.000000000,1.000000000
1403715365.727143288,0.600801000,2.796054000,1.755823000,0.000000000,0.000000000,0.000000000,1.000000000
1403715365.732142925,0.599872000,2.795454000,1.756258000,0.000000000,0.000000000,0.000000000,1.000000000
1403715365.737143040,0.598937000,2.794854000,1.756694000,0.000000000,0.000000000,0.000000000,1.000000000
1403715365.742143154,0.597995000,2.794256000,1.757130000,0.000000000,0.000000000,0.000000000,1.000000000
1403715365.747143030,0.597052000,2.793656000,1.757571000,0.000000000,0.000000000,0.000000000,1.000000000
1403715365.752142906,0.595975000,2.793098000,1.758038000,0.000000000,0.000000000,0.000000000,1.000000000
1403715365.757143021,0.594996000,2.792509000,1.758482000,0.000000000,0.000000000,0.000000000,1.000000000
1403715365.762143135,0.594011000,2.791923000,1.758919000,0.000000000,0.000000000,0.000000000,1.000000000
1403715365.767143011,0.593020000,2.791341000,1.759353000,0.000000000,0.000000000,0.000000000,1.000000000
1403715365.772142887,0.592019000,2.790766000,1.759780000,0.000000000,0.000000000,0.000000000,1.000000000
1403715365.777143240,0.591013000,2.790197000,1.760197000,0.000000000,0.000000000,0.000000000,1.000000000
1403715365.782143354,0.590004000,2.789631000,1.760607000,0.000000000,0.000000000,0.000000000,1.000000000
1403715365.787142992,0.588993000,2.789067000,1.761012000,0.000000000,0.000000000,0.000000000,1.000000000
1403715365.792143106,0.587977000,2.788510000,1.761418000,0.000000000,0.000000000,0.000000000,1.000000000
1403715365.797143221,0.586956000,2.787956000,1.761829000,0.000000000,0.000000000,0.000000000,1.000000000
1403715365.802143097,0.585803000,2.787430000,1.762266000,0.000000000,0.000000000,0.000000000,1.000000000
1403715365.807142973,0.584752000,2.786873000,1.762688000,0.000000000,0.000000000,0.000000000,1.000000000
1403715365.812143087,0.583695000,2.786321000,1.763105000,0.000000000,0.000000000,0.000000000,1.000000000
1403715365.817143202,0.582629000,2.785772000,1.763523000,0.000000000,0.000000000,0.000000000,1.000000000
1403715365.822143078,0.581559000,2.785227000,1.763942000,0.000000000,0.000000000,0.000000000,1.000000000
1403715365.827142954,0.580493000,2.784684000,1.764360000,0.000000000,0.000000000,0.000000000,1.000000000
1403715365.832143307,0.579427000,2.784143000,1.764773000,0.000000000,0.000000000,0.000000000,1.000000000
1403715365.837143183,0.578356000,2.783614000,1.765182000,0.000000000,0.000000000,0.000000000,1.000000000
1403715365.842143059,0.577280000,2.783091000,1.765596000,0.000000000,0.000000000,0.000000000,1.000000000
1403715365.847142935,0.576195000,2.782569000,1.766024000,0.000000000,0.000000000,0.000000000,1.000000000
1403715365.852143288,0.574979000,2.782065000,1.766476000,0.000000000,0.000000000,0.000000000,1.000000000
1403715365.857143164,0.573863000,2.781538000,1.766915000,0.000000000,0.000000000,0.000000000,1.000000000
1403715365.862143040,0.572747000,2.781014000,1.767342000,0.000000000,0.000000000,0.000000000,1.000000000
1403715365.867142916,0.571625000,2.780500000,1.767755000,0.000000000,0.000000000,0.000000000,1.000000000
1403715365.872143269,0.570496000,2.779996000,1.768155000,0.000000000,0.000000000,0.000000000,1.000000000
1403715365.877142906,0.569359000,2.779497000,1.768547000,0.000000000,0.000000000,0.000000000,1.000000000
1403715365.882143021,0.568216000,2.778992000,1.768937000,0.000000000,0.000000000,0.000000000,1.000000000
1403715365.887142897,0.567072000,2.778484000,1.769326000,0.000000000,0.000000000,0.000000000,1.000000000
1403715365.892143250,0.565929000,2.777979000,1.769710000,0.000000000,0.000000000,0.000000000,1.000000000
1403715365.897142887,0.564786000,2.777478000,1.770086000,0.000000000,0.000000000,0.000000000,1.000000000
1403715365.902143002,0.563518000,2.776992000,1.770468000,0.000000000,0.000000000,0.000000000,1.000000000
1403715365.907143354,0.562342000,2.776499000,1.770836000,0.000000000,0.000000000,0.000000000,1.000000000
1403715365.912143230,0.561167000,2.775997000,1.771199000,0.000000000,0.000000000,0.000000000,1.000000000
1403715365.917143106,0.559990000,2.775489000,1.771566000,0.000000000,0.000000000,0.000000000,1.000000000
1403715365.922142982,0.558813000,2.774982000,1.771932000,0.000000000,0.000000000,0.000000000,1.000000000
1403715365.927143335,0.557636000,2.774473000,1.772292000,0.000000000,0.000000000,0.000000000,1.000000000
1403715365.932142973,0.556451000,2.773967000,1.772652000,0.000000000,0.000000000,0.000000000,1.000000000
1403715365.937143087,0.555266000,2.773468000,1.773013000,0.000000000,0.000000000,0.000000000,1.000000000
1403715365.942142963,0.554082000,2.772970000,1.773379000,0.000000000,0.000000000,0.000000000,1.000000000
1403715365.947143316,0.552894000,2.772466000,1.773737000,0.000000000,0.000000000,0.000000000,1.000000000
1403715365.952142954,0.551583000,2.771954000,1.774087000,0.000000000,0.000000000,0.000000000,1.000000000
1403715365.957143068,0.550361000,2.771436000,1.774412000,0.000000000,0.000000000,0.000000000,1.000000000
1403715365.962142944,0.549135000,2.770919000,1.774723000,0.000000000,0.000000000,0.000000000,1.000000000
1403715365.967143297,0.547905000,2.770407000,1.775025000,0.000000000,0.000000000,0.000000000,1.000000000
1403715365.972142935,0.546672000,2.769902000,1.775327000,0.000000000,0.000000000,0.000000000,1.000000000
1403715365.977143049,0.545431000,2.769409000,1.775628000,0.000000000,0.000000000,0.000000000,1.000000000
1403715365.982143164,0.544182000,2.768910000,1.775928000,0.000000000,0.000000000,0.000000000,1.000000000
1403715365.987143040,0.542933000,2.768399000,1.776237000,0.000000000,0.000000000,0.000000000,1.000000000
1403715365.992142916,0.541694000,2.767880000,1.776554000,0.000000000,0.000000000,0.000000000,1.000000000
1403715365.997143030,0.540460000,2.767355000,1.776875000,0.000000000,0.000000000,0.000000000,1.000000000
1403715366.002143145,0.539225000,2.766826000,1.777186000,0.000000000,0.000000000,0.000000000,1.000000000
1403715366.007143021,0.537842000,2.766280000,1.777499000,0.000000000,0.000000000,0.000000000,1.000000000
1403715366.012142897,0.536559000,2.765750000,1.777777000,0.000000000,0.000000000,0.000000000,1.000000000
1403715366.017143011,0.535268000,2.765219000,1.778031000,0.000000000,0.000000000,0.000000000,1.000000000
1403715366.022143126,0.533972000,2.764689000,1.778261000,0.000000000,0.000000000,0.000000000,1.000000000
1403715366.027143002,0.532673000,2.764164000,1.778480000,0.000000000,0.000000000,0.000000000,1.000000000
1403715366.032143116,0.531367000,2.763641000,1.778701000,0.000000000,0.000000000,0.000000000,1.000000000
1403715366.037143230,0.530047000,2.763115000,1.778930000,0.000000000,0.000000000,0.000000000,1.000000000
1403715366.042143345,0.528718000,2.762580000,1.779167000,0.000000000,0.000000000,0.000000000,1.000000000
1403715366.047142982,0.527381000,2.762044000,1.779411000,0.000000000,0.000000000,0.000000000,1.000000000
1403715366.052143097,0.525926000,2.761486000,1.779672000,0.000000000,0.000000000,0.000000000,1.000000000
1403715366.057143211,0.524560000,2.760946000,1.779916000,0.000000000,0.000000000,0.000000000,1.000000000
1403715366.062143087,0.523197000,2.760405000,1.780151000,0.000000000,0.000000000,0.000000000,1.000000000
1403715366.067142963,0.521827000,2.759861000,1.780360000,0.000000000,0.000000000,0.000000000,1.000000000
1403715366.072143078,0.520442000,2.759310000,1.780546000,0.000000000,0.000000000,0.000000000,1.000000000
1403715366.077143192,0.519036000,2.758752000,1.780730000,0.000000000,0.000000000,0.000000000,1.000000000
1403715366.082143068,0.517614000,2.758179000,1.780914000,0.000000000,0.000000000,0.000000000,1.000000000
1403715366.087142944,0.516190000,2.757595000,1.781108000,0.000000000,0.000000000,0.000000000,1.000000000
1403715366.092143297,0.514767000,2.757018000,1.781318000,0.000000000,0.000000000,0.000000000,1.000000000
1403715366.097143173,0.513337000,2.756448000,1.781539000,0.000000000,0.000000000,0.000000000,1.000000000
1403715366.102143049,0.511787000,2.755841000,1.781786000,0.000000000,0.000000000,0.000000000,1.000000000
1403715366.107142925,0.510312000,2.755250000,1.782029000,0.000000000,0.000000000,0.000000000,1.000000000
1403715366.112143278,0.508817000,2.754648000,1.782270000,0.000000000,0.000000000,0.000000000,1.000000000
1403715366.117143154,0.507309000,2.754042000,1.782506000,0.000000000,0.000000000,0.000000000,1.000000000
1403715366.122143030,0.505797000,2.753436000,1.782736000,0.000000000,0.000000000,0.000000000,1.000000000
1403715366.127142906,0.504278000,2.752829000,1.782956000,0.000000000,0.000000000,0.000000000,1.000000000
1403715366.132143259,0.502749000,2.752227000,1.783179000,0.000000000,0.000000000,0.000000000,1.000000000
1403715366.137142897,0.501204000,2.751632000,1.783407000,0.000000000,0.000000000,0.000000000,1.000000000
1403715366.142143011,0.499639000,2.751038000,1.783632000,0.000000000,0.000000000,0.000000000,1.000000000
1403715366.147142887,0.498057000,2.750438000,1.783857000,0.000000000,0.000000000,0.000000000,1.000000000
1403715366.152143240,0.496343000,2.749799000,1.784095000,0.000000000,0.000000000,0.000000000,1.000000000
1403715366.157143116,0.494702000,2.749189000,1.784308000,0.000000000,0.000000000,0.000000000,1.000000000
1403715366.162142992,0.493052000,2.748582000,1.784510000,0.000000000,0.000000000,0.000000000,1.000000000
1403715366.167143345,0.491395000,2.747977000,1.784702000,0.000000000,0.000000000,0.000000000,1.000000000
1403715366.172143221,0.489726000,2.747367000,1.784889000,0.000000000,0.000000000,0.000000000,1.000000000
1403715366.177143097,0.488041000,2.746749000,1.785078000,0.000000000,0.000000000,0.000000000,1.000000000
1403715366.182142973,0.486339000,2.746123000,1.785264000,0.000000000,0.000000000,0.000000000,1.000000000
1403715366.187143326,0.484615000,2.745503000,1.785445000,0.000000000,0.000000000,0.000000000,1.000000000
1403715366.192142963,0.482868000,2.744899000,1.785605000,0.000000000,0.000000000,0.000000000,1.000000000
1403715366.197143078,0.481107000,2.744300000,1.785744000,0.000000000,0.000000000,0.000000000,1.000000000
1403715366.202142954,0.479230000,2.743656000,1.785911000,0.000000000,0.000000000,0.000000000,1.000000000
1403715366.207143307,0.477442000,2.743031000,1.786060000,0.000000000,0.000000000,0.000000000,1.000000000
1403715366.212142944,0.475639000,2.742403000,1.786211000,0.000000000,0.000000000,0.000000000,1.000000000
1403715366.217143059,0.473820000,2.741773000,1.786363000,0.000000000,0.000000000,0.000000000,1.000000000
1403715366.222143173,0.471989000,2.741131000,1.786513000,0.000000000,0.000000000,0.000000000,1.000000000
1403715366.227143288,0.470142000,2.740482000,1.786673000,0.000000000,0.000000000,0.000000000,1.000000000
1403715366.232142925,0.468286000,2.739828000,1.786828000,0.000000000,0.000000000,0.000000000,1.000000000
1403715366.237143040,0.466425000,2.739176000,1.786968000,0.000000000,0.000000000,0.000000000,1.000000000
1403715366.242143154,0.464553000,2.738527000,1.787101000,0.000000000,0.000000000,0.000000000,1.000000000
1403715366.247143030,0.462668000,2.737875000,1.787243000,0.000000000,0.000000000,0.000000000,1.000000000
1403715366.252142906,0.460657000,2.737181000,1.787438000,0.000000000,0.000000000,0.000000000,1.000000000
1403715366.257143021,0.458726000,2.736503000,1.787624000,0.000000000,0.000000000,0.000000000,1.000000000
1403715366.262143135,0.456780000,2.735821000,1.787818000,0.000000000,0.000000000,0.000000000,1.000000000
1403715366.267143011,0.454817000,2.735135000,1.788019000,0.000000000,0.000000000,0.000000000,1.000000000
1403715366.272142887,0.452840000,2.734443000,1.788228000,0.000000000,0.000000000,0.000000000,1.000000000
1403715366.277143240,0.450852000,2.733742000,1.788433000,0.000000000,0.000000000,0.000000000,1.000000000
1403715366.282143354,0.448859000,2.733037000,1.788625000,0.000000000,0.000000000,0.000000000,1.000000000
1403715366.287142992,0.446869000,2.732334000,1.788806000,0.000000000,0.000000000,0.000000000,1.000000000
1403715366.292143106,0.444878000,2.731640000,1.788977000,0.000000000,0.000000000,0.000000000,1.000000000
1403715366.297143221,0.442892000,2.730946000,1.789132000,0.000000000,0.000000000,0.000000000,1.000000000
1403715366.302143097,0.440779000,2.730201000,1.789324000,0.000000000,0.000000000,0.000000000,1.000000000
1403715366.307142973,0.438727000,2.729460000,1.789506000,0.000000000,0.000000000,0.000000000,1.000000000
1403715366.312143087,0.436650000,2.728712000,1.789695000,0.000000000,0.000000000,0.000000000,1.000000000
1403715366.317143202,0.434572000,2.727957000,1.789891000,0.000000000,0.000000000,0.000000000,1.000000000
1403715366.322143078,0.432501000,2.727196000,1.790106000,0.000000000,0.000000000,0.000000000,1.000000000
1403715366.327142954,0.430435000,2.726432000,1.790344000,0.000000000,0.000000000,0.000000000,1.000000000
1403715366.332143307,0.428362000,2.725665000,1.790589000,0.000000000,0.000000000,0.000000000,1.000000000
1403715366.337143183,0.426264000,2.724898000,1.790819000,0.000000000,0.000000000,0.000000000,1.000000000
1403715366.342143059,0.424137000,2.724134000,1.791028000,0.000000000,0.000000000,0.000000000,1.000000000
1403715366.347142935,0.421984000,2.723363000,1.791215000,0.000000000,0.000000000,0.000000000,1.000000000
1403715366.352143288,0.419699000,2.722574000,1.791426000,0.000000000,0.000000000,0.000000000,1.000000000
1403715366.357143164,0.417509000,2.721812000,1.791596000,0.000000000,0.000000000,0.000000000,1.000000000
1403715366.362143040,0.415324000,2.721055000,1.791770000,0.000000000,0.000000000,0.000000000,1.000000000
1403715366.367142916,0.413141000,2.720298000,1.791954000,0.000000000,0.000000000,0.000000000,1.000000000
1403715366.372143269,0.410950000,2.719536000,1.792143000,0.000000000,0.000000000,0.000000000,1.000000000
1403715366.377142906,0.408741000,2.718767000,1.792331000,0.000000000,0.000000000,0.000000000,1.000000000
1403715366.382143021,0.406506000,2.717991000,1.792511000,0.000000000,0.000000000,0.000000000,1.000000000
1403715366.387142897,0.404245000,2.717205000,1.792679000,0.000000000,0.000000000,0.000000000,1.000000000
1403715366.392143250,0.401971000,2.716416000,1.792832000,0.000000000,0.000000000,0.000000000,1.000000000
1403715366.397142887,0.399692000,2.715632000,1.792976000,0.000000000,0.000000000,0.000000000,1.000000000
1403715366.402143002,0.397288000,2.714844000,1.793178000,0.000000000,0.000000000,0.000000000,1.000000000
1403715366.407143354,0.394979000,2.714072000,1.793353000,0.000000000,0.000000000,0.000000000,1.000000000
1403715366.412143230,0.392649000,2.713299000,1.793539000,0.000000000,0.000000000,0.000000000,1.000000000
1403715366.417143106,0.390289000,2.712516000,1.793730000,0.000000000,0.000000000,0.000000000,1.000000000
1403715366.422142982,0.387903000,2.711724000,1.793936000,0.000000000,0.000000000,0.000000000,1.000000000
1403715366.427143335,0.385498000,2.710930000,1.794149000,0.000000000,0.000000000,0.000000000,1.000000000
1403715366.432142973,0.383094000,2.710143000,1.794352000,0.000000000,0.000000000,0.000000000,1.000000000
1403715366.437143087,0.380701000,2.709366000,1.794546000,0.000000000,0.000000000,0.000000000,1.000000000
1403715366.442142963,0.378318000,2.708600000,1.794726000,0.000000000,0.000000000,0.000000000,1.000000000
1403715366.447143316,0.375933000,2.707833000,1.794890000,0.000000000,0.000000000,0.000000000,1.000000000
1403715366.452142954,0.373407000,2.707057000,1.795105000,0.000000000,0.000000000,0.000000000,1.000000000
1403715366.457143068,0.370970000,2.706270000,1.795271000,0.000000000,0.000000000,0.000000000,1.000000000
1403715366.462142944,0.368529000,2.705475000,1.795438000,0.000000000,0.000000000,0.000000000,1.000000000
1403715366.467143297,0.366084000,2.704680000,1.795613000,0.000000000,0.000000000,0.000000000,1.000000000
1403715366.472142935,0.363642000,2.703890000,1.795802000,0.000000000,0.000000000,0.000000000,1.000000000
1403715366.477143049,0.361204000,2.703102000,1.796008000,0.000000000,0.000000000,0.000000000,1.000000000
1403715366.482143164,0.358770000,2.702304000,1.796218000,0.000000000,0.000000000,0.000000000,1.000000000
1403715366.487143040,0.356335000,2.701500000,1.796428000,0.000000000,0.000000000,0.000000000,1.000000000
1403715366.492142916,0.353893000,2.700696000,1.796638000,0.000000000,0.000000000,0.000000000,1.000000000
1403715366.497143030,0.351444000,2.699888000,1.796831000,0.000000000,0.000000000,0.000000000,1.000000000
1403715366.502143145,0.348865000,2.699089000,1.797078000,0.000000000,0.000000000,0.000000000,1.000000000
1403715366.507143021,0.346386000,2.698274000,1.797276000,0.000000000,0.000000000,0.000000000,1.000000000
1403715366.512142897,0.343914000,2.697450000,1.797472000,0.000000000,0.000000000,0.000000000,1.000000000
1403715366.517143011,0.341445000,2.696629000,1.797658000,0.000000000,0.000000000,0.000000000,1.000000000
1403715366.522143126,0.338974000,2.695819000,1.797829000,0.000000000,0.000000000,0.000000000,1.000000000
1403715366.527143002,0.336500000,2.695018000,1.797998000,0.000000000,0.000000000,0.000000000,1.000000000
1403715366.532143116,0.334024000,2.694216000,1.798157000,0.000000000,0.000000000,0.000000000,1.000000000
1403715366.537143230,0.331546000,2.693411000,1.798304000,0.000000000,0.000000000,0.000000000,1.000000000
1403715366.542143345,0.329066000,2.692612000,1.798440000,0.000000000,0.000000000,0.000000000,1.000000000
1403715366.547142982,0.326585000,2.691818000,1.798568000,0.000000000,0.000000000,0.000000000,1.000000000
1403715366.552143097,0.323977000,2.691056000,1.798758000,0.000000000,0.000000000,0.000000000,1.000000000
1403715366.557143211,0.321466000,2.690282000,1.798892000,0.000000000,0.000000000,0.000000000,1.000000000
1403715366.562143087,0.318955000,2.689503000,1.799025000,0.000000000,0.000000000,0.000000000,1.000000000
1403715366.567142963,0.316435000,2.688710000,1.799150000,0.000000000,0.000000000,0.000000000,1.000000000
1403715366.572143078,0.313903000,2.687904000,1.799268000,0.000000000,0.000000000,0.000000000,1.000000000
1403715366.577143192,0.311371000,2.687094000,1.799385000,0.000000000,0.000000000,0.000000000,1.000000000
1403715366.582143068,0.308843000,2.686287000,1.799498000,0.000000000,0.000000000,0.000000000,1.000000000
1403715366.587142944,0.306325000,2.685478000,1.799608000,0.000000000,0.000000000,0.000000000,1.000000000
1403715366.592143297,0.303818000,2.684666000,1.799710000,0.000000000,0.000000000,0.000000000,1.000000000
1403715366.597143173,0.301318000,2.683854000,1.799803000,0.000000000,0.000000000,0.000000000,1.000000000
1403715366.602143049,0.298703000,2.683067000,1.799953000,0.000000000,0.000000000,0.000000000,1.000000000
1403715366.607142925,0.296194000,2.682242000,1.800048000,0.000000000,0.000000000,0.000000000,1.000000000
1403715366.612143278,0.293684000,2.681415000,1.800149000,0.000000000,0.000000000,0.000000000,1.000000000
1403715366.617143154,0.291175000,2.680596000,1.800253000,0.000000000,0.000000000,0.000000000,1.000000000
1403715366.622143030,0.288674000,2.679777000,1.800360000,0.000000000,0.000000000,0.000000000,1.000000000
1403715366.627142906,0.286189000,2.678952000,1.800468000,0.000000000,0.000000000,0.000000000,1.000000000
1403715366.632143259,0.283724000,2.678124000,1.800569000,0.000000000,0.000000000,0.000000000,1.000000000
1403715366.637142897,0.281264000,2.677293000,1.800659000,0.000000000,0.000000000,0.000000000,1.000000000
1403715366.642143011,0.278801000,2.676453000,1.800745000,0.000000000,0.000000000,0.000000000,1.000000000
1403715366.647142887,0.276332000,2.675605000,1.800829000,0.000000000,0.000000000,0.000000000,1.000000000
1403715366.652143240,0.273727000,2.674803000,1.800971000,0.000000000,0.000000000,0.000000000,1.000000000
1403715366.657143116,0.271224000,2.673967000,1.801056000,0.000000000,0.000000000,0.000000000,1.000000000
1403715366.662142992,0.268742000,2.673130000,1.801136000,0.000000000,0.000000000,0.000000000,1.000000000
1403715366.667143345,0.266284000,2.672291000,1.801209000,0.000000000,0.000000000,0.000000000,1.000000000
1403715366.672143221,0.263839000,2.671451000,1.801278000,0.000000000,0.000000000,0.000000000,1.000000000
1403715366.677143097,0.261390000,2.670610000,1.801339000,0.000000000,0.000000000,0.000000000,1.000000000
1403715366.682142973,0.258932000,2.669762000,1.801396000,0.000000000,0.000000000,0.000000000,1.000000000
1403715366.687143326,0.256471000,2.668904000,1.801451000,0.000000000,0.000000000,0.000000000,1.000000000
1403715366.692142963,0.254023000,2.668037000,1.801506000,0.000000000,0.000000000,0.000000000,1.000000000
1403715366.697143078,0.251593000,2.667169000,1.801575000,0.000000000,0.000000000,0.000000000,1.000000000
1403715366.702142954,0.249062000,2.666358000,1.801721000,0.000000000,0.000000000,0.000000000,1.000000000
1403715366.707143307,0.246631000,2.665500000,1.801823000,0.000000000,0.000000000,0.000000000,1.000000000
1403715366.712142944,0.244196000,2.664634000,1.801914000,0.000000000,0.000000000,0.000000000,1.000000000
1403715366.717143059,0.241754000,2.663763000,1.801988000,0.000000000,0.000000000,0.000000000,1.000000000
1403715366.722143173,0.239307000,2.662883000,1.802056000,0.000000000,0.000000000,0.000000000,1.000000000
1403715366.727143288,0.236860000,2.661990000,1.802134000,0.000000000,0.000000000,0.000000000,1.000000000
1403715366.732142925,0.234420000,2.661108000,1.802218000,0.000000000,0.000000000,0.000000000,1.000000000
1403715366.737143040,0.231992000,2.660244000,1.802295000,0.000000000,0.000000000,0.000000000,1.000000000
1403715366.742143154,0.229576000,2.659378000,1.802381000,0.000000000,0.000000000,0.000000000,1.000000000
1403715366.747143030,0.227166000,2.658500000,1.802472000,0.000000000,0.000000000,0.000000000,1.000000000
1403715366.752142906,0.224644000,2.657683000,1.802608000,0.000000000,0.000000000,0.000000000,1.000000000
1403715366.757143021,0.222203000,2.656816000,1.802668000,0.000000000,0.000000000,0.000000000,1.000000000
1403715366.762143135,0.219763000,2.655951000,1.802700000,0.000000000,0.000000000,0.000000000,1.000000000
1403715366.767143011,0.217329000,2.655087000,1.802726000,0.000000000,0.000000000,0.000000000,1.000000000
1403715366.772142887,0.214901000,2.654222000,1.802759000,0.000000000,0.000000000,0.000000000,1.000000000
1403715366.777143240,0.212484000,2.653351000,1.802796000,0.000000000,0.000000000,0.000000000,1.000000000
1403715366.782143354,0.210072000,2.652467000,1.802839000,0.000000000,0.000000000,0.000000000,1.000000000
1403715366.787142992,0.207657000,2.651575000,1.802883000,0.000000000,0.000000000,0.000000000,1.000000000
1403715366.792143106,0.205237000,2.650672000,1.802926000,0.000000000,0.000000000,0.000000000,1.000000000
1403715366.797143221,0.202816000,2.649761000,1.802969000,0.000000000,0.000000000,0.000000000,1.000000000
1403715366.802143097,0.200301000,2.648923000,1.803066000,0.000000000,0.000000000,0.000000000,1.000000000
1403715366.807142973,0.197875000,2.648027000,1.803125000,0.000000000,0.000000000,0.000000000,1.000000000
1403715366.812143087,0.195467000,2.647126000,1.803192000,0.000000000,0.000000000,0.000000000,1.000000000
1403715366.817143202,0.193077000,2.646218000,1.803266000,0.000000000,0.000000000,0.000000000,1.000000000
1403715366.822143078,0.190695000,2.645300000,1.803344000,0.000000000,0.000000000,0.000000000,1.000000000
1403715366.827142954,0.188311000,2.644373000,1.803423000,0.000000000,0.000000000,0.000000000,1.000000000
1403715366.832143307,0.185925000,2.643441000,1.803503000,0.000000000,0.000000000,0.000000000,1.000000000
1403715366.837143183,0.183538000,2.642503000,1.803570000,0.000000000,0.000000000,0.000000000,1.000000000
1403715366.842143059,0.181161000,2.641557000,1.803625000,0.000000000,0.000000000,0.000000000,1.000000000
1403715366.847142935,0.178796000,2.640603000,1.803685000,0.000000000,0.000000000,0.000000000,1.000000000
1403715366.852143288,0.176352000,2.639722000,1.803793000,0.000000000,0.000000000,0.000000000,1.000000000
1403715366.857143164,0.173991000,2.638768000,1.803879000,0.000000000,0.000000000,0.000000000,1.000000000
1403715366.862143040,0.171639000,2.637803000,1.803971000,0.000000000,0.000000000,0.000000000,1.000000000
1403715366.867142916,0.169296000,2.636828000,1.804065000,0.000000000,0.000000000,0.000000000,1.000000000
1403715366.872143269,0.166958000,2.635845000,1.804156000,0.000000000,0.000000000,0.000000000,1.000000000
1403715366.877142906,0.164628000,2.634854000,1.804253000,0.000000000,0.000000000,0.000000000,1.000000000
1403715366.882143021,0.162306000,2.633857000,1.804364000,0.000000000,0.000000000,0.000000000,1.000000000
1403715366.887142897,0.159997000,2.632857000,1.804496000,0.000000000,0.000000000,0.000000000,1.000000000
1403715366.892143250,0.157703000,2.631855000,1.804641000,0.000000000,0.000000000,0.000000000,1.000000000
1403715366.897142887,0.155420000,2.630841000,1.804786000,0.000000000,0.000000000,0.000000000,1.000000000
1403715366.902143002,0.153063000,2.629897000,1.804954000,0.000000000,0.000000000,0.000000000,1.000000000
1403715366.907143354,0.150782000,2.628877000,1.805091000,0.000000000,0.000000000,0.000000000,1.000000000
1403715366.912143230,0.148507000,2.627853000,1.805223000,0.000000000,0.000000000,0.000000000,1.000000000
1403715366.917143106,0.146236000,2.626827000,1.805354000,0.000000000,0.000000000,0.000000000,1.000000000
1403715366.922142982,0.143973000,2.625796000,1.805491000,0.000000000,0.000000000,0.000000000,1.000000000
1403715366.927143335,0.141721000,2.624761000,1.805637000,0.000000000,0.000000000,0.000000000,1.000000000
1403715366.932142973,0.139480000,2.623724000,1.805779000,0.000000000,0.000000000,0.000000000,1.000000000
1403715366.937143087,0.137244000,2.622682000,1.805919000,0.000000000,0.000000000,0.000000000,1.000000000
1403715366.942142963,0.135016000,2.621638000,1.806060000,0.000000000,0.000000000,0.000000000,1.000000000
1403715366.947143316,0.132789000,2.620591000,1.806200000,0.000000000,0.000000000,0.000000000,1.000000000
1403715366.952142954,0.130482000,2.619625000,1.806365000,0.000000000,0.000000000,0.000000000,1.000000000
1403715366.957143068,0.128245000,2.618572000,1.806516000,0.000000000,0.000000000,0.000000000,1.000000000
1403715366.962142944,0.126023000,2.617506000,1.806670000,0.000000000,0.000000000,0.000000000,1.000000000
1403715366.967143297,0.123821000,2.616432000,1.806830000,0.000000000,0.000000000,0.000000000,1.000000000
1403715366.972142935,0.121630000,2.615353000,1.806992000,0.000000000,0.000000000,0.000000000,1.000000000
1403715366.977143049,0.119436000,2.614262000,1.807155000,0.000000000,0.000000000,0.000000000,1.000000000
1403715366.982143164,0.117244000,2.613155000,1.807330000,0.000000000,0.000000000,0.000000000,1.000000000
1403715366.987143040,0.115052000,2.612032000,1.807517000,0.000000000,0.000000000,0.000000000,1.000000000
1403715366.992142916,0.112864000,2.610903000,1.807708000,0.000000000,0.000000000,0.000000000,1.000000000
1403715366.997143030,0.110686000,2.609777000,1.807906000,0.000000000,0.000000000,0.000000000,1.000000000
1403715367.002143145,0.108460000,2.608735000,1.808137000,0.000000000,0.000000000,0.000000000,1.000000000
1403715367.007143021,0.106311000,2.607601000,1.808370000,0.000000000,0.000000000,0.000000000,1.000000000
1403715367.012142897,0.104175000,2.606456000,1.808604000,0.000000000,0.000000000,0.000000000,1.000000000
1403715367.017143011,0.102041000,2.605303000,1.808837000,0.000000000,0.000000000,0.000000000,1.000000000
1403715367.022143126,0.099908000,2.604145000,1.809069000,0.000000000,0.000000000,0.000000000,1.000000000
1403715367.027143002,0.097780000,2.602980000,1.809306000,0.000000000,0.000000000,0.000000000,1.000000000
1403715367.032143116,0.095664000,2.601803000,1.809549000,0.000000000,0.000000000,0.000000000,1.000000000
1403715367.037143230,0.093563000,2.600613000,1.809793000,0.000000000,0.000000000,0.000000000,1.000000000
1403715367.042143345,0.091476000,2.599408000,1.810031000,0.000000000,0.000000000,0.000000000,1.000000000
1403715367.047142982,0.089393000,2.598197000,1.810271000,0.000000000,0.000000000,0.000000000,1.000000000
1403715367.052143097,0.087245000,2.597073000,1.810522000,0.000000000,0.000000000,0.000000000,1.000000000
1403715367.057143211,0.085154000,2.595856000,1.810775000,0.000000000,0.000000000,0.000000000,1.000000000
1403715367.062143087,0.083072000,2.594621000,1.811037000,0.000000000,0.000000000,0.000000000,1.000000000
1403715367.067142963,0.080997000,2.593378000,1.811304000,0.000000000,0.000000000,0.000000000,1.000000000
1403715367.072143078,0.078929000,2.592132000,1.811572000,0.000000000,0.000000000,0.000000000,1.000000000
1403715367.077143192,0.076869000,2.590878000,1.811847000,0.000000000,0.000000000,0.000000000,1.000000000
1403715367.082143068,0.074817000,2.589616000,1.812135000,0.000000000,0.000000000,0.000000000,1.000000000
1403715367.087142944,0.072771000,2.588343000,1.812423000,0.000000000,0.000000000,0.000000000,1.000000000
1403715367.092143297,0.070733000,2.587055000,1.812709000,0.000000000,0.000000000,0.000000000,1.000000000
1403715367.097143173,0.068700000,2.585752000,1.812998000,0.000000000,0.000000000,0.000000000,1.000000000
1403715367.102143049,0.066616000,2.584540000,1.813297000,0.000000000,0.000000000,0.000000000,1.000000000
1403715367.107142925,0.064588000,2.583243000,1.813591000,0.000000000,0.000000000,0.000000000,1.000000000
1403715367.112143278,0.062570000,2.581935000,1.813882000,0.000000000,0.000000000,0.000000000,1.000000000
1403715367.117143154,0.060563000,2.580622000,1.814170000,0.000000000,0.000000000,0.000000000,1.000000000
1403715367.122143030,0.058564000,2.579302000,1.814456000,0.000000000,0.000000000,0.000000000,1.000000000
1403715367.127142906,0.056573000,2.577969000,1.814743000,0.000000000,0.000000000,0.000000000,1.000000000
1403715367.132143259,0.054587000,2.576618000,1.815033000,0.000000000,0.000000000,0.000000000,1.000000000
1403715367.137142897,0.052602000,2.575250000,1.815319000,0.000000000,0.000000000,0.000000000,1.000000000
1403715367.142143011,0.050621000,2.573871000,1.815605000,0.000000000,0.000000000,0.000000000,1.000000000
1403715367.147142887,0.048651000,2.572482000,1.815902000,0.000000000,0.000000000,0.000000000,1.000000000
1403715367.152143240,0.046643000,2.571177000,1.816214000,0.000000000,0.000000000,0.000000000,1.000000000
1403715367.157143116,0.044698000,2.569796000,1.816534000,0.000000000,0.000000000,0.000000000,1.000000000
1403715367.162142992,0.042759000,2.568410000,1.816858000,0.000000000,0.000000000,0.000000000,1.000000000
1403715367.167143345,0.040817000,2.567010000,1.817186000,0.000000000,0.000000000,0.000000000,1.000000000
1403715367.172143221,0.038873000,2.565590000,1.817516000,0.000000000,0.000000000,0.000000000,1.000000000
1403715367.177143097,0.036930000,2.564151000,1.817843000,0.000000000,0.000000000,0.000000000,1.000000000
1403715367.182142973,0.034993000,2.562706000,1.818173000,0.000000000,0.000000000,0.000000000,1.000000000
1403715367.187143326,0.033071000,2.561256000,1.818518000,0.000000000,0.000000000,0.000000000,1.000000000
1403715367.192142963,0.031163000,2.559790000,1.818884000,0.000000000,0.000000000,0.000000000,1.000000000
1403715367.197143078,0.029264000,2.558304000,1.819264000,0.000000000,0.000000000,0.000000000,1.000000000
1403715367.202142954,0.027369000,2.556799000,1.819646000,0.000000000,0.000000000,0.000000000,1.000000000
1403715367.207143307,0.025409000,2.555384000,1.820021000,0.000000000,0.000000000,0.000000000,1.000000000
1403715367.212142944,0.023507000,2.553877000,1.820386000,0.000000000,0.000000000,0.000000000,1.000000000
1403715367.217143059,0.021615000,2.552364000,1.820715000,0.000000000,0.000000000,0.000000000,1.000000000
1403715367.222143173,0.019743000,2.550850000,1.821022000,0.000000000,0.000000000,0.000000000,1.000000000
1403715367.227143288,0.017885000,2.549342000,1.821326000,0.000000000,0.000000000,0.000000000,1.000000000
1403715367.232142925,0.016033000,2.547830000,1.821637000,0.000000000,0.000000000,0.000000000,1.000000000
1403715367.237143040,0.014180000,2.546299000,1.821962000,0.000000000,0.000000000,0.000000000,1.000000000
1403715367.242143154,0.012318000,2.544748000,1.822295000,0.000000000,0.000000000,0.000000000,1.000000000
1403715367.247143030,0.010447000,2.543180000,1.822621000,0.000000000,0.000000000,0.000000000,1.000000000
1403715367.252142906,0.008528000,2.541680000,1.822937000,0.000000000,0.000000000,0.000000000,1.000000000
1403715367.257143021,0.006649000,2.540112000,1.823257000,0.000000000,0.000000000,0.000000000,1.000000000
1403715367.262143135,0.004773000,2.538539000,1.823577000,0.000000000,0.000000000,0.000000000,1.000000000
1403715367.267143011,0.002901000,2.536961000,1.823888000,0.000000000,0.000000000,0.000000000,1.000000000
1403715367.272142887,0.001035000,2.535374000,1.824183000,0.000000000,0.000000000,0.000000000,1.000000000
1403715367.277143240,-0.000830000,2.533770000,1.824467000,0.000000000,0.000000000,0.000000000,1.000000000
1403715367.282143354,-0.002699000,2.532151000,1.824747000,0.000000000,0.000000000,0.000000000,1.000000000
1403715367.287142992,-0.004566000,2.530521000,1.825027000,0.000000000,0.000000000,0.000000000,1.000000000
1403715367.292143106,-0.006425000,2.528874000,1.825307000,0.000000000,0.000000000,0.000000000,1.000000000
1403715367.297143221,-0.008272000,2.527208000,1.825594000,0.000000000,0.000000000,0.000000000,1.000000000
1403715367.302143097,-0.010161000,2.525617000,1.825880000,0.000000000,0.000000000,0.000000000,1.000000000
1403715367.307142973,-0.012006000,2.523947000,1.826165000,0.000000000,0.000000000,0.000000000,1.000000000
1403715367.312143087,-0.013840000,2.522257000,1.826450000,0.000000000,0.000000000,0.000000000,1.000000000
1403715367.317143202,-0.015663000,2.520546000,1.826743000,0.000000000,0.000000000,0.000000000,1.000000000
1403715367.322143078,-0.017476000,2.518815000,1.827035000,0.000000000,0.000000000,0.000000000,1.000000000
1403715367.327142954,-0.019275000,2.517065000,1.827325000,0.000000000,0.000000000,0.000000000,1.000000000
1403715367.332143307,-0.021064000,2.515305000,1.827616000,0.000000000,0.000000000,0.000000000,1.000000000
1403715367.337143183,-0.022849000,2.513535000,1.827901000,0.000000000,0.000000000,0.000000000,1.000000000
1403715367.342143059,-0.024634000,2.511750000,1.828182000,0.000000000,0.000000000,0.000000000,1.000000000
1403715367.347142935,-0.026423000,2.509950000,1.828464000,0.000000000,0.000000000,0.000000000,1.000000000
1403715367.352143288,-0.028213000,2.508136000,1.828749000,0.000000000,0.000000000,0.000000000,1.000000000
1403715367.357143164,-0.030054000,2.506412000,1.829027000,0.000000000,0.000000000,0.000000000,1.000000000
1403715367.362143040,-0.031849000,2.504588000,1.829313000,0.000000000,0.000000000,0.000000000,1.000000000
1403715367.367142916,-0.033642000,2.502751000,1.829595000,0.000000000,0.000000000,0.000000000,1.000000000
1403715367.372143269,-0.035433000,2.500904000,1.829864000,0.000000000,0.000000000,0.000000000,1.000000000
1403715367.377142906,-0.037221000,2.499051000,1.830125000,0.000000000,0.000000000,0.000000000,1.000000000
1403715367.382143021,-0.039005000,2.497189000,1.830391000,0.000000000,0.000000000,0.000000000,1.000000000
1403715367.387142897,-0.040780000,2.495309000,1.830656000,0.000000000,0.000000000,0.000000000,1.000000000
1403715367.392143250,-0.042544000,2.493409000,1.830917000,0.000000000,0.000000000,0.000000000,1.000000000
1403715367.397142887,-0.044303000,2.491497000,1.831170000,0.000000000,0.000000000,0.000000000,1.000000000
1403715367.402143002,-0.046098000,2.489660000,1.831414000,0.000000000,0.000000000,0.000000000,1.000000000
1403715367.407143354,-0.047853000,2.487741000,1.831677000,0.000000000,0.000000000,0.000000000,1.000000000
1403715367.412143230,-0.049607000,2.485803000,1.831950000,0.000000000,0.000000000,0.000000000,1.000000000
1403715367.417143106,-0.051361000,2.483846000,1.832220000,0.000000000,0.000000000,0.000000000,1.000000000
1403715367.422142982,-0.053110000,2.481875000,1.832481000,0.000000000,0.000000000,0.000000000,1.000000000
1403715367.427143335,-0.054851000,2.479899000,1.832734000,0.000000000,0.000000000,0.000000000,1.000000000
1403715367.432142973,-0.056576000,2.477913000,1.832996000,0.000000000,0.000000000,0.000000000,1.000000000
1403715367.437143087,-0.058290000,2.475914000,1.833266000,0.000000000,0.000000000,0.000000000,1.000000000
1403715367.442142963,-0.060002000,2.473901000,1.833535000,0.000000000,0.000000000,0.000000000,1.000000000
1403715367.447143316,-0.061721000,2.471873000,1.833804000,0.000000000,0.000000000,0.000000000,1.000000000
1403715367.452142954,-0.063492000,2.469920000,1.834065000,0.000000000,0.000000000,0.000000000,1.000000000
1403715367.457143068,-0.065239000,2.467891000,1.834329000,0.000000000,0.000000000,0.000000000,1.000000000
1403715367.462142944,-0.066985000,2.465850000,1.834597000,0.000000000,0.000000000,0.000000000,1.000000000
1403715367.467143297,-0.068721000,2.463792000,1.834866000,0.000000000,0.000000000,0.000000000,1.000000000
1403715367.472142935,-0.070454000,2.461726000,1.835130000,0.000000000,0.000000000,0.000000000,1.000000000
1403715367.477143049,-0.072192000,2.459653000,1.835386000,0.000000000,0.000000000,0.000000000,1.000000000
1403715367.482143164,-0.073927000,2.457561000,1.835652000,0.000000000,0.000000000,0.000000000,1.000000000
1403715367.487143040,-0.075655000,2.455449000,1.835940000,0.000000000,0.000000000,0.000000000,1.000000000
1403715367.492142916,-0.077373000,2.453314000,1.836235000,0.000000000,0.000000000,0.000000000,1.000000000
1403715367.497143030,-0.079082000,2.451154000,1.836533000,0.000000000,0.000000000,0.000000000,1.000000000
1403715367.502143145,-0.080823000,2.449057000,1.836845000,0.000000000,0.000000000,0.000000000,1.000000000
1403715367.507143021,-0.082533000,2.446879000,1.837168000,0.000000000,0.000000000,0.000000000,1.000000000
1403715367.512142897,-0.084232000,2.444689000,1.837503000,0.000000000,0.000000000,0.000000000,1.000000000
1403715367.517143011,-0.085917000,2.442483000,1.837837000,0.000000000,0.000000000,0.000000000,1.000000000
1403715367.522143126,-0.087591000,2.440261000,1.838164000,0.000000000,0.000000000,0.000000000,1.000000000
1403715367.527143002,-0.089263000,2.438031000,1.838486000,0.000000000,0.000000000,0.000000000,1.000000000
1403715367.532143116,-0.090949000,2.435793000,1.838799000,0.000000000,0.000000000,0.000000000,1.000000000
1403715367.537143230,-0.092642000,2.433536000,1.839107000,0.000000000,0.000000000,0.000000000,1.000000000
1403715367.542143345,-0.094329000,2.431260000,1.839416000,0.000000000,0.000000000,0.000000000,1.000000000
1403715367.547142982,-0.096006000,2.428967000,1.839726000,0.000000000,0.000000000,0.000000000,1.000000000
1403715367.552143097,-0.097707000,2.426742000,1.840051000,0.000000000,0.000000000,0.000000000,1.000000000
1403715367.557143211,-0.099370000,2.424438000,1.840385000,0.000000000,0.000000000,0.000000000,1.000000000
1403715367.562143087,-0.101028000,2.422118000,1.840728000,0.000000000,0.000000000,0.000000000,1.000000000
1403715367.567142963,-0.102681000,2.419780000,1.841070000,0.000000000,0.000000000,0.000000000,1.000000000
1403715367.572143078,-0.104336000,2.417429000,1.841407000,0.000000000,0.000000000,0.000000000,1.000000000
1403715367.577143192,-0.105991000,2.415066000,1.841738000,0.000000000,0.000000000,0.000000000,1.000000000
1403715367.582143068,-0.107642000,2.412691000,1.842078000,0.000000000,0.000000000,0.000000000,1.000000000
1403715367.587142944,-0.109288000,2.410308000,1.842423000,0.000000000,0.000000000,0.000000000,1.000000000
1403715367.592143297,-0.110924000,2.407911000,1.842769000,0.000000000,0.000000000,0.000000000,1.000000000
1403715367.597143173,-0.112546000,2.405488000,1.843126000,0.000000000,0.000000000,0.000000000,1.000000000
1403715367.602143049,-0.114203000,2.403132000,1.843514000,0.000000000,0.000000000,0.000000000,1.000000000
1403715367.607142925,-0.115829000,2.400696000,1.843899000,0.000000000,0.000000000,0.000000000,1.000000000
1403715367.612143278,-0.117450000,2.398243000,1.844293000,0.000000000,0.000000000,0.000000000,1.000000000
1403715367.617143154,-0.119061000,2.395775000,1.844685000,0.000000000,0.000000000,0.000000000,1.000000000
1403715367.622143030,-0.120665000,2.393296000,1.845066000,0.000000000,0.000000000,0.000000000,1.000000000
1403715367.627142906,-0.122264000,2.390807000,1.845433000,0.000000000,0.000000000,0.000000000,1.000000000
1403715367.632143259,-0.123857000,2.388306000,1.845792000,0.000000000,0.000000000,0.000000000,1.000000000
1403715367.637142897,-0.125445000,2.385798000,1.846145000,0.000000000,0.000000000,0.000000000,1.000000000
1403715367.642143011,-0.127030000,2.383285000,1.846484000,0.000000000,0.000000000,0.000000000,1.000000000
1403715367.647142887,-0.128609000,2.380761000,1.846815000,0.000000000,0.000000000,0.000000000,1.000000000
1403715367.652143240,-0.130221000,2.378312000,1.847172000,0.000000000,0.000000000,0.000000000,1.000000000
1403715367.657143116,-0.131791000,2.375778000,1.847522000,0.000000000,0.000000000,0.000000000,1.000000000
1403715367.662142992,-0.133356000,2.373223000,1.847886000,0.000000000,0.000000000,0.000000000,1.000000000
1403715367.667143345,-0.134916000,2.370645000,1.848262000,0.000000000,0.000000000,0.000000000,1.000000000
1403715367.672143221,-0.136478000,2.368048000,1.848645000,0.000000000,0.000000000,0.000000000,1.000000000
1403715367.677143097,-0.138039000,2.365437000,1.849037000,0.000000000,0.000000000,0.000000000,1.000000000
1403715367.682142973,-0.139593000,2.362809000,1.849434000,0.000000000,0.000000000,0.000000000,1.000000000
1403715367.687143326,-0.141134000,2.360162000,1.849832000,0.000000000,0.000000000,0.000000000,1.000000000
1403715367.692142963,-0.142664000,2.357497000,1.850232000,0.000000000,0.000000000,0.000000000,1.000000000
1403715367.697143078,-0.144192000,2.354814000,1.850630000,0.000000000,0.000000000,0.000000000,1.000000000
1403715367.702142954,-0.145761000,2.352203000,1.851057000,0.000000000,0.000000000,0.000000000,1.000000000
1403715367.707143307,-0.147285000,2.349515000,1.851457000,0.000000000,0.000000000,0.000000000,1.000000000
1403715367.712142944,-0.148798000,2.346818000,1.851851000,0.000000000,0.000000000,0.000000000,1.000000000
1403715367.717143059,-0.150301000,2.344104000,1.852244000,0.000000000,0.000000000,0.000000000,1.000000000
1403715367.722143173,-0.151799000,2.341381000,1.852639000,0.000000000,0.000000000,0.000000000,1.000000000
1403715367.727143288,-0.153303000,2.338647000,1.853033000,0.000000000,0.000000000,0.000000000,1.000000000
1403715367.732142925,-0.154805000,2.335893000,1.853429000,0.000000000,0.000000000,0.000000000,1.000000000
1403715367.737143040,-0.156302000,2.333119000,1.853831000,0.000000000,0.000000000,0.000000000,1.000000000
1403715367.742143154,-0.157789000,2.330330000,1.854235000,0.000000000,0.000000000,0.000000000,1.000000000
1403715367.747143030,-0.159265000,2.327533000,1.854643000,0.000000000,0.000000000,0.000000000,1.000000000
1403715367.752142906,-0.160733000,2.324730000,1.855056000,0.000000000,0.000000000,0.000000000,1.000000000
1403715367.757143021,-0.162257000,2.322023000,1.855519000,0.000000000,0.000000000,0.000000000,1.000000000
1403715367.762143135,-0.163727000,2.319203000,1.855949000,0.000000000,0.000000000,0.000000000,1.000000000
1403715367.767143011,-0.165193000,2.316367000,1.856376000,0.000000000,0.000000000,0.000000000,1.000000000
1403715367.772142887,-0.166655000,2.313520000,1.856798000,0.000000000,0.000000000,0.000000000,1.000000000
1403715367.777143240,-0.168111000,2.310664000,1.857219000,0.000000000,0.000000000,0.000000000,1.000000000
1403715367.782143354,-0.169558000,2.307797000,1.857637000,0.000000000,0.000000000,0.000000000,1.000000000
1403715367.787142992,-0.170999000,2.304919000,1.858054000,0.000000000,0.000000000,0.000000000,1.000000000
1403715367.792143106,-0.172437000,2.302025000,1.858469000,0.000000000,0.000000000,0.000000000,1.000000000
1403715367.797143221,-0.173871000,2.299114000,1.858885000,0.000000000,0.000000000,0.000000000,1.000000000
1403715367.802143097,-0.175350000,2.296282000,1.859343000,0.000000000,0.000000000,0.000000000,1.000000000
1403715367.807142973,-0.176787000,2.293368000,1.859772000,0.000000000,0.000000000,0.000000000,1.000000000
1403715367.812143087,-0.178220000,2.290447000,1.860201000,0.000000000,0.000000000,0.000000000,1.000000000
1403715367.817143202,-0.179647000,2.287519000,1.860637000,0.000000000,0.000000000,0.000000000,1.000000000
1403715367.822143078,-0.181072000,2.284580000,1.861078000,0.000000000,0.000000000,0.000000000,1.000000000
1403715367.827142954,-0.182497000,2.281631000,1.861518000,0.000000000,0.000000000,0.000000000,1.000000000
1403715367.832143307,-0.183922000,2.278674000,1.861959000,0.000000000,0.000000000,0.000000000,1.000000000
1403715367.837143183,-0.185346000,2.275705000,1.862402000,0.000000000,0.000000000,0.000000000,1.000000000
1403715367.842143059,-0.186770000,2.272730000,1.862845000,0.000000000,0.000000000,0.000000000,1.000000000
1403715367.847142935,-0.188189000,2.269749000,1.863279000,0.000000000,0.000000000,0.000000000,1.000000000
1403715367.852143288,-0.189649000,2.266847000,1.863749000,0.000000000,0.000000000,0.000000000,1.000000000
1403715367.857143164,-0.191073000,2.263854000,1.864192000,0.000000000,0.000000000,0.000000000,1.000000000
1403715367.862143040,-0.192503000,2.260845000,1.864631000,0.000000000,0.000000000,0.000000000,1.000000000
1403715367.867142916,-0.193934000,2.257815000,1.865071000,0.000000000,0.000000000,0.000000000,1.000000000
1403715367.872143269,-0.195365000,2.254770000,1.865508000,0.000000000,0.000000000,0.000000000,1.000000000
1403715367.877142906,-0.196789000,2.251711000,1.865943000,0.000000000,0.000000000,0.000000000,1.000000000
1403715367.882143021,-0.198202000,2.248639000,1.866384000,0.000000000,0.000000000,0.000000000,1.000000000
1403715367.887142897,-0.199601000,2.245559000,1.866824000,0.000000000,0.000000000,0.000000000,1.000000000
1403715367.892143250,-0.200989000,2.242470000,1.867260000,0.000000000,0.000000000,0.000000000,1.000000000
1403715367.897142887,-0.202369000,2.239378000,1.867692000,0.000000000,0.000000000,0.000000000,1.000000000
1403715367.902143002,-0.203786000,2.236369000,1.868158000,0.000000000,0.000000000,0.000000000,1.000000000
1403715367.907143354,-0.205148000,2.233270000,1.868616000,0.000000000,0.000000000,0.000000000,1.000000000
1403715367.912143230,-0.206501000,2.230157000,1.869083000,0.000000000,0.000000000,0.000000000,1.000000000
1403715367.917143106,-0.207860000,2.227028000,1.869543000,0.000000000,0.000000000,0.000000000,1.000000000
1403715367.922142982,-0.209218000,2.223887000,1.870010000,0.000000000,0.000000000,0.000000000,1.000000000
1403715367.927143335,-0.210569000,2.220739000,1.870481000,0.000000000,0.000000000,0.000000000,1.000000000
1403715367.932142973,-0.211913000,2.217587000,1.870947000,0.000000000,0.000000000,0.000000000,1.000000000
1403715367.937143087,-0.213243000,2.214428000,1.871408000,0.000000000,0.000000000,0.000000000,1.000000000
1403715367.942142963,-0.214563000,2.211264000,1.871862000,0.000000000,0.000000000,0.000000000,1.000000000
1403715367.947143316,-0.215882000,2.208100000,1.872308000,0.000000000,0.000000000,0.000000000,1.000000000
1403715367.952142954,-0.217249000,2.205030000,1.872780000,0.000000000,0.000000000,0.000000000,1.000000000
1403715367.957143068,-0.218578000,2.201876000,1.873221000,0.000000000,0.000000000,0.000000000,1.000000000
1403715367.962142944,-0.219896000,2.198704000,1.873654000,0.000000000,0.000000000,0.000000000,1.000000000
1403715367.967143297,-0.221207000,2.195520000,1.874076000,0.000000000,0.000000000,0.000000000,1.000000000
1403715367.972142935,-0.222516000,2.192331000,1.874484000,0.000000000,0.000000000,0.000000000,1.000000000
1403715367.977143049,-0.223826000,2.189135000,1.874889000,0.000000000,0.000000000,0.000000000,1.000000000
1403715367.982143164,-0.225136000,2.185931000,1.875291000,0.000000000,0.000000000,0.000000000,1.000000000
1403715367.987143040,-0.226442000,2.182718000,1.875695000,0.000000000,0.000000000,0.000000000,1.000000000
1403715367.992142916,-0.227740000,2.179498000,1.876100000,0.000000000,0.000000000,0.000000000,1.000000000
1403715367.997143030,-0.229034000,2.176273000,1.876493000,0.000000000,0.000000000,0.000000000,1.000000000
1403715368.002143145,-0.230374000,2.173134000,1.876894000,0.000000000,0.000000000,0.000000000,1.000000000
1403715368.007143021,-0.231681000,2.169926000,1.877264000,0.000000000,0.000000000,0.000000000,1.000000000
1403715368.012142897,-0.232982000,2.166706000,1.877630000,0.000000000,0.000000000,0.000000000,1.000000000
1403715368.017143011,-0.234272000,2.163472000,1.877999000,0.000000000,0.000000000,0.000000000,1.000000000
1403715368.022143126,-0.235555000,2.160235000,1.878370000,0.000000000,0.000000000,0.000000000,1.000000000
1403715368.027143002,-0.236838000,2.156998000,1.878738000,0.000000000,0.000000000,0.000000000,1.000000000
1403715368.032143116,-0.238124000,2.153757000,1.879111000,0.000000000,0.000000000,0.000000000,1.000000000
1403715368.037143230,-0.239413000,2.150505000,1.879481000,0.000000000,0.000000000,0.000000000,1.000000000
1403715368.042143345,-0.240699000,2.147241000,1.879842000,0.000000000,0.000000000,0.000000000,1.000000000
1403715368.047142982,-0.241977000,2.143971000,1.880183000,0.000000000,0.000000000,0.000000000,1.000000000
1403715368.052143097,-0.243296000,2.140780000,1.880525000,0.000000000,0.000000000,0.000000000,1.000000000
1403715368.057143211,-0.244578000,2.137530000,1.880834000,0.000000000,0.000000000,0.000000000,1.000000000
1403715368.062143087,-0.245862000,2.134282000,1.881133000,0.000000000,0.000000000,0.000000000,1.000000000
1403715368.067142963,-0.247143000,2.131028000,1.881420000,0.000000000,0.000000000,0.000000000,1.000000000
1403715368.072143078,-0.248424000,2.127761000,1.881698000,0.000000000,0.000000000,0.000000000,1.000000000
1403715368.077143192,-0.249710000,2.124490000,1.881967000,0.000000000,0.000000000,0.000000000,1.000000000
1403715368.082143068,-0.251004000,2.121226000,1.882225000,0.000000000,0.000000000,0.000000000,1.000000000
1403715368.087142944,-0.252307000,2.117972000,1.882484000,0.000000000,0.000000000,0.000000000,1.000000000
1403715368.092143297,-0.253610000,2.114726000,1.882751000,0.000000000,0.000000000,0.000000000,1.000000000
1403715368.097143173,-0.254911000,2.111479000,1.883028000,0.000000000,0.000000000,0.000000000,1.000000000
1403715368.102143049,-0.256253000,2.108297000,1.883326000,0.000000000,0.000000000,0.000000000,1.000000000
1403715368.107142925,-0.257557000,2.105042000,1.883609000,0.000000000,0.000000000,0.000000000,1.000000000
1403715368.112143278,-0.258861000,2.101774000,1.883877000,0.000000000,0.000000000,0.000000000,1.000000000
1403715368.117143154,-0.260169000,2.098504000,1.884126000,0.000000000,0.000000000,0.000000000,1.000000000
1403715368.122143030,-0.261480000,2.095244000,1.884355000,0.000000000,0.000000000,0.000000000,1.000000000
1403715368.127142906,-0.262794000,2.091989000,1.884572000,0.000000000,0.000000000,0.000000000,1.000000000
1403715368.132143259,-0.264106000,2.088732000,1.884788000,0.000000000,0.000000000,0.000000000,1.000000000
1403715368.137142897,-0.265415000,2.085472000,1.884999000,0.000000000,0.000000000,0.000000000,1.000000000
1403715368.142143011,-0.266722000,2.082209000,1.885199000,0.000000000,0.000000000,0.000000000,1.000000000
1403715368.147142887,-0.268028000,2.078949000,1.885389000,0.000000000,0.000000000,0.000000000,1.000000000
1403715368.152143240,-0.269382000,2.075755000,1.885576000,0.000000000,0.000000000,0.000000000,1.000000000
1403715368.157143116,-0.270702000,2.072506000,1.885743000,0.000000000,0.000000000,0.000000000,1.000000000
1403715368.162142992,-0.272023000,2.069252000,1.885891000,0.000000000,0.000000000,0.000000000,1.000000000
1403715368.167143345,-0.273342000,2.065993000,1.886026000,0.000000000,0.000000000,0.000000000,1.000000000
1403715368.172143221,-0.274660000,2.062742000,1.886154000,0.000000000,0.000000000,0.000000000,1.000000000
1403715368.177143097,-0.275984000,2.059500000,1.886275000,0.000000000,0.000000000,0.000000000,1.000000000
1403715368.182142973,-0.277316000,2.056264000,1.886397000,0.000000000,0.000000000,0.000000000,1.000000000
1403715368.187143326,-0.278654000,2.053032000,1.886521000,0.000000000,0.000000000,0.000000000,1.000000000
1403715368.192142963,-0.279996000,2.049800000,1.886648000,0.000000000,0.000000000,0.000000000,1.000000000
1403715368.197143078,-0.281341000,2.046565000,1.886775000,0.000000000,0.000000000,0.000000000,1.000000000
1403715368.202142954,-0.282737000,2.043390000,1.886902000,0.000000000,0.000000000,0.000000000,1.000000000
1403715368.207143307,-0.284094000,2.040169000,1.887008000,0.000000000,0.000000000,0.000000000,1.000000000
1403715368.212142944,-0.285454000,2.036954000,1.887107000,0.000000000,0.000000000,0.000000000,1.000000000
1403715368.217143059,-0.286816000,2.033745000,1.887199000,0.000000000,0.000000000,0.000000000,1.000000000
1403715368.222143173,-0.288185000,2.030541000,1.887284000,0.000000000,0.000000000,0.000000000,1.000000000
1403715368.227143288,-0.289564000,2.027338000,1.887357000,0.000000000,0.000000000,0.000000000,1.000000000
1403715368.232142925,-0.290948000,2.024134000,1.887417000,0.000000000,0.000000000,0.000000000,1.000000000
1403715368.237143040,-0.292331000,2.020923000,1.887472000,0.000000000,0.000000000,0.000000000,1.000000000
1403715368.242143154,-0.293710000,2.017704000,1.887519000,0.000000000,0.000000000,0.000000000,1.000000000
1403715368.247143030,-0.295088000,2.014481000,1.887558000,0.000000000,0.000000000,0.000000000,1.000000000
1403715368.252142906,-0.296520000,2.011309000,1.887599000,0.000000000,0.000000000,0.000000000,1.000000000
1403715368.257143021,-0.297910000,2.008096000,1.887626000,0.000000000,0.000000000,0.000000000,1.000000000
1403715368.262143135,-0.299311000,2.004889000,1.887648000,0.000000000,0.000000000,0.000000000,1.000000000
1403715368.267143011,-0.300719000,2.001682000,1.887667000,0.000000000,0.000000000,0.000000000,1.000000000
1403715368.272142887,-0.302133000,1.998472000,1.887687000,0.000000000,0.000000000,0.000000000,1.000000000
1403715368.277143240,-0.303554000,1.995263000,1.887704000,0.000000000,0.000000000,0.000000000,1.000000000
1403715368.282143354,-0.304981000,1.992054000,1.887712000,0.000000000,0.000000000,0.000000000,1.000000000
1403715368.287142992,-0.306412000,1.988836000,1.887723000,0.000000000,0.000000000,0.000000000,1.000000000
1403715368.292143106,-0.307850000,1.985612000,1.887739000,0.000000000,0.000000000,0.000000000,1.000000000
1403715368.297143221,-0.309299000,1.982386000,1.887762000,0.000000000,0.000000000,0.000000000,1.000000000
1403715368.302143097,-0.310817000,1.979199000,1.887815000,0.000000000,0.000000000,0.000000000,1.000000000
1403715368.307142973,-0.312287000,1.975970000,1.887867000,0.000000000,0.000000000,0.000000000,1.000000000
1403715368.312143087,-0.313756000,1.972739000,1.887918000,0.000000000,0.000000000,0.000000000,1.000000000
1403715368.317143202,-0.315230000,1.969507000,1.887957000,0.000000000,0.000000000,0.000000000,1.000000000
1403715368.322143078,-0.316710000,1.966268000,1.887979000,0.000000000,0.000000000,0.000000000,1.000000000
1403715368.327142954,-0.318193000,1.963024000,1.887989000,0.000000000,0.000000000,0.000000000,1.000000000
1403715368.332143307,-0.319683000,1.959786000,1.887992000,0.000000000,0.000000000,0.000000000,1.000000000
1403715368.337143183,-0.321184000,1.956556000,1.887982000,0.000000000,0.000000000,0.000000000,1.000000000
1403715368.342143059,-0.322693000,1.953325000,1.887962000,0.000000000,0.000000000,0.000000000,1.000000000
1403715368.347142935,-0.324212000,1.950091000,1.887943000,0.000000000,0.000000000,0.000000000,1.000000000
1403715368.352143288,-0.325812000,1.946891000,1.887931000,0.000000000,0.000000000,0.000000000,1.000000000
1403715368.357143164,-0.327367000,1.943657000,1.887900000,0.000000000,0.000000000,0.000000000,1.000000000
1403715368.362143040,-0.328932000,1.940424000,1.887878000,0.000000000,0.000000000,0.000000000,1.000000000
1403715368.367142916,-0.330509000,1.937188000,1.887863000,0.000000000,0.000000000,0.000000000,1.000000000
1403715368.372143269,-0.332095000,1.933942000,1.887853000,0.000000000,0.000000000,0.000000000,1.000000000
1403715368.377142906,-0.333687000,1.930690000,1.887841000,0.000000000,0.000000000,0.000000000,1.000000000
1403715368.382143021,-0.335286000,1.927437000,1.887815000,0.000000000,0.000000000,0.000000000,1.000000000
1403715368.387142897,-0.336897000,1.924187000,1.887773000,0.000000000,0.000000000,0.000000000,1.000000000
1403715368.392143250,-0.338520000,1.920935000,1.887724000,0.000000000,0.000000000,0.000000000,1.000000000
1403715368.397142887,-0.340153000,1.917676000,1.887676000,0.000000000,0.000000000,0.000000000,1.000000000
1403715368.402143002,-0.341865000,1.914443000,1.887651000,0.000000000,0.000000000,0.000000000,1.000000000
1403715368.407143354,-0.343513000,1.911181000,1.887602000,0.000000000,0.000000000,0.000000000,1.000000000
1403715368.412143230,-0.345157000,1.907909000,1.887542000,0.000000000,0.000000000,0.000000000,1.000000000
1403715368.417143106,-0.346805000,1.904630000,1.887486000,0.000000000,0.000000000,0.000000000,1.000000000
1403715368.422142982,-0.348461000,1.901345000,1.887436000,0.000000000,0.000000000,0.000000000,1.000000000
1403715368.427143335,-0.350127000,1.898051000,1.887404000,0.000000000,0.000000000,0.000000000,1.000000000
1403715368.432142973,-0.351806000,1.894755000,1.887400000,0.000000000,0.000000000,0.000000000,1.000000000
1403715368.437143087,-0.353499000,1.891454000,1.887404000,0.000000000,0.000000000,0.000000000,1.000000000
1403715368.442142963,-0.355197000,1.888143000,1.887406000,0.000000000,0.000000000,0.000000000,1.000000000
1403715368.447143316,-0.356906000,1.884830000,1.887393000,0.000000000,0.000000000,0.000000000,1.000000000
1403715368.452142954,-0.358710000,1.881540000,1.887384000,0.000000000,0.000000000,0.000000000,1.000000000
1403715368.457143068,-0.360451000,1.878221000,1.887351000,0.000000000,0.000000000,0.000000000,1.000000000
1403715368.462142944,-0.362191000,1.874897000,1.887324000,0.000000000,0.000000000,0.000000000,1.000000000
1403715368.467143297,-0.363937000,1.871566000,1.887299000,0.000000000,0.000000000,0.000000000,1.000000000
1403715368.472142935,-0.365692000,1.868229000,1.887265000,0.000000000,0.000000000,0.000000000,1.000000000
1403715368.477143049,-0.367461000,1.864888000,1.887224000,0.000000000,0.000000000,0.000000000,1.000000000
1403715368.482143164,-0.369247000,1.861544000,1.887181000,0.000000000,0.000000000,0.000000000,1.000000000
1403715368.487143040,-0.371050000,1.858196000,1.887137000,0.000000000,0.000000000,0.000000000,1.000000000
1403715368.492142916,-0.372864000,1.854844000,1.887098000,0.000000000,0.000000000,0.000000000,1.000000000
1403715368.497143030,-0.374688000,1.851493000,1.887052000,0.000000000,0.000000000,0.000000000,1.000000000
1403715368.502143145,-0.376615000,1.848165000,1.887028000,0.000000000,0.000000000,0.000000000,1.000000000
1403715368.507143021,-0.378490000,1.844819000,1.886986000,0.000000000,0.000000000,0.000000000,1.000000000
1403715368.512142897,-0.380384000,1.841476000,1.886950000,0.000000000,0.000000000,0.000000000,1.000000000
1403715368.517143011,-0.382296000,1.838130000,1.886918000,0.000000000,0.000000000,0.000000000,1.000000000
1403715368.522143126,-0.384222000,1.834782000,1.886885000,0.000000000,0.000000000,0.000000000,1.000000000
1403715368.527143002,-0.386158000,1.831430000,1.886847000,0.000000000,0.000000000,0.000000000,1.000000000
1403715368.532143116,-0.388101000,1.828081000,1.886806000,0.000000000,0.000000000,0.000000000,1.000000000
1403715368.537143230,-0.390048000,1.824736000,1.886754000,0.000000000,0.000000000,0.000000000,1.000000000
1403715368.542143345,-0.392002000,1.821386000,1.886690000,0.000000000,0.000000000,0.000000000,1.000000000
1403715368.547142982,-0.393970000,1.818034000,1.886619000,0.000000000,0.000000000,0.000000000,1.000000000
1403715368.552143097,-0.396042000,1.814692000,1.886571000,0.000000000,0.000000000,0.000000000,1.000000000
1403715368.557143211,-0.398054000,1.811331000,1.886498000,0.000000000,0.000000000,0.000000000,1.000000000
1403715368.562143087,-0.400075000,1.807972000,1.886419000,0.000000000,0.000000000,0.000000000,1.000000000
1403715368.567142963,-0.402101000,1.804614000,1.886334000,0.000000000,0.000000000,0.000000000,1.000000000
1403715368.572143078,-0.404135000,1.801253000,1.886252000,0.000000000,0.000000000,0.000000000,1.000000000
1403715368.577143192,-0.406187000,1.797890000,1.886168000,0.000000000,0.000000000,0.000000000,1.000000000
1403715368.582143068,-0.408250000,1.794521000,1.886080000,0.000000000,0.000000000,0.000000000,1.000000000
1403715368.587142944,-0.410323000,1.791149000,1.885999000,0.000000000,0.000000000,0.000000000,1.000000000
1403715368.592143297,-0.412409000,1.787784000,1.885929000,0.000000000,0.000000000,0.000000000,1.000000000
1403715368.597143173,-0.414508000,1.784423000,1.885866000,0.000000000,0.000000000,0.000000000,1.000000000
1403715368.602143049,-0.416719000,1.781076000,1.885841000,0.000000000,0.000000000,0.000000000,1.000000000
1403715368.607142925,-0.418877000,1.777720000,1.885783000,0.000000000,0.000000000,0.000000000,1.000000000
1403715368.612143278,-0.421042000,1.774363000,1.885715000,0.000000000,0.000000000,0.000000000,1.000000000
1403715368.617143154,-0.423216000,1.771005000,1.885640000,0.000000000,0.000000000,0.000000000,1.000000000
1403715368.622143030,-0.425397000,1.767649000,1.885554000,0.000000000,0.000000000,0.000000000,1.000000000
1403715368.627142906,-0.427583000,1.764297000,1.885462000,0.000000000,0.000000000,0.000000000,1.000000000
1403715368.632143259,-0.429773000,1.760947000,1.885369000,0.000000000,0.000000000,0.000000000,1.000000000
1403715368.637142897,-0.431969000,1.757595000,1.885278000,0.000000000,0.000000000,0.000000000,1.000000000
1403715368.642143011,-0.434173000,1.754240000,1.885186000,0.000000000,0.000000000,0.000000000,1.000000000
1403715368.647142887,-0.436382000,1.750883000,1.885084000,0.000000000,0.000000000,0.000000000,1.000000000
1403715368.652143240,-0.438684000,1.747536000,1.885000000,0.000000000,0.000000000,0.000000000,1.000000000
1403715368.657143116,-0.440926000,1.744196000,1.884898000,0.000000000,0.000000000,0.000000000,1.000000000
1403715368.662142992,-0.443174000,1.740873000,1.884789000,0.000000000,0.000000000,0.000000000,1.000000000
1403715368.667143345,-0.445424000,1.737554000,1.884672000,0.000000000,0.000000000,0.000000000,1.000000000
1403715368.672143221,-0.447676000,1.734245000,1.884545000,0.000000000,0.000000000,0.000000000,1.000000000
1403715368.677143097,-0.449937000,1.730943000,1.884407000,0.000000000,0.000000000,0.000000000,1.000000000
1403715368.682142973,-0.452208000,1.727642000,1.884266000,0.000000000,0.000000000,0.000000000,1.000000000
1403715368.687143326,-0.454487000,1.724334000,1.884127000,0.000000000,0.000000000,0.000000000,1.000000000
1403715368.692142963,-0.456771000,1.721022000,1.883988000,0.000000000,0.000000000,0.000000000,1.000000000
1403715368.697143078,-0.459060000,1.717712000,1.883841000,0.000000000,0.000000000,0.000000000,1.000000000
1403715368.702142954,-0.461445000,1.714414000,1.883694000,0.000000000,0.000000000,0.000000000,1.000000000
1403715368.707143307,-0.463763000,1.711111000,1.883537000,0.000000000,0.000000000,0.000000000,1.000000000
1403715368.712142944,-0.466092000,1.707805000,1.883390000,0.000000000,0.000000000,0.000000000,1.000000000
1403715368.717143059,-0.468432000,1.704489000,1.883255000,0.000000000,0.000000000,0.000000000,1.000000000
1403715368.722143173,-0.470778000,1.701174000,1.883132000,0.000000000,0.000000000,0.000000000,1.000000000
1403715368.727143288,-0.473130000,1.697864000,1.883006000,0.000000000,0.000000000,0.000000000,1.000000000
1403715368.732142925,-0.475484000,1.694558000,1.882877000,0.000000000,0.000000000,0.000000000,1.000000000
1403715368.737143040,-0.477840000,1.691253000,1.882748000,0.000000000,0.000000000,0.000000000,1.000000000
1403715368.742143154,-0.480199000,1.687946000,1.882620000,0.000000000,0.000000000,0.000000000,1.000000000
1403715368.747143030,-0.482556000,1.684636000,1.882490000,0.000000000,0.000000000,0.000000000,1.000000000
1403715368.752142906,-0.485005000,1.681341000,1.882354000,0.000000000,0.000000000,0.000000000,1.000000000
1403715368.757143021,-0.487388000,1.678045000,1.882203000,0.000000000,0.000000000,0.000000000,1.000000000
1403715368.762143135,-0.489778000,1.674755000,1.882049000,0.000000000,0.000000000,0.000000000,1.000000000
1403715368.767143011,-0.492178000,1.671471000,1.881901000,0.000000000,0.000000000,0.000000000,1.000000000
1403715368.772142887,-0.494579000,1.668189000,1.881762000,0.000000000,0.000000000,0.000000000,1.000000000
1403715368.777143240,-0.496980000,1.664906000,1.881635000,0.000000000,0.000000000,0.000000000,1.000000000
1403715368.782143354,-0.499382000,1.661625000,1.881512000,0.000000000,0.000000000,0.000000000,1.000000000
1403715368.787142992,-0.501781000,1.658351000,1.881390000,0.000000000,0.000000000,0.000000000,1.000000000
1403715368.792143106,-0.504177000,1.655084000,1.881270000,0.000000000,0.000000000,0.000000000,1.000000000
1403715368.797143221,-0.506575000,1.651830000,1.881151000,0.000000000,0.000000000,0.000000000,1.000000000
1403715368.802143097,-0.509063000,1.648601000,1.881023000,0.000000000,0.000000000,0.000000000,1.000000000
1403715368.807142973,-0.511487000,1.645370000,1.880901000,0.000000000,0.000000000,0.000000000,1.000000000
1403715368.812143087,-0.513911000,1.642148000,1.880773000,0.000000000,0.000000000,0.000000000,1.000000000
1403715368.817143202,-0.516330000,1.638934000,1.880637000,0.000000000,0.000000000,0.000000000,1.000000000
1403715368.822143078,-0.518744000,1.635723000,1.880498000,0.000000000,0.000000000,0.000000000,1.000000000
1403715368.827142954,-0.521154000,1.632512000,1.880354000,0.000000000,0.000000000,0.000000000,1.000000000
1403715368.832143307,-0.523561000,1.629303000,1.880198000,0.000000000,0.000000000,0.000000000,1.000000000
1403715368.837143183,-0.525970000,1.626099000,1.880035000,0.000000000,0.000000000,0.000000000,1.000000000
1403715368.842143059,-0.528383000,1.622898000,1.879873000,0.000000000,0.000000000,0.000000000,1.000000000
1403715368.847142935,-0.530795000,1.619693000,1.879718000,0.000000000,0.000000000,0.000000000,1.000000000
1403715368.852143288,-0.533288000,1.616504000,1.879540000,0.000000000,0.000000000,0.000000000,1.000000000
1403715368.857143164,-0.535709000,1.613299000,1.879376000,0.000000000,0.000000000,0.000000000,1.000000000
1403715368.862143040,-0.538132000,1.610095000,1.879210000,0.000000000,0.000000000,0.000000000,1.000000000
1403715368.867142916,-0.540551000,1.606893000,1.879047000,0.000000000,0.000000000,0.000000000,1.000000000
1403715368.872143269,-0.542958000,1.603682000,1.878899000,0.000000000,0.000000000,0.000000000,1.000000000
1403715368.877142906,-0.545358000,1.600477000,1.878752000,0.000000000,0.000000000,0.000000000,1.000000000
1403715368.882143021,-0.547755000,1.597285000,1.878596000,0.000000000,0.000000000,0.000000000,1.000000000
1403715368.887142897,-0.550151000,1.594101000,1.878440000,0.000000000,0.000000000,0.000000000,1.000000000
1403715368.892143250,-0.552553000,1.590928000,1.878286000,0.000000000,0.000000000,0.000000000,1.000000000
1403715368.897142887,-0.554958000,1.587763000,1.878134000,0.000000000,0.000000000,0.000000000,1.000000000
1403715368.902143002,-0.557447000,1.584626000,1.877951000,0.000000000,0.000000000,0.000000000,1.000000000
1403715368.907143354,-0.559873000,1.581480000,1.877790000,0.000000000,0.000000000,0.000000000,1.000000000
1403715368.912143230,-0.562295000,1.578339000,1.877634000,0.000000000,0.000000000,0.000000000,1.000000000
1403715368.917143106,-0.564710000,1.575196000,1.877478000,0.000000000,0.000000000,0.000000000,1.000000000
1403715368.922142982,-0.567122000,1.572060000,1.877325000,0.000000000,0.000000000,0.000000000,1.000000000
1403715368.927143335,-0.569533000,1.568944000,1.877162000,0.000000000,0.000000000,0.000000000,1.000000000
1403715368.932142973,-0.571934000,1.565839000,1.876982000,0.000000000,0.000000000,0.000000000,1.000000000
1403715368.937143087,-0.574330000,1.562746000,1.876798000,0.000000000,0.000000000,0.000000000,1.000000000
1403715368.942142963,-0.576727000,1.559671000,1.876611000,0.000000000,0.000000000,0.000000000,1.000000000
1403715368.947143316,-0.579118000,1.556603000,1.876423000,0.000000000,0.000000000,0.000000000,1.000000000
1403715368.952142954,-0.581575000,1.553559000,1.876205000,0.000000000,0.000000000,0.000000000,1.000000000
1403715368.957143068,-0.583970000,1.550502000,1.876026000,0.000000000,0.000000000,0.000000000,1.000000000
1403715368.962142944,-0.586365000,1.547454000,1.875837000,0.000000000,0.000000000,0.000000000,1.000000000
1403715368.967143297,-0.588753000,1.544410000,1.875644000,0.000000000,0.000000000,0.000000000,1.000000000
1403715368.972142935,-0.591135000,1.541362000,1.875459000,0.000000000,0.000000000,0.000000000,1.000000000
1403715368.977143049,-0.593518000,1.538313000,1.875279000,0.000000000,0.000000000,0.000000000,1.000000000
1403715368.982143164,-0.595896000,1.535269000,1.875088000,0.000000000,0.000000000,0.000000000,1.000000000
1403715368.987143040,-0.598263000,1.532228000,1.874879000,0.000000000,0.000000000,0.000000000,1.000000000
1403715368.992142916,-0.600618000,1.529189000,1.874656000,0.000000000,0.000000000,0.000000000,1.000000000
1403715368.997143030,-0.602966000,1.526158000,1.874424000,0.000000000,0.000000000,0.000000000,1.000000000
1403715369.002143145,-0.605382000,1.523164000,1.874140000,0.000000000,0.000000000,0.000000000,1.000000000
1403715369.007143021,-0.607740000,1.520151000,1.873910000,0.000000000,0.000000000,0.000000000,1.000000000
1403715369.012142897,-0.610095000,1.517137000,1.873699000,0.000000000,0.000000000,0.000000000,1.000000000
1403715369.017143011,-0.612446000,1.514124000,1.873501000,0.000000000,0.000000000,0.000000000,1.000000000
1403715369.022143126,-0.614800000,1.511112000,1.873311000,0.000000000,0.000000000,0.000000000,1.000000000
1403715369.027143002,-0.617157000,1.508099000,1.873128000,0.000000000,0.000000000,0.000000000,1.000000000
1403715369.032143116,-0.619510000,1.505083000,1.872941000,0.000000000,0.000000000,0.000000000,1.000000000
1403715369.037143230,-0.621854000,1.502062000,1.872749000,0.000000000,0.000000000,0.000000000,1.000000000
1403715369.042143345,-0.624197000,1.499044000,1.872558000,0.000000000,0.000000000,0.000000000,1.000000000
1403715369.047142982,-0.626538000,1.496025000,1.872368000,0.000000000,0.000000000,0.000000000,1.000000000
1403715369.052143097,-0.628941000,1.493033000,1.872131000,0.000000000,0.000000000,0.000000000,1.000000000
1403715369.057143211,-0.631288000,1.490011000,1.871947000,0.000000000,0.000000000,0.000000000,1.000000000
1403715369.062143087,-0.633633000,1.486994000,1.871773000,0.000000000,0.000000000,0.000000000,1.000000000
1403715369.067142963,-0.635974000,1.483987000,1.871614000,0.000000000,0.000000000,0.000000000,1.000000000
1403715369.072143078,-0.638305000,1.480984000,1.871469000,0.000000000,0.000000000,0.000000000,1.000000000
1403715369.077143192,-0.640625000,1.477979000,1.871340000,0.000000000,0.000000000,0.000000000,1.000000000
1403715369.082143068,-0.642940000,1.474970000,1.871232000,0.000000000,0.000000000,0.000000000,1.000000000
1403715369.087142944,-0.645252000,1.471962000,1.871138000,0.000000000,0.000000000,0.000000000,1.000000000
1403715369.092143297,-0.647556000,1.468954000,1.871033000,0.000000000,0.000000000,0.000000000,1.000000000
1403715369.097143173,-0.649849000,1.465947000,1.870906000,0.000000000,0.000000000,0.000000000,1.000000000
1403715369.102143049,-0.652125000,1.462940000,1.870764000,0.000000000,0.000000000,0.000000000,1.000000000
1403715369.107142925,-0.654459000,1.459987000,1.870532000,0.000000000,0.000000000,0.000000000,1.000000000
1403715369.112143278,-0.656726000,1.456997000,1.870358000,0.000000000,0.000000000,0.000000000,1.000000000
1403715369.117143154,-0.658989000,1.454006000,1.870177000,0.000000000,0.000000000,0.000000000,1.000000000
1403715369.122143030,-0.661252000,1.451007000,1.869991000,0.000000000,0.000000000,0.000000000,1.000000000
1403715369.127142906,-0.663517000,1.447997000,1.869819000,0.000000000,0.000000000,0.000000000,1.000000000
1403715369.132143259,-0.665776000,1.444981000,1.869673000,0.000000000,0.000000000,0.000000000,1.000000000
1403715369.137142897,-0.668027000,1.441963000,1.869536000,0.000000000,0.000000000,0.000000000,1.000000000
1403715369.142143011,-0.670256000,1.438938000,1.869412000,0.000000000,0.000000000,0.000000000,1.000000000
1403715369.147142887,-0.672465000,1.435905000,1.869305000,0.000000000,0.000000000,0.000000000,1.000000000
1403715369.152143240,-0.674720000,1.432917000,1.869125000,0.000000000,0.000000000,0.000000000,1.000000000
1403715369.157143116,-0.676928000,1.429897000,1.868988000,0.000000000,0.000000000,0.000000000,1.000000000
1403715369.162142992,-0.679135000,1.426880000,1.868854000,0.000000000,0.000000000,0.000000000,1.000000000
1403715369.167143345,-0.681338000,1.423858000,1.868726000,0.000000000,0.000000000,0.000000000,1.000000000
1403715369.172143221,-0.683533000,1.420828000,1.868598000,0.000000000,0.000000000,0.000000000,1.000000000
1403715369.177143097,-0.685720000,1.417790000,1.868470000,0.000000000,0.000000000,0.000000000,1.000000000
1403715369.182142973,-0.687894000,1.414746000,1.868347000,0.000000000,0.000000000,0.000000000,1.000000000
1403715369.187143326,-0.690055000,1.411691000,1.868239000,0.000000000,0.000000000,0.000000000,1.000000000
1403715369.192142963,-0.692214000,1.408632000,1.868139000,0.000000000,0.000000000,0.000000000,1.000000000
1403715369.197143078,-0.694374000,1.405574000,1.868041000,0.000000000,0.000000000,0.000000000,1.000000000
1403715369.202142954,-0.696571000,1.402564000,1.867879000,0.000000000,0.000000000,0.000000000,1.000000000
1403715369.207143307,-0.698714000,1.399512000,1.867790000,0.000000000,0.000000000,0.000000000,1.000000000
1403715369.212142944,-0.700841000,1.396450000,1.867718000,0.000000000,0.000000000,0.000000000,1.000000000
1403715369.217143059,-0.702959000,1.393382000,1.867653000,0.000000000,0.000000000,0.000000000,1.000000000
1403715369.222143173,-0.705078000,1.390306000,1.867589000,0.000000000,0.000000000,0.000000000,1.000000000
1403715369.227143288,-0.707202000,1.387224000,1.867520000,0.000000000,0.000000000,0.000000000,1.000000000
1403715369.232142925,-0.709326000,1.384144000,1.867444000,0.000000000,0.000000000,0.000000000,1.000000000
1403715369.237143040,-0.711444000,1.381070000,1.867371000,0.000000000,0.000000000,0.000000000,1.000000000
1403715369.242143154,-0.713552000,1.378003000,1.867314000,0.000000000,0.000000000,0.000000000,1.000000000
1403715369.247143030,-0.715646000,1.374947000,1.867263000,0.000000000,0.000000000,0.000000000,1.000000000
1403715369.252142906,-0.717767000,1.371944000,1.867124000,0.000000000,0.000000000,0.000000000,1.000000000
1403715369.257143021,-0.719860000,1.368906000,1.867038000,0.000000000,0.000000000,0.000000000,1.000000000
1403715369.262143135,-0.721953000,1.365871000,1.866940000,0.000000000,0.000000000,0.000000000,1.000000000
1403715369.267143011,-0.724036000,1.362837000,1.866828000,0.000000000,0.000000000,0.000000000,1.000000000
1403715369.272142887,-0.726106000,1.359806000,1.866714000,0.000000000,0.000000000,0.000000000,1.000000000
1403715369.277143240,-0.728169000,1.356783000,1.866595000,0.000000000,0.000000000,0.000000000,1.000000000
1403715369.282143354,-0.730223000,1.353767000,1.866479000,0.000000000,0.000000000,0.000000000,1.000000000
1403715369.287142992,-0.732270000,1.350750000,1.866374000,0.000000000,0.000000000,0.000000000,1.000000000
1403715369.292143106,-0.734313000,1.347728000,1.866281000,0.000000000,0.000000000,0.000000000,1.000000000
1403715369.297143221,-0.736359000,1.344693000,1.866201000,0.000000000,0.000000000,0.000000000,1.000000000
1403715369.302143097,-0.738404000,1.341635000,1.866148000,0.000000000,0.000000000,0.000000000,1.000000000
1403715369.307142973,-0.740475000,1.338623000,1.866021000,0.000000000,0.000000000,0.000000000,1.000000000
1403715369.312143087,-0.742508000,1.335567000,1.865984000,0.000000000,0.000000000,0.000000000,1.000000000
1403715369.317143202,-0.744519000,1.332512000,1.865958000,0.000000000,0.000000000,0.000000000,1.000000000
1403715369.322143078,-0.746511000,1.329449000,1.865942000,0.000000000,0.000000000,0.000000000,1.000000000
1403715369.327142954,-0.748489000,1.326378000,1.865933000,0.000000000,0.000000000,0.000000000,1.000000000
1403715369.332143307,-0.750463000,1.323303000,1.865921000,0.000000000,0.000000000,0.000000000,1.000000000
1403715369.337143183,-0.752438000,1.320228000,1.865908000,0.000000000,0.000000000,0.000000000,1.000000000
1403715369.342143059,-0.754407000,1.317160000,1.865885000,0.000000000,0.000000000,0.000000000,1.000000000
1403715369.347142935,-0.756371000,1.314099000,1.865855000,0.000000000,0.000000000,0.000000000,1.000000000
1403715369.352143288,-0.758348000,1.311085000,1.865740000,0.000000000,0.000000000,0.000000000,1.000000000
1403715369.357143164,-0.760292000,1.308034000,1.865690000,0.000000000,0.000000000,0.000000000,1.000000000
1403715369.362143040,-0.762215000,1.304977000,1.865649000,0.000000000,0.000000000,0.000000000,1.000000000
1403715369.367142916,-0.764129000,1.301915000,1.865606000,0.000000000,0.000000000,0.000000000,1.000000000
1403715369.372143269,-0.766036000,1.298852000,1.865562000,0.000000000,0.000000000,0.000000000,1.000000000
1403715369.377142906,-0.767940000,1.295791000,1.865526000,0.000000000,0.000000000,0.000000000,1.000000000
1403715369.382143021,-0.769840000,1.292729000,1.865499000,0.000000000,0.000000000,0.000000000,1.000000000
1403715369.387142897,-0.771731000,1.289665000,1.865478000,0.000000000,0.000000000,0.000000000,1.000000000
1403715369.392143250,-0.773611000,1.286595000,1.865457000,0.000000000,0.000000000,0.000000000,1.000000000
1403715369.397142887,-0.775483000,1.283516000,1.865440000,0.000000000,0.000000000,0.000000000,1.000000000
1403715369.402143002,-0.777358000,1.280470000,1.865355000,0.000000000,0.000000000,0.000000000,1.000000000
1403715369.407143354,-0.779223000,1.277386000,1.865341000,0.000000000,0.000000000,0.000000000,1.000000000
1403715369.412143230,-0.781083000,1.274303000,1.865339000,0.000000000,0.000000000,0.000000000,1.000000000
1403715369.417143106,-0.782926000,1.271220000,1.865347000,0.000000000,0.000000000,0.000000000,1.000000000
1403715369.422142982,-0.784740000,1.268135000,1.865367000,0.000000000,0.000000000,0.000000000,1.000000000
1403715369.427143335,-0.786537000,1.265050000,1.865384000,0.000000000,0.000000000,0.000000000,1.000000000
1403715369.432142973,-0.788329000,1.261972000,1.865389000,0.000000000,0.000000000,0.000000000,1.000000000
1403715369.437143087,-0.790116000,1.258897000,1.865380000,0.000000000,0.000000000,0.000000000,1.000000000
1403715369.442142963,-0.791889000,1.255816000,1.865361000,0.000000000,0.000000000,0.000000000,1.000000000
1403715369.447143316,-0.793653000,1.252728000,1.865334000,0.000000000,0.000000000,0.000000000,1.000000000
1403715369.452142954,-0.795409000,1.249680000,1.865238000,0.000000000,0.000000000,0.000000000,1.000000000
1403715369.457143068,-0.797167000,1.246604000,1.865214000,0.000000000,0.000000000,0.000000000,1.000000000
1403715369.462142944,-0.798918000,1.243531000,1.865209000,0.000000000,0.000000000,0.000000000,1.000000000
1403715369.467143297,-0.800656000,1.240451000,1.865229000,0.000000000,0.000000000,0.000000000,1.000000000
1403715369.472142935,-0.802389000,1.237367000,1.865269000,0.000000000,0.000000000,0.000000000,1.000000000
1403715369.477143049,-0.804125000,1.234285000,1.865310000,0.000000000,0.000000000,0.000000000,1.000000000
1403715369.482143164,-0.805858000,1.231202000,1.865339000,0.000000000,0.000000000,0.000000000,1.000000000
1403715369.487143040,-0.807576000,1.228120000,1.865356000,0.000000000,0.000000000,0.000000000,1.000000000
1403715369.492142916,-0.809279000,1.225040000,1.865358000,0.000000000,0.000000000,0.000000000,1.000000000
1403715369.497143030,-0.810975000,1.221957000,1.865348000,0.000000000,0.000000000,0.000000000,1.000000000
1403715369.502143145,-0.812658000,1.218913000,1.865273000,0.000000000,0.000000000,0.000000000,1.000000000
1403715369.507143021,-0.814357000,1.215833000,1.865241000,0.000000000,0.000000000,0.000000000,1.000000000
1403715369.512142897,-0.816061000,1.212753000,1.865214000,0.000000000,0.000000000,0.000000000,1.000000000
1403715369.517143011,-0.817760000,1.209683000,1.865190000,0.000000000,0.000000000,0.000000000,1.000000000
1403715369.522143126,-0.819446000,1.206622000,1.865178000,0.000000000,0.000000000,0.000000000,1.000000000
1403715369.527143002,-0.821118000,1.203563000,1.865183000,0.000000000,0.000000000,0.000000000,1.000000000
1403715369.532143116,-0.822776000,1.200500000,1.865200000,0.000000000,0.000000000,0.000000000,1.000000000
1403715369.537143230,-0.824425000,1.197427000,1.865217000,0.000000000,0.000000000,0.000000000,1.000000000
1403715369.542143345,-0.826071000,1.194345000,1.865224000,0.000000000,0.000000000,0.000000000,1.000000000
1403715369.547142982,-0.827721000,1.191259000,1.865233000,0.000000000,0.000000000,0.000000000,1.000000000
1403715369.552143097,-0.829346000,1.188214000,1.865195000,0.000000000,0.000000000,0.000000000,1.000000000
1403715369.557143211,-0.830983000,1.185134000,1.865188000,0.000000000,0.000000000,0.000000000,1.000000000
1403715369.562143087,-0.832607000,1.182061000,1.865174000,0.000000000,0.000000000,0.000000000,1.000000000
1403715369.567142963,-0.834217000,1.178998000,1.865166000,0.000000000,0.000000000,0.000000000,1.000000000
1403715369.572143078,-0.835815000,1.175942000,1.865164000,0.000000000,0.000000000,0.000000000,1.000000000
1403715369.577143192,-0.837409000,1.172881000,1.865159000,0.000000000,0.000000000,0.000000000,1.000000000
1403715369.582143068,-0.839006000,1.169810000,1.865145000,0.000000000,0.000000000,0.000000000,1.000000000
1403715369.587142944,-0.840609000,1.166735000,1.865126000,0.000000000,0.000000000,0.000000000,1.000000000
1403715369.592143297,-0.842216000,1.163667000,1.865115000,0.000000000,0.000000000,0.000000000,1.000000000
1403715369.597143173,-0.843812000,1.160614000,1.865118000,0.000000000,0.000000000,0.000000000,1.000000000
1403715369.602143049,-0.845358000,1.157609000,1.865084000,0.000000000,0.000000000,0.000000000,1.000000000
1403715369.607142925,-0.846906000,1.154576000,1.865091000,0.000000000,0.000000000,0.000000000,1.000000000
1403715369.612143278,-0.848449000,1.151544000,1.865089000,0.000000000,0.000000000,0.000000000,1.000000000
1403715369.617143154,-0.849990000,1.148509000,1.865081000,0.000000000,0.000000000,0.000000000,1.000000000
1403715369.622143030,-0.851522000,1.145461000,1.865076000,0.000000000,0.000000000,0.000000000,1.000000000
1403715369.627142906,-0.853049000,1.142403000,1.865089000,0.000000000,0.000000000,0.000000000,1.000000000
1403715369.632143259,-0.854575000,1.139343000,1.865108000,0.000000000,0.000000000,0.000000000,1.000000000
1403715369.637142897,-0.856092000,1.136284000,1.865120000,0.000000000,0.000000000,0.000000000,1.000000000
1403715369.642143011,-0.857596000,1.133216000,1.865134000,0.000000000,0.000000000,0.000000000,1.000000000
1403715369.647142887,-0.859101000,1.130142000,1.865154000,0.000000000,0.000000000,0.000000000,1.000000000
1403715369.652143240,-0.860586000,1.127103000,1.865133000,0.000000000,0.000000000,0.000000000,1.000000000
1403715369.657143116,-0.862097000,1.124021000,1.865159000,0.000000000,0.000000000,0.000000000,1.000000000
1403715369.662142992,-0.863607000,1.120934000,1.865183000,0.000000000,0.000000000,0.000000000,1.000000000
1403715369.667143345,-0.865108000,1.117847000,1.865204000,0.000000000,0.000000000,0.000000000,1.000000000
1403715369.672143221,-0.866596000,1.114760000,1.865225000,0.000000000,0.000000000,0.000000000,1.000000000
1403715369.677143097,-0.868076000,1.111667000,1.865244000,0.000000000,0.000000000,0.000000000,1.000000000
1403715369.682142973,-0.869558000,1.108562000,1.865265000,0.000000000,0.000000000,0.000000000,1.000000000
1403715369.687143326,-0.871042000,1.105444000,1.865282000,0.000000000,0.000000000,0.000000000,1.000000000
1403715369.692142963,-0.872525000,1.102313000,1.865295000,0.000000000,0.000000000,0.000000000,1.000000000
1403715369.697143078,-0.874001000,1.099177000,1.865305000,0.000000000,0.000000000,0.000000000,1.000000000
1403715369.702142954,-0.875439000,1.096089000,1.865274000,0.000000000,0.000000000,0.000000000,1.000000000
1403715369.707143307,-0.876890000,1.092962000,1.865270000,0.000000000,0.000000000,0.000000000,1.000000000
1403715369.712142944,-0.878333000,1.089835000,1.865263000,0.000000000,0.000000000,0.000000000,1.000000000
1403715369.717143059,-0.879771000,1.086709000,1.865254000,0.000000000,0.000000000,0.000000000,1.000000000
1403715369.722143173,-0.881213000,1.083587000,1.865248000,0.000000000,0.000000000,0.000000000,1.000000000
1403715369.727143288,-0.882656000,1.080471000,1.865244000,0.000000000,0.000000000,0.000000000,1.000000000
1403715369.732142925,-0.884093000,1.077352000,1.865243000,0.000000000,0.000000000,0.000000000,1.000000000
1403715369.737143040,-0.885519000,1.074224000,1.865246000,0.000000000,0.000000000,0.000000000,1.000000000
1403715369.742143154,-0.886939000,1.071093000,1.865249000,0.000000000,0.000000000,0.000000000,1.000000000
1403715369.747143030,-0.888354000,1.067959000,1.865251000,0.000000000,0.000000000,0.000000000,1.000000000
1403715369.752142906,-0.889733000,1.064874000,1.865229000,0.000000000,0.000000000,0.000000000,1.000000000
1403715369.757143021,-0.891129000,1.061745000,1.865234000,0.000000000,0.000000000,0.000000000,1.000000000
1403715369.762143135,-0.892519000,1.058617000,1.865237000,0.000000000,0.000000000,0.000000000,1.000000000
1403715369.767143011,-0.893900000,1.055486000,1.865239000,0.000000000,0.000000000,0.000000000,1.000000000
1403715369.772142887,-0.895273000,1.052350000,1.865236000,0.000000000,0.000000000,0.000000000,1.000000000
1403715369.777143240,-0.896645000,1.049216000,1.865220000,0.000000000,0.000000000,0.000000000,1.000000000
1403715369.782143354,-0.898013000,1.046083000,1.865195000,0.000000000,0.000000000,0.000000000,1.000000000
1403715369.787142992,-0.899377000,1.042950000,1.865165000,0.000000000,0.000000000,0.000000000,1.000000000
1403715369.792143106,-0.900733000,1.039813000,1.865135000,0.000000000,0.000000000,0.000000000,1.000000000
1403715369.797143221,-0.902078000,1.036668000,1.865108000,0.000000000,0.000000000,0.000000000,1.000000000
1403715369.802143097,-0.903386000,1.033566000,1.865050000,0.000000000,0.000000000,0.000000000,1.000000000
1403715369.807142973,-0.904712000,1.030418000,1.865010000,0.000000000,0.000000000,0.000000000,1.000000000
1403715369.812143087,-0.906031000,1.027267000,1.864973000,0.000000000,0.000000000,0.000000000,1.000000000
1403715369.817143202,-0.907343000,1.024115000,1.864940000,0.000000000,0.000000000,0.000000000,1.000000000
1403715369.822143078,-0.908653000,1.020963000,1.864910000,0.000000000,0.000000000,0.000000000,1.000000000
1403715369.827142954,-0.909962000,1.017811000,1.864876000,0.000000000,0.000000000,0.000000000,1.000000000
1403715369.832143307,-0.911266000,1.014664000,1.864839000,0.000000000,0.000000000,0.000000000,1.000000000
1403715369.837143183,-0.912561000,1.011523000,1.864791000,0.000000000,0.000000000,0.000000000,1.000000000
1403715369.842143059,-0.913844000,1.008381000,1.864725000,0.000000000,0.000000000,0.000000000,1.000000000
1403715369.847142935,-0.915117000,1.005242000,1.864649000,0.000000000,0.000000000,0.000000000,1.000000000
1403715369.852143288,-0.916351000,1.002160000,1.864548000,0.000000000,0.000000000,0.000000000,1.000000000
1403715369.857143164,-0.917597000,0.999031000,1.864468000,0.000000000,0.000000000,0.000000000,1.000000000
1403715369.862143040,-0.918833000,0.995899000,1.864396000,0.000000000,0.000000000,0.000000000,1.000000000
1403715369.867142916,-0.920061000,0.992769000,1.864317000,0.000000000,0.000000000,0.000000000,1.000000000
1403715369.872143269,-0.921279000,0.989637000,1.864229000,0.000000000,0.000000000,0.000000000,1.000000000
1403715369.877142906,-0.922479000,0.986503000,1.864137000,0.000000000,0.000000000,0.000000000,1.000000000
1403715369.882143021,-0.923667000,0.983369000,1.864028000,0.000000000,0.000000000,0.000000000,1.000000000
1403715369.887142897,-0.924851000,0.980235000,1.863908000,0.000000000,0.000000000,0.000000000,1.000000000
1403715369.892143250,-0.926038000,0.977103000,1.863774000,0.000000000,0.000000000,0.000000000,1.000000000
1403715369.897142887,-0.927227000,0.973968000,1.863629000,0.000000000,0.000000000,0.000000000,1.000000000
1403715369.902143002,-0.928380000,0.970887000,1.863464000,0.000000000,0.000000000,0.000000000,1.000000000
1403715369.907143354,-0.929547000,0.967763000,1.863302000,0.000000000,0.000000000,0.000000000,1.000000000
1403715369.912143230,-0.930694000,0.964638000,1.863141000,0.000000000,0.000000000,0.000000000,1.000000000
1403715369.917143106,-0.931824000,0.961516000,1.862985000,0.000000000,0.000000000,0.000000000,1.000000000
1403715369.922142982,-0.932946000,0.958396000,1.862826000,0.000000000,0.000000000,0.000000000,1.000000000
1403715369.927143335,-0.934063000,0.955273000,1.862666000,0.000000000,0.000000000,0.000000000,1.000000000
1403715369.932142973,-0.935174000,0.952144000,1.862501000,0.000000000,0.000000000,0.000000000,1.000000000
1403715369.937143087,-0.936278000,0.949014000,1.862332000,0.000000000,0.000000000,0.000000000,1.000000000
1403715369.942142963,-0.937377000,0.945891000,1.862162000,0.000000000,0.000000000,0.000000000,1.000000000
1403715369.947143316,-0.938472000,0.942776000,1.861983000,0.000000000,0.000000000,0.000000000,1.000000000
1403715369.952142954,-0.939516000,0.939716000,1.861782000,0.000000000,0.000000000,0.000000000,1.000000000
1403715369.957143068,-0.940574000,0.936613000,1.861596000,0.000000000,0.000000000,0.000000000,1.000000000
1403715369.962142944,-0.941622000,0.933504000,1.861415000,0.000000000,0.000000000,0.000000000,1.000000000
1403715369.967143297,-0.942661000,0.930394000,1.861234000,0.000000000,0.000000000,0.000000000,1.000000000
1403715369.972142935,-0.943686000,0.927282000,1.861055000,0.000000000,0.000000000,0.000000000,1.000000000
1403715369.977143049,-0.944700000,0.924173000,1.860881000,0.000000000,0.000000000,0.000000000,1.000000000
1403715369.982143164,-0.945703000,0.921069000,1.860711000,0.000000000,0.000000000,0.000000000,1.000000000
1403715369.987143040,-0.946696000,0.917969000,1.860545000,0.000000000,0.000000000,0.000000000,1.000000000
1403715369.992142916,-0.947673000,0.914869000,1.860371000,0.000000000,0.000000000,0.000000000,1.000000000
1403715369.997143030,-0.948633000,0.911771000,1.860182000,0.000000000,0.000000000,0.000000000,1.000000000
1403715370.002143145,-0.949543000,0.908724000,1.859957000,0.000000000,0.000000000,0.000000000,1.000000000
1403715370.007143021,-0.950474000,0.905646000,1.859735000,0.000000000,0.000000000,0.000000000,1.000000000
1403715370.012142897,-0.951393000,0.902571000,1.859507000,0.000000000,0.000000000,0.000000000,1.000000000
1403715370.017143011,-0.952302000,0.899501000,1.859280000,0.000000000,0.000000000,0.000000000,1.000000000
1403715370.022143126,-0.953206000,0.896437000,1.859049000,0.000000000,0.000000000,0.000000000,1.000000000
1403715370.027143002,-0.954093000,0.893371000,1.858820000,0.000000000,0.000000000,0.000000000,1.000000000
1403715370.032143116,-0.954956000,0.890303000,1.858599000,0.000000000,0.000000000,0.000000000,1.000000000
1403715370.037143230,-0.955805000,0.887237000,1.858371000,0.000000000,0.000000000,0.000000000,1.000000000
1403715370.042143345,-0.956638000,0.884178000,1.858139000,0.000000000,0.000000000,0.000000000,1.000000000
1403715370.047142982,-0.957452000,0.881126000,1.857911000,0.000000000,0.000000000,0.000000000,1.000000000
1403715370.052143097,-0.958201000,0.878117000,1.857666000,0.000000000,0.000000000,0.000000000,1.000000000
1403715370.057143211,-0.958971000,0.875072000,1.857446000,0.000000000,0.000000000,0.000000000,1.000000000
1403715370.062143087,-0.959731000,0.872024000,1.857230000,0.000000000,0.000000000,0.000000000,1.000000000
1403715370.067142963,-0.960480000,0.868974000,1.857013000,0.000000000,0.000000000,0.000000000,1.000000000
1403715370.072143078,-0.961212000,0.865925000,1.856796000,0.000000000,0.000000000,0.000000000,1.000000000
1403715370.077143192,-0.961922000,0.862885000,1.856574000,0.000000000,0.000000000,0.000000000,1.000000000
1403715370.082143068,-0.962616000,0.859857000,1.856351000,0.000000000,0.000000000,0.000000000,1.000000000
1403715370.087142944,-0.963294000,0.856840000,1.856125000,0.000000000,0.000000000,0.000000000,1.000000000
1403715370.092143297,-0.963959000,0.853821000,1.855898000,0.000000000,0.000000000,0.000000000,1.000000000
1403715370.097143173,-0.964616000,0.850798000,1.855677000,0.000000000,0.000000000,0.000000000,1.000000000
1403715370.102143049,-0.965267000,0.847773000,1.855465000,0.000000000,0.000000000,0.000000000,1.000000000
1403715370.107142925,-0.965907000,0.844748000,1.855260000,0.000000000,0.000000000,0.000000000,1.000000000
1403715370.112143278,-0.966455000,0.841783000,1.855019000,0.000000000,0.000000000,0.000000000,1.000000000
1403715370.117143154,-0.967033000,0.838782000,1.854822000,0.000000000,0.000000000,0.000000000,1.000000000
1403715370.122143030,-0.967582000,0.835790000,1.854642000,0.000000000,0.000000000,0.000000000,1.000000000
1403715370.127142906,-0.968112000,0.832798000,1.854463000,0.000000000,0.000000000,0.000000000,1.000000000
1403715370.132143259,-0.968632000,0.829804000,1.854276000,0.000000000,0.000000000,0.000000000,1.000000000
1403715370.137142897,-0.969144000,0.826810000,1.854083000,0.000000000,0.000000000,0.000000000,1.000000000
1403715370.142143011,-0.969639000,0.823814000,1.853893000,0.000000000,0.000000000,0.000000000,1.000000000
1403715370.147142887,-0.970113000,0.820825000,1.853708000,0.000000000,0.000000000,0.000000000,1.000000000
1403715370.152143240,-0.970532000,0.817885000,1.853496000,0.000000000,0.000000000,0.000000000,1.000000000
1403715370.157143116,-0.970967000,0.814951000,1.853299000,0.000000000,0.000000000,0.000000000,1.000000000
1403715370.162142992,-0.971368000,0.812024000,1.853120000,0.000000000,0.000000000,0.000000000,1.000000000
1403715370.167143345,-0.971746000,0.809098000,1.852956000,0.000000000,0.000000000,0.000000000,1.000000000
1403715370.172143221,-0.972114000,0.806170000,1.852774000,0.000000000,0.000000000,0.000000000,1.000000000
1403715370.177143097,-0.972471000,0.803248000,1.852580000,0.000000000,0.000000000,0.000000000,1.000000000
1403715370.182142973,-0.972813000,0.800342000,1.852385000,0.000000000,0.000000000,0.000000000,1.000000000
1403715370.187143326,-0.973139000,0.797456000,1.852189000,0.000000000,0.000000000,0.000000000,1.000000000
1403715370.192142963,-0.973445000,0.794588000,1.851995000,0.000000000,0.000000000,0.000000000,1.000000000
1403715370.197143078,-0.973735000,0.791727000,1.851797000,0.000000000,0.000000000,0.000000000,1.000000000
1403715370.202142954,-0.973953000,0.788897000,1.851571000,0.000000000,0.000000000,0.000000000,1.000000000
1403715370.207143307,-0.974221000,0.786040000,1.851375000,0.000000000,0.000000000,0.000000000,1.000000000
1403715370.212142944,-0.974491000,0.783182000,1.851186000,0.000000000,0.000000000,0.000000000,1.000000000
1403715370.217143059,-0.974756000,0.780330000,1.851012000,0.000000000,0.000000000,0.000000000,1.000000000
1403715370.222143173,-0.975005000,0.777498000,1.850852000,0.000000000,0.000000000,0.000000000,1.000000000
1403715370.227143288,-0.975235000,0.774683000,1.850695000,0.000000000,0.000000000,0.000000000,1.000000000
1403715370.232142925,-0.975448000,0.771880000,1.850537000,0.000000000,0.000000000,0.000000000,1.000000000
1403715370.237143040,-0.975654000,0.769078000,1.850375000,0.000000000,0.000000000,0.000000000,1.000000000
1403715370.242143154,-0.975855000,0.766271000,1.850213000,0.000000000,0.000000000,0.000000000,1.000000000
1403715370.247143030,-0.976054000,0.763461000,1.850059000,0.000000000,0.000000000,0.000000000,1.000000000
1403715370.252142906,-0.976176000,0.760696000,1.849881000,0.000000000,0.000000000,0.000000000,1.000000000
1403715370.257143021,-0.976342000,0.757916000,1.849728000,0.000000000,0.000000000,0.000000000,1.000000000
1403715370.262143135,-0.976490000,0.755148000,1.849577000,0.000000000,0.000000000,0.000000000,1.000000000
1403715370.267143011,-0.976622000,0.752386000,1.849419000,0.000000000,0.000000000,0.000000000,1.000000000
1403715370.272142887,-0.976743000,0.749625000,1.849250000,0.000000000,0.000000000,0.000000000,1.000000000
1403715370.277143240,-0.976862000,0.746866000,1.849076000,0.000000000,0.000000000,0.000000000,1.000000000
1403715370.282143354,-0.976977000,0.744111000,1.848903000,0.000000000,0.000000000,0.000000000,1.000000000
1403715370.287142992,-0.977081000,0.741363000,1.848726000,0.000000000,0.000000000,0.000000000,1.000000000
1403715370.292143106,-0.977173000,0.738622000,1.848548000,0.000000000,0.000000000,0.000000000,1.000000000
1403715370.297143221,-0.977259000,0.735889000,1.848371000,0.000000000,0.000000000,0.000000000,1.000000000
1403715370.302143097,-0.977265000,0.733196000,1.848177000,0.000000000,0.000000000,0.000000000,1.000000000
1403715370.307142973,-0.977330000,0.730480000,1.848009000,0.000000000,0.000000000,0.000000000,1.000000000
1403715370.312143087,-0.977392000,0.727769000,1.847845000,0.000000000,0.000000000,0.000000000,1.000000000
1403715370.317143202,-0.977450000,0.725063000,1.847690000,0.000000000,0.000000000,0.000000000,1.000000000
1403715370.322143078,-0.977508000,0.722368000,1.847546000,0.000000000,0.000000000,0.000000000,1.000000000
1403715370.327142954,-0.977562000,0.719685000,1.847396000,0.000000000,0.000000000,0.000000000,1.000000000
1403715370.332143307,-0.977605000,0.717013000,1.847236000,0.000000000,0.000000000,0.000000000,1.000000000
1403715370.337143183,-0.977639000,0.714356000,1.847079000,0.000000000,0.000000000,0.000000000,1.000000000
1403715370.342143059,-0.977677000,0.711711000,1.846920000,0.000000000,0.000000000,0.000000000,1.000000000
1403715370.347142935,-0.977719000,0.709070000,1.846754000,0.000000000,0.000000000,0.000000000,1.000000000
1403715370.352143288,-0.977680000,0.706464000,1.846568000,0.000000000,0.000000000,0.000000000,1.000000000
1403715370.357143164,-0.977702000,0.703834000,1.846392000,0.000000000,0.000000000,0.000000000,1.000000000
1403715370.362143040,-0.977719000,0.701212000,1.846218000,0.000000000,0.000000000,0.000000000,1.000000000
1403715370.367142916,-0.977732000,0.698592000,1.846041000,0.000000000,0.000000000,0.000000000,1.000000000
1403715370.372143269,-0.977733000,0.695972000,1.845870000,0.000000000,0.000000000,0.000000000,1.000000000
1403715370.377142906,-0.977722000,0.693351000,1.845714000,0.000000000,0.000000000,0.000000000,1.000000000
1403715370.382143021,-0.977709000,0.690728000,1.845567000,0.000000000,0.000000000,0.000000000,1.000000000
1403715370.387142897,-0.977699000,0.688106000,1.845433000,0.000000000,0.000000000,0.000000000,1.000000000
1403715370.392143250,-0.977690000,0.685487000,1.845304000,0.000000000,0.000000000,0.000000000,1.000000000
1403715370.397142887,-0.977678000,0.682873000,1.845175000,0.000000000,0.000000000,0.000000000,1.000000000
1403715370.402143002,-0.977578000,0.680293000,1.845047000,0.000000000,0.000000000,0.000000000,1.000000000
1403715370.407143354,-0.977535000,0.677695000,1.844927000,0.000000000,0.000000000,0.000000000,1.000000000
1403715370.412143230,-0.977488000,0.675102000,1.844806000,0.000000000,0.000000000,0.000000000,1.000000000
1403715370.417143106,-0.977439000,0.672511000,1.844685000,0.000000000,0.000000000,0.000000000,1.000000000
1403715370.422142982,-0.977393000,0.669923000,1.844561000,0.000000000,0.000000000,0.000000000,1.000000000
1403715370.427143335,-0.977358000,0.667337000,1.844430000,0.000000000,0.000000000,0.000000000,1.000000000
1403715370.432142973,-0.977331000,0.664757000,1.844293000,0.000000000,0.000000000,0.000000000,1.000000000
1403715370.437143087,-0.977306000,0.662185000,1.844152000,0.000000000,0.000000000,0.000000000,1.000000000
1403715370.442142963,-0.977281000,0.659620000,1.844005000,0.000000000,0.000000000,0.000000000,1.000000000
1403715370.447143316,-0.977254000,0.657063000,1.843857000,0.000000000,0.000000000,0.000000000,1.000000000
1403715370.452142954,-0.977153000,0.654538000,1.843726000,0.000000000,0.000000000,0.000000000,1.000000000
1403715370.457143068,-0.977117000,0.651998000,1.843608000,0.000000000,0.000000000,0.000000000,1.000000000
1403715370.462142944,-0.977078000,0.649457000,1.843500000,0.000000000,0.000000000,0.000000000,1.000000000
1403715370.467143297,-0.977036000,0.646909000,1.843399000,0.000000000,0.000000000,0.000000000,1.000000000
1403715370.472142935,-0.976993000,0.644363000,1.843303000,0.000000000,0.000000000,0.000000000,1.000000000
1403715370.477143049,-0.976958000,0.641815000,1.843209000,0.000000000,0.000000000,0.000000000,1.000000000
1403715370.482143164,-0.976928000,0.639258000,1.843121000,0.000000000,0.000000000,0.000000000,1.000000000
1403715370.487143040,-0.976901000,0.636696000,1.843035000,0.000000000,0.000000000,0.000000000,1.000000000
1403715370.492142916,-0.976873000,0.634127000,1.842944000,0.000000000,0.000000000,0.000000000,1.000000000
1403715370.497143030,-0.976841000,0.631551000,1.842837000,0.000000000,0.000000000,0.000000000,1.000000000
1403715370.502143145,-0.976728000,0.628990000,1.842730000,0.000000000,0.000000000,0.000000000,1.000000000
1403715370.507143021,-0.976677000,0.626412000,1.842606000,0.000000000,0.000000000,0.000000000,1.000000000
1403715370.512142897,-0.976627000,0.623836000,1.842480000,0.000000000,0.000000000,0.000000000,1.000000000
1403715370.517143011,-0.976584000,0.621267000,1.842351000,0.000000000,0.000000000,0.000000000,1.000000000
1403715370.522143126,-0.976547000,0.618703000,1.842225000,0.000000000,0.000000000,0.000000000,1.000000000
1403715370.527143002,-0.976523000,0.616138000,1.842119000,0.000000000,0.000000000,0.000000000,1.000000000
1403715370.532143116,-0.976510000,0.613570000,1.842023000,0.000000000,0.000000000,0.000000000,1.000000000
1403715370.537143230,-0.976507000,0.611001000,1.841914000,0.000000000,0.000000000,0.000000000,1.000000000
1403715370.542143345,-0.976509000,0.608431000,1.841791000,0.000000000,0.000000000,0.000000000,1.000000000
1403715370.547142982,-0.976510000,0.605865000,1.841666000,0.000000000,0.000000000,0.000000000,1.000000000
1403715370.552143097,-0.976508000,0.603306000,1.841550000,0.000000000,0.000000000,0.000000000,1.000000000
1403715370.557143211,-0.976417000,0.600769000,1.841465000,0.000000000,0.000000000,0.000000000,1.000000000
1403715370.562143087,-0.976401000,0.598209000,1.841355000,0.000000000,0.000000000,0.000000000,1.000000000
1403715370.567142963,-0.976389000,0.595643000,1.841260000,0.000000000,0.000000000,0.000000000,1.000000000
1403715370.572143078,-0.976386000,0.593071000,1.841187000,0.000000000,0.000000000,0.000000000,1.000000000
1403715370.577143192,-0.976388000,0.590487000,1.841128000,0.000000000,0.000000000,0.000000000,1.000000000
1403715370.582143068,-0.976398000,0.587895000,1.841081000,0.000000000,0.000000000,0.000000000,1.000000000
1403715370.587142944,-0.976426000,0.585307000,1.841028000,0.000000000,0.000000000,0.000000000,1.000000000
1403715370.592143297,-0.976458000,0.582720000,1.840965000,0.000000000,0.000000000,0.000000000,1.000000000
1403715370.597143173,-0.976489000,0.580136000,1.840903000,0.000000000,0.000000000,0.000000000,1.000000000
1403715370.602143049,-0.976451000,0.577573000,1.840869000,0.000000000,0.000000000,0.000000000,1.000000000
1403715370.607142925,-0.976476000,0.575003000,1.840796000,0.000000000,0.000000000,0.000000000,1.000000000
1403715370.612143278,-0.976512000,0.572437000,1.840718000,0.000000000,0.000000000,0.000000000,1.000000000
1403715370.617143154,-0.976564000,0.569867000,1.840634000,0.000000000,0.000000000,0.000000000,1.000000000
1403715370.622143030,-0.976627000,0.567287000,1.840546000,0.000000000,0.000000000,0.000000000,1.000000000
1403715370.627142906,-0.976701000,0.564695000,1.840457000,0.000000000,0.000000000,0.000000000,1.000000000
1403715370.632143259,-0.976772000,0.562094000,1.840359000,0.000000000,0.000000000,0.000000000,1.000000000
1403715370.637142897,-0.976833000,0.559490000,1.840260000,0.000000000,0.000000000,0.000000000,1.000000000
1403715370.642143011,-0.976893000,0.556890000,1.840161000,0.000000000,0.000000000,0.000000000,1.000000000
1403715370.647142887,-0.976956000,0.554286000,1.840058000,0.000000000,0.000000000,0.000000000,1.000000000
1403715370.652143240,-0.976957000,0.551687000,1.839996000,0.000000000,0.000000000,0.000000000,1.000000000
1403715370.657143116,-0.977027000,0.549069000,1.839900000,0.000000000,0.000000000,0.000000000,1.000000000
1403715370.662142992,-0.977108000,0.546446000,1.839807000,0.000000000,0.000000000,0.000000000,1.000000000
1403715370.667143345,-0.977192000,0.543820000,1.839717000,0.000000000,0.000000000,0.000000000,1.000000000
1403715370.672143221,-0.977279000,0.541193000,1.839629000,0.000000000,0.000000000,0.000000000,1.000000000
1403715370.677143097,-0.977371000,0.538565000,1.839542000,0.000000000,0.000000000,0.000000000,1.000000000
1403715370.682142973,-0.977465000,0.535937000,1.839460000,0.000000000,0.000000000,0.000000000,1.000000000
1403715370.687143326,-0.977557000,0.533302000,1.839385000,0.000000000,0.000000000,0.000000000,1.000000000
1403715370.692142963,-0.977645000,0.530664000,1.839313000,0.000000000,0.000000000,0.000000000,1.000000000
1403715370.697143078,-0.977741000,0.528025000,1.839234000,0.000000000,0.000000000,0.000000000,1.000000000
1403715370.702142954,-0.977775000,0.525397000,1.839199000,0.000000000,0.000000000,0.000000000,1.000000000
1403715370.707143307,-0.977866000,0.522749000,1.839138000,0.000000000,0.000000000,0.000000000,1.000000000
1403715370.712142944,-0.977958000,0.520101000,1.839079000,0.000000000,0.000000000,0.000000000,1.000000000
1403715370.717143059,-0.978047000,0.517456000,1.839026000,0.000000000,0.000000000,0.000000000,1.000000000
1403715370.722143173,-0.978129000,0.514811000,1.838982000,0.000000000,0.000000000,0.000000000,1.000000000
1403715370.727143288,-0.978209000,0.512164000,1.838945000,0.000000000,0.000000000,0.000000000,1.000000000
1403715370.732142925,-0.978299000,0.509513000,1.838904000,0.000000000,0.000000000,0.000000000,1.000000000
1403715370.737143040,-0.978399000,0.506855000,1.838862000,0.000000000,0.000000000,0.000000000,1.000000000
1403715370.742143154,-0.978501000,0.504185000,1.838825000,0.000000000,0.000000000,0.000000000,1.000000000
1403715370.747143030,-0.978601000,0.501509000,1.838788000,0.000000000,0.000000000,0.000000000,1.000000000
1403715370.752142906,-0.978639000,0.498850000,1.838787000,0.000000000,0.000000000,0.000000000,1.000000000
1403715370.757143021,-0.978729000,0.496181000,1.838755000,0.000000000,0.000000000,0.000000000,1.000000000
1403715370.762143135,-0.978822000,0.493518000,1.838722000,0.000000000,0.000000000,0.000000000,1.000000000
1403715370.767143011,-0.978919000,0.490857000,1.838681000,0.000000000,0.000000000,0.000000000,1.000000000
1403715370.772142887,-0.979024000,0.488194000,1.838637000,0.000000000,0.000000000,0.000000000,1.000000000
1403715370.777143240,-0.979142000,0.485530000,1.838596000,0.000000000,0.000000000,0.000000000,1.000000000
1403715370.782143354,-0.979268000,0.482863000,1.838567000,0.000000000,0.000000000,0.000000000,1.000000000
1403715370.787142992,-0.979396000,0.480193000,1.838546000,0.000000000,0.000000000,0.000000000,1.000000000
1403715370.792143106,-0.979528000,0.477523000,1.838531000,0.000000000,0.000000000,0.000000000,1.000000000
1403715370.797143221,-0.979662000,0.474863000,1.838520000,0.000000000,0.000000000,0.000000000,1.000000000
1403715370.802143097,-0.979728000,0.472230000,1.838552000,0.000000000,0.000000000,0.000000000,1.000000000
1403715370.807142973,-0.979843000,0.469573000,1.838551000,0.000000000,0.000000000,0.000000000,1.000000000
1403715370.812143087,-0.979962000,0.466914000,1.838541000,0.000000000,0.000000000,0.000000000,1.000000000
1403715370.817143202,-0.980091000,0.464254000,1.838520000,0.000000000,0.000000000,0.000000000,1.000000000
1403715370.822143078,-0.980229000,0.461590000,1.838497000,0.000000000,0.000000000,0.000000000,1.000000000
1403715370.827142954,-0.980369000,0.458924000,1.838479000,0.000000000,0.000000000,0.000000000,1.000000000
1403715370.832143307,-0.980508000,0.456261000,1.838459000,0.000000000,0.000000000,0.000000000,1.000000000
1403715370.837143183,-0.980643000,0.453606000,1.838434000,0.000000000,0.000000000,0.000000000,1.000000000
1403715370.842143059,-0.980778000,0.450954000,1.838407000,0.000000000,0.000000000,0.000000000,1.000000000
1403715370.847142935,-0.980922000,0.448306000,1.838380000,0.000000000,0.000000000,0.000000000,1.000000000
1403715370.852143288,-0.981010000,0.445683000,1.838389000,0.000000000,0.000000000,0.000000000,1.000000000
1403715370.857143164,-0.981150000,0.443033000,1.838367000,0.000000000,0.000000000,0.000000000,1.000000000
1403715370.862143040,-0.981290000,0.440383000,1.838338000,0.000000000,0.000000000,0.000000000,1.000000000
1403715370.867142916,-0.981426000,0.437735000,1.838306000,0.000000000,0.000000000,0.000000000,1.000000000
1403715370.872143269,-0.981561000,0.435094000,1.838275000,0.000000000,0.000000000,0.000000000,1.000000000
1403715370.877142906,-0.981697000,0.432461000,1.838244000,0.000000000,0.000000000,0.000000000,1.000000000
1403715370.882143021,-0.981833000,0.429830000,1.838213000,0.000000000,0.000000000,0.000000000,1.000000000
1403715370.887142897,-0.981968000,0.427193000,1.838178000,0.000000000,0.000000000,0.000000000,1.000000000
1403715370.892143250,-0.982105000,0.424551000,1.838132000,0.000000000,0.000000000,0.000000000,1.000000000
1403715370.897142887,-0.982245000,0.421906000,1.838077000,0.000000000,0.000000000,0.000000000,1.000000000
1403715370.902143002,-0.982383000,0.419266000,1.838015000,0.000000000,0.000000000,0.000000000,1.000000000
1403715370.907143354,-0.982442000,0.416672000,1.837987000,0.000000000,0.000000000,0.000000000,1.000000000
1403715370.912143230,-0.982554000,0.414058000,1.837919000,0.000000000,0.000000000,0.000000000,1.000000000
1403715370.917143106,-0.982666000,0.411453000,1.837838000,0.000000000,0.000000000,0.000000000,1.000000000
1403715370.922142982,-0.982779000,0.408851000,1.837747000,0.000000000,0.000000000,0.000000000,1.000000000
1403715370.927143335,-0.982895000,0.406244000,1.837650000,0.000000000,0.000000000,0.000000000,1.000000000
1403715370.932142973,-0.983010000,0.403630000,1.837548000,0.000000000,0.000000000,0.000000000,1.000000000
1403715370.937143087,-0.983125000,0.401013000,1.837432000,0.000000000,0.000000000,0.000000000,1.000000000
1403715370.942142963,-0.983241000,0.398397000,1.837304000,0.000000000,0.000000000,0.000000000,1.000000000
1403715370.947143316,-0.983357000,0.395785000,1.837168000,0.000000000,0.000000000,0.000000000,1.000000000
1403715370.952142954,-0.983420000,0.393206000,1.837057000,0.000000000,0.000000000,0.000000000,1.000000000
1403715370.957143068,-0.983526000,0.390598000,1.836913000,0.000000000,0.000000000,0.000000000,1.000000000
1403715370.962142944,-0.983629000,0.387989000,1.836758000,0.000000000,0.000000000,0.000000000,1.000000000
1403715370.967143297,-0.983726000,0.385376000,1.836597000,0.000000000,0.000000000,0.000000000,1.000000000
1403715370.972142935,-0.983813000,0.382758000,1.836438000,0.000000000,0.000000000,0.000000000,1.000000000
1403715370.977143049,-0.983892000,0.380141000,1.836280000,0.000000000,0.000000000,0.000000000,1.000000000
1403715370.982143164,-0.983959000,0.377527000,1.836112000,0.000000000,0.000000000,0.000000000,1.000000000
1403715370.987143040,-0.984019000,0.374916000,1.835940000,0.000000000,0.000000000,0.000000000,1.000000000
1403715370.992142916,-0.984083000,0.372307000,1.835768000,0.000000000,0.000000000,0.000000000,1.000000000
1403715370.997143030,-0.984150000,0.369692000,1.835591000,0.000000000,0.000000000,0.000000000,1.000000000
1403715371.002143145,-0.984161000,0.367118000,1.835441000,0.000000000,0.000000000,0.000000000,1.000000000
1403715371.007143021,-0.984215000,0.364513000,1.835259000,0.000000000,0.000000000,0.000000000,1.000000000
1403715371.012142897,-0.984272000,0.361909000,1.835065000,0.000000000,0.000000000,0.000000000,1.000000000
1403715371.017143011,-0.984334000,0.359300000,1.834866000,0.000000000,0.000000000,0.000000000,1.000000000
1403715371.022143126,-0.984402000,0.356691000,1.834664000,0.000000000,0.000000000,0.000000000,1.000000000
1403715371.027143002,-0.984469000,0.354079000,1.834464000,0.000000000,0.000000000,0.000000000,1.000000000
1403715371.032143116,-0.984530000,0.351463000,1.834267000,0.000000000,0.000000000,0.000000000,1.000000000
1403715371.037143230,-0.984583000,0.348843000,1.834057000,0.000000000,0.000000000,0.000000000,1.000000000
1403715371.042143345,-0.984626000,0.346218000,1.833834000,0.000000000,0.000000000,0.000000000,1.000000000
1403715371.047142982,-0.984660000,0.343591000,1.833598000,0.000000000,0.000000000,0.000000000,1.000000000
1403715371.052143097,-0.984639000,0.341016000,1.833374000,0.000000000,0.000000000,0.000000000,1.000000000
1403715371.057143211,-0.984649000,0.338400000,1.833117000,0.000000000,0.000000000,0.000000000,1.000000000
1403715371.062143087,-0.984655000,0.335780000,1.832858000,0.000000000,0.000000000,0.000000000,1.000000000
1403715371.067142963,-0.984652000,0.333166000,1.832595000,0.000000000,0.000000000,0.000000000,1.000000000
1403715371.072143078,-0.984636000,0.330559000,1.832338000,0.000000000,0.000000000,0.000000000,1.000000000
1403715371.077143192,-0.984609000,0.327949000,1.832093000,0.000000000,0.000000000,0.000000000,1.000000000
1403715371.082143068,-0.984568000,0.325331000,1.831855000,0.000000000,0.000000000,0.000000000,1.000000000
1403715371.087142944,-0.984515000,0.322701000,1.831624000,0.000000000,0.000000000,0.000000000,1.000000000
1403715371.092143297,-0.984452000,0.320063000,1.831401000,0.000000000,0.000000000,0.000000000,1.000000000
1403715371.097143173,-0.984377000,0.317420000,1.831184000,0.000000000,0.000000000,0.000000000,1.000000000
1403715371.102143049,-0.984228000,0.314830000,1.831010000,0.000000000,0.000000000,0.000000000,1.000000000
1403715371.107142925,-0.984103000,0.312185000,1.830806000,0.000000000,0.000000000,0.000000000,1.000000000
1403715371.112143278,-0.983970000,0.309538000,1.830583000,0.000000000,0.000000000,0.000000000,1.000000000
1403715371.117143154,-0.983835000,0.306898000,1.830351000,0.000000000,0.000000000,0.000000000,1.000000000
1403715371.122143030,-0.983700000,0.304266000,1.830105000,0.000000000,0.000000000,0.000000000,1.000000000
1403715371.127142906,-0.983554000,0.301628000,1.829861000,0.000000000,0.000000000,0.000000000,1.000000000
1403715371.132143259,-0.983391000,0.298983000,1.829632000,0.000000000,0.000000000,0.000000000,1.000000000
1403715371.137142897,-0.983210000,0.296333000,1.829403000,0.000000000,0.000000000,0.000000000,1.000000000
1403715371.142143011,-0.983009000,0.293676000,1.829174000,0.000000000,0.000000000,0.000000000,1.000000000
1403715371.147142887,-0.982792000,0.291015000,1.828938000,0.000000000,0.000000000,0.000000000,1.000000000
1403715371.152143240,-0.982516000,0.288419000,1.828722000,0.000000000,0.000000000,0.000000000,1.000000000
1403715371.157143116,-0.982265000,0.285764000,1.828480000,0.000000000,0.000000000,0.000000000,1.000000000
1403715371.162142992,-0.982000000,0.283103000,1.828242000,0.000000000,0.000000000,0.000000000,1.000000000
1403715371.167143345,-0.981715000,0.280433000,1.828004000,0.000000000,0.000000000,0.000000000,1.000000000
1403715371.172143221,-0.981412000,0.277751000,1.827753000,0.000000000,0.000000000,0.000000000,1.000000000
1403715371.177143097,-0.981098000,0.275059000,1.827482000,0.000000000,0.000000000,0.000000000,1.000000000
1403715371.182142973,-0.980772000,0.272356000,1.827208000,0.000000000,0.000000000,0.000000000,1.000000000
1403715371.187143326,-0.980429000,0.269642000,1.826942000,0.000000000,0.000000000,0.000000000,1.000000000
1403715371.192142963,-0.980065000,0.266916000,1.826681000,0.000000000,0.000000000,0.000000000,1.000000000
1403715371.197143078,-0.979677000,0.264176000,1.826420000,0.000000000,0.000000000,0.000000000,1.000000000
1403715371.202142954,-0.979220000,0.261506000,1.826188000,0.000000000,0.000000000,0.000000000,1.000000000
1403715371.207143307,-0.978788000,0.258769000,1.825918000,0.000000000,0.000000000,0.000000000,1.000000000
1403715371.212142944,-0.978338000,0.256024000,1.825648000,0.000000000,0.000000000,0.000000000,1.000000000
1403715371.217143059,-0.977864000,0.253265000,1.825383000,0.000000000,0.000000000,0.000000000,1.000000000
1403715371.222143173,-0.977371000,0.250495000,1.825121000,0.000000000,0.000000000,0.000000000,1.000000000
1403715371.227143288,-0.976866000,0.247714000,1.824855000,0.000000000,0.000000000,0.000000000,1.000000000
1403715371.232142925,-0.976346000,0.244924000,1.824580000,0.000000000,0.000000000,0.000000000,1.000000000
1403715371.237143040,-0.975813000,0.242126000,1.824301000,0.000000000,0.000000000,0.000000000,1.000000000
1403715371.242143154,-0.975270000,0.239318000,1.824024000,0.000000000,0.000000000,0.000000000,1.000000000
1403715371.247143030,-0.974710000,0.236496000,1.823747000,0.000000000,0.000000000,0.000000000,1.000000000
1403715371.252142906,-0.974074000,0.233752000,1.823510000,0.000000000,0.000000000,0.000000000,1.000000000
1403715371.257143021,-0.973457000,0.230931000,1.823243000,0.000000000,0.000000000,0.000000000,1.000000000
1403715371.262143135,-0.972820000,0.228102000,1.822966000,0.000000000,0.000000000,0.000000000,1.000000000
1403715371.267143011,-0.972162000,0.225263000,1.822688000,0.000000000,0.000000000,0.000000000,1.000000000
1403715371.272142887,-0.971484000,0.222410000,1.822412000,0.000000000,0.000000000,0.000000000,1.000000000
1403715371.277143240,-0.970784000,0.219533000,1.822136000,0.000000000,0.000000000,0.000000000,1.000000000
1403715371.282143354,-0.970062000,0.216638000,1.821855000,0.000000000,0.000000000,0.000000000,1.000000000
1403715371.287142992,-0.969325000,0.213737000,1.821561000,0.000000000,0.000000000,0.000000000,1.000000000
1403715371.292143106,-0.968573000,0.210831000,1.821260000,0.000000000,0.000000000,0.000000000,1.000000000
1403715371.297143221,-0.967801000,0.207921000,1.820964000,0.000000000,0.000000000,0.000000000,1.000000000
1403715371.302143097,-0.966956000,0.205098000,1.820691000,0.000000000,0.000000000,0.000000000,1.000000000
1403715371.307142973,-0.966139000,0.202189000,1.820393000,0.000000000,0.000000000,0.000000000,1.000000000
1403715371.312143087,-0.965307000,0.199267000,1.820099000,0.000000000,0.000000000,0.000000000,1.000000000
1403715371.317143202,-0.964460000,0.196331000,1.819811000,0.000000000,0.000000000,0.000000000,1.000000000
1403715371.322143078,-0.963596000,0.193382000,1.819524000,0.000000000,0.000000000,0.000000000,1.000000000
1403715371.327142954,-0.962723000,0.190420000,1.819227000,0.000000000,0.000000000,0.000000000,1.000000000
1403715371.332143307,-0.961839000,0.187461000,1.818923000,0.000000000,0.000000000,0.000000000,1.000000000
1403715371.337143183,-0.960939000,0.184507000,1.818619000,0.000000000,0.000000000,0.000000000,1.000000000
1403715371.342143059,-0.960023000,0.181555000,1.818317000,0.000000000,0.000000000,0.000000000,1.000000000
1403715371.347142935,-0.959086000,0.178598000,1.818010000,0.000000000,0.000000000,0.000000000,1.000000000
1403715371.352143288,-0.958063000,0.175730000,1.817721000,0.000000000,0.000000000,0.000000000,1.000000000
1403715371.357143164,-0.957076000,0.172771000,1.817399000,0.000000000,0.000000000,0.000000000,1.000000000
1403715371.362143040,-0.956075000,0.169801000,1.817067000,0.000000000,0.000000000,0.000000000,1.000000000
1403715371.367142916,-0.955060000,0.166821000,1.816738000,0.000000000,0.000000000,0.000000000,1.000000000
1403715371.372143269,-0.954032000,0.163836000,1.816413000,0.000000000,0.000000000,0.000000000,1.000000000
1403715371.377142906,-0.952988000,0.160841000,1.816096000,0.000000000,0.000000000,0.000000000,1.000000000
1403715371.382143021,-0.951929000,0.157837000,1.815790000,0.000000000,0.000000000,0.000000000,1.000000000
1403715371.387142897,-0.950865000,0.154821000,1.815483000,0.000000000,0.000000000,0.000000000,1.000000000
1403715371.392143250,-0.949787000,0.151792000,1.815178000,0.000000000,0.000000000,0.000000000,1.000000000
1403715371.397142887,-0.948689000,0.148757000,1.814879000,0.000000000,0.000000000,0.000000000,1.000000000
1403715371.402143002,-0.947503000,0.145813000,1.814598000,0.000000000,0.000000000,0.000000000,1.000000000
1403715371.407143354,-0.946354000,0.142781000,1.814307000,0.000000000,0.000000000,0.000000000,1.000000000
1403715371.412143230,-0.945195000,0.139740000,1.814024000,0.000000000,0.000000000,0.000000000,1.000000000
1403715371.417143106,-0.944023000,0.136691000,1.813751000,0.000000000,0.000000000,0.000000000,1.000000000
1403715371.422142982,-0.942832000,0.133630000,1.813483000,0.000000000,0.000000000,0.000000000,1.000000000
1403715371.427143335,-0.941622000,0.130559000,1.813219000,0.000000000,0.000000000,0.000000000,1.000000000
1403715371.432142973,-0.940401000,0.127487000,1.812962000,0.000000000,0.000000000,0.000000000,1.000000000
1403715371.437143087,-0.939173000,0.124410000,1.812713000,0.000000000,0.000000000,0.000000000,1.000000000
1403715371.442142963,-0.937931000,0.121323000,1.812462000,0.000000000,0.000000000,0.000000000,1.000000000
1403715371.447143316,-0.936671000,0.118229000,1.812202000,0.000000000,0.000000000,0.000000000,1.000000000
1403715371.452142954,-0.935326000,0.115229000,1.811939000,0.000000000,0.000000000,0.000000000,1.000000000
1403715371.457143068,-0.934016000,0.112143000,1.811655000,0.000000000,0.000000000,0.000000000,1.000000000
1403715371.462142944,-0.932694000,0.109050000,1.811367000,0.000000000,0.000000000,0.000000000,1.000000000
1403715371.467143297,-0.931362000,0.105944000,1.811080000,0.000000000,0.000000000,0.000000000,1.000000000
1403715371.472142935,-0.930011000,0.102821000,1.810806000,0.000000000,0.000000000,0.000000000,1.000000000
1403715371.477143049,-0.928643000,0.099691000,1.810554000,0.000000000,0.000000000,0.000000000,1.000000000
1403715371.482143164,-0.927259000,0.096557000,1.810314000,0.000000000,0.000000000,0.000000000,1.000000000
1403715371.487143040,-0.925854000,0.093412000,1.810086000,0.000000000,0.000000000,0.000000000,1.000000000
1403715371.492142916,-0.924439000,0.090262000,1.809867000,0.000000000,0.000000000,0.000000000,1.000000000
1403715371.497143030,-0.923026000,0.087111000,1.809640000,0.000000000,0.000000000,0.000000000,1.000000000
1403715371.502143145,-0.921539000,0.084055000,1.809421000,0.000000000,0.000000000,0.000000000,1.000000000
1403715371.507143021,-0.920092000,0.080912000,1.809192000,0.000000000,0.000000000,0.000000000,1.000000000
1403715371.512142897,-0.918631000,0.077771000,1.808955000,0.000000000,0.000000000,0.000000000,1.000000000
1403715371.517143011,-0.917157000,0.074630000,1.808716000,0.000000000,0.000000000,0.000000000,1.000000000
1403715371.522143126,-0.915676000,0.071484000,1.808482000,0.000000000,0.000000000,0.000000000,1.000000000
1403715371.527143002,-0.914192000,0.068330000,1.808249000,0.000000000,0.000000000,0.000000000,1.000000000
1403715371.532143116,-0.912709000,0.065164000,1.808011000,0.000000000,0.000000000,0.000000000,1.000000000
1403715371.537143230,-0.911226000,0.061988000,1.807766000,0.000000000,0.000000000,0.000000000,1.000000000
1403715371.542143345,-0.909729000,0.058801000,1.807508000,0.000000000,0.000000000,0.000000000,1.000000000
1403715371.547142982,-0.908220000,0.055603000,1.807240000,0.000000000,0.000000000,0.000000000,1.000000000
1403715371.552143097,-0.906705000,0.052393000,1.806974000,0.000000000,0.000000000,0.000000000,1.000000000
1403715371.557143211,-0.905104000,0.049298000,1.806731000,0.000000000,0.000000000,0.000000000,1.000000000
1403715371.562143087,-0.903563000,0.046095000,1.806489000,0.000000000,0.000000000,0.000000000,1.000000000
1403715371.567142963,-0.902011000,0.042881000,1.806249000,0.000000000,0.000000000,0.000000000,1.000000000
1403715371.572143078,-0.900449000,0.039656000,1.806006000,0.000000000,0.000000000,0.000000000,1.000000000
1403715371.577143192,-0.898884000,0.036425000,1.805751000,0.000000000,0.000000000,0.000000000,1.000000000
1403715371.582143068,-0.897317000,0.033184000,1.805484000,0.000000000,0.000000000,0.000000000,1.000000000
1403715371.587142944,-0.895750000,0.029936000,1.805207000,0.000000000,0.000000000,0.000000000,1.000000000
1403715371.592143297,-0.894180000,0.026684000,1.804921000,0.000000000,0.000000000,0.000000000,1.000000000
1403715371.597143173,-0.892603000,0.023428000,1.804626000,0.000000000,0.000000000,0.000000000,1.000000000
1403715371.602143049,-0.890959000,0.020258000,1.804343000,0.000000000,0.000000000,0.000000000,1.000000000
1403715371.607142925,-0.889354000,0.017003000,1.804065000,0.000000000,0.000000000,0.000000000,1.000000000
1403715371.612143278,-0.887750000,0.013733000,1.803795000,0.000000000,0.000000000,0.000000000,1.000000000
1403715371.617143154,-0.886149000,0.010450000,1.803531000,0.000000000,0.000000000,0.000000000,1.000000000
1403715371.622143030,-0.884547000,0.007159000,1.803271000,0.000000000,0.000000000,0.000000000,1.000000000
1403715371.627142906,-0.882945000,0.003863000,1.803009000,0.000000000,0.000000000,0.000000000,1.000000000
1403715371.632143259,-0.881344000,0.000565000,1.802742000,0.000000000,0.000000000,0.000000000,1.000000000
1403715371.637142897,-0.879744000,-0.002740000,1.802469000,0.000000000,0.000000000,0.000000000,1.000000000
1403715371.642143011,-0.878146000,-0.006055000,1.802187000,0.000000000,0.000000000,0.000000000,1.000000000
1403715371.647142887,-0.876554000,-0.009378000,1.801893000,0.000000000,0.000000000,0.000000000,1.000000000
1403715371.652143240,-0.874917000,-0.012614000,1.801599000,0.000000000,0.000000000,0.000000000,1.000000000
1403715371.657143116,-0.873325000,-0.015927000,1.801293000,0.000000000,0.000000000,0.000000000,1.000000000
1403715371.662142992,-0.871736000,-0.019246000,1.800985000,0.000000000,0.000000000,0.000000000,1.000000000
1403715371.667143345,-0.870145000,-0.022576000,1.800680000,0.000000000,0.000000000,0.000000000,1.000000000
1403715371.672143221,-0.868551000,-0.025918000,1.800379000,0.000000000,0.000000000,0.000000000,1.000000000
1403715371.677143097,-0.866956000,-0.029270000,1.800074000,0.000000000,0.000000000,0.000000000,1.000000000
1403715371.682142973,-0.865362000,-0.032631000,1.799756000,0.000000000,0.000000000,0.000000000,1.000000000
1403715371.687143326,-0.863774000,-0.036002000,1.799431000,0.000000000,0.000000000,0.000000000,1.000000000
1403715371.692142963,-0.862197000,-0.039380000,1.799103000,0.000000000,0.000000000,0.000000000,1.000000000
1403715371.697143078,-0.860627000,-0.042768000,1.798775000,0.000000000,0.000000000,0.000000000,1.000000000
1403715371.702142954,-0.859009000,-0.046085000,1.798457000,0.000000000,0.000000000,0.000000000,1.000000000
1403715371.707143307,-0.857420000,-0.049476000,1.798128000,0.000000000,0.000000000,0.000000000,1.000000000
1403715371.712142944,-0.855837000,-0.052872000,1.797792000,0.000000000,0.000000000,0.000000000,1.000000000
1403715371.717143059,-0.854261000,-0.056279000,1.797456000,0.000000000,0.000000000,0.000000000,1.000000000
1403715371.722143173,-0.852697000,-0.059698000,1.797127000,0.000000000,0.000000000,0.000000000,1.000000000
1403715371.727143288,-0.851142000,-0.063131000,1.796798000,0.000000000,0.000000000,0.000000000,1.000000000
1403715371.732142925,-0.849582000,-0.066579000,1.796469000,0.000000000,0.000000000,0.000000000,1.000000000
1403715371.737143040,-0.848020000,-0.070035000,1.796140000,0.000000000,0.000000000,0.000000000,1.000000000
1403715371.742143154,-0.846464000,-0.073497000,1.795808000,0.000000000,0.000000000,0.000000000,1.000000000
1403715371.747143030,-0.844917000,-0.076967000,1.795479000,0.000000000,0.000000000,0.000000000,1.000000000
1403715371.752142906,-0.843380000,-0.080449000,1.795155000,0.000000000,0.000000000,0.000000000,1.000000000
1403715371.757143021,-0.841799000,-0.083862000,1.794848000,0.000000000,0.000000000,0.000000000,1.000000000
1403715371.762143135,-0.840253000,-0.087382000,1.794538000,0.000000000,0.000000000,0.000000000,1.000000000
1403715371.767143011,-0.838716000,-0.090920000,1.794223000,0.000000000,0.000000000,0.000000000,1.000000000
1403715371.772142887,-0.837190000,-0.094464000,1.793898000,0.000000000,0.000000000,0.000000000,1.000000000
1403715371.777143240,-0.835674000,-0.098009000,1.793574000,0.000000000,0.000000000,0.000000000,1.000000000
1403715371.782143354,-0.834162000,-0.101557000,1.793253000,0.000000000,0.000000000,0.000000000,1.000000000
1403715371.787142992,-0.832650000,-0.105117000,1.792937000,0.000000000,0.000000000,0.000000000,1.000000000
1403715371.792143106,-0.831142000,-0.108694000,1.792619000,0.000000000,0.000000000,0.000000000,1.000000000
1403715371.797143221,-0.829643000,-0.112288000,1.792290000,0.000000000,0.000000000,0.000000000,1.000000000
1403715371.802143097,-0.828126000,-0.115825000,1.791959000,0.000000000,0.000000000,0.000000000,1.000000000
1403715371.807142973,-0.826642000,-0.119420000,1.791610000,0.000000000,0.000000000,0.000000000,1.000000000
1403715371.812143087,-0.825158000,-0.123008000,1.791255000,0.000000000,0.000000000,0.000000000,1.000000000
1403715371.817143202,-0.823678000,-0.126590000,1.790887000,0.000000000,0.000000000,0.000000000,1.000000000
1403715371.822143078,-0.822210000,-0.130180000,1.790506000,0.000000000,0.000000000,0.000000000,1.000000000
1403715371.827142954,-0.820756000,-0.133780000,1.790115000,0.000000000,0.000000000,0.000000000,1.000000000
1403715371.832143307,-0.819317000,-0.137389000,1.789705000,0.000000000,0.000000000,0.000000000,1.000000000
1403715371.837143183,-0.817892000,-0.141007000,1.789275000,0.000000000,0.000000000,0.000000000,1.000000000
1403715371.842143059,-0.816482000,-0.144631000,1.788841000,0.000000000,0.000000000,0.000000000,1.000000000
1403715371.847142935,-0.815083000,-0.148260000,1.788418000,0.000000000,0.000000000,0.000000000,1.000000000
1403715371.852143288,-0.813663000,-0.151834000,1.788013000,0.000000000,0.000000000,0.000000000,1.000000000
1403715371.857143164,-0.812271000,-0.155456000,1.787600000,0.000000000,0.000000000,0.000000000,1.000000000
1403715371.862143040,-0.810894000,-0.159074000,1.787183000,0.000000000,0.000000000,0.000000000,1.000000000
1403715371.867142916,-0.809531000,-0.162702000,1.786776000,0.000000000,0.000000000,0.000000000,1.000000000
1403715371.872143269,-0.808181000,-0.166346000,1.786373000,0.000000000,0.000000000,0.000000000,1.000000000
1403715371.877142906,-0.806835000,-0.170008000,1.785962000,0.000000000,0.000000000,0.000000000,1.000000000
1403715371.882143021,-0.805489000,-0.173685000,1.785555000,0.000000000,0.000000000,0.000000000,1.000000000
1403715371.887142897,-0.804148000,-0.177363000,1.785159000,0.000000000,0.000000000,0.000000000,1.000000000
1403715371.892143250,-0.802814000,-0.181042000,1.784770000,0.000000000,0.000000000,0.000000000,1.000000000
1403715371.897142887,-0.801482000,-0.184727000,1.784381000,0.000000000,0.000000000,0.000000000,1.000000000
1403715371.902143002,-0.800135000,-0.188359000,1.783991000,0.000000000,0.000000000,0.000000000,1.000000000
1403715371.907143354,-0.798805000,-0.192048000,1.783586000,0.000000000,0.000000000,0.000000000,1.000000000
1403715371.912143230,-0.797478000,-0.195745000,1.783168000,0.000000000,0.000000000,0.000000000,1.000000000
1403715371.917143106,-0.796156000,-0.199449000,1.782740000,0.000000000,0.000000000,0.000000000,1.000000000
1403715371.922142982,-0.794834000,-0.203159000,1.782314000,0.000000000,0.000000000,0.000000000,1.000000000
1403715371.927143335,-0.793509000,-0.206878000,1.781901000,0.000000000,0.000000000,0.000000000,1.000000000
1403715371.932142973,-0.792183000,-0.210605000,1.781495000,0.000000000,0.000000000,0.000000000,1.000000000
1403715371.937143087,-0.790861000,-0.214340000,1.781100000,0.000000000,0.000000000,0.000000000,1.000000000
1403715371.942142963,-0.789541000,-0.218082000,1.780717000,0.000000000,0.000000000,0.000000000,1.000000000
1403715371.947143316,-0.788222000,-0.221830000,1.780334000,0.000000000,0.000000000,0.000000000,1.000000000
1403715371.952142954,-0.786894000,-0.225523000,1.779938000,0.000000000,0.000000000,0.000000000,1.000000000
1403715371.957143068,-0.785577000,-0.229264000,1.779532000,0.000000000,0.000000000,0.000000000,1.000000000
1403715371.962142944,-0.784262000,-0.233004000,1.779119000,0.000000000,0.000000000,0.000000000,1.000000000
1403715371.967143297,-0.782949000,-0.236744000,1.778708000,0.000000000,0.000000000,0.000000000,1.000000000
1403715371.972142935,-0.781641000,-0.240488000,1.778297000,0.000000000,0.000000000,0.000000000,1.000000000
1403715371.977143049,-0.780333000,-0.244238000,1.777886000,0.000000000,0.000000000,0.000000000,1.000000000
1403715371.982143164,-0.779017000,-0.247995000,1.777483000,0.000000000,0.000000000,0.000000000,1.000000000
1403715371.987143040,-0.777697000,-0.251754000,1.777084000,0.000000000,0.000000000,0.000000000,1.000000000
1403715371.992142916,-0.776376000,-0.255514000,1.776683000,0.000000000,0.000000000,0.000000000,1.000000000
1403715371.997143030,-0.775051000,-0.259274000,1.776279000,0.000000000,0.000000000,0.000000000,1.000000000
1403715372.002143145,-0.773723000,-0.263034000,1.775882000,0.000000000,0.000000000,0.000000000,1.000000000
1403715372.007143021,-0.772386000,-0.266725000,1.775486000,0.000000000,0.000000000,0.000000000,1.000000000
1403715372.012142897,-0.771054000,-0.270484000,1.775106000,0.000000000,0.000000000,0.000000000,1.000000000
1403715372.017143011,-0.769722000,-0.274253000,1.774733000,0.000000000,0.000000000,0.000000000,1.000000000
1403715372.022143126,-0.768387000,-0.278028000,1.774373000,0.000000000,0.000000000,0.000000000,1.000000000
1403715372.027143002,-0.767047000,-0.281811000,1.774025000,0.000000000,0.000000000,0.000000000,1.000000000
1403715372.032143116,-0.765701000,-0.285605000,1.773680000,0.000000000,0.000000000,0.000000000,1.000000000
1403715372.037143230,-0.764352000,-0.289405000,1.773341000,0.000000000,0.000000000,0.000000000,1.000000000
1403715372.042143345,-0.763004000,-0.293203000,1.773007000,0.000000000,0.000000000,0.000000000,1.000000000
1403715372.047142982,-0.761659000,-0.296996000,1.772673000,0.000000000,0.000000000,0.000000000,1.000000000
1403715372.052143097,-0.760309000,-0.300728000,1.772329000,0.000000000,0.000000000,0.000000000,1.000000000
1403715372.057143211,-0.758951000,-0.304510000,1.771997000,0.000000000,0.000000000,0.000000000,1.000000000
1403715372.062143087,-0.757591000,-0.308297000,1.771661000,0.000000000,0.000000000,0.000000000,1.000000000
1403715372.067142963,-0.756234000,-0.312089000,1.771331000,0.000000000,0.000000000,0.000000000,1.000000000
1403715372.072143078,-0.754880000,-0.315884000,1.771012000,0.000000000,0.000000000,0.000000000,1.000000000
1403715372.077143192,-0.753527000,-0.319682000,1.770699000,0.000000000,0.000000000,0.000000000,1.000000000
1403715372.082143068,-0.752171000,-0.323478000,1.770382000,0.000000000,0.000000000,0.000000000,1.000000000
1403715372.087142944,-0.750815000,-0.327264000,1.770055000,0.000000000,0.000000000,0.000000000,1.000000000
1403715372.092143297,-0.749455000,-0.331045000,1.769731000,0.000000000,0.000000000,0.000000000,1.000000000
1403715372.097143173,-0.748083000,-0.334830000,1.769419000,0.000000000,0.000000000,0.000000000,1.000000000
1403715372.102143049,-0.746705000,-0.338560000,1.769106000,0.000000000,0.000000000,0.000000000,1.000000000
1403715372.107142925,-0.745319000,-0.342345000,1.768815000,0.000000000,0.000000000,0.000000000,1.000000000
1403715372.112143278,-0.743936000,-0.346137000,1.768527000,0.000000000,0.000000000,0.000000000,1.000000000
1403715372.117143154,-0.742549000,-0.349940000,1.768241000,0.000000000,0.000000000,0.000000000,1.000000000
1403715372.122143030,-0.741157000,-0.353746000,1.767960000,0.000000000,0.000000000,0.000000000,1.000000000
1403715372.127142906,-0.739759000,-0.357544000,1.767679000,0.000000000,0.000000000,0.000000000,1.000000000
1403715372.132143259,-0.738352000,-0.361333000,1.767402000,0.000000000,0.000000000,0.000000000,1.000000000
1403715372.137142897,-0.736942000,-0.365121000,1.767135000,0.000000000,0.000000000,0.000000000,1.000000000
1403715372.142143011,-0.735538000,-0.368918000,1.766872000,0.000000000,0.000000000,0.000000000,1.000000000
1403715372.147142887,-0.734136000,-0.372726000,1.766614000,0.000000000,0.000000000,0.000000000,1.000000000
1403715372.152143240,-0.732731000,-0.376542000,1.766365000,0.000000000,0.000000000,0.000000000,1.000000000
1403715372.157143116,-0.731338000,-0.380278000,1.766115000,0.000000000,0.000000000,0.000000000,1.000000000
1403715372.162142992,-0.729928000,-0.384075000,1.765890000,0.000000000,0.000000000,0.000000000,1.000000000
1403715372.167143345,-0.728507000,-0.387866000,1.765677000,0.000000000,0.000000000,0.000000000,1.000000000
1403715372.172143221,-0.727081000,-0.391656000,1.765477000,0.000000000,0.000000000,0.000000000,1.000000000
1403715372.177143097,-0.725655000,-0.395449000,1.765291000,0.000000000,0.000000000,0.000000000,1.000000000
1403715372.182142973,-0.724235000,-0.399249000,1.765118000,0.000000000,0.000000000,0.000000000,1.000000000
1403715372.187143326,-0.722814000,-0.403054000,1.764954000,0.000000000,0.000000000,0.000000000,1.000000000
1403715372.192142963,-0.721387000,-0.406854000,1.764803000,0.000000000,0.000000000,0.000000000,1.000000000
1403715372.197143078,-0.719950000,-0.410651000,1.764661000,0.000000000,0.000000000,0.000000000,1.000000000
1403715372.202142954,-0.718521000,-0.414377000,1.764527000,0.000000000,0.000000000,0.000000000,1.000000000
1403715372.207143307,-0.717078000,-0.418156000,1.764417000,0.000000000,0.000000000,0.000000000,1.000000000
1403715372.212142944,-0.715633000,-0.421936000,1.764310000,0.000000000,0.000000000,0.000000000,1.000000000
1403715372.217143059,-0.714181000,-0.425724000,1.764207000,0.000000000,0.000000000,0.000000000,1.000000000
1403715372.222143173,-0.712722000,-0.429516000,1.764114000,0.000000000,0.000000000,0.000000000,1.000000000
1403715372.227143288,-0.711260000,-0.433307000,1.764031000,0.000000000,0.000000000,0.000000000,1.000000000
1403715372.232142925,-0.709792000,-0.437098000,1.763959000,0.000000000,0.000000000,0.000000000,1.000000000
1403715372.237143040,-0.708311000,-0.440897000,1.763899000,0.000000000,0.000000000,0.000000000,1.000000000
1403715372.242143154,-0.706817000,-0.444700000,1.763856000,0.000000000,0.000000000,0.000000000,1.000000000
1403715372.247143030,-0.705316000,-0.448507000,1.763832000,0.000000000,0.000000000,0.000000000,1.000000000
1403715372.252142906,-0.703824000,-0.452248000,1.763819000,0.000000000,0.000000000,0.000000000,1.000000000
1403715372.257143021,-0.702309000,-0.456056000,1.763812000,0.000000000,0.000000000,0.000000000,1.000000000
1403715372.262143135,-0.700792000,-0.459864000,1.763811000,0.000000000,0.000000000,0.000000000,1.000000000
1403715372.267143011,-0.699273000,-0.463670000,1.763817000,0.000000000,0.000000000,0.000000000,1.000000000
1403715372.272142887,-0.697753000,-0.467478000,1.763833000,0.000000000,0.000000000,0.000000000,1.000000000
1403715372.277143240,-0.696244000,-0.471290000,1.763862000,0.000000000,0.000000000,0.000000000,1.000000000
1403715372.282143354,-0.694754000,-0.475095000,1.763899000,0.000000000,0.000000000,0.000000000,1.000000000
1403715372.287142992,-0.693271000,-0.478891000,1.763940000,0.000000000,0.000000000,0.000000000,1.000000000
1403715372.292143106,-0.691777000,-0.482682000,1.763982000,0.000000000,0.000000000,0.000000000,1.000000000
1403715372.297143221,-0.690272000,-0.486466000,1.764022000,0.000000000,0.000000000,0.000000000,1.000000000
1403715372.302143097,-0.688787000,-0.490162000,1.764066000,0.000000000,0.000000000,0.000000000,1.000000000
1403715372.307142973,-0.687286000,-0.493919000,1.764107000,0.000000000,0.000000000,0.000000000,1.000000000
1403715372.312143087,-0.685791000,-0.497685000,1.764159000,0.000000000,0.000000000,0.000000000,1.000000000
1403715372.317143202,-0.684301000,-0.501461000,1.764219000,0.000000000,0.000000000,0.000000000,1.000000000
1403715372.322143078,-0.682806000,-0.505242000,1.764300000,0.000000000,0.000000000,0.000000000,1.000000000
1403715372.327142954,-0.681307000,-0.509019000,1.764410000,0.000000000,0.000000000,0.000000000,1.000000000
1403715372.332143307,-0.679804000,-0.512790000,1.764535000,0.000000000,0.000000000,0.000000000,1.000000000
1403715372.337143183,-0.678293000,-0.516557000,1.764662000,0.000000000,0.000000000,0.000000000,1.000000000
1403715372.342143059,-0.676773000,-0.520329000,1.764797000,0.000000000,0.000000000,0.000000000,1.000000000
1403715372.347142935,-0.675243000,-0.524109000,1.764942000,0.000000000,0.000000000,0.000000000,1.000000000
1403715372.352143288,-0.673732000,-0.527804000,1.765115000,0.000000000,0.000000000,0.000000000,1.000000000
1403715372.357143164,-0.672207000,-0.531555000,1.765286000,0.000000000,0.000000000,0.000000000,1.000000000
1403715372.362143040,-0.670672000,-0.535301000,1.765470000,0.000000000,0.000000000,0.000000000,1.000000000
1403715372.367142916,-0.669129000,-0.539047000,1.765682000,0.000000000,0.000000000,0.000000000,1.000000000
1403715372.372143269,-0.667586000,-0.542798000,1.765920000,0.000000000,0.000000000,0.000000000,1.000000000
1403715372.377142906,-0.666044000,-0.546555000,1.766182000,0.000000000,0.000000000,0.000000000,1.000000000
1403715372.382143021,-0.664501000,-0.550315000,1.766454000,0.000000000,0.000000000,0.000000000,1.000000000
1403715372.387142897,-0.662963000,-0.554077000,1.766730000,0.000000000,0.000000000,0.000000000,1.000000000
1403715372.392143250,-0.661431000,-0.557839000,1.767004000,0.000000000,0.000000000,0.000000000,1.000000000
1403715372.397142887,-0.659898000,-0.561600000,1.767288000,0.000000000,0.000000000,0.000000000,1.000000000
1403715372.402143002,-0.658387000,-0.565272000,1.767607000,0.000000000,0.000000000,0.000000000,1.000000000
1403715372.407143354,-0.656865000,-0.569011000,1.767909000,0.000000000,0.000000000,0.000000000,1.000000000
1403715372.412143230,-0.655343000,-0.572750000,1.768215000,0.000000000,0.000000000,0.000000000,1.000000000
1403715372.417143106,-0.653822000,-0.576492000,1.768535000,0.000000000,0.000000000,0.000000000,1.000000000
1403715372.422142982,-0.652300000,-0.580236000,1.768868000,0.000000000,0.000000000,0.000000000,1.000000000
1403715372.427143335,-0.650773000,-0.583979000,1.769207000,0.000000000,0.000000000,0.000000000,1.000000000
1403715372.432142973,-0.649240000,-0.587723000,1.769553000,0.000000000,0.000000000,0.000000000,1.000000000
1403715372.437143087,-0.647703000,-0.591465000,1.769912000,0.000000000,0.000000000,0.000000000,1.000000000
1403715372.442142963,-0.646167000,-0.595207000,1.770281000,0.000000000,0.000000000,0.000000000,1.000000000
1403715372.447143316,-0.644639000,-0.598949000,1.770661000,0.000000000,0.000000000,0.000000000,1.000000000
1403715372.452142954,-0.643141000,-0.602603000,1.771075000,0.000000000,0.000000000,0.000000000,1.000000000
1403715372.457143068,-0.641625000,-0.606336000,1.771485000,0.000000000,0.000000000,0.000000000,1.000000000
1403715372.462142944,-0.640108000,-0.610067000,1.771902000,0.000000000,0.000000000,0.000000000,1.000000000
1403715372.467143297,-0.638591000,-0.613789000,1.772316000,0.000000000,0.000000000,0.000000000,1.000000000
1403715372.472142935,-0.637068000,-0.617503000,1.772736000,0.000000000,0.000000000,0.000000000,1.000000000
1403715372.477143049,-0.635540000,-0.621214000,1.773168000,0.000000000,0.000000000,0.000000000,1.000000000
1403715372.482143164,-0.634018000,-0.624926000,1.773608000,0.000000000,0.000000000,0.000000000,1.000000000
1403715372.487143040,-0.632505000,-0.628639000,1.774054000,0.000000000,0.000000000,0.000000000,1.000000000
1403715372.492142916,-0.630992000,-0.632354000,1.774516000,0.000000000,0.000000000,0.000000000,1.000000000
1403715372.497143030,-0.629475000,-0.636068000,1.775002000,0.000000000,0.000000000,0.000000000,1.000000000
1403715372.502143145,-0.627988000,-0.639688000,1.775534000,0.000000000,0.000000000,0.000000000,1.000000000
1403715372.507143021,-0.626475000,-0.643382000,1.776058000,0.000000000,0.000000000,0.000000000,1.000000000
1403715372.512142897,-0.624956000,-0.647081000,1.776595000,0.000000000,0.000000000,0.000000000,1.000000000
1403715372.517143011,-0.623437000,-0.650782000,1.777155000,0.000000000,0.000000000,0.000000000,1.000000000
1403715372.522143126,-0.621922000,-0.654486000,1.777724000,0.000000000,0.000000000,0.000000000,1.000000000
1403715372.527143002,-0.620405000,-0.658194000,1.778300000,0.000000000,0.000000000,0.000000000,1.000000000
1403715372.532143116,-0.618885000,-0.661906000,1.778896000,0.000000000,0.000000000,0.000000000,1.000000000
1403715372.537143230,-0.617364000,-0.665615000,1.779509000,0.000000000,0.000000000,0.000000000,1.000000000
1403715372.542143345,-0.615844000,-0.669320000,1.780128000,0.000000000,0.000000000,0.000000000,1.000000000
1403715372.547142982,-0.614322000,-0.673023000,1.780753000,0.000000000,0.000000000,0.000000000,1.000000000
1403715372.552143097,-0.612826000,-0.676636000,1.781412000,0.000000000,0.000000000,0.000000000,1.000000000
1403715372.557143211,-0.611308000,-0.680318000,1.782062000,0.000000000,0.000000000,0.000000000,1.000000000
1403715372.562143087,-0.609801000,-0.683996000,1.782711000,0.000000000,0.000000000,0.000000000,1.000000000
1403715372.567142963,-0.608294000,-0.687679000,1.783358000,0.000000000,0.000000000,0.000000000,1.000000000
1403715372.572143078,-0.606784000,-0.691364000,1.784013000,0.000000000,0.000000000,0.000000000,1.000000000
1403715372.577143192,-0.605279000,-0.695045000,1.784672000,0.000000000,0.000000000,0.000000000,1.000000000
1403715372.582143068,-0.603777000,-0.698727000,1.785330000,0.000000000,0.000000000,0.000000000,1.000000000
1403715372.587142944,-0.602269000,-0.702411000,1.785990000,0.000000000,0.000000000,0.000000000,1.000000000
1403715372.592143297,-0.600757000,-0.706094000,1.786648000,0.000000000,0.000000000,0.000000000,1.000000000
1403715372.597143173,-0.599243000,-0.709771000,1.787300000,0.000000000,0.000000000,0.000000000,1.000000000
1403715372.602143049,-0.597724000,-0.713443000,1.787952000,0.000000000,0.000000000,0.000000000,1.000000000
1403715372.607142925,-0.596246000,-0.717005000,1.788642000,0.000000000,0.000000000,0.000000000,1.000000000
1403715372.612143278,-0.594732000,-0.720661000,1.789309000,0.000000000,0.000000000,0.000000000,1.000000000
1403715372.617143154,-0.593225000,-0.724318000,1.789971000,0.000000000,0.000000000,0.000000000,1.000000000
1403715372.622143030,-0.591718000,-0.727975000,1.790637000,0.000000000,0.000000000,0.000000000,1.000000000
1403715372.627142906,-0.590209000,-0.731631000,1.791320000,0.000000000,0.000000000,0.000000000,1.000000000
1403715372.632143259,-0.588697000,-0.735290000,1.791999000,0.000000000,0.000000000,0.000000000,1.000000000
1403715372.637142897,-0.587182000,-0.738956000,1.792658000,0.000000000,0.000000000,0.000000000,1.000000000
1403715372.642143011,-0.585667000,-0.742626000,1.793300000,0.000000000,0.000000000,0.000000000,1.000000000
1403715372.647142887,-0.584162000,-0.746294000,1.793934000,0.000000000,0.000000000,0.000000000,1.000000000
1403715372.652143240,-0.582694000,-0.749873000,1.794603000,0.000000000,0.000000000,0.000000000,1.000000000
1403715372.657143116,-0.581186000,-0.753515000,1.795272000,0.000000000,0.000000000,0.000000000,1.000000000
1403715372.662142992,-0.579673000,-0.757155000,1.795940000,0.000000000,0.000000000,0.000000000,1.000000000
1403715372.667143345,-0.578162000,-0.760792000,1.796601000,0.000000000,0.000000000,0.000000000,1.000000000
1403715372.672143221,-0.576664000,-0.764427000,1.797253000,0.000000000,0.000000000,0.000000000,1.000000000
1403715372.677143097,-0.575170000,-0.768061000,1.797897000,0.000000000,0.000000000,0.000000000,1.000000000
1403715372.682142973,-0.573679000,-0.771689000,1.798540000,0.000000000,0.000000000,0.000000000,1.000000000
1403715372.687143326,-0.572192000,-0.775309000,1.799183000,0.000000000,0.000000000,0.000000000,1.000000000
1403715372.692142963,-0.570710000,-0.778921000,1.799822000,0.000000000,0.000000000,0.000000000,1.000000000
1403715372.697143078,-0.569233000,-0.782530000,1.800455000,0.000000000,0.000000000,0.000000000,1.000000000
1403715372.702142954,-0.567755000,-0.786140000,1.801080000,0.000000000,0.000000000,0.000000000,1.000000000
1403715372.707143307,-0.566321000,-0.789655000,1.801722000,0.000000000,0.000000000,0.000000000,1.000000000
1403715372.712142944,-0.564844000,-0.793253000,1.802329000,0.000000000,0.000000000,0.000000000,1.000000000
1403715372.717143059,-0.563365000,-0.796847000,1.802931000,0.000000000,0.000000000,0.000000000,1.000000000
1403715372.722143173,-0.561892000,-0.800428000,1.803523000,0.000000000,0.000000000,0.000000000,1.000000000
1403715372.727143288,-0.560422000,-0.803997000,1.804100000,0.000000000,0.000000000,0.000000000,1.000000000
1403715372.732142925,-0.558949000,-0.807559000,1.804669000,0.000000000,0.000000000,0.000000000,1.000000000
1403715372.737143040,-0.557482000,-0.811120000,1.805232000,0.000000000,0.000000000,0.000000000,1.000000000
1403715372.742143154,-0.556023000,-0.814685000,1.805781000,0.000000000,0.000000000,0.000000000,1.000000000
1403715372.747143030,-0.554569000,-0.818256000,1.806317000,0.000000000,0.000000000,0.000000000,1.000000000
1403715372.752142906,-0.553154000,-0.821747000,1.806873000,0.000000000,0.000000000,0.000000000,1.000000000
1403715372.757143021,-0.551710000,-0.825292000,1.807408000,0.000000000,0.000000000,0.000000000,1.000000000
1403715372.762143135,-0.550264000,-0.828833000,1.807939000,0.000000000,0.000000000,0.000000000,1.000000000
1403715372.767143011,-0.548811000,-0.832370000,1.808471000,0.000000000,0.000000000,0.000000000,1.000000000
1403715372.772142887,-0.547358000,-0.835904000,1.809002000,0.000000000,0.000000000,0.000000000,1.000000000
1403715372.777143240,-0.545912000,-0.839435000,1.809532000,0.000000000,0.000000000,0.000000000,1.000000000
1403715372.782143354,-0.544470000,-0.842968000,1.810061000,0.000000000,0.000000000,0.000000000,1.000000000
1403715372.787142992,-0.543030000,-0.846503000,1.810591000,0.000000000,0.000000000,0.000000000,1.000000000
1403715372.792143106,-0.541592000,-0.850036000,1.811121000,0.000000000,0.000000000,0.000000000,1.000000000
1403715372.797143221,-0.540153000,-0.853568000,1.811650000,0.000000000,0.000000000,0.000000000,1.000000000
1403715372.802143097,-0.538745000,-0.857027000,1.812200000,0.000000000,0.000000000,0.000000000,1.000000000
1403715372.807142973,-0.537310000,-0.860530000,1.812720000,0.000000000,0.000000000,0.000000000,1.000000000
1403715372.812143087,-0.535882000,-0.864025000,1.813224000,0.000000000,0.000000000,0.000000000,1.000000000
1403715372.817143202,-0.534455000,-0.867519000,1.813718000,0.000000000,0.000000000,0.000000000,1.000000000
1403715372.822143078,-0.533026000,-0.871018000,1.814209000,0.000000000,0.000000000,0.000000000,1.000000000
1403715372.827142954,-0.531593000,-0.874519000,1.814694000,0.000000000,0.000000000,0.000000000,1.000000000
1403715372.832143307,-0.530162000,-0.878027000,1.815167000,0.000000000,0.000000000,0.000000000,1.000000000
1403715372.837143183,-0.528728000,-0.881537000,1.815640000,0.000000000,0.000000000,0.000000000,1.000000000
1403715372.842143059,-0.527285000,-0.885044000,1.816119000,0.000000000,0.000000000,0.000000000,1.000000000
1403715372.847142935,-0.525847000,-0.888546000,1.816593000,0.000000000,0.000000000,0.000000000,1.000000000
1403715372.852143288,-0.524448000,-0.891982000,1.817085000,0.000000000,0.000000000,0.000000000,1.000000000
1403715372.857143164,-0.523023000,-0.895476000,1.817558000,0.000000000,0.000000000,0.000000000,1.000000000
1403715372.862143040,-0.521597000,-0.898969000,1.818026000,0.000000000,0.000000000,0.000000000,1.000000000
1403715372.867142916,-0.520169000,-0.902457000,1.818486000,0.000000000,0.000000000,0.000000000,1.000000000
1403715372.872143269,-0.518733000,-0.905943000,1.818939000,0.000000000,0.000000000,0.000000000,1.000000000
1403715372.877142906,-0.517286000,-0.909425000,1.819389000,0.000000000,0.000000000,0.000000000,1.000000000
1403715372.882143021,-0.515835000,-0.912902000,1.819826000,0.000000000,0.000000000,0.000000000,1.000000000
1403715372.887142897,-0.514391000,-0.916374000,1.820251000,0.000000000,0.000000000,0.000000000,1.000000000
1403715372.892143250,-0.512954000,-0.919842000,1.820675000,0.000000000,0.000000000,0.000000000,1.000000000
1403715372.897142887,-0.511521000,-0.923311000,1.821106000,0.000000000,0.000000000,0.000000000,1.000000000
1403715372.902143002,-0.510119000,-0.926729000,1.821555000,0.000000000,0.000000000,0.000000000,1.000000000
1403715372.907143354,-0.508682000,-0.930195000,1.821999000,0.000000000,0.000000000,0.000000000,1.000000000
1403715372.912143230,-0.507240000,-0.933658000,1.822454000,0.000000000,0.000000000,0.000000000,1.000000000
1403715372.917143106,-0.505795000,-0.937118000,1.822905000,0.000000000,0.000000000,0.000000000,1.000000000
1403715372.922142982,-0.504351000,-0.940571000,1.823345000,0.000000000,0.000000000,0.000000000,1.000000000
1403715372.927143335,-0.502913000,-0.944021000,1.823771000,0.000000000,0.000000000,0.000000000,1.000000000
1403715372.932142973,-0.501481000,-0.947469000,1.824188000,0.000000000,0.000000000,0.000000000,1.000000000
1403715372.937143087,-0.500055000,-0.950920000,1.824598000,0.000000000,0.000000000,0.000000000,1.000000000
1403715372.942142963,-0.498630000,-0.954375000,1.825012000,0.000000000,0.000000000,0.000000000,1.000000000
1403715372.947143316,-0.497203000,-0.957834000,1.825429000,0.000000000,0.000000000,0.000000000,1.000000000
1403715372.952142954,-0.495812000,-0.961238000,1.825859000,0.000000000,0.000000000,0.000000000,1.000000000
1403715372.957143068,-0.494397000,-0.964678000,1.826272000,0.000000000,0.000000000,0.000000000,1.000000000
1403715372.962142944,-0.492980000,-0.968115000,1.826682000,0.000000000,0.000000000,0.000000000,1.000000000
1403715372.967143297,-0.491563000,-0.971551000,1.827092000,0.000000000,0.000000000,0.000000000,1.000000000
1403715372.972142935,-0.490146000,-0.974987000,1.827495000,0.000000000,0.000000000,0.000000000,1.000000000
1403715372.977143049,-0.488731000,-0.978421000,1.827891000,0.000000000,0.000000000,0.000000000,1.000000000
1403715372.982143164,-0.487315000,-0.981856000,1.828284000,0.000000000,0.000000000,0.000000000,1.000000000
1403715372.987143040,-0.485900000,-0.985291000,1.828687000,0.000000000,0.000000000,0.000000000,1.000000000
1403715372.992142916,-0.484488000,-0.988719000,1.829097000,0.000000000,0.000000000,0.000000000,1.000000000
1403715372.997143030,-0.483074000,-0.992145000,1.829504000,0.000000000,0.000000000,0.000000000,1.000000000
1403715373.002143145,-0.481682000,-0.995530000,1.829922000,0.000000000,0.000000000,0.000000000,1.000000000
1403715373.007143021,-0.480262000,-0.998954000,1.830330000,0.000000000,0.000000000,0.000000000,1.000000000
1403715373.012142897,-0.478844000,-1.002377000,1.830722000,0.000000000,0.000000000,0.000000000,1.000000000
1403715373.017143011,-0.477430000,-1.005798000,1.831096000,0.000000000,0.000000000,0.000000000,1.000000000
1403715373.022143126,-0.476019000,-1.009219000,1.831463000,0.000000000,0.000000000,0.000000000,1.000000000
1403715373.027143002,-0.474614000,-1.012645000,1.831831000,0.000000000,0.000000000,0.000000000,1.000000000
1403715373.032143116,-0.473211000,-1.016071000,1.832204000,0.000000000,0.000000000,0.000000000,1.000000000
1403715373.037143230,-0.471800000,-1.019496000,1.832573000,0.000000000,0.000000000,0.000000000,1.000000000
1403715373.042143345,-0.470383000,-1.022918000,1.832945000,0.000000000,0.000000000,0.000000000,1.000000000
1403715373.047142982,-0.468972000,-1.026337000,1.833316000,0.000000000,0.000000000,0.000000000,1.000000000
1403715373.052143097,-0.467595000,-1.029716000,1.833676000,0.000000000,0.000000000,0.000000000,1.000000000
1403715373.057143211,-0.466203000,-1.033131000,1.834024000,0.000000000,0.000000000,0.000000000,1.000000000
1403715373.062143087,-0.464813000,-1.036549000,1.834374000,0.000000000,0.000000000,0.000000000,1.000000000
1403715373.067142963,-0.463424000,-1.039968000,1.834725000,0.000000000,0.000000000,0.000000000,1.000000000
1403715373.072143078,-0.462031000,-1.043388000,1.835071000,0.000000000,0.000000000,0.000000000,1.000000000
1403715373.077143192,-0.460640000,-1.046808000,1.835410000,0.000000000,0.000000000,0.000000000,1.000000000
1403715373.082143068,-0.459256000,-1.050226000,1.835732000,0.000000000,0.000000000,0.000000000,1.000000000
1403715373.087142944,-0.457879000,-1.053644000,1.836045000,0.000000000,0.000000000,0.000000000,1.000000000
1403715373.092143297,-0.456508000,-1.057065000,1.836353000,0.000000000,0.000000000,0.000000000,1.000000000
1403715373.097143173,-0.455139000,-1.060492000,1.836658000,0.000000000,0.000000000,0.000000000,1.000000000
1403715373.102143049,-0.453789000,-1.063883000,1.836952000,0.000000000,0.000000000,0.000000000,1.000000000
1403715373.107142925,-0.452430000,-1.067304000,1.837253000,0.000000000,0.000000000,0.000000000,1.000000000
1403715373.112143278,-0.451076000,-1.070723000,1.837552000,0.000000000,0.000000000,0.000000000,1.000000000
1403715373.117143154,-0.449726000,-1.074138000,1.837846000,0.000000000,0.000000000,0.000000000,1.000000000
1403715373.122143030,-0.448380000,-1.077553000,1.838141000,0.000000000,0.000000000,0.000000000,1.000000000
1403715373.127142906,-0.447035000,-1.080972000,1.838442000,0.000000000,0.000000000,0.000000000,1.000000000
1403715373.132143259,-0.445693000,-1.084398000,1.838740000,0.000000000,0.000000000,0.000000000,1.000000000
1403715373.137142897,-0.444354000,-1.087832000,1.839034000,0.000000000,0.000000000,0.000000000,1.000000000
1403715373.142143011,-0.443018000,-1.091270000,1.839335000,0.000000000,0.000000000,0.000000000,1.000000000
1403715373.147142887,-0.441689000,-1.094713000,1.839636000,0.000000000,0.000000000,0.000000000,1.000000000
1403715373.152143240,-0.440370000,-1.098124000,1.839915000,0.000000000,0.000000000,0.000000000,1.000000000
1403715373.157143116,-0.439036000,-1.101559000,1.840202000,0.000000000,0.000000000,0.000000000,1.000000000
1403715373.162142992,-0.437705000,-1.104992000,1.840476000,0.000000000,0.000000000,0.000000000,1.000000000
1403715373.167143345,-0.436381000,-1.108431000,1.840741000,0.000000000,0.000000000,0.000000000,1.000000000
1403715373.172143221,-0.435063000,-1.111874000,1.841003000,0.000000000,0.000000000,0.000000000,1.000000000
1403715373.177143097,-0.433758000,-1.115320000,1.841262000,0.000000000,0.000000000,0.000000000,1.000000000
1403715373.182142973,-0.432461000,-1.118770000,1.841528000,0.000000000,0.000000000,0.000000000,1.000000000
1403715373.187143326,-0.431163000,-1.122229000,1.841809000,0.000000000,0.000000000,0.000000000,1.000000000
1403715373.192142963,-0.429859000,-1.125698000,1.842096000,0.000000000,0.000000000,0.000000000,1.000000000
1403715373.197143078,-0.428551000,-1.129170000,1.842377000,0.000000000,0.000000000,0.000000000,1.000000000
1403715373.202142954,-0.427255000,-1.132614000,1.842620000,0.000000000,0.000000000,0.000000000,1.000000000
1403715373.207143307,-0.425956000,-1.136073000,1.842880000,0.000000000,0.000000000,0.000000000,1.000000000
1403715373.212142944,-0.424663000,-1.139526000,1.843143000,0.000000000,0.000000000,0.000000000,1.000000000
1403715373.217143059,-0.423380000,-1.142981000,1.843403000,0.000000000,0.000000000,0.000000000,1.000000000
1403715373.222143173,-0.422107000,-1.146437000,1.843662000,0.000000000,0.000000000,0.000000000,1.000000000
1403715373.227143288,-0.420840000,-1.149897000,1.843926000,0.000000000,0.000000000,0.000000000,1.000000000
1403715373.232142925,-0.419584000,-1.153358000,1.844197000,0.000000000,0.000000000,0.000000000,1.000000000
1403715373.237143040,-0.418341000,-1.156817000,1.844469000,0.000000000,0.000000000,0.000000000,1.000000000
1403715373.242143154,-0.417104000,-1.160273000,1.844739000,0.000000000,0.000000000,0.000000000,1.000000000
1403715373.247143030,-0.415868000,-1.163727000,1.845010000,0.000000000,0.000000000,0.000000000,1.000000000
1403715373.252142906,-0.414643000,-1.167152000,1.845245000,0.000000000,0.000000000,0.000000000,1.000000000
1403715373.257143021,-0.413415000,-1.170599000,1.845503000,0.000000000,0.000000000,0.000000000,1.000000000
1403715373.262143135,-0.412176000,-1.174051000,1.845769000,0.000000000,0.000000000,0.000000000,1.000000000
1403715373.267143011,-0.410936000,-1.177504000,1.846040000,0.000000000,0.000000000,0.000000000,1.000000000
1403715373.272142887,-0.409705000,-1.180965000,1.846309000,0.000000000,0.000000000,0.000000000,1.000000000
1403715373.277143240,-0.408478000,-1.184438000,1.846587000,0.000000000,0.000000000,0.000000000,1.000000000
1403715373.282143354,-0.407256000,-1.187919000,1.846888000,0.000000000,0.000000000,0.000000000,1.000000000
1403715373.287142992,-0.406035000,-1.191401000,1.847212000,0.000000000,0.000000000,0.000000000,1.000000000
1403715373.292143106,-0.404812000,-1.194877000,1.847556000,0.000000000,0.000000000,0.000000000,1.000000000
1403715373.297143221,-0.403584000,-1.198348000,1.847910000,0.000000000,0.000000000,0.000000000,1.000000000
1403715373.302143097,-0.402358000,-1.201795000,1.848232000,0.000000000,0.000000000,0.000000000,1.000000000
1403715373.307142973,-0.401134000,-1.205263000,1.848581000,0.000000000,0.000000000,0.000000000,1.000000000
1403715373.312143087,-0.399917000,-1.208732000,1.848913000,0.000000000,0.000000000,0.000000000,1.000000000
1403715373.317143202,-0.398705000,-1.212198000,1.849226000,0.000000000,0.000000000,0.000000000,1.000000000
1403715373.322143078,-0.397494000,-1.215658000,1.849522000,0.000000000,0.000000000,0.000000000,1.000000000
1403715373.327142954,-0.396279000,-1.219111000,1.849815000,0.000000000,0.000000000,0.000000000,1.000000000
1403715373.332143307,-0.395064000,-1.222559000,1.850110000,0.000000000,0.000000000,0.000000000,1.000000000
1403715373.337143183,-0.393853000,-1.226004000,1.850402000,0.000000000,0.000000000,0.000000000,1.000000000
1403715373.342143059,-0.392648000,-1.229453000,1.850693000,0.000000000,0.000000000,0.000000000,1.000000000
1403715373.347142935,-0.391452000,-1.232904000,1.850989000,0.000000000,0.000000000,0.000000000,1.000000000
1403715373.352143288,-0.390265000,-1.236341000,1.851243000,0.000000000,0.000000000,0.000000000,1.000000000
1403715373.357143164,-0.389080000,-1.239791000,1.851535000,0.000000000,0.000000000,0.000000000,1.000000000
1403715373.362143040,-0.387895000,-1.243240000,1.851827000,0.000000000,0.000000000,0.000000000,1.000000000
1403715373.367142916,-0.386711000,-1.246686000,1.852114000,0.000000000,0.000000000,0.000000000,1.000000000
1403715373.372143269,-0.385532000,-1.250132000,1.852396000,0.000000000,0.000000000,0.000000000,1.000000000
1403715373.377142906,-0.384357000,-1.253579000,1.852676000,0.000000000,0.000000000,0.000000000,1.000000000
1403715373.382143021,-0.383178000,-1.257028000,1.852960000,0.000000000,0.000000000,0.000000000,1.000000000
1403715373.387142897,-0.381986000,-1.260479000,1.853252000,0.000000000,0.000000000,0.000000000,1.000000000
1403715373.392143250,-0.380786000,-1.263927000,1.853542000,0.000000000,0.000000000,0.000000000,1.000000000
1403715373.397142887,-0.379586000,-1.267370000,1.853825000,0.000000000,0.000000000,0.000000000,1.000000000
1403715373.402143002,-0.378396000,-1.270795000,1.854060000,0.000000000,0.000000000,0.000000000,1.000000000
1403715373.407143354,-0.377208000,-1.274230000,1.854338000,0.000000000,0.000000000,0.000000000,1.000000000
1403715373.412143230,-0.376018000,-1.277668000,1.854627000,0.000000000,0.000000000,0.000000000,1.000000000
1403715373.417143106,-0.374828000,-1.281111000,1.854917000,0.000000000,0.000000000,0.000000000,1.000000000
1403715373.422142982,-0.373628000,-1.284552000,1.855205000,0.000000000,0.000000000,0.000000000,1.000000000
1403715373.427143335,-0.372428000,-1.287989000,1.855490000,0.000000000,0.000000000,0.000000000,1.000000000
1403715373.432142973,-0.371234000,-1.291420000,1.855764000,0.000000000,0.000000000,0.000000000,1.000000000
1403715373.437143087,-0.370045000,-1.294838000,1.856029000,0.000000000,0.000000000,0.000000000,1.000000000
1403715373.442142963,-0.368863000,-1.298245000,1.856284000,0.000000000,0.000000000,0.000000000,1.000000000
1403715373.447143316,-0.367685000,-1.301642000,1.856533000,0.000000000,0.000000000,0.000000000,1.000000000
1403715373.452142954,-0.366504000,-1.305022000,1.856738000,0.000000000,0.000000000,0.000000000,1.000000000
1403715373.457143068,-0.365324000,-1.308403000,1.856978000,0.000000000,0.000000000,0.000000000,1.000000000
1403715373.462142944,-0.364145000,-1.311779000,1.857214000,0.000000000,0.000000000,0.000000000,1.000000000
1403715373.467143297,-0.362963000,-1.315153000,1.857443000,0.000000000,0.000000000,0.000000000,1.000000000
1403715373.472142935,-0.361774000,-1.318528000,1.857666000,0.000000000,0.000000000,0.000000000,1.000000000
1403715373.477143049,-0.360584000,-1.321901000,1.857878000,0.000000000,0.000000000,0.000000000,1.000000000
1403715373.482143164,-0.359393000,-1.325265000,1.858080000,0.000000000,0.000000000,0.000000000,1.000000000
1403715373.487143040,-0.358204000,-1.328620000,1.858273000,0.000000000,0.000000000,0.000000000,1.000000000
1403715373.492142916,-0.357019000,-1.331969000,1.858458000,0.000000000,0.000000000,0.000000000,1.000000000
1403715373.497143030,-0.355838000,-1.335316000,1.858641000,0.000000000,0.000000000,0.000000000,1.000000000
1403715373.502143145,-0.354657000,-1.338656000,1.858783000,0.000000000,0.000000000,0.000000000,1.000000000
1403715373.507143021,-0.353478000,-1.342006000,1.858962000,0.000000000,0.000000000,0.000000000,1.000000000
1403715373.512142897,-0.352293000,-1.345350000,1.859149000,0.000000000,0.000000000,0.000000000,1.000000000
1403715373.517143011,-0.351101000,-1.348687000,1.859338000,0.000000000,0.000000000,0.000000000,1.000000000
1403715373.522143126,-0.349899000,-1.352015000,1.859536000,0.000000000,0.000000000,0.000000000,1.000000000
1403715373.527143002,-0.348693000,-1.355343000,1.859741000,0.000000000,0.000000000,0.000000000,1.000000000
1403715373.532143116,-0.347484000,-1.358681000,1.859952000,0.000000000,0.000000000,0.000000000,1.000000000
1403715373.537143230,-0.346278000,-1.362028000,1.860166000,0.000000000,0.000000000,0.000000000,1.000000000
1403715373.542143345,-0.345079000,-1.365377000,1.860369000,0.000000000,0.000000000,0.000000000,1.000000000
1403715373.547142982,-0.343880000,-1.368718000,1.860564000,0.000000000,0.000000000,0.000000000,1.000000000
1403715373.552143097,-0.342667000,-1.372029000,1.860726000,0.000000000,0.000000000,0.000000000,1.000000000
1403715373.557143211,-0.341452000,-1.375331000,1.860906000,0.000000000,0.000000000,0.000000000,1.000000000
1403715373.562143087,-0.340233000,-1.378619000,1.861081000,0.000000000,0.000000000,0.000000000,1.000000000
1403715373.567142963,-0.339014000,-1.381900000,1.861246000,0.000000000,0.000000000,0.000000000,1.000000000
1403715373.572143078,-0.337800000,-1.385185000,1.861411000,0.000000000,0.000000000,0.000000000,1.000000000
1403715373.577143192,-0.336580000,-1.388478000,1.861581000,0.000000000,0.000000000,0.000000000,1.000000000
1403715373.582143068,-0.335350000,-1.391774000,1.861756000,0.000000000,0.000000000,0.000000000,1.000000000
1403715373.587142944,-0.334119000,-1.395060000,1.861924000,0.000000000,0.000000000,0.000000000,1.000000000
1403715373.592143297,-0.332888000,-1.398326000,1.862078000,0.000000000,0.000000000,0.000000000,1.000000000
1403715373.597143173,-0.331654000,-1.401577000,1.862227000,0.000000000,0.000000000,0.000000000,1.000000000
1403715373.602143049,-0.330411000,-1.404811000,1.862349000,0.000000000,0.000000000,0.000000000,1.000000000
1403715373.607142925,-0.329179000,-1.408044000,1.862485000,0.000000000,0.000000000,0.000000000,1.000000000
1403715373.612143278,-0.327953000,-1.411269000,1.862617000,0.000000000,0.000000000,0.000000000,1.000000000
1403715373.617143154,-0.326725000,-1.414486000,1.862763000,0.000000000,0.000000000,0.000000000,1.000000000
1403715373.622143030,-0.325487000,-1.417691000,1.862924000,0.000000000,0.000000000,0.000000000,1.000000000
1403715373.627142906,-0.324236000,-1.420883000,1.863098000,0.000000000,0.000000000,0.000000000,1.000000000
1403715373.632143259,-0.322974000,-1.424061000,1.863279000,0.000000000,0.000000000,0.000000000,1.000000000
1403715373.637142897,-0.321711000,-1.427232000,1.863455000,0.000000000,0.000000000,0.000000000,1.000000000
1403715373.642143011,-0.320456000,-1.430402000,1.863610000,0.000000000,0.000000000,0.000000000,1.000000000
1403715373.647142887,-0.319214000,-1.433570000,1.863741000,0.000000000,0.000000000,0.000000000,1.000000000
1403715373.652143240,-0.317983000,-1.436726000,1.863832000,0.000000000,0.000000000,0.000000000,1.000000000
1403715373.657143116,-0.316760000,-1.439872000,1.863940000,0.000000000,0.000000000,0.000000000,1.000000000
1403715373.662142992,-0.315523000,-1.442997000,1.864056000,0.000000000,0.000000000,0.000000000,1.000000000
1403715373.667143345,-0.314269000,-1.446101000,1.864182000,0.000000000,0.000000000,0.000000000,1.000000000
1403715373.672143221,-0.313003000,-1.449188000,1.864313000,0.000000000,0.000000000,0.000000000,1.000000000
1403715373.677143097,-0.311736000,-1.452264000,1.864451000,0.000000000,0.000000000,0.000000000,1.000000000
1403715373.682142973,-0.310473000,-1.455334000,1.864597000,0.000000000,0.000000000,0.000000000,1.000000000
1403715373.687143326,-0.309222000,-1.458393000,1.864747000,0.000000000,0.000000000,0.000000000,1.000000000
1403715373.692142963,-0.307983000,-1.461432000,1.864888000,0.000000000,0.000000000,0.000000000,1.000000000
1403715373.697143078,-0.306741000,-1.464448000,1.865019000,0.000000000,0.000000000,0.000000000,1.000000000
1403715373.702142954,-0.305484000,-1.467436000,1.865131000,0.000000000,0.000000000,0.000000000,1.000000000
1403715373.707143307,-0.304220000,-1.470413000,1.865253000,0.000000000,0.000000000,0.000000000,1.000000000
1403715373.712142944,-0.302949000,-1.473380000,1.865365000,0.000000000,0.000000000,0.000000000,1.000000000
1403715373.717143059,-0.301677000,-1.476338000,1.865473000,0.000000000,0.000000000,0.000000000,1.000000000
1403715373.722143173,-0.300404000,-1.479284000,1.865583000,0.000000000,0.000000000,0.000000000,1.000000000
1403715373.727143288,-0.299121000,-1.482219000,1.865699000,0.000000000,0.000000000,0.000000000,1.000000000
1403715373.732142925,-0.297826000,-1.485138000,1.865822000,0.000000000,0.000000000,0.000000000,1.000000000
1403715373.737143040,-0.296525000,-1.488036000,1.865953000,0.000000000,0.000000000,0.000000000,1.000000000
1403715373.742143154,-0.295210000,-1.490915000,1.866087000,0.000000000,0.000000000,0.000000000,1.000000000
1403715373.747143030,-0.293883000,-1.493778000,1.866231000,0.000000000,0.000000000,0.000000000,1.000000000
1403715373.752142906,-0.292557000,-1.496624000,1.866384000,0.000000000,0.000000000,0.000000000,1.000000000
1403715373.757143021,-0.291238000,-1.499446000,1.866515000,0.000000000,0.000000000,0.000000000,1.000000000
1403715373.762143135,-0.289922000,-1.502264000,1.866650000,0.000000000,0.000000000,0.000000000,1.000000000
1403715373.767143011,-0.288596000,-1.505073000,1.866766000,0.000000000,0.000000000,0.000000000,1.000000000
1403715373.772142887,-0.287260000,-1.507860000,1.866874000,0.000000000,0.000000000,0.000000000,1.000000000
1403715373.777143240,-0.285904000,-1.510625000,1.866970000,0.000000000,0.000000000,0.000000000,1.000000000
1403715373.782143354,-0.284524000,-1.513371000,1.867045000,0.000000000,0.000000000,0.000000000,1.000000000
1403715373.787142992,-0.283133000,-1.516096000,1.867093000,0.000000000,0.000000000,0.000000000,1.000000000
1403715373.792143106,-0.281744000,-1.518809000,1.867137000,0.000000000,0.000000000,0.000000000,1.000000000
1403715373.797143221,-0.280360000,-1.521518000,1.867195000,0.000000000,0.000000000,0.000000000,1.000000000
1403715373.802143097,-0.278967000,-1.524215000,1.867250000,0.000000000,0.000000000,0.000000000,1.000000000
1403715373.807142973,-0.277562000,-1.526903000,1.867316000,0.000000000,0.000000000,0.000000000,1.000000000
1403715373.812143087,-0.276140000,-1.529569000,1.867379000,0.000000000,0.000000000,0.000000000,1.000000000
1403715373.817143202,-0.274706000,-1.532212000,1.867440000,0.000000000,0.000000000,0.000000000,1.000000000
1403715373.822143078,-0.273267000,-1.534837000,1.867501000,0.000000000,0.000000000,0.000000000,1.000000000
1403715373.827142954,-0.271826000,-1.537452000,1.867559000,0.000000000,0.000000000,0.000000000,1.000000000
1403715373.832143307,-0.270385000,-1.540057000,1.867613000,0.000000000,0.000000000,0.000000000,1.000000000
1403715373.837143183,-0.268946000,-1.542652000,1.867668000,0.000000000,0.000000000,0.000000000,1.000000000
1403715373.842143059,-0.267505000,-1.545231000,1.867723000,0.000000000,0.000000000,0.000000000,1.000000000
1403715373.847142935,-0.266052000,-1.547799000,1.867780000,0.000000000,0.000000000,0.000000000,1.000000000
1403715373.852143288,-0.264586000,-1.550356000,1.867857000,0.000000000,0.000000000,0.000000000,1.000000000
1403715373.857143164,-0.263102000,-1.552892000,1.867946000,0.000000000,0.000000000,0.000000000,1.000000000
1403715373.862143040,-0.261616000,-1.555415000,1.868027000,0.000000000,0.000000000,0.000000000,1.000000000
1403715373.867142916,-0.260128000,-1.557918000,1.868099000,0.000000000,0.000000000,0.000000000,1.000000000
1403715373.872143269,-0.258643000,-1.560407000,1.868173000,0.000000000,0.000000000,0.000000000,1.000000000
1403715373.877142906,-0.257158000,-1.562882000,1.868263000,0.000000000,0.000000000,0.000000000,1.000000000
1403715373.882143021,-0.255672000,-1.565346000,1.868358000,0.000000000,0.000000000,0.000000000,1.000000000
1403715373.887142897,-0.254185000,-1.567803000,1.868455000,0.000000000,0.000000000,0.000000000,1.000000000
1403715373.892143250,-0.252692000,-1.570249000,1.868556000,0.000000000,0.000000000,0.000000000,1.000000000
1403715373.897142887,-0.251193000,-1.572685000,1.868651000,0.000000000,0.000000000,0.000000000,1.000000000
1403715373.902143002,-0.249674000,-1.575103000,1.868756000,0.000000000,0.000000000,0.000000000,1.000000000
1403715373.907143354,-0.248157000,-1.577509000,1.868865000,0.000000000,0.000000000,0.000000000,1.000000000
1403715373.912143230,-0.246637000,-1.579905000,1.868980000,0.000000000,0.000000000,0.000000000,1.000000000
1403715373.917143106,-0.245110000,-1.582294000,1.869096000,0.000000000,0.000000000,0.000000000,1.000000000
1403715373.922142982,-0.243585000,-1.584666000,1.869220000,0.000000000,0.000000000,0.000000000,1.000000000
1403715373.927143335,-0.242068000,-1.587021000,1.869345000,0.000000000,0.000000000,0.000000000,1.000000000
1403715373.932142973,-0.240549000,-1.589366000,1.869472000,0.000000000,0.000000000,0.000000000,1.000000000
1403715373.937143087,-0.239025000,-1.591705000,1.869601000,0.000000000,0.000000000,0.000000000,1.000000000
1403715373.942142963,-0.237506000,-1.594034000,1.869726000,0.000000000,0.000000000,0.000000000,1.000000000
1403715373.947143316,-0.235994000,-1.596343000,1.869848000,0.000000000,0.000000000,0.000000000,1.000000000
1403715373.952142954,-0.234477000,-1.598629000,1.869984000,0.000000000,0.000000000,0.000000000,1.000000000
1403715373.957143068,-0.232976000,-1.600894000,1.870097000,0.000000000,0.000000000,0.000000000,1.000000000
1403715373.962142944,-0.231476000,-1.603144000,1.870208000,0.000000000,0.000000000,0.000000000,1.000000000
1403715373.967143297,-0.229978000,-1.605389000,1.870315000,0.000000000,0.000000000,0.000000000,1.000000000
1403715373.972142935,-0.228478000,-1.607625000,1.870417000,0.000000000,0.000000000,0.000000000,1.000000000
1403715373.977143049,-0.226975000,-1.609849000,1.870515000,0.000000000,0.000000000,0.000000000,1.000000000
1403715373.982143164,-0.225469000,-1.612059000,1.870604000,0.000000000,0.000000000,0.000000000,1.000000000
1403715373.987143040,-0.223963000,-1.614255000,1.870686000,0.000000000,0.000000000,0.000000000,1.000000000
1403715373.992142916,-0.222461000,-1.616436000,1.870764000,0.000000000,0.000000000,0.000000000,1.000000000
1403715373.997143030,-0.220965000,-1.618601000,1.870838000,0.000000000,0.000000000,0.000000000,1.000000000
1403715374.002143145,-0.219453000,-1.620749000,1.870936000,0.000000000,0.000000000,0.000000000,1.000000000
1403715374.007143021,-0.217962000,-1.622881000,1.871002000,0.000000000,0.000000000,0.000000000,1.000000000
1403715374.012142897,-0.216466000,-1.624998000,1.871052000,0.000000000,0.000000000,0.000000000,1.000000000
1403715374.017143011,-0.214964000,-1.627103000,1.871088000,0.000000000,0.000000000,0.000000000,1.000000000
1403715374.022143126,-0.213466000,-1.629193000,1.871120000,0.000000000,0.000000000,0.000000000,1.000000000
1403715374.027143002,-0.211972000,-1.631267000,1.871149000,0.000000000,0.000000000,0.000000000,1.000000000
1403715374.032143116,-0.210478000,-1.633327000,1.871172000,0.000000000,0.000000000,0.000000000,1.000000000
1403715374.037143230,-0.208985000,-1.635373000,1.871189000,0.000000000,0.000000000,0.000000000,1.000000000
1403715374.042143345,-0.207497000,-1.637407000,1.871201000,0.000000000,0.000000000,0.000000000,1.000000000
1403715374.047142982,-0.206016000,-1.639427000,1.871209000,0.000000000,0.000000000,0.000000000,1.000000000
1403715374.052143097,-0.204510000,-1.641424000,1.871244000,0.000000000,0.000000000,0.000000000,1.000000000
1403715374.057143211,-0.203022000,-1.643405000,1.871255000,0.000000000,0.000000000,0.000000000,1.000000000
1403715374.062143087,-0.201521000,-1.645374000,1.871262000,0.000000000,0.000000000,0.000000000,1.000000000
1403715374.067142963,-0.200004000,-1.647336000,1.871278000,0.000000000,0.000000000,0.000000000,1.000000000
1403715374.072143078,-0.198480000,-1.649293000,1.871305000,0.000000000,0.000000000,0.000000000,1.000000000
1403715374.077143192,-0.196956000,-1.651243000,1.871324000,0.000000000,0.000000000,0.000000000,1.000000000
1403715374.082143068,-0.195436000,-1.653182000,1.871340000,0.000000000,0.000000000,0.000000000,1.000000000
1403715374.087142944,-0.193919000,-1.655102000,1.871347000,0.000000000,0.000000000,0.000000000,1.000000000
1403715374.092143297,-0.192403000,-1.657006000,1.871343000,0.000000000,0.000000000,0.000000000,1.000000000
1403715374.097143173,-0.190884000,-1.658897000,1.871339000,0.000000000,0.000000000,0.000000000,1.000000000
1403715374.102143049,-0.189331000,-1.660769000,1.871364000,0.000000000,0.000000000,0.000000000,1.000000000
1403715374.107142925,-0.187806000,-1.662641000,1.871367000,0.000000000,0.000000000,0.000000000,1.000000000
1403715374.112143278,-0.186290000,-1.664506000,1.871370000,0.000000000,0.000000000,0.000000000,1.000000000
1403715374.117143154,-0.184785000,-1.666356000,1.871375000,0.000000000,0.000000000,0.000000000,1.000000000
1403715374.122143030,-0.183291000,-1.668194000,1.871373000,0.000000000,0.000000000,0.000000000,1.000000000
1403715374.127142906,-0.181800000,-1.670023000,1.871363000,0.000000000,0.000000000,0.000000000,1.000000000
1403715374.132143259,-0.180303000,-1.671843000,1.871358000,0.000000000,0.000000000,0.000000000,1.000000000
1403715374.137142897,-0.178801000,-1.673657000,1.871365000,0.000000000,0.000000000,0.000000000,1.000000000
1403715374.142143011,-0.177296000,-1.675460000,1.871382000,0.000000000,0.000000000,0.000000000,1.000000000
1403715374.147142887,-0.175789000,-1.677249000,1.871406000,0.000000000,0.000000000,0.000000000,1.000000000
1403715374.152143240,-0.174244000,-1.679010000,1.871461000,0.000000000,0.000000000,0.000000000,1.000000000
1403715374.157143116,-0.172723000,-1.680780000,1.871497000,0.000000000,0.000000000,0.000000000,1.000000000
1403715374.162142992,-0.171198000,-1.682545000,1.871535000,0.000000000,0.000000000,0.000000000,1.000000000
1403715374.167143345,-0.169674000,-1.684298000,1.871576000,0.000000000,0.000000000,0.000000000,1.000000000
1403715374.172143221,-0.168150000,-1.686035000,1.871616000,0.000000000,0.000000000,0.000000000,1.000000000
1403715374.177143097,-0.166617000,-1.687761000,1.871659000,0.000000000,0.000000000,0.000000000,1.000000000
1403715374.182142973,-0.165083000,-1.689479000,1.871702000,0.000000000,0.000000000,0.000000000,1.000000000
1403715374.187143326,-0.163559000,-1.691190000,1.871727000,0.000000000,0.000000000,0.000000000,1.000000000
1403715374.192142963,-0.162048000,-1.692894000,1.871734000,0.000000000,0.000000000,0.000000000,1.000000000
1403715374.197143078,-0.160551000,-1.694589000,1.871729000,0.000000000,0.000000000,0.000000000,1.000000000
1403715374.202142954,-0.159023000,-1.696241000,1.871740000,0.000000000,0.000000000,0.000000000,1.000000000
1403715374.207143307,-0.157532000,-1.697901000,1.871741000,0.000000000,0.000000000,0.000000000,1.000000000
1403715374.212142944,-0.156046000,-1.699554000,1.871748000,0.000000000,0.000000000,0.000000000,1.000000000
1403715374.217143059,-0.154561000,-1.701208000,1.871760000,0.000000000,0.000000000,0.000000000,1.000000000
1403715374.222143173,-0.153084000,-1.702862000,1.871780000,0.000000000,0.000000000,0.000000000,1.000000000
1403715374.227143288,-0.151619000,-1.704512000,1.871796000,0.000000000,0.000000000,0.000000000,1.000000000
1403715374.232142925,-0.150157000,-1.706152000,1.871810000,0.000000000,0.000000000,0.000000000,1.000000000
1403715374.237143040,-0.148693000,-1.707784000,1.871838000,0.000000000,0.000000000,0.000000000,1.000000000
1403715374.242143154,-0.147233000,-1.709409000,1.871870000,0.000000000,0.000000000,0.000000000,1.000000000
1403715374.247143030,-0.145783000,-1.711028000,1.871899000,0.000000000,0.000000000,0.000000000,1.000000000
1403715374.252142906,-0.144298000,-1.712599000,1.871943000,0.000000000,0.000000000,0.000000000,1.000000000
1403715374.257143021,-0.142847000,-1.714187000,1.871979000,0.000000000,0.000000000,0.000000000,1.000000000
1403715374.262143135,-0.141391000,-1.715762000,1.872010000,0.000000000,0.000000000,0.000000000,1.000000000
1403715374.267143011,-0.139932000,-1.717326000,1.872023000,0.000000000,0.000000000,0.000000000,1.000000000
1403715374.272142887,-0.138472000,-1.718881000,1.872021000,0.000000000,0.000000000,0.000000000,1.000000000
1403715374.277143240,-0.137007000,-1.720430000,1.872011000,0.000000000,0.000000000,0.000000000,1.000000000
1403715374.282143354,-0.135543000,-1.721979000,1.871994000,0.000000000,0.000000000,0.000000000,1.000000000
1403715374.287142992,-0.134083000,-1.723528000,1.871976000,0.000000000,0.000000000,0.000000000,1.000000000
1403715374.292143106,-0.132626000,-1.725074000,1.871967000,0.000000000,0.000000000,0.000000000,1.000000000
1403715374.297143221,-0.131178000,-1.726612000,1.871966000,0.000000000,0.000000000,0.000000000,1.000000000
1403715374.302143097,-0.129700000,-1.728099000,1.871977000,0.000000000,0.000000000,0.000000000,1.000000000
1403715374.307142973,-0.128260000,-1.729615000,1.872002000,0.000000000,0.000000000,0.000000000,1.000000000
1403715374.312143087,-0.126829000,-1.731128000,1.872048000,0.000000000,0.000000000,0.000000000,1.000000000
1403715374.317143202,-0.125412000,-1.732642000,1.872105000,0.000000000,0.000000000,0.000000000,1.000000000
1403715374.322143078,-0.124002000,-1.734160000,1.872160000,0.000000000,0.000000000,0.000000000,1.000000000
1403715374.327142954,-0.122592000,-1.735681000,1.872205000,0.000000000,0.000000000,0.000000000,1.000000000
1403715374.332143307,-0.121186000,-1.737204000,1.872235000,0.000000000,0.000000000,0.000000000,1.000000000
1403715374.337143183,-0.119789000,-1.738724000,1.872255000,0.000000000,0.000000000,0.000000000,1.000000000
1403715374.342143059,-0.118401000,-1.740240000,1.872281000,0.000000000,0.000000000,0.000000000,1.000000000
1403715374.347142935,-0.117020000,-1.741749000,1.872316000,0.000000000,0.000000000,0.000000000,1.000000000
1403715374.352143288,-0.115604000,-1.743207000,1.872351000,0.000000000,0.000000000,0.000000000,1.000000000
1403715374.357143164,-0.114214000,-1.744707000,1.872404000,0.000000000,0.000000000,0.000000000,1.000000000
1403715374.362143040,-0.112828000,-1.746207000,1.872469000,0.000000000,0.000000000,0.000000000,1.000000000
1403715374.367142916,-0.111447000,-1.747703000,1.872536000,0.000000000,0.000000000,0.000000000,1.000000000
1403715374.372143269,-0.110067000,-1.749189000,1.872599000,0.000000000,0.000000000,0.000000000,1.000000000
1403715374.377142906,-0.108691000,-1.750666000,1.872658000,0.000000000,0.000000000,0.000000000,1.000000000
1403715374.382143021,-0.107323000,-1.752141000,1.872715000,0.000000000,0.000000000,0.000000000,1.000000000
1403715374.387142897,-0.105960000,-1.753616000,1.872775000,0.000000000,0.000000000,0.000000000,1.000000000
1403715374.392143250,-0.104597000,-1.755091000,1.872834000,0.000000000,0.000000000,0.000000000,1.000000000
1403715374.397142887,-0.103234000,-1.756561000,1.872888000,0.000000000,0.000000000,0.000000000,1.000000000
1403715374.402143002,-0.101844000,-1.757967000,1.872935000,0.000000000,0.000000000,0.000000000,1.000000000
1403715374.407143354,-0.100476000,-1.759403000,1.872986000,0.000000000,0.000000000,0.000000000,1.000000000
1403715374.412143230,-0.099103000,-1.760833000,1.873042000,0.000000000,0.000000000,0.000000000,1.000000000
1403715374.417143106,-0.097729000,-1.762262000,1.873104000,0.000000000,0.000000000,0.000000000,1.000000000
1403715374.422142982,-0.096356000,-1.763695000,1.873172000,0.000000000,0.000000000,0.000000000,1.000000000
1403715374.427143335,-0.094980000,-1.765129000,1.873249000,0.000000000,0.000000000,0.000000000,1.000000000
1403715374.432142973,-0.093603000,-1.766562000,1.873337000,0.000000000,0.000000000,0.000000000,1.000000000
1403715374.437143087,-0.092224000,-1.767987000,1.873427000,0.000000000,0.000000000,0.000000000,1.000000000
1403715374.442142963,-0.090836000,-1.769403000,1.873519000,0.000000000,0.000000000,0.000000000,1.000000000
1403715374.447143316,-0.089444000,-1.770810000,1.873613000,0.000000000,0.000000000,0.000000000,1.000000000
1403715374.452142954,-0.088034000,-1.772159000,1.873694000,0.000000000,0.000000000,0.000000000,1.000000000
1403715374.457143068,-0.086642000,-1.773546000,1.873765000,0.000000000,0.000000000,0.000000000,1.000000000
1403715374.462142944,-0.085250000,-1.774933000,1.873830000,0.000000000,0.000000000,0.000000000,1.000000000
1403715374.467143297,-0.083862000,-1.776322000,1.873886000,0.000000000,0.000000000,0.000000000,1.000000000
1403715374.472142935,-0.082474000,-1.777709000,1.873931000,0.000000000,0.000000000,0.000000000,1.000000000
1403715374.477143049,-0.081086000,-1.779089000,1.873973000,0.000000000,0.000000000,0.000000000,1.000000000
1403715374.482143164,-0.079696000,-1.780462000,1.874016000,0.000000000,0.000000000,0.000000000,1.000000000
1403715374.487143040,-0.078304000,-1.781828000,1.874055000,0.000000000,0.000000000,0.000000000,1.000000000
1403715374.492142916,-0.076906000,-1.783191000,1.874093000,0.000000000,0.000000000,0.000000000,1.000000000
1403715374.497143030,-0.075502000,-1.784554000,1.874137000,0.000000000,0.000000000,0.000000000,1.000000000
1403715374.502143145,-0.074083000,-1.785869000,1.874174000,0.000000000,0.000000000,0.000000000,1.000000000
1403715374.507143021,-0.072677000,-1.787228000,1.874197000,0.000000000,0.000000000,0.000000000,1.000000000
1403715374.512142897,-0.071270000,-1.788582000,1.874225000,0.000000000,0.000000000,0.000000000,1.000000000
1403715374.517143011,-0.069857000,-1.789928000,1.874265000,0.000000000,0.000000000,0.000000000,1.000000000
1403715374.522143126,-0.068437000,-1.791268000,1.874313000,0.000000000,0.000000000,0.000000000,1.000000000
1403715374.527143002,-0.067010000,-1.792600000,1.874364000,0.000000000,0.000000000,0.000000000,1.000000000
1403715374.532143116,-0.065583000,-1.793925000,1.874424000,0.000000000,0.000000000,0.000000000,1.000000000
1403715374.537143230,-0.064152000,-1.795250000,1.874494000,0.000000000,0.000000000,0.000000000,1.000000000
1403715374.542143345,-0.062724000,-1.796586000,1.874566000,0.000000000,0.000000000,0.000000000,1.000000000
1403715374.547142982,-0.061311000,-1.797932000,1.874634000,0.000000000,0.000000000,0.000000000,1.000000000
1403715374.552143097,-0.059887000,-1.799217000,1.874720000,0.000000000,0.000000000,0.000000000,1.000000000
1403715374.557143211,-0.058464000,-1.800525000,1.874808000,0.000000000,0.000000000,0.000000000,1.000000000
1403715374.562143087,-0.057036000,-1.801814000,1.874889000,0.000000000,0.000000000,0.000000000,1.000000000
1403715374.567142963,-0.055609000,-1.803096000,1.874967000,0.000000000,0.000000000,0.000000000,1.000000000
1403715374.572143078,-0.054184000,-1.804385000,1.875044000,0.000000000,0.000000000,0.000000000,1.000000000
1403715374.577143192,-0.052758000,-1.805691000,1.875120000,0.000000000,0.000000000,0.000000000,1.000000000
1403715374.582143068,-0.051334000,-1.807009000,1.875187000,0.000000000,0.000000000,0.000000000,1.000000000
1403715374.587142944,-0.049910000,-1.808324000,1.875241000,0.000000000,0.000000000,0.000000000,1.000000000
1403715374.592143297,-0.048479000,-1.809622000,1.875293000,0.000000000,0.000000000,0.000000000,1.000000000
1403715374.597143173,-0.047048000,-1.810895000,1.875357000,0.000000000,0.000000000,0.000000000,1.000000000
1403715374.602143049,-0.045610000,-1.812104000,1.875440000,0.000000000,0.000000000,0.000000000,1.000000000
1403715374.607142925,-0.044171000,-1.813352000,1.875506000,0.000000000,0.000000000,0.000000000,1.000000000
1403715374.612143278,-0.042717000,-1.814605000,1.875578000,0.000000000,0.000000000,0.000000000,1.000000000
1403715374.617143154,-0.041250000,-1.815862000,1.875649000,0.000000000,0.000000000,0.000000000,1.000000000
1403715374.622143030,-0.039772000,-1.817110000,1.875716000,0.000000000,0.000000000,0.000000000,1.000000000
1403715374.627142906,-0.038286000,-1.818340000,1.875782000,0.000000000,0.000000000,0.000000000,1.000000000
1403715374.632143259,-0.036793000,-1.819550000,1.875855000,0.000000000,0.000000000,0.000000000,1.000000000
1403715374.637142897,-0.035290000,-1.820749000,1.875941000,0.000000000,0.000000000,0.000000000,1.000000000
1403715374.642143011,-0.033774000,-1.821946000,1.876037000,0.000000000,0.000000000,0.000000000,1.000000000
1403715374.647142887,-0.032247000,-1.823146000,1.876130000,0.000000000,0.000000000,0.000000000,1.000000000
1403715374.652143240,-0.030702000,-1.824295000,1.876244000,0.000000000,0.000000000,0.000000000,1.000000000
1403715374.657143116,-0.029151000,-1.825482000,1.876347000,0.000000000,0.000000000,0.000000000,1.000000000
1403715374.662142992,-0.027592000,-1.826657000,1.876457000,0.000000000,0.000000000,0.000000000,1.000000000
1403715374.667143345,-0.026023000,-1.827823000,1.876568000,0.000000000,0.000000000,0.000000000,1.000000000
1403715374.672143221,-0.024443000,-1.828984000,1.876682000,0.000000000,0.000000000,0.000000000,1.000000000
1403715374.677143097,-0.022851000,-1.830143000,1.876796000,0.000000000,0.000000000,0.000000000,1.000000000
1403715374.682142973,-0.021244000,-1.831301000,1.876904000,0.000000000,0.000000000,0.000000000,1.000000000
1403715374.687143326,-0.019627000,-1.832456000,1.877006000,0.000000000,0.000000000,0.000000000,1.000000000
1403715374.692142963,-0.018005000,-1.833605000,1.877096000,0.000000000,0.000000000,0.000000000,1.000000000
1403715374.697143078,-0.016373000,-1.834749000,1.877181000,0.000000000,0.000000000,0.000000000,1.000000000
1403715374.702142954,-0.014724000,-1.835834000,1.877299000,0.000000000,0.000000000,0.000000000,1.000000000
1403715374.707143307,-0.013068000,-1.836956000,1.877386000,0.000000000,0.000000000,0.000000000,1.000000000
1403715374.712142944,-0.011402000,-1.838078000,1.877478000,0.000000000,0.000000000,0.000000000,1.000000000
1403715374.717143059,-0.009729000,-1.839200000,1.877572000,0.000000000,0.000000000,0.000000000,1.000000000
1403715374.722143173,-0.008051000,-1.840321000,1.877668000,0.000000000,0.000000000,0.000000000,1.000000000
1403715374.727143288,-0.006371000,-1.841440000,1.877774000,0.000000000,0.000000000,0.000000000,1.000000000
1403715374.732142925,-0.004684000,-1.842555000,1.877887000,0.000000000,0.000000000,0.000000000,1.000000000
1403715374.737143040,-0.002982000,-1.843664000,1.878003000,0.000000000,0.000000000,0.000000000,1.000000000
1403715374.742143154,-0.001269000,-1.844764000,1.878123000,0.000000000,0.000000000,0.000000000,1.000000000
1403715374.747143030,0.000449000,-1.845854000,1.878244000,0.000000000,0.000000000,0.000000000,1.000000000
1403715374.752142906,0.002180000,-1.846878000,1.878410000,0.000000000,0.000000000,0.000000000,1.000000000
1403715374.757143021,0.003926000,-1.847935000,1.878549000,0.000000000,0.000000000,0.000000000,1.000000000
1403715374.762143135,0.005682000,-1.848992000,1.878681000,0.000000000,0.000000000,0.000000000,1.000000000
1403715374.767143011,0.007448000,-1.850052000,1.878802000,0.000000000,0.000000000,0.000000000,1.000000000
1403715374.772142887,0.009225000,-1.851109000,1.878921000,0.000000000,0.000000000,0.000000000,1.000000000
1403715374.777143240,0.011016000,-1.852158000,1.879041000,0.000000000,0.000000000,0.000000000,1.000000000
1403715374.782143354,0.012822000,-1.853197000,1.879163000,0.000000000,0.000000000,0.000000000,1.000000000
1403715374.787142992,0.014643000,-1.854224000,1.879288000,0.000000000,0.000000000,0.000000000,1.000000000
1403715374.792143106,0.016477000,-1.855242000,1.879420000,0.000000000,0.000000000,0.000000000,1.000000000
1403715374.797143221,0.018323000,-1.856255000,1.879557000,0.000000000,0.000000000,0.000000000,1.000000000
1403715374.802143097,0.020188000,-1.857217000,1.879744000,0.000000000,0.000000000,0.000000000,1.000000000
1403715374.807142973,0.022067000,-1.858212000,1.879891000,0.000000000,0.000000000,0.000000000,1.000000000
1403715374.812143087,0.023952000,-1.859207000,1.880030000,0.000000000,0.000000000,0.000000000,1.000000000
1403715374.817143202,0.025847000,-1.860195000,1.880158000,0.000000000,0.000000000,0.000000000,1.000000000
1403715374.822143078,0.027754000,-1.861173000,1.880281000,0.000000000,0.000000000,0.000000000,1.000000000
1403715374.827142954,0.029674000,-1.862146000,1.880398000,0.000000000,0.000000000,0.000000000,1.000000000
1403715374.832143307,0.031612000,-1.863114000,1.880516000,0.000000000,0.000000000,0.000000000,1.000000000
1403715374.837143183,0.033576000,-1.864079000,1.880634000,0.000000000,0.000000000,0.000000000,1.000000000
1403715374.842143059,0.035558000,-1.865042000,1.880743000,0.000000000,0.000000000,0.000000000,1.000000000
1403715374.847142935,0.037544000,-1.865998000,1.880853000,0.000000000,0.000000000,0.000000000,1.000000000
1403715374.852143288,0.039545000,-1.866901000,1.881015000,0.000000000,0.000000000,0.000000000,1.000000000
1403715374.857143164,0.041552000,-1.867831000,1.881140000,0.000000000,0.000000000,0.000000000,1.000000000
1403715374.862143040,0.043575000,-1.868754000,1.881267000,0.000000000,0.000000000,0.000000000,1.000000000
1403715374.867142916,0.045615000,-1.869675000,1.881392000,0.000000000,0.000000000,0.000000000,1.000000000
1403715374.872143269,0.047668000,-1.870592000,1.881518000,0.000000000,0.000000000,0.000000000,1.000000000
1403715374.877142906,0.049732000,-1.871498000,1.881652000,0.000000000,0.000000000,0.000000000,1.000000000
1403715374.882143021,0.051806000,-1.872392000,1.881789000,0.000000000,0.000000000,0.000000000,1.000000000
1403715374.887142897,0.053893000,-1.873275000,1.881920000,0.000000000,0.000000000,0.000000000,1.000000000
1403715374.892143250,0.055990000,-1.874149000,1.882049000,0.000000000,0.000000000,0.000000000,1.000000000
1403715374.897142887,0.058087000,-1.875016000,1.882181000,0.000000000,0.000000000,0.000000000,1.000000000
1403715374.902143002,0.060182000,-1.875880000,1.882317000,0.000000000,0.000000000,0.000000000,1.000000000
1403715374.907143354,0.062300000,-1.876692000,1.882516000,0.000000000,0.000000000,0.000000000,1.000000000
1403715374.912143230,0.064421000,-1.877530000,1.882674000,0.000000000,0.000000000,0.000000000,1.000000000
1403715374.917143106,0.066555000,-1.878352000,1.882833000,0.000000000,0.000000000,0.000000000,1.000000000
1403715374.922142982,0.068694000,-1.879157000,1.882995000,0.000000000,0.000000000,0.000000000,1.000000000
1403715374.927143335,0.070838000,-1.879952000,1.883160000,0.000000000,0.000000000,0.000000000,1.000000000
1403715374.932142973,0.072993000,-1.880747000,1.883327000,0.000000000,0.000000000,0.000000000,1.000000000
1403715374.937143087,0.075161000,-1.881540000,1.883499000,0.000000000,0.000000000,0.000000000,1.000000000
1403715374.942142963,0.077340000,-1.882328000,1.883675000,0.000000000,0.000000000,0.000000000,1.000000000
1403715374.947143316,0.079530000,-1.883105000,1.883854000,0.000000000,0.000000000,0.000000000,1.000000000
1403715374.952142954,0.081750000,-1.883833000,1.884073000,0.000000000,0.000000000,0.000000000,1.000000000
1403715374.957143068,0.083967000,-1.884575000,1.884256000,0.000000000,0.000000000,0.000000000,1.000000000
1403715374.962142944,0.086189000,-1.885307000,1.884438000,0.000000000,0.000000000,0.000000000,1.000000000
1403715374.967143297,0.088411000,-1.886031000,1.884609000,0.000000000,0.000000000,0.000000000,1.000000000
1403715374.972142935,0.090637000,-1.886749000,1.884765000,0.000000000,0.000000000,0.000000000,1.000000000
1403715374.977143049,0.092874000,-1.887458000,1.884914000,0.000000000,0.000000000,0.000000000,1.000000000
1403715374.982143164,0.095116000,-1.888152000,1.885053000,0.000000000,0.000000000,0.000000000,1.000000000
1403715374.987143040,0.097371000,-1.888835000,1.885178000,0.000000000,0.000000000,0.000000000,1.000000000
1403715374.992142916,0.099643000,-1.889505000,1.885293000,0.000000000,0.000000000,0.000000000,1.000000000
1403715374.997143030,0.101923000,-1.890167000,1.885398000,0.000000000,0.000000000,0.000000000,1.000000000
1403715375.002143145,0.104233000,-1.890800000,1.885530000,0.000000000,0.000000000,0.000000000,1.000000000
1403715375.007143021,0.106537000,-1.891449000,1.885649000,0.000000000,0.000000000,0.000000000,1.000000000
1403715375.012142897,0.108852000,-1.892095000,1.885781000,0.000000000,0.000000000,0.000000000,1.000000000
1403715375.017143011,0.111174000,-1.892734000,1.885915000,0.000000000,0.000000000,0.000000000,1.000000000
1403715375.022143126,0.113504000,-1.893358000,1.886051000,0.000000000,0.000000000,0.000000000,1.000000000
1403715375.027143002,0.115847000,-1.893965000,1.886199000,0.000000000,0.000000000,0.000000000,1.000000000
1403715375.032143116,0.118198000,-1.894559000,1.886352000,0.000000000,0.000000000,0.000000000,1.000000000
1403715375.037143230,0.120556000,-1.895150000,1.886506000,0.000000000,0.000000000,0.000000000,1.000000000
1403715375.042143345,0.122925000,-1.895736000,1.886657000,0.000000000,0.000000000,0.000000000,1.000000000
1403715375.047142982,0.125300000,-1.896311000,1.886795000,0.000000000,0.000000000,0.000000000,1.000000000
1403715375.052143097,0.127710000,-1.896858000,1.886939000,0.000000000,0.000000000,0.000000000,1.000000000
1403715375.057143211,0.130092000,-1.897400000,1.887056000,0.000000000,0.000000000,0.000000000,1.000000000
1403715375.062143087,0.132474000,-1.897924000,1.887155000,0.000000000,0.000000000,0.000000000,1.000000000
1403715375.067142963,0.134855000,-1.898429000,1.887236000,0.000000000,0.000000000,0.000000000,1.000000000
1403715375.072143078,0.137237000,-1.898922000,1.887311000,0.000000000,0.000000000,0.000000000,1.000000000
1403715375.077143192,0.139624000,-1.899407000,1.887389000,0.000000000,0.000000000,0.000000000,1.000000000
1403715375.082143068,0.142020000,-1.899887000,1.887468000,0.000000000,0.000000000,0.000000000,1.000000000
1403715375.087142944,0.144428000,-1.900361000,1.887542000,0.000000000,0.000000000,0.000000000,1.000000000
1403715375.092143297,0.146844000,-1.900819000,1.887608000,0.000000000,0.000000000,0.000000000,1.000000000
1403715375.097143173,0.149261000,-1.901256000,1.887671000,0.000000000,0.000000000,0.000000000,1.000000000
1403715375.102143049,0.151683000,-1.901679000,1.887736000,0.000000000,0.000000000,0.000000000,1.000000000
1403715375.107142925,0.154162000,-1.902083000,1.887811000,0.000000000,0.000000000,0.000000000,1.000000000
1403715375.112143278,0.156600000,-1.902490000,1.887886000,0.000000000,0.000000000,0.000000000,1.000000000
1403715375.117143154,0.159042000,-1.902894000,1.887950000,0.000000000,0.000000000,0.000000000,1.000000000
1403715375.122143030,0.161488000,-1.903291000,1.888008000,0.000000000,0.000000000,0.000000000,1.000000000
1403715375.127142906,0.163934000,-1.903672000,1.888055000,0.000000000,0.000000000,0.000000000,1.000000000
1403715375.132143259,0.166380000,-1.904031000,1.888095000,0.000000000,0.000000000,0.000000000,1.000000000
1403715375.137142897,0.168822000,-1.904372000,1.888143000,0.000000000,0.000000000,0.000000000,1.000000000
1403715375.142143011,0.171264000,-1.904703000,1.888198000,0.000000000,0.000000000,0.000000000,1.000000000
1403715375.147142887,0.173714000,-1.905028000,1.888253000,0.000000000,0.000000000,0.000000000,1.000000000
1403715375.152143240,0.176215000,-1.905347000,1.888279000,0.000000000,0.000000000,0.000000000,1.000000000
1403715375.157143116,0.178681000,-1.905661000,1.888295000,0.000000000,0.000000000,0.000000000,1.000000000
1403715375.162142992,0.181148000,-1.905964000,1.888301000,0.000000000,0.000000000,0.000000000,1.000000000
1403715375.167143345,0.183613000,-1.906254000,1.888303000,0.000000000,0.000000000,0.000000000,1.000000000
1403715375.172143221,0.186077000,-1.906527000,1.888306000,0.000000000,0.000000000,0.000000000,1.000000000
1403715375.177143097,0.188547000,-1.906782000,1.888314000,0.000000000,0.000000000,0.000000000,1.000000000
1403715375.182142973,0.191027000,-1.907019000,1.888319000,0.000000000,0.000000000,0.000000000,1.000000000
1403715375.187143326,0.193516000,-1.907246000,1.888322000,0.000000000,0.000000000,0.000000000,1.000000000
1403715375.192142963,0.196007000,-1.907465000,1.888336000,0.000000000,0.000000000,0.000000000,1.000000000
1403715375.197143078,0.198496000,-1.907676000,1.888368000,0.000000000,0.000000000,0.000000000,1.000000000
1403715375.202142954,0.201037000,-1.907872000,1.888382000,0.000000000,0.000000000,0.000000000,1.000000000
1403715375.207143307,0.203529000,-1.908047000,1.888410000,0.000000000,0.000000000,0.000000000,1.000000000
1403715375.212142944,0.206018000,-1.908204000,1.888413000,0.000000000,0.000000000,0.000000000,1.000000000
1403715375.217143059,0.208503000,-1.908343000,1.888389000,0.000000000,0.000000000,0.000000000,1.000000000
1403715375.222143173,0.210981000,-1.908468000,1.888342000,0.000000000,0.000000000,0.000000000,1.000000000
1403715375.227143288,0.213454000,-1.908582000,1.888280000,0.000000000,0.000000000,0.000000000,1.000000000
1403715375.232142925,0.215922000,-1.908684000,1.888213000,0.000000000,0.000000000,0.000000000,1.000000000
1403715375.237143040,0.218389000,-1.908776000,1.888146000,0.000000000,0.000000000,0.000000000,1.000000000
1403715375.242143154,0.220864000,-1.908857000,1.888082000,0.000000000,0.000000000,0.000000000,1.000000000
1403715375.247143030,0.223346000,-1.908932000,1.888017000,0.000000000,0.000000000,0.000000000,1.000000000
1403715375.252142906,0.225896000,-1.909000000,1.887906000,0.000000000,0.000000000,0.000000000,1.000000000
1403715375.257143021,0.228400000,-1.909057000,1.887828000,0.000000000,0.000000000,0.000000000,1.000000000
1403715375.262143135,0.230905000,-1.909104000,1.887748000,0.000000000,0.000000000,0.000000000,1.000000000
1403715375.267143011,0.233406000,-1.909143000,1.887670000,0.000000000,0.000000000,0.000000000,1.000000000
1403715375.272142887,0.235895000,-1.909170000,1.887588000,0.000000000,0.000000000,0.000000000,1.000000000
1403715375.277143240,0.238380000,-1.909182000,1.887493000,0.000000000,0.000000000,0.000000000,1.000000000
1403715375.282143354,0.240865000,-1.909177000,1.887394000,0.000000000,0.000000000,0.000000000,1.000000000
1403715375.287142992,0.243349000,-1.909156000,1.887292000,0.000000000,0.000000000,0.000000000,1.000000000
1403715375.292143106,0.245830000,-1.909129000,1.887191000,0.000000000,0.000000000,0.000000000,1.000000000
1403715375.297143221,0.248298000,-1.909102000,1.887093000,0.000000000,0.000000000,0.000000000,1.000000000
1403715375.302143097,0.250819000,-1.909067000,1.886944000,0.000000000,0.000000000,0.000000000,1.000000000
1403715375.307142973,0.253289000,-1.909023000,1.886834000,0.000000000,0.000000000,0.000000000,1.000000000
1403715375.312143087,0.255754000,-1.908970000,1.886713000,0.000000000,0.000000000,0.000000000,1.000000000
1403715375.317143202,0.258217000,-1.908909000,1.886583000,0.000000000,0.000000000,0.000000000,1.000000000
1403715375.322143078,0.260678000,-1.908843000,1.886445000,0.000000000,0.000000000,0.000000000,1.000000000
1403715375.327142954,0.263135000,-1.908772000,1.886298000,0.000000000,0.000000000,0.000000000,1.000000000
1403715375.332143307,0.265590000,-1.908689000,1.886151000,0.000000000,0.000000000,0.000000000,1.000000000
1403715375.337143183,0.268039000,-1.908589000,1.886017000,0.000000000,0.000000000,0.000000000,1.000000000
1403715375.342143059,0.270481000,-1.908472000,1.885896000,0.000000000,0.000000000,0.000000000,1.000000000
1403715375.347142935,0.272930000,-1.908344000,1.885777000,0.000000000,0.000000000,0.000000000,1.000000000
1403715375.352143288,0.275454000,-1.908208000,1.885599000,0.000000000,0.000000000,0.000000000,1.000000000
1403715375.357143164,0.277937000,-1.908084000,1.885466000,0.000000000,0.000000000,0.000000000,1.000000000
1403715375.362143040,0.280418000,-1.907969000,1.885316000,0.000000000,0.000000000,0.000000000,1.000000000
1403715375.367142916,0.282903000,-1.907857000,1.885150000,0.000000000,0.000000000,0.000000000,1.000000000
1403715375.372143269,0.285392000,-1.907739000,1.884971000,0.000000000,0.000000000,0.000000000,1.000000000
1403715375.377142906,0.287884000,-1.907610000,1.884776000,0.000000000,0.000000000,0.000000000,1.000000000
1403715375.382143021,0.290383000,-1.907469000,1.884574000,0.000000000,0.000000000,0.000000000,1.000000000
1403715375.387142897,0.292885000,-1.907316000,1.884376000,0.000000000,0.000000000,0.000000000,1.000000000
1403715375.392143250,0.295389000,-1.907152000,1.884177000,0.000000000,0.000000000,0.000000000,1.000000000
1403715375.397142887,0.297898000,-1.906976000,1.883987000,0.000000000,0.000000000,0.000000000,1.000000000
1403715375.402143002,0.300472000,-1.906772000,1.883764000,0.000000000,0.000000000,0.000000000,1.000000000
1403715375.407143354,0.303012000,-1.906567000,1.883625000,0.000000000,0.000000000,0.000000000,1.000000000
1403715375.412143230,0.305558000,-1.906358000,1.883509000,0.000000000,0.000000000,0.000000000,1.000000000
1403715375.417143106,0.308106000,-1.906143000,1.883389000,0.000000000,0.000000000,0.000000000,1.000000000
1403715375.422142982,0.310651000,-1.905917000,1.883263000,0.000000000,0.000000000,0.000000000,1.000000000
1403715375.427143335,0.313191000,-1.905673000,1.883122000,0.000000000,0.000000000,0.000000000,1.000000000
1403715375.432142973,0.315732000,-1.905415000,1.882969000,0.000000000,0.000000000,0.000000000,1.000000000
1403715375.437143087,0.318273000,-1.905149000,1.882809000,0.000000000,0.000000000,0.000000000,1.000000000
1403715375.442142963,0.320811000,-1.904882000,1.882635000,0.000000000,0.000000000,0.000000000,1.000000000
1403715375.447143316,0.323350000,-1.904617000,1.882451000,0.000000000,0.000000000,0.000000000,1.000000000
1403715375.452142954,0.325892000,-1.904344000,1.882263000,0.000000000,0.000000000,0.000000000,1.000000000
1403715375.457143068,0.328500000,-1.904043000,1.882010000,0.000000000,0.000000000,0.000000000,1.000000000
1403715375.462142944,0.331060000,-1.903754000,1.881837000,0.000000000,0.000000000,0.000000000,1.000000000
1403715375.467143297,0.333621000,-1.903458000,1.881671000,0.000000000,0.000000000,0.000000000,1.000000000
1403715375.472142935,0.336182000,-1.903155000,1.881495000,0.000000000,0.000000000,0.000000000,1.000000000
1403715375.477143049,0.338741000,-1.902850000,1.881308000,0.000000000,0.000000000,0.000000000,1.000000000
1403715375.482143164,0.341293000,-1.902544000,1.881115000,0.000000000,0.000000000,0.000000000,1.000000000
1403715375.487143040,0.343838000,-1.902233000,1.880919000,0.000000000,0.000000000,0.000000000,1.000000000
1403715375.492142916,0.346377000,-1.901912000,1.880717000,0.000000000,0.000000000,0.000000000,1.000000000
1403715375.497143030,0.348917000,-1.901579000,1.880509000,0.000000000,0.000000000,0.000000000,1.000000000
1403715375.502143145,0.351462000,-1.901236000,1.880294000,0.000000000,0.000000000,0.000000000,1.000000000
1403715375.507143021,0.354074000,-1.900850000,1.880000000,0.000000000,0.000000000,0.000000000,1.000000000
1403715375.512142897,0.356647000,-1.900487000,1.879756000,0.000000000,0.000000000,0.000000000,1.000000000
1403715375.517143011,0.359229000,-1.900117000,1.879517000,0.000000000,0.000000000,0.000000000,1.000000000
1403715375.522143126,0.361823000,-1.899737000,1.879285000,0.000000000,0.000000000,0.000000000,1.000000000
1403715375.527143002,0.364422000,-1.899348000,1.879061000,0.000000000,0.000000000,0.000000000,1.000000000
1403715375.532143116,0.367016000,-1.898960000,1.878833000,0.000000000,0.000000000,0.000000000,1.000000000
1403715375.537143230,0.369605000,-1.898573000,1.878597000,0.000000000,0.000000000,0.000000000,1.000000000
1403715375.542143345,0.372194000,-1.898186000,1.878354000,0.000000000,0.000000000,0.000000000,1.000000000
1403715375.547142982,0.374783000,-1.897795000,1.878100000,0.000000000,0.000000000,0.000000000,1.000000000
1403715375.552143097,0.377412000,-1.897361000,1.877792000,0.000000000,0.000000000,0.000000000,1.000000000
1403715375.557143211,0.380003000,-1.896942000,1.877516000,0.000000000,0.000000000,0.000000000,1.000000000
1403715375.562143087,0.382592000,-1.896513000,1.877243000,0.000000000,0.000000000,0.000000000,1.000000000
1403715375.567142963,0.385181000,-1.896077000,1.876971000,0.000000000,0.000000000,0.000000000,1.000000000
1403715375.572143078,0.387767000,-1.895640000,1.876689000,0.000000000,0.000000000,0.000000000,1.000000000
1403715375.577143192,0.390348000,-1.895203000,1.876401000,0.000000000,0.000000000,0.000000000,1.000000000
1403715375.582143068,0.392925000,-1.894764000,1.876120000,0.000000000,0.000000000,0.000000000,1.000000000
1403715375.587142944,0.395496000,-1.894325000,1.875845000,0.000000000,0.000000000,0.000000000,1.000000000
1403715375.592143297,0.398063000,-1.893881000,1.875563000,0.000000000,0.000000000,0.000000000,1.000000000
1403715375.597143173,0.400629000,-1.893432000,1.875265000,0.000000000,0.000000000,0.000000000,1.000000000
1403715375.602143049,0.403192000,-1.892981000,1.874957000,0.000000000,0.000000000,0.000000000,1.000000000
1403715375.607142925,0.405793000,-1.892487000,1.874600000,0.000000000,0.000000000,0.000000000,1.000000000
1403715375.612143278,0.408346000,-1.892027000,1.874277000,0.000000000,0.000000000,0.000000000,1.000000000
1403715375.617143154,0.410904000,-1.891559000,1.873956000,0.000000000,0.000000000,0.000000000,1.000000000
1403715375.622143030,0.413476000,-1.891085000,1.873642000,0.000000000,0.000000000,0.000000000,1.000000000
1403715375.627142906,0.416053000,-1.890613000,1.873327000,0.000000000,0.000000000,0.000000000,1.000000000
1403715375.632143259,0.418627000,-1.890148000,1.872994000,0.000000000,0.000000000,0.000000000,1.000000000
1403715375.637142897,0.421200000,-1.889689000,1.872648000,0.000000000,0.000000000,0.000000000,1.000000000
1403715375.642143011,0.423773000,-1.889232000,1.872309000,0.000000000,0.000000000,0.000000000,1.000000000
1403715375.647142887,0.426346000,-1.888774000,1.871971000,0.000000000,0.000000000,0.000000000,1.000000000
1403715375.652143240,0.428922000,-1.888312000,1.871631000,0.000000000,0.000000000,0.000000000,1.000000000
1403715375.657143116,0.431547000,-1.887797000,1.871262000,0.000000000,0.000000000,0.000000000,1.000000000
1403715375.662142992,0.434145000,-1.887320000,1.870925000,0.000000000,0.000000000,0.000000000,1.000000000
1403715375.667143345,0.436746000,-1.886847000,1.870596000,0.000000000,0.000000000,0.000000000,1.000000000
1403715375.672143221,0.439342000,-1.886378000,1.870266000,0.000000000,0.000000000,0.000000000,1.000000000
1403715375.677143097,0.441938000,-1.885905000,1.869933000,0.000000000,0.000000000,0.000000000,1.000000000
1403715375.682142973,0.444534000,-1.885419000,1.869605000,0.000000000,0.000000000,0.000000000,1.000000000
1403715375.687143326,0.447131000,-1.884923000,1.869278000,0.000000000,0.000000000,0.000000000,1.000000000
1403715375.692142963,0.449731000,-1.884417000,1.868949000,0.000000000,0.000000000,0.000000000,1.000000000
1403715375.697143078,0.452333000,-1.883907000,1.868618000,0.000000000,0.000000000,0.000000000,1.000000000
1403715375.702142954,0.454935000,-1.883396000,1.868281000,0.000000000,0.000000000,0.000000000,1.000000000
1403715375.707143307,0.457579000,-1.882829000,1.867905000,0.000000000,0.000000000,0.000000000,1.000000000
1403715375.712142944,0.460189000,-1.882292000,1.867546000,0.000000000,0.000000000,0.000000000,1.000000000
1403715375.717143059,0.462806000,-1.881746000,1.867183000,0.000000000,0.000000000,0.000000000,1.000000000
1403715375.722143173,0.465438000,-1.881197000,1.866826000,0.000000000,0.000000000,0.000000000,1.000000000
1403715375.727143288,0.468082000,-1.880651000,1.866486000,0.000000000,0.000000000,0.000000000,1.000000000
1403715375.732142925,0.470726000,-1.880112000,1.866151000,0.000000000,0.000000000,0.000000000,1.000000000
1403715375.737143040,0.473368000,-1.879576000,1.865808000,0.000000000,0.000000000,0.000000000,1.000000000
1403715375.742143154,0.476018000,-1.879035000,1.865459000,0.000000000,0.000000000,0.000000000,1.000000000
1403715375.747143030,0.478673000,-1.878484000,1.865112000,0.000000000,0.000000000,0.000000000,1.000000000
1403715375.752142906,0.481359000,-1.877879000,1.864742000,0.000000000,0.000000000,0.000000000,1.000000000
1403715375.757143021,0.484018000,-1.877307000,1.864382000,0.000000000,0.000000000,0.000000000,1.000000000
1403715375.762143135,0.486675000,-1.876735000,1.864027000,0.000000000,0.000000000,0.000000000,1.000000000
1403715375.767143011,0.489327000,-1.876171000,1.863673000,0.000000000,0.000000000,0.000000000,1.000000000
1403715375.772142887,0.491981000,-1.875612000,1.863313000,0.000000000,0.000000000,0.000000000,1.000000000
1403715375.777143240,0.494640000,-1.875048000,1.862952000,0.000000000,0.000000000,0.000000000,1.000000000
1403715375.782143354,0.497292000,-1.874474000,1.862591000,0.000000000,0.000000000,0.000000000,1.000000000
1403715375.787142992,0.499939000,-1.873893000,1.862225000,0.000000000,0.000000000,0.000000000,1.000000000
1403715375.792143106,0.502581000,-1.873307000,1.861869000,0.000000000,0.000000000,0.000000000,1.000000000
1403715375.797143221,0.505218000,-1.872721000,1.861524000,0.000000000,0.000000000,0.000000000,1.000000000
1403715375.802143097,0.507853000,-1.872137000,1.861195000,0.000000000,0.000000000,0.000000000,1.000000000
1403715375.807142973,0.510521000,-1.871501000,1.860865000,0.000000000,0.000000000,0.000000000,1.000000000
1403715375.812143087,0.513155000,-1.870916000,1.860551000,0.000000000,0.000000000,0.000000000,1.000000000
1403715375.817143202,0.515788000,-1.870329000,1.860241000,0.000000000,0.000000000,0.000000000,1.000000000
1403715375.822143078,0.518431000,-1.869738000,1.859939000,0.000000000,0.000000000,0.000000000,1.000000000
1403715375.827142954,0.521082000,-1.869138000,1.859649000,0.000000000,0.000000000,0.000000000,1.000000000
1403715375.832143307,0.523732000,-1.868521000,1.859344000,0.000000000,0.000000000,0.000000000,1.000000000
1403715375.837143183,0.526382000,-1.867891000,1.859027000,0.000000000,0.000000000,0.000000000,1.000000000
1403715375.842143059,0.529040000,-1.867262000,1.858715000,0.000000000,0.000000000,0.000000000,1.000000000
1403715375.847142935,0.531708000,-1.866643000,1.858400000,0.000000000,0.000000000,0.000000000,1.000000000
1403715375.852143288,0.534419000,-1.865989000,1.858084000,0.000000000,0.000000000,0.000000000,1.000000000
1403715375.857143164,0.537110000,-1.865376000,1.857789000,0.000000000,0.000000000,0.000000000,1.000000000
1403715375.862143040,0.539797000,-1.864757000,1.857506000,0.000000000,0.000000000,0.000000000,1.000000000
1403715375.867142916,0.542481000,-1.864130000,1.857218000,0.000000000,0.000000000,0.000000000,1.000000000
1403715375.872143269,0.545163000,-1.863495000,1.856911000,0.000000000,0.000000000,0.000000000,1.000000000
1403715375.877142906,0.547850000,-1.862855000,1.856585000,0.000000000,0.000000000,0.000000000,1.000000000
1403715375.882143021,0.550536000,-1.862216000,1.856249000,0.000000000,0.000000000,0.000000000,1.000000000
1403715375.887142897,0.553210000,-1.861572000,1.855901000,0.000000000,0.000000000,0.000000000,1.000000000
1403715375.892143250,0.555871000,-1.860917000,1.855545000,0.000000000,0.000000000,0.000000000,1.000000000
1403715375.897142887,0.558524000,-1.860251000,1.855193000,0.000000000,0.000000000,0.000000000,1.000000000
1403715375.902143002,0.561173000,-1.859580000,1.854849000,0.000000000,0.000000000,0.000000000,1.000000000
1403715375.907143354,0.563862000,-1.858843000,1.854523000,0.000000000,0.000000000,0.000000000,1.000000000
1403715375.912143230,0.566516000,-1.858154000,1.854215000,0.000000000,0.000000000,0.000000000,1.000000000
1403715375.917143106,0.569171000,-1.857459000,1.853919000,0.000000000,0.000000000,0.000000000,1.000000000
1403715375.922142982,0.571829000,-1.856753000,1.853632000,0.000000000,0.000000000,0.000000000,1.000000000
1403715375.927143335,0.574483000,-1.856039000,1.853353000,0.000000000,0.000000000,0.000000000,1.000000000
1403715375.932142973,0.577129000,-1.855319000,1.853071000,0.000000000,0.000000000,0.000000000,1.000000000
1403715375.937143087,0.579771000,-1.854595000,1.852781000,0.000000000,0.000000000,0.000000000,1.000000000
1403715375.942142963,0.582409000,-1.853871000,1.852489000,0.000000000,0.000000000,0.000000000,1.000000000
1403715375.947143316,0.585042000,-1.853150000,1.852200000,0.000000000,0.000000000,0.000000000,1.000000000
1403715375.952142954,0.587669000,-1.852437000,1.851923000,0.000000000,0.000000000,0.000000000,1.000000000
1403715375.957143068,0.590330000,-1.851659000,1.851661000,0.000000000,0.000000000,0.000000000,1.000000000
1403715375.962142944,0.592948000,-1.850927000,1.851391000,0.000000000,0.000000000,0.000000000,1.000000000
1403715375.967143297,0.595574000,-1.850179000,1.851130000,0.000000000,0.000000000,0.000000000,1.000000000
1403715375.972142935,0.598209000,-1.849419000,1.850868000,0.000000000,0.000000000,0.000000000,1.000000000
1403715375.977143049,0.600844000,-1.848656000,1.850596000,0.000000000,0.000000000,0.000000000,1.000000000
1403715375.982143164,0.603467000,-1.847894000,1.850311000,0.000000000,0.000000000,0.000000000,1.000000000
1403715375.987143040,0.606080000,-1.847137000,1.850013000,0.000000000,0.000000000,0.000000000,1.000000000
1403715375.992142916,0.608690000,-1.846383000,1.849715000,0.000000000,0.000000000,0.000000000,1.000000000
1403715375.997143030,0.611289000,-1.845621000,1.849422000,0.000000000,0.000000000,0.000000000,1.000000000
1403715376.002143145,0.613921000,-1.844793000,1.849133000,0.000000000,0.000000000,0.000000000,1.000000000
1403715376.007143021,0.616517000,-1.843997000,1.848835000,0.000000000,0.000000000,0.000000000,1.000000000
1403715376.012142897,0.619104000,-1.843196000,1.848539000,0.000000000,0.000000000,0.000000000,1.000000000
1403715376.017143011,0.621689000,-1.842392000,1.848240000,0.000000000,0.000000000,0.000000000,1.000000000
1403715376.022143126,0.624276000,-1.841581000,1.847935000,0.000000000,0.000000000,0.000000000,1.000000000
1403715376.027143002,0.626862000,-1.840761000,1.847612000,0.000000000,0.000000000,0.000000000,1.000000000
1403715376.032143116,0.629450000,-1.839932000,1.847272000,0.000000000,0.000000000,0.000000000,1.000000000
1403715376.037143230,0.632043000,-1.839093000,1.846920000,0.000000000,0.000000000,0.000000000,1.000000000
1403715376.042143345,0.634633000,-1.838243000,1.846569000,0.000000000,0.000000000,0.000000000,1.000000000
1403715376.047142982,0.637212000,-1.837381000,1.846209000,0.000000000,0.000000000,0.000000000,1.000000000
1403715376.052143097,0.639820000,-1.836464000,1.845853000,0.000000000,0.000000000,0.000000000,1.000000000
1403715376.057143211,0.642394000,-1.835587000,1.845475000,0.000000000,0.000000000,0.000000000,1.000000000
1403715376.062143087,0.644964000,-1.834705000,1.845085000,0.000000000,0.000000000,0.000000000,1.000000000
1403715376.067142963,0.647526000,-1.833816000,1.844693000,0.000000000,0.000000000,0.000000000,1.000000000
1403715376.072143078,0.650077000,-1.832918000,1.844311000,0.000000000,0.000000000,0.000000000,1.000000000
1403715376.077143192,0.652624000,-1.832014000,1.843935000,0.000000000,0.000000000,0.000000000,1.000000000
1403715376.082143068,0.655167000,-1.831111000,1.843552000,0.000000000,0.000000000,0.000000000,1.000000000
1403715376.087142944,0.657704000,-1.830209000,1.843147000,0.000000000,0.000000000,0.000000000,1.000000000
1403715376.092143297,0.660235000,-1.829313000,1.842717000,0.000000000,0.000000000,0.000000000,1.000000000
1403715376.097143173,0.662764000,-1.828419000,1.842284000,0.000000000,0.000000000,0.000000000,1.000000000
1403715376.102143049,0.665292000,-1.827511000,1.841861000,0.000000000,0.000000000,0.000000000,1.000000000
1403715376.107142925,0.667854000,-1.826535000,1.841457000,0.000000000,0.000000000,0.000000000,1.000000000
1403715376.112143278,0.670372000,-1.825598000,1.841013000,0.000000000,0.000000000,0.000000000,1.000000000
1403715376.117143154,0.672876000,-1.824660000,1.840563000,0.000000000,0.000000000,0.000000000,1.000000000
1403715376.122143030,0.675366000,-1.823726000,1.840124000,0.000000000,0.000000000,0.000000000,1.000000000
1403715376.127142906,0.677851000,-1.822798000,1.839693000,0.000000000,0.000000000,0.000000000,1.000000000
1403715376.132143259,0.680339000,-1.821872000,1.839253000,0.000000000,0.000000000,0.000000000,1.000000000
1403715376.137142897,0.682820000,-1.820942000,1.838799000,0.000000000,0.000000000,0.000000000,1.000000000
1403715376.142143011,0.685298000,-1.819998000,1.838339000,0.000000000,0.000000000,0.000000000,1.000000000
1403715376.147142887,0.687778000,-1.819042000,1.837875000,0.000000000,0.000000000,0.000000000,1.000000000
1403715376.152143240,0.690290000,-1.818048000,1.837432000,0.000000000,0.000000000,0.000000000,1.000000000
1403715376.157143116,0.692786000,-1.817085000,1.836976000,0.000000000,0.000000000,0.000000000,1.000000000
1403715376.162142992,0.695279000,-1.816129000,1.836515000,0.000000000,0.000000000,0.000000000,1.000000000
1403715376.167143345,0.697766000,-1.815181000,1.836043000,0.000000000,0.000000000,0.000000000,1.000000000
1403715376.172143221,0.700248000,-1.814235000,1.835573000,0.000000000,0.000000000,0.000000000,1.000000000
1403715376.177143097,0.702729000,-1.813276000,1.835111000,0.000000000,0.000000000,0.000000000,1.000000000
1403715376.182142973,0.705206000,-1.812305000,1.834652000,0.000000000,0.000000000,0.000000000,1.000000000
1403715376.187143326,0.707678000,-1.811324000,1.834194000,0.000000000,0.000000000,0.000000000,1.000000000
1403715376.192142963,0.710140000,-1.810340000,1.833726000,0.000000000,0.000000000,0.000000000,1.000000000
1403715376.197143078,0.712588000,-1.809368000,1.833248000,0.000000000,0.000000000,0.000000000,1.000000000
1403715376.202142954,0.715046000,-1.808376000,1.832780000,0.000000000,0.000000000,0.000000000,1.000000000
1403715376.207143307,0.717494000,-1.807397000,1.832291000,0.000000000,0.000000000,0.000000000,1.000000000
1403715376.212142944,0.719939000,-1.806408000,1.831794000,0.000000000,0.000000000,0.000000000,1.000000000
1403715376.217143059,0.722377000,-1.805402000,1.831288000,0.000000000,0.000000000,0.000000000,1.000000000
1403715376.222143173,0.724810000,-1.804387000,1.830765000,0.000000000,0.000000000,0.000000000,1.000000000
1403715376.227143288,0.727242000,-1.803376000,1.830229000,0.000000000,0.000000000,0.000000000,1.000000000
1403715376.232142925,0.729667000,-1.802375000,1.829689000,0.000000000,0.000000000,0.000000000,1.000000000
1403715376.237143040,0.732078000,-1.801386000,1.829156000,0.000000000,0.000000000,0.000000000,1.000000000
1403715376.242143154,0.734476000,-1.800403000,1.828634000,0.000000000,0.000000000,0.000000000,1.000000000
1403715376.247143030,0.736867000,-1.799415000,1.828114000,0.000000000,0.000000000,0.000000000,1.000000000
1403715376.252142906,0.739267000,-1.798398000,1.827616000,0.000000000,0.000000000,0.000000000,1.000000000
1403715376.257143021,0.741660000,-1.797386000,1.827140000,0.000000000,0.000000000,0.000000000,1.000000000
1403715376.262143135,0.744046000,-1.796369000,1.826681000,0.000000000,0.000000000,0.000000000,1.000000000
1403715376.267143011,0.746425000,-1.795361000,1.826239000,0.000000000,0.000000000,0.000000000,1.000000000
1403715376.272142887,0.748799000,-1.794369000,1.825822000,0.000000000,0.000000000,0.000000000,1.000000000
1403715376.277143240,0.751172000,-1.793389000,1.825413000,0.000000000,0.000000000,0.000000000,1.000000000
1403715376.282143354,0.753544000,-1.792405000,1.825001000,0.000000000,0.000000000,0.000000000,1.000000000
1403715376.287142992,0.755913000,-1.791409000,1.824581000,0.000000000,0.000000000,0.000000000,1.000000000
1403715376.292143106,0.758276000,-1.790396000,1.824153000,0.000000000,0.000000000,0.000000000,1.000000000
1403715376.297143221,0.760637000,-1.789371000,1.823717000,0.000000000,0.000000000,0.000000000,1.000000000
1403715376.302143097,0.762995000,-1.788338000,1.823263000,0.000000000,0.000000000,0.000000000,1.000000000
1403715376.307142973,0.765344000,-1.787327000,1.822794000,0.000000000,0.000000000,0.000000000,1.000000000
1403715376.312143087,0.767691000,-1.786329000,1.822329000,0.000000000,0.000000000,0.000000000,1.000000000
1403715376.317143202,0.770033000,-1.785339000,1.821875000,0.000000000,0.000000000,0.000000000,1.000000000
1403715376.322143078,0.772362000,-1.784345000,1.821420000,0.000000000,0.000000000,0.000000000,1.000000000
1403715376.327142954,0.774673000,-1.783344000,1.820972000,0.000000000,0.000000000,0.000000000,1.000000000
1403715376.332143307,0.776971000,-1.782339000,1.820540000,0.000000000,0.000000000,0.000000000,1.000000000
1403715376.337143183,0.779263000,-1.781333000,1.820122000,0.000000000,0.000000000,0.000000000,1.000000000
1403715376.342143059,0.781550000,-1.780337000,1.819710000,0.000000000,0.000000000,0.000000000,1.000000000
1403715376.347142935,0.783829000,-1.779354000,1.819303000,0.000000000,0.000000000,0.000000000,1.000000000
1403715376.352143288,0.786094000,-1.778369000,1.818891000,0.000000000,0.000000000,0.000000000,1.000000000
1403715376.357143164,0.788352000,-1.777390000,1.818491000,0.000000000,0.000000000,0.000000000,1.000000000
1403715376.362143040,0.790610000,-1.776405000,1.818090000,0.000000000,0.000000000,0.000000000,1.000000000
1403715376.367142916,0.792863000,-1.775414000,1.817688000,0.000000000,0.000000000,0.000000000,1.000000000
1403715376.372143269,0.795100000,-1.774421000,1.817281000,0.000000000,0.000000000,0.000000000,1.000000000
1403715376.377142906,0.797319000,-1.773430000,1.816868000,0.000000000,0.000000000,0.000000000,1.000000000
1403715376.382143021,0.799524000,-1.772440000,1.816448000,0.000000000,0.000000000,0.000000000,1.000000000
1403715376.387142897,0.801716000,-1.771450000,1.816015000,0.000000000,0.000000000,0.000000000,1.000000000
1403715376.392143250,0.803889000,-1.770459000,1.815565000,0.000000000,0.000000000,0.000000000,1.000000000
1403715376.397142887,0.806044000,-1.769463000,1.815099000,0.000000000,0.000000000,0.000000000,1.000000000
1403715376.402143002,0.808180000,-1.768459000,1.814606000,0.000000000,0.000000000,0.000000000,1.000000000
1403715376.407143354,0.810298000,-1.767447000,1.814135000,0.000000000,0.000000000,0.000000000,1.000000000
1403715376.412143230,0.812394000,-1.766432000,1.813656000,0.000000000,0.000000000,0.000000000,1.000000000
1403715376.417143106,0.814466000,-1.765427000,1.813156000,0.000000000,0.000000000,0.000000000,1.000000000
1403715376.422142982,0.816518000,-1.764435000,1.812636000,0.000000000,0.000000000,0.000000000,1.000000000
1403715376.427143335,0.818555000,-1.763441000,1.812101000,0.000000000,0.000000000,0.000000000,1.000000000
1403715376.432142973,0.820586000,-1.762438000,1.811558000,0.000000000,0.000000000,0.000000000,1.000000000
1403715376.437143087,0.822614000,-1.761422000,1.811009000,0.000000000,0.000000000,0.000000000,1.000000000
1403715376.442142963,0.824623000,-1.760401000,1.810454000,0.000000000,0.000000000,0.000000000,1.000000000
1403715376.447143316,0.826605000,-1.759383000,1.809902000,0.000000000,0.000000000,0.000000000,1.000000000
1403715376.452142954,0.828566000,-1.758369000,1.809363000,0.000000000,0.000000000,0.000000000,1.000000000
1403715376.457143068,0.830516000,-1.757361000,1.808792000,0.000000000,0.000000000,0.000000000,1.000000000
1403715376.462142944,0.832457000,-1.756338000,1.808255000,0.000000000,0.000000000,0.000000000,1.000000000
1403715376.467143297,0.834394000,-1.755303000,1.807704000,0.000000000,0.000000000,0.000000000,1.000000000
1403715376.472142935,0.836316000,-1.754261000,1.807133000,0.000000000,0.000000000,0.000000000,1.000000000
1403715376.477143049,0.838214000,-1.753217000,1.806541000,0.000000000,0.000000000,0.000000000,1.000000000
1403715376.482143164,0.840091000,-1.752177000,1.805934000,0.000000000,0.000000000,0.000000000,1.000000000
1403715376.487143040,0.841947000,-1.751141000,1.805309000,0.000000000,0.000000000,0.000000000,1.000000000
1403715376.492142916,0.843786000,-1.750106000,1.804670000,0.000000000,0.000000000,0.000000000,1.000000000
1403715376.497143030,0.845613000,-1.749067000,1.804027000,0.000000000,0.000000000,0.000000000,1.000000000
1403715376.502143145,0.847427000,-1.748017000,1.803388000,0.000000000,0.000000000,0.000000000,1.000000000
1403715376.507143021,0.849234000,-1.746967000,1.802696000,0.000000000,0.000000000,0.000000000,1.000000000
1403715376.512142897,0.851035000,-1.745897000,1.802052000,0.000000000,0.000000000,0.000000000,1.000000000
1403715376.517143011,0.852832000,-1.744819000,1.801414000,0.000000000,0.000000000,0.000000000,1.000000000
1403715376.522143126,0.854616000,-1.743744000,1.800774000,0.000000000,0.000000000,0.000000000,1.000000000
1403715376.527143002,0.856389000,-1.742673000,1.800127000,0.000000000,0.000000000,0.000000000,1.000000000
1403715376.532143116,0.858150000,-1.741598000,1.799483000,0.000000000,0.000000000,0.000000000,1.000000000
1403715376.537143230,0.859897000,-1.740516000,1.798835000,0.000000000,0.000000000,0.000000000,1.000000000
1403715376.542143345,0.861629000,-1.739423000,1.798187000,0.000000000,0.000000000,0.000000000,1.000000000
1403715376.547142982,0.863352000,-1.738312000,1.797544000,0.000000000,0.000000000,0.000000000,1.000000000
1403715376.552143097,0.865068000,-1.737186000,1.796911000,0.000000000,0.000000000,0.000000000,1.000000000
1403715376.557143211,0.866780000,-1.736063000,1.796223000,0.000000000,0.000000000,0.000000000,1.000000000
1403715376.562143087,0.868471000,-1.734924000,1.795595000,0.000000000,0.000000000,0.000000000,1.000000000
1403715376.567142963,0.870149000,-1.733788000,1.794970000,0.000000000,0.000000000,0.000000000,1.000000000
1403715376.572143078,0.871812000,-1.732658000,1.794343000,0.000000000,0.000000000,0.000000000,1.000000000
1403715376.577143192,0.873462000,-1.731526000,1.793721000,0.000000000,0.000000000,0.000000000,1.000000000
1403715376.582143068,0.875101000,-1.730376000,1.793092000,0.000000000,0.000000000,0.000000000,1.000000000
1403715376.587142944,0.876733000,-1.729206000,1.792447000,0.000000000,0.000000000,0.000000000,1.000000000
1403715376.592143297,0.878356000,-1.728019000,1.791792000,0.000000000,0.000000000,0.000000000,1.000000000
1403715376.597143173,0.879968000,-1.726824000,1.791129000,0.000000000,0.000000000,0.000000000,1.000000000
1403715376.602143049,0.881576000,-1.725642000,1.790407000,0.000000000,0.000000000,0.000000000,1.000000000
1403715376.607142925,0.883162000,-1.724457000,1.789720000,0.000000000,0.000000000,0.000000000,1.000000000
1403715376.612143278,0.884739000,-1.723272000,1.789034000,0.000000000,0.000000000,0.000000000,1.000000000
1403715376.617143154,0.886312000,-1.722078000,1.788356000,0.000000000,0.000000000,0.000000000,1.000000000
1403715376.622143030,0.887878000,-1.720871000,1.787691000,0.000000000,0.000000000,0.000000000,1.000000000
1403715376.627142906,0.889441000,-1.719652000,1.787029000,0.000000000,0.000000000,0.000000000,1.000000000
1403715376.632143259,0.891006000,-1.718428000,1.786363000,0.000000000,0.000000000,0.000000000,1.000000000
1403715376.637142897,0.892567000,-1.717205000,1.785703000,0.000000000,0.000000000,0.000000000,1.000000000
1403715376.642143011,0.894112000,-1.715980000,1.785049000,0.000000000,0.000000000,0.000000000,1.000000000
1403715376.647142887,0.895643000,-1.714746000,1.784386000,0.000000000,0.000000000,0.000000000,1.000000000
1403715376.652143240,0.897170000,-1.713501000,1.783710000,0.000000000,0.000000000,0.000000000,1.000000000
1403715376.657143116,0.898703000,-1.712266000,1.782971000,0.000000000,0.000000000,0.000000000,1.000000000
1403715376.662142992,0.900205000,-1.711013000,1.782294000,0.000000000,0.000000000,0.000000000,1.000000000
1403715376.667143345,0.901693000,-1.709760000,1.781637000,0.000000000,0.000000000,0.000000000,1.000000000
1403715376.672143221,0.903177000,-1.708503000,1.781000000,0.000000000,0.000000000,0.000000000,1.000000000
1403715376.677143097,0.904666000,-1.707238000,1.780382000,0.000000000,0.000000000,0.000000000,1.000000000
1403715376.682142973,0.906158000,-1.705962000,1.779775000,0.000000000,0.000000000,0.000000000,1.000000000
1403715376.687143326,0.907647000,-1.704671000,1.779174000,0.000000000,0.000000000,0.000000000,1.000000000
1403715376.692142963,0.909127000,-1.703371000,1.778580000,0.000000000,0.000000000,0.000000000,1.000000000
1403715376.697143078,0.910596000,-1.702066000,1.777989000,0.000000000,0.000000000,0.000000000,1.000000000
1403715376.702142954,0.912076000,-1.700771000,1.777360000,0.000000000,0.000000000,0.000000000,1.000000000
1403715376.707143307,0.913537000,-1.699454000,1.776776000,0.000000000,0.000000000,0.000000000,1.000000000
1403715376.712142944,0.914994000,-1.698130000,1.776194000,0.000000000,0.000000000,0.000000000,1.000000000
1403715376.717143059,0.916445000,-1.696800000,1.775612000,0.000000000,0.000000000,0.000000000,1.000000000
1403715376.722143173,0.917889000,-1.695462000,1.775036000,0.000000000,0.000000000,0.000000000,1.000000000
1403715376.727143288,0.919326000,-1.694118000,1.774471000,0.000000000,0.000000000,0.000000000,1.000000000
1403715376.732142925,0.920756000,-1.692771000,1.773912000,0.000000000,0.000000000,0.000000000,1.000000000
1403715376.737143040,0.922174000,-1.691418000,1.773350000,0.000000000,0.000000000,0.000000000,1.000000000
1403715376.742143154,0.923577000,-1.690055000,1.772777000,0.000000000,0.000000000,0.000000000,1.000000000
1403715376.747143030,0.924972000,-1.688683000,1.772197000,0.000000000,0.000000000,0.000000000,1.000000000
1403715376.752142906,0.926360000,-1.687304000,1.771618000,0.000000000,0.000000000,0.000000000,1.000000000
1403715376.757143021,0.927763000,-1.685943000,1.770989000,0.000000000,0.000000000,0.000000000,1.000000000
1403715376.762143135,0.929137000,-1.684558000,1.770415000,0.000000000,0.000000000,0.000000000,1.000000000
1403715376.767143011,0.930509000,-1.683166000,1.769855000,0.000000000,0.000000000,0.000000000,1.000000000
1403715376.772142887,0.931880000,-1.681765000,1.769305000,0.000000000,0.000000000,0.000000000,1.000000000
1403715376.777143240,0.933246000,-1.680356000,1.768757000,0.000000000,0.000000000,0.000000000,1.000000000
1403715376.782143354,0.934602000,-1.678938000,1.768208000,0.000000000,0.000000000,0.000000000,1.000000000
1403715376.787142992,0.935951000,-1.677515000,1.767653000,0.000000000,0.000000000,0.000000000,1.000000000
1403715376.792143106,0.937302000,-1.676087000,1.767101000,0.000000000,0.000000000,0.000000000,1.000000000
1403715376.797143221,0.938649000,-1.674656000,1.766565000,0.000000000,0.000000000,0.000000000,1.000000000
1403715376.802143097,0.939984000,-1.673223000,1.766039000,0.000000000,0.000000000,0.000000000,1.000000000
1403715376.807142973,0.941332000,-1.671811000,1.765474000,0.000000000,0.000000000,0.000000000,1.000000000
1403715376.812143087,0.942650000,-1.670370000,1.764953000,0.000000000,0.000000000,0.000000000,1.000000000
1403715376.817143202,0.943961000,-1.668919000,1.764447000,0.000000000,0.000000000,0.000000000,1.000000000
1403715376.822143078,0.945260000,-1.667458000,1.763947000,0.000000000,0.000000000,0.000000000,1.000000000
1403715376.827142954,0.946550000,-1.665986000,1.763447000,0.000000000,0.000000000,0.000000000,1.000000000
1403715376.832143307,0.947831000,-1.664504000,1.762954000,0.000000000,0.000000000,0.000000000,1.000000000
1403715376.837143183,0.949099000,-1.663016000,1.762469000,0.000000000,0.000000000,0.000000000,1.000000000
1403715376.842143059,0.950366000,-1.661525000,1.761984000,0.000000000,0.000000000,0.000000000,1.000000000
1403715376.847142935,0.951638000,-1.660029000,1.761515000,0.000000000,0.000000000,0.000000000,1.000000000
1403715376.852143288,0.952924000,-1.658552000,1.761034000,0.000000000,0.000000000,0.000000000,1.000000000
1403715376.857143164,0.954181000,-1.657046000,1.760583000,0.000000000,0.000000000,0.000000000,1.000000000
1403715376.862143040,0.955435000,-1.655533000,1.760133000,0.000000000,0.000000000,0.000000000,1.000000000
1403715376.867142916,0.956678000,-1.654014000,1.759693000,0.000000000,0.000000000,0.000000000,1.000000000
1403715376.872143269,0.957896000,-1.652487000,1.759268000,0.000000000,0.000000000,0.000000000,1.000000000
1403715376.877142906,0.959093000,-1.650954000,1.758854000,0.000000000,0.000000000,0.000000000,1.000000000
1403715376.882143021,0.960287000,-1.649414000,1.758446000,0.000000000,0.000000000,0.000000000,1.000000000
1403715376.887142897,0.961474000,-1.647865000,1.758048000,0.000000000,0.000000000,0.000000000,1.000000000
1403715376.892143250,0.962638000,-1.646307000,1.757655000,0.000000000,0.000000000,0.000000000,1.000000000
1403715376.897142887,0.963786000,-1.644736000,1.757269000,0.000000000,0.000000000,0.000000000,1.000000000
1403715376.902143002,0.964952000,-1.643179000,1.756868000,0.000000000,0.000000000,0.000000000,1.000000000
1403715376.907143354,0.966088000,-1.641592000,1.756490000,0.000000000,0.000000000,0.000000000,1.000000000
1403715376.912143230,0.967214000,-1.639998000,1.756116000,0.000000000,0.000000000,0.000000000,1.000000000
1403715376.917143106,0.968337000,-1.638399000,1.755762000,0.000000000,0.000000000,0.000000000,1.000000000
1403715376.922142982,0.969447000,-1.636795000,1.755427000,0.000000000,0.000000000,0.000000000,1.000000000
1403715376.927143335,0.970538000,-1.635185000,1.755096000,0.000000000,0.000000000,0.000000000,1.000000000
1403715376.932142973,0.971614000,-1.633570000,1.754766000,0.000000000,0.000000000,0.000000000,1.000000000
1403715376.937143087,0.972677000,-1.631945000,1.754436000,0.000000000,0.000000000,0.000000000,1.000000000
1403715376.942142963,0.973733000,-1.630310000,1.754104000,0.000000000,0.000000000,0.000000000,1.000000000
1403715376.947143316,0.974776000,-1.628667000,1.753767000,0.000000000,0.000000000,0.000000000,1.000000000
1403715376.952142954,0.975800000,-1.627005000,1.753425000,0.000000000,0.000000000,0.000000000,1.000000000
1403715376.957143068,0.976837000,-1.625365000,1.753052000,0.000000000,0.000000000,0.000000000,1.000000000
1403715376.962142944,0.977841000,-1.623679000,1.752701000,0.000000000,0.000000000,0.000000000,1.000000000
1403715376.967143297,0.978827000,-1.621986000,1.752340000,0.000000000,0.000000000,0.000000000,1.000000000
1403715376.972142935,0.979789000,-1.620288000,1.751957000,0.000000000,0.000000000,0.000000000,1.000000000
1403715376.977143049,0.980731000,-1.618587000,1.751562000,0.000000000,0.000000000,0.000000000,1.000000000
1403715376.982143164,0.981654000,-1.616879000,1.751164000,0.000000000,0.000000000,0.000000000,1.000000000
1403715376.987143040,0.982561000,-1.615162000,1.750753000,0.000000000,0.000000000,0.000000000,1.000000000
1403715376.992142916,0.983452000,-1.613434000,1.750323000,0.000000000,0.000000000,0.000000000,1.000000000
1403715376.997143030,0.984320000,-1.611696000,1.749882000,0.000000000,0.000000000,0.000000000,1.000000000
1403715377.002143145,0.985189000,-1.609989000,1.749415000,0.000000000,0.000000000,0.000000000,1.000000000
1403715377.007143021,0.986032000,-1.608244000,1.748966000,0.000000000,0.000000000,0.000000000,1.000000000
1403715377.012142897,0.986863000,-1.606492000,1.748519000,0.000000000,0.000000000,0.000000000,1.000000000
1403715377.017143011,0.987673000,-1.604730000,1.748061000,0.000000000,0.000000000,0.000000000,1.000000000
1403715377.022143126,0.988460000,-1.602955000,1.747593000,0.000000000,0.000000000,0.000000000,1.000000000
1403715377.027143002,0.989231000,-1.601171000,1.747126000,0.000000000,0.000000000,0.000000000,1.000000000
1403715377.032143116,0.989991000,-1.599380000,1.746661000,0.000000000,0.000000000,0.000000000,1.000000000
1403715377.037143230,0.990736000,-1.597583000,1.746193000,0.000000000,0.000000000,0.000000000,1.000000000
1403715377.042143345,0.991459000,-1.595777000,1.745722000,0.000000000,0.000000000,0.000000000,1.000000000
1403715377.047142982,0.992162000,-1.593965000,1.745235000,0.000000000,0.000000000,0.000000000,1.000000000
1403715377.052143097,0.992877000,-1.592183000,1.744706000,0.000000000,0.000000000,0.000000000,1.000000000
1403715377.057143211,0.993566000,-1.590358000,1.744176000,0.000000000,0.000000000,0.000000000,1.000000000
1403715377.062143087,0.994241000,-1.588530000,1.743624000,0.000000000,0.000000000,0.000000000,1.000000000
1403715377.067142963,0.994902000,-1.586695000,1.743061000,0.000000000,0.000000000,0.000000000,1.000000000
1403715377.072143078,0.995542000,-1.584853000,1.742488000,0.000000000,0.000000000,0.000000000,1.000000000
1403715377.077143192,0.996156000,-1.583008000,1.741903000,0.000000000,0.000000000,0.000000000,1.000000000
1403715377.082143068,0.996747000,-1.581151000,1.741315000,0.000000000,0.000000000,0.000000000,1.000000000
1403715377.087142944,0.997320000,-1.579278000,1.740739000,0.000000000,0.000000000,0.000000000,1.000000000
1403715377.092143297,0.997879000,-1.577392000,1.740177000,0.000000000,0.000000000,0.000000000,1.000000000
1403715377.097143173,0.998424000,-1.575500000,1.739617000,0.000000000,0.000000000,0.000000000,1.000000000
1403715377.102143049,0.998979000,-1.573646000,1.739042000,0.000000000,0.000000000,0.000000000,1.000000000
1403715377.107142925,0.999504000,-1.571759000,1.738500000,0.000000000,0.000000000,0.000000000,1.000000000
1403715377.112143278,1.000009000,-1.569874000,1.737965000,0.000000000,0.000000000,0.000000000,1.000000000
1403715377.117143154,1.000492000,-1.567989000,1.737421000,0.000000000,0.000000000,0.000000000,1.000000000
1403715377.122143030,1.000959000,-1.566097000,1.736873000,0.000000000,0.000000000,0.000000000,1.000000000
1403715377.127142906,1.001410000,-1.564199000,1.736335000,0.000000000,0.000000000,0.000000000,1.000000000
1403715377.132143259,1.001845000,-1.562296000,1.735803000,0.000000000,0.000000000,0.000000000,1.000000000
1403715377.137142897,1.002268000,-1.560383000,1.735266000,0.000000000,0.000000000,0.000000000,1.000000000
1403715377.142143011,1.002680000,-1.558463000,1.734731000,0.000000000,0.000000000,0.000000000,1.000000000
1403715377.147142887,1.003076000,-1.556529000,1.734200000,0.000000000,0.000000000,0.000000000,1.000000000
1403715377.152143240,1.003457000,-1.554583000,1.733675000,0.000000000,0.000000000,0.000000000,1.000000000
1403715377.157143116,1.003855000,-1.552678000,1.733126000,0.000000000,0.000000000,0.000000000,1.000000000
1403715377.162142992,1.004220000,-1.550723000,1.732594000,0.000000000,0.000000000,0.000000000,1.000000000
1403715377.167143345,1.004580000,-1.548761000,1.732062000,0.000000000,0.000000000,0.000000000,1.000000000
1403715377.172143221,1.004928000,-1.546785000,1.731537000,0.000000000,0.000000000,0.000000000,1.000000000
1403715377.177143097,1.005262000,-1.544791000,1.731009000,0.000000000,0.000000000,0.000000000,1.000000000
1403715377.182142973,1.005581000,-1.542784000,1.730478000,0.000000000,0.000000000,0.000000000,1.000000000
1403715377.187143326,1.005884000,-1.540767000,1.729948000,0.000000000,0.000000000,0.000000000,1.000000000
1403715377.192142963,1.006177000,-1.538750000,1.729424000,0.000000000,0.000000000,0.000000000,1.000000000
1403715377.197143078,1.006464000,-1.536734000,1.728904000,0.000000000,0.000000000,0.000000000,1.000000000
1403715377.202142954,1.006774000,-1.534750000,1.728370000,0.000000000,0.000000000,0.000000000,1.000000000
1403715377.207143307,1.007056000,-1.532720000,1.727845000,0.000000000,0.000000000,0.000000000,1.000000000
1403715377.212142944,1.007326000,-1.530672000,1.727315000,0.000000000,0.000000000,0.000000000,1.000000000
1403715377.217143059,1.007582000,-1.528612000,1.726785000,0.000000000,0.000000000,0.000000000,1.000000000
1403715377.222143173,1.007831000,-1.526544000,1.726256000,0.000000000,0.000000000,0.000000000,1.000000000
1403715377.227143288,1.008074000,-1.524469000,1.725735000,0.000000000,0.000000000,0.000000000,1.000000000
1403715377.232142925,1.008306000,-1.522390000,1.725225000,0.000000000,0.000000000,0.000000000,1.000000000
1403715377.237143040,1.008525000,-1.520306000,1.724722000,0.000000000,0.000000000,0.000000000,1.000000000
1403715377.242143154,1.008733000,-1.518213000,1.724227000,0.000000000,0.000000000,0.000000000,1.000000000
1403715377.247143030,1.008931000,-1.516100000,1.723747000,0.000000000,0.000000000,0.000000000,1.000000000
1403715377.252142906,1.009122000,-1.513966000,1.723273000,0.000000000,0.000000000,0.000000000,1.000000000
1403715377.257143021,1.009348000,-1.511863000,1.722782000,0.000000000,0.000000000,0.000000000,1.000000000
1403715377.262143135,1.009529000,-1.509712000,1.722302000,0.000000000,0.000000000,0.000000000,1.000000000
1403715377.267143011,1.009691000,-1.507557000,1.721823000,0.000000000,0.000000000,0.000000000,1.000000000
1403715377.272142887,1.009838000,-1.505399000,1.721348000,0.000000000,0.000000000,0.000000000,1.000000000
1403715377.277143240,1.009975000,-1.503235000,1.720882000,0.000000000,0.000000000,0.000000000,1.000000000
1403715377.282143354,1.010100000,-1.501055000,1.720428000,0.000000000,0.000000000,0.000000000,1.000000000
1403715377.287142992,1.010218000,-1.498854000,1.719979000,0.000000000,0.000000000,0.000000000,1.000000000
1403715377.292143106,1.010328000,-1.496636000,1.719529000,0.000000000,0.000000000,0.000000000,1.000000000
1403715377.297143221,1.010420000,-1.494410000,1.719088000,0.000000000,0.000000000,0.000000000,1.000000000
1403715377.302143097,1.010496000,-1.492181000,1.718658000,0.000000000,0.000000000,0.000000000,1.000000000
1403715377.307142973,1.010612000,-1.489999000,1.718230000,0.000000000,0.000000000,0.000000000,1.000000000
1403715377.312143087,1.010682000,-1.487781000,1.717811000,0.000000000,0.000000000,0.000000000,1.000000000
1403715377.317143202,1.010737000,-1.485555000,1.717391000,0.000000000,0.000000000,0.000000000,1.000000000
1403715377.322143078,1.010780000,-1.483312000,1.716979000,0.000000000,0.000000000,0.000000000,1.000000000
1403715377.327142954,1.010810000,-1.481052000,1.716573000,0.000000000,0.000000000,0.000000000,1.000000000
1403715377.332143307,1.010833000,-1.478783000,1.716165000,0.000000000,0.000000000,0.000000000,1.000000000
1403715377.337143183,1.010846000,-1.476513000,1.715756000,0.000000000,0.000000000,0.000000000,1.000000000
1403715377.342143059,1.010850000,-1.474247000,1.715347000,0.000000000,0.000000000,0.000000000,1.000000000
1403715377.347142935,1.010843000,-1.471982000,1.714940000,0.000000000,0.000000000,0.000000000,1.000000000
1403715377.352143288,1.010830000,-1.469710000,1.714534000,0.000000000,0.000000000,0.000000000,1.000000000
1403715377.357143164,1.010860000,-1.467466000,1.714127000,0.000000000,0.000000000,0.000000000,1.000000000
1403715377.362143040,1.010839000,-1.465169000,1.713730000,0.000000000,0.000000000,0.000000000,1.000000000
1403715377.367142916,1.010812000,-1.462858000,1.713339000,0.000000000,0.000000000,0.000000000,1.000000000
1403715377.372143269,1.010777000,-1.460542000,1.712951000,0.000000000,0.000000000,0.000000000,1.000000000
1403715377.377142906,1.010732000,-1.458226000,1.712569000,0.000000000,0.000000000,0.000000000,1.000000000
1403715377.382143021,1.010675000,-1.455909000,1.712188000,0.000000000,0.000000000,0.000000000,1.000000000
1403715377.387142897,1.010609000,-1.453589000,1.711800000,0.000000000,0.000000000,0.000000000,1.000000000
1403715377.392143250,1.010531000,-1.451256000,1.711406000,0.000000000,0.000000000,0.000000000,1.000000000
1403715377.397142887,1.010443000,-1.448907000,1.711009000,0.000000000,0.000000000,0.000000000,1.000000000
1403715377.402143002,1.010396000,-1.446575000,1.710611000,0.000000000,0.000000000,0.000000000,1.000000000
1403715377.407143354,1.010296000,-1.444211000,1.710214000,0.000000000,0.000000000,0.000000000,1.000000000
1403715377.412143230,1.010185000,-1.441849000,1.709817000,0.000000000,0.000000000,0.000000000,1.000000000
1403715377.417143106,1.010068000,-1.439490000,1.709425000,0.000000000,0.000000000,0.000000000,1.000000000
1403715377.422142982,1.009944000,-1.437134000,1.709040000,0.000000000,0.000000000,0.000000000,1.000000000
1403715377.427143335,1.009808000,-1.434779000,1.708657000,0.000000000,0.000000000,0.000000000,1.000000000
1403715377.432142973,1.009655000,-1.432416000,1.708271000,0.000000000,0.000000000,0.000000000,1.000000000
1403715377.437143087,1.009485000,-1.430040000,1.707879000,0.000000000,0.000000000,0.000000000,1.000000000
1403715377.442142963,1.009303000,-1.427650000,1.707489000,0.000000000,0.000000000,0.000000000,1.000000000
1403715377.447143316,1.009114000,-1.425252000,1.707109000,0.000000000,0.000000000,0.000000000,1.000000000
1403715377.452142954,1.008921000,-1.422853000,1.706728000,0.000000000,0.000000000,0.000000000,1.000000000
1403715377.457143068,1.008790000,-1.420487000,1.706339000,0.000000000,0.000000000,0.000000000,1.000000000
1403715377.462142944,1.008579000,-1.418099000,1.705933000,0.000000000,0.000000000,0.000000000,1.000000000
1403715377.467143297,1.008345000,-1.415703000,1.705523000,0.000000000,0.000000000,0.000000000,1.000000000
1403715377.472142935,1.008098000,-1.413291000,1.705122000,0.000000000,0.000000000,0.000000000,1.000000000
1403715377.477143049,1.007841000,-1.410862000,1.704726000,0.000000000,0.000000000,0.000000000,1.000000000
1403715377.482143164,1.007581000,-1.408426000,1.704329000,0.000000000,0.000000000,0.000000000,1.000000000
1403715377.487143040,1.007320000,-1.405990000,1.703936000,0.000000000,0.000000000,0.000000000,1.000000000
1403715377.492142916,1.007048000,-1.403557000,1.703542000,0.000000000,0.000000000,0.000000000,1.000000000
1403715377.497143030,1.006765000,-1.401123000,1.703136000,0.000000000,0.000000000,0.000000000,1.000000000
1403715377.502143145,1.006534000,-1.398691000,1.702732000,0.000000000,0.000000000,0.000000000,1.000000000
1403715377.507143021,1.006233000,-1.396233000,1.702317000,0.000000000,0.000000000,0.000000000,1.000000000
1403715377.512142897,1.005916000,-1.393764000,1.701891000,0.000000000,0.000000000,0.000000000,1.000000000
1403715377.517143011,1.005591000,-1.391287000,1.701471000,0.000000000,0.000000000,0.000000000,1.000000000
1403715377.522143126,1.005259000,-1.388812000,1.701064000,0.000000000,0.000000000,0.000000000,1.000000000
1403715377.527143002,1.004914000,-1.386341000,1.700660000,0.000000000,0.000000000,0.000000000,1.000000000
1403715377.532143116,1.004561000,-1.383865000,1.700253000,0.000000000,0.000000000,0.000000000,1.000000000
1403715377.537143230,1.004204000,-1.381373000,1.699845000,0.000000000,0.000000000,0.000000000,1.000000000
1403715377.542143345,1.003840000,-1.378863000,1.699433000,0.000000000,0.000000000,0.000000000,1.000000000
1403715377.547142982,1.003463000,-1.376342000,1.699012000,0.000000000,0.000000000,0.000000000,1.000000000
1403715377.552143097,1.003072000,-1.373827000,1.698578000,0.000000000,0.000000000,0.000000000,1.000000000
1403715377.557143211,1.002750000,-1.371328000,1.698141000,0.000000000,0.000000000,0.000000000,1.000000000
1403715377.562143087,1.002340000,-1.368834000,1.697685000,0.000000000,0.000000000,0.000000000,1.000000000
1403715377.567142963,1.001917000,-1.366337000,1.697217000,0.000000000,0.000000000,0.000000000,1.000000000
1403715377.572143078,1.001482000,-1.363825000,1.696750000,0.000000000,0.000000000,0.000000000,1.000000000
1403715377.577143192,1.001034000,-1.361296000,1.696293000,0.000000000,0.000000000,0.000000000,1.000000000
1403715377.582143068,1.000572000,-1.358751000,1.695849000,0.000000000,0.000000000,0.000000000,1.000000000
1403715377.587142944,1.000097000,-1.356201000,1.695418000,0.000000000,0.000000000,0.000000000,1.000000000
1403715377.592143297,0.999609000,-1.353657000,1.694991000,0.000000000,0.000000000,0.000000000,1.000000000
1403715377.597143173,0.999112000,-1.351119000,1.694569000,0.000000000,0.000000000,0.000000000,1.000000000
1403715377.602143049,0.998683000,-1.348577000,1.694151000,0.000000000,0.000000000,0.000000000,1.000000000
1403715377.607142925,0.998184000,-1.346036000,1.693726000,0.000000000,0.000000000,0.000000000,1.000000000
1403715377.612143278,0.997678000,-1.343479000,1.693292000,0.000000000,0.000000000,0.000000000,1.000000000
1403715377.617143154,0.997162000,-1.340900000,1.692853000,0.000000000,0.000000000,0.000000000,1.000000000
1403715377.622143030,0.996632000,-1.338303000,1.692408000,0.000000000,0.000000000,0.000000000,1.000000000
1403715377.627142906,0.996090000,-1.335699000,1.691959000,0.000000000,0.000000000,0.000000000,1.000000000
1403715377.632143259,0.995538000,-1.333099000,1.691510000,0.000000000,0.000000000,0.000000000,1.000000000
1403715377.637142897,0.994971000,-1.330506000,1.691059000,0.000000000,0.000000000,0.000000000,1.000000000
1403715377.642143011,0.994393000,-1.327915000,1.690602000,0.000000000,0.000000000,0.000000000,1.000000000
1403715377.647142887,0.993811000,-1.325320000,1.690138000,0.000000000,0.000000000,0.000000000,1.000000000
1403715377.652143240,0.993225000,-1.322718000,1.689678000,0.000000000,0.000000000,0.000000000,1.000000000
1403715377.657143116,0.992731000,-1.320090000,1.689228000,0.000000000,0.000000000,0.000000000,1.000000000
1403715377.662142992,0.992143000,-1.317472000,1.688787000,0.000000000,0.000000000,0.000000000,1.000000000
1403715377.667143345,0.991551000,-1.314857000,1.688344000,0.000000000,0.000000000,0.000000000,1.000000000
1403715377.672143221,0.990955000,-1.312244000,1.687895000,0.000000000,0.000000000,0.000000000,1.000000000
1403715377.677143097,0.990344000,-1.309630000,1.687443000,0.000000000,0.000000000,0.000000000,1.000000000
1403715377.682142973,0.989715000,-1.307009000,1.686991000,0.000000000,0.000000000,0.000000000,1.000000000
1403715377.687143326,0.989076000,-1.304376000,1.686534000,0.000000000,0.000000000,0.000000000,1.000000000
1403715377.692142963,0.988428000,-1.301734000,1.686067000,0.000000000,0.000000000,0.000000000,1.000000000
1403715377.697143078,0.987769000,-1.299090000,1.685588000,0.000000000,0.000000000,0.000000000,1.000000000
1403715377.702142954,0.987101000,-1.296443000,1.685104000,0.000000000,0.000000000,0.000000000,1.000000000
1403715377.707143307,0.986523000,-1.293777000,1.684609000,0.000000000,0.000000000,0.000000000,1.000000000
1403715377.712142944,0.985844000,-1.291127000,1.684128000,0.000000000,0.000000000,0.000000000,1.000000000
1403715377.717143059,0.985165000,-1.288476000,1.683659000,0.000000000,0.000000000,0.000000000,1.000000000
1403715377.722143173,0.984492000,-1.285819000,1.683200000,0.000000000,0.000000000,0.000000000,1.000000000
1403715377.727143288,0.983815000,-1.283153000,1.682760000,0.000000000,0.000000000,0.000000000,1.000000000
1403715377.732142925,0.983130000,-1.280474000,1.682334000,0.000000000,0.000000000,0.000000000,1.000000000
1403715377.737143040,0.982440000,-1.277783000,1.681907000,0.000000000,0.000000000,0.000000000,1.000000000
1403715377.742143154,0.981739000,-1.275085000,1.681474000,0.000000000,0.000000000,0.000000000,1.000000000
1403715377.747143030,0.981020000,-1.272388000,1.681046000,0.000000000,0.000000000,0.000000000,1.000000000
1403715377.752142906,0.980287000,-1.269696000,1.680625000,0.000000000,0.000000000,0.000000000,1.000000000
1403715377.757143021,0.979658000,-1.266981000,1.680186000,0.000000000,0.000000000,0.000000000,1.000000000
1403715377.762143135,0.978924000,-1.264284000,1.679748000,0.000000000,0.000000000,0.000000000,1.000000000
1403715377.767143011,0.978178000,-1.261577000,1.679315000,0.000000000,0.000000000,0.000000000,1.000000000
1403715377.772142887,0.977422000,-1.258853000,1.678889000,0.000000000,0.000000000,0.000000000,1.000000000
1403715377.777143240,0.976659000,-1.256117000,1.678475000,0.000000000,0.000000000,0.000000000,1.000000000
1403715377.782143354,0.975890000,-1.253380000,1.678075000,0.000000000,0.000000000,0.000000000,1.000000000
1403715377.787142992,0.975109000,-1.250645000,1.677680000,0.000000000,0.000000000,0.000000000,1.000000000
1403715377.792143106,0.974319000,-1.247909000,1.677284000,0.000000000,0.000000000,0.000000000,1.000000000
1403715377.797143221,0.973521000,-1.245168000,1.676888000,0.000000000,0.000000000,0.000000000,1.000000000
1403715377.802143097,0.972809000,-1.242396000,1.676478000,0.000000000,0.000000000,0.000000000,1.000000000
1403715377.807142973,0.972003000,-1.239627000,1.676092000,0.000000000,0.000000000,0.000000000,1.000000000
1403715377.812143087,0.971191000,-1.236850000,1.675725000,0.000000000,0.000000000,0.000000000,1.000000000
1403715377.817143202,0.970377000,-1.234070000,1.675360000,0.000000000,0.000000000,0.000000000,1.000000000
1403715377.822143078,0.969554000,-1.231294000,1.674985000,0.000000000,0.000000000,0.000000000,1.000000000
1403715377.827142954,0.968717000,-1.228520000,1.674606000,0.000000000,0.000000000,0.000000000,1.000000000
1403715377.832143307,0.967865000,-1.225741000,1.674220000,0.000000000,0.000000000,0.000000000,1.000000000
1403715377.837143183,0.967002000,-1.222954000,1.673825000,0.000000000,0.000000000,0.000000000,1.000000000
1403715377.842143059,0.966128000,-1.220158000,1.673424000,0.000000000,0.000000000,0.000000000,1.000000000
1403715377.847142935,0.965242000,-1.217361000,1.673016000,0.000000000,0.000000000,0.000000000,1.000000000
1403715377.852143288,0.964454000,-1.214544000,1.672584000,0.000000000,0.000000000,0.000000000,1.000000000
1403715377.857143164,0.963578000,-1.211743000,1.672163000,0.000000000,0.000000000,0.000000000,1.000000000
1403715377.862143040,0.962692000,-1.208941000,1.671739000,0.000000000,0.000000000,0.000000000,1.000000000
1403715377.867142916,0.961800000,-1.206135000,1.671325000,0.000000000,0.000000000,0.000000000,1.000000000
1403715377.872143269,0.960899000,-1.203321000,1.670920000,0.000000000,0.000000000,0.000000000,1.000000000
1403715377.877142906,0.959988000,-1.200503000,1.670509000,0.000000000,0.000000000,0.000000000,1.000000000
1403715377.882143021,0.959070000,-1.197685000,1.670084000,0.000000000,0.000000000,0.000000000,1.000000000
1403715377.887142897,0.958146000,-1.194871000,1.669646000,0.000000000,0.000000000,0.000000000,1.000000000
1403715377.892143250,0.957215000,-1.192053000,1.669190000,0.000000000,0.000000000,0.000000000,1.000000000
1403715377.897142887,0.956278000,-1.189224000,1.668721000,0.000000000,0.000000000,0.000000000,1.000000000
1403715377.902143002,0.955329000,-1.186383000,1.668249000,0.000000000,0.000000000,0.000000000,1.000000000
1403715377.907143354,0.954500000,-1.183511000,1.667752000,0.000000000,0.000000000,0.000000000,1.000000000
1403715377.912143230,0.953572000,-1.180656000,1.667282000,0.000000000,0.000000000,0.000000000,1.000000000
1403715377.917143106,0.952648000,-1.177798000,1.666806000,0.000000000,0.000000000,0.000000000,1.000000000
1403715377.922142982,0.951714000,-1.174938000,1.666321000,0.000000000,0.000000000,0.000000000,1.000000000
1403715377.927143335,0.950764000,-1.172077000,1.665838000,0.000000000,0.000000000,0.000000000,1.000000000
1403715377.932142973,0.949802000,-1.169224000,1.665363000,0.000000000,0.000000000,0.000000000,1.000000000
1403715377.937143087,0.948831000,-1.166378000,1.664898000,0.000000000,0.000000000,0.000000000,1.000000000
1403715377.942142963,0.947854000,-1.163521000,1.664434000,0.000000000,0.000000000,0.000000000,1.000000000
1403715377.947143316,0.946868000,-1.160646000,1.663968000,0.000000000,0.000000000,0.000000000,1.000000000
1403715377.952142954,0.945973000,-1.157739000,1.663482000,0.000000000,0.000000000,0.000000000,1.000000000
1403715377.957143068,0.944978000,-1.154847000,1.663019000,0.000000000,0.000000000,0.000000000,1.000000000
1403715377.962142944,0.943970000,-1.151962000,1.662560000,0.000000000,0.000000000,0.000000000,1.000000000
1403715377.967143297,0.942960000,-1.149081000,1.662107000,0.000000000,0.000000000,0.000000000,1.000000000
1403715377.972142935,0.941956000,-1.146195000,1.661658000,0.000000000,0.000000000,0.000000000,1.000000000
1403715377.977143049,0.940951000,-1.143295000,1.661200000,0.000000000,0.000000000,0.000000000,1.000000000
1403715377.982143164,0.939938000,-1.140377000,1.660727000,0.000000000,0.000000000,0.000000000,1.000000000
1403715377.987143040,0.938919000,-1.137445000,1.660253000,0.000000000,0.000000000,0.000000000,1.000000000
1403715377.992142916,0.937892000,-1.134512000,1.659783000,0.000000000,0.000000000,0.000000000,1.000000000
1403715377.997143030,0.936853000,-1.131586000,1.659308000,0.000000000,0.000000000,0.000000000,1.000000000
1403715378.002143145,0.935803000,-1.128668000,1.658827000,0.000000000,0.000000000,0.000000000,1.000000000
1403715378.007143021,0.934872000,-1.125726000,1.658319000,0.000000000,0.000000000,0.000000000,1.000000000
1403715378.012142897,0.933832000,-1.122795000,1.657843000,0.000000000,0.000000000,0.000000000,1.000000000
1403715378.017143011,0.932794000,-1.119848000,1.657376000,0.000000000,0.000000000,0.000000000,1.000000000
1403715378.022143126,0.931754000,-1.116893000,1.656911000,0.000000000,0.000000000,0.000000000,1.000000000
1403715378.027143002,0.930711000,-1.113937000,1.656443000,0.000000000,0.000000000,0.000000000,1.000000000
1403715378.032143116,0.929664000,-1.110986000,1.655978000,0.000000000,0.000000000,0.000000000,1.000000000
1403715378.037143230,0.928605000,-1.108042000,1.655518000,0.000000000,0.000000000,0.000000000,1.000000000
1403715378.042143345,0.927531000,-1.105098000,1.655063000,0.000000000,0.000000000,0.000000000,1.000000000
1403715378.047142982,0.926445000,-1.102147000,1.654609000,0.000000000,0.000000000,0.000000000,1.000000000
1403715378.052143097,0.925455000,-1.099163000,1.654130000,0.000000000,0.000000000,0.000000000,1.000000000
1403715378.057143211,0.924373000,-1.096188000,1.653662000,0.000000000,0.000000000,0.000000000,1.000000000
1403715378.062143087,0.923286000,-1.093213000,1.653186000,0.000000000,0.000000000,0.000000000,1.000000000
1403715378.067142963,0.922190000,-1.090241000,1.652703000,0.000000000,0.000000000,0.000000000,1.000000000
1403715378.072143078,0.921078000,-1.087275000,1.652205000,0.000000000,0.000000000,0.000000000,1.000000000
1403715378.077143192,0.919949000,-1.084315000,1.651689000,0.000000000,0.000000000,0.000000000,1.000000000
1403715378.082143068,0.918808000,-1.081352000,1.651167000,0.000000000,0.000000000,0.000000000,1.000000000
1403715378.087142944,0.917659000,-1.078386000,1.650645000,0.000000000,0.000000000,0.000000000,1.000000000
1403715378.092143297,0.916506000,-1.075417000,1.650132000,0.000000000,0.000000000,0.000000000,1.000000000
1403715378.097143173,0.915352000,-1.072448000,1.649633000,0.000000000,0.000000000,0.000000000,1.000000000
1403715378.102143049,0.914295000,-1.069459000,1.649136000,0.000000000,0.000000000,0.000000000,1.000000000
1403715378.107142925,0.913148000,-1.066487000,1.648666000,0.000000000,0.000000000,0.000000000,1.000000000
1403715378.112143278,0.911995000,-1.063513000,1.648198000,0.000000000,0.000000000,0.000000000,1.000000000
1403715378.117143154,0.910837000,-1.060533000,1.647727000,0.000000000,0.000000000,0.000000000,1.000000000
1403715378.122143030,0.909664000,-1.057549000,1.647252000,0.000000000,0.000000000,0.000000000,1.000000000
1403715378.127142906,0.908479000,-1.054568000,1.646769000,0.000000000,0.000000000,0.000000000,1.000000000
1403715378.132143259,0.907291000,-1.051592000,1.646273000,0.000000000,0.000000000,0.000000000,1.000000000
1403715378.137142897,0.906092000,-1.048624000,1.645765000,0.000000000,0.000000000,0.000000000,1.000000000
1403715378.142143011,0.904881000,-1.045659000,1.645245000,0.000000000,0.000000000,0.000000000,1.000000000
1403715378.147142887,0.903660000,-1.042693000,1.644726000,0.000000000,0.000000000,0.000000000,1.000000000
1403715378.152143240,0.902538000,-1.039705000,1.644192000,0.000000000,0.000000000,0.000000000,1.000000000
1403715378.157143116,0.901325000,-1.036738000,1.643673000,0.000000000,0.000000000,0.000000000,1.000000000
1403715378.162142992,0.900104000,-1.033778000,1.643152000,0.000000000,0.000000000,0.000000000,1.000000000
1403715378.167143345,0.898876000,-1.030832000,1.642627000,0.000000000,0.000000000,0.000000000,1.000000000
1403715378.172143221,0.897645000,-1.027898000,1.642098000,0.000000000,0.000000000,0.000000000,1.000000000
1403715378.177143097,0.896405000,-1.024969000,1.641575000,0.000000000,0.000000000,0.000000000,1.000000000
1403715378.182142973,0.895156000,-1.022040000,1.641072000,0.000000000,0.000000000,0.000000000,1.000000000
1403715378.187143326,0.893905000,-1.019107000,1.640595000,0.000000000,0.000000000,0.000000000,1.000000000
1403715378.192142963,0.892650000,-1.016173000,1.640139000,0.000000000,0.000000000,0.000000000,1.000000000
1403715378.197143078,0.891391000,-1.013246000,1.639683000,0.000000000,0.000000000,0.000000000,1.000000000
1403715378.202142954,0.890129000,-1.010335000,1.639221000,0.000000000,0.000000000,0.000000000,1.000000000
1403715378.207143307,0.888988000,-1.007409000,1.638721000,0.000000000,0.000000000,0.000000000,1.000000000
1403715378.212142944,0.887729000,-1.004515000,1.638213000,0.000000000,0.000000000,0.000000000,1.000000000
1403715378.217143059,0.886460000,-1.001619000,1.637683000,0.000000000,0.000000000,0.000000000,1.000000000
1403715378.222143173,0.885178000,-0.998716000,1.637135000,0.000000000,0.000000000,0.000000000,1.000000000
1403715378.227143288,0.883887000,-0.995809000,1.636582000,0.000000000,0.000000000,0.000000000,1.000000000
1403715378.232142925,0.882586000,-0.992910000,1.636034000,0.000000000,0.000000000,0.000000000,1.000000000
1403715378.237143040,0.881279000,-0.990029000,1.635493000,0.000000000,0.000000000,0.000000000,1.000000000
1403715378.242143154,0.879974000,-0.987168000,1.634973000,0.000000000,0.000000000,0.000000000,1.000000000
1403715378.247143030,0.878661000,-0.984317000,1.634476000,0.000000000,0.000000000,0.000000000,1.000000000
1403715378.252142906,0.877447000,-0.981437000,1.633966000,0.000000000,0.000000000,0.000000000,1.000000000
1403715378.257143021,0.876146000,-0.978578000,1.633458000,0.000000000,0.000000000,0.000000000,1.000000000
1403715378.262143135,0.874848000,-0.975717000,1.632934000,0.000000000,0.000000000,0.000000000,1.000000000
1403715378.267143011,0.873551000,-0.972859000,1.632398000,0.000000000,0.000000000,0.000000000,1.000000000
1403715378.272142887,0.872240000,-0.970012000,1.631859000,0.000000000,0.000000000,0.000000000,1.000000000
1403715378.277143240,0.870914000,-0.967179000,1.631323000,0.000000000,0.000000000,0.000000000,1.000000000
1403715378.282143354,0.869581000,-0.964355000,1.630797000,0.000000000,0.000000000,0.000000000,1.000000000
1403715378.287142992,0.868243000,-0.961539000,1.630280000,0.000000000,0.000000000,0.000000000,1.000000000
1403715378.292143106,0.866891000,-0.958729000,1.629747000,0.000000000,0.000000000,0.000000000,1.000000000
1403715378.297143221,0.865531000,-0.955926000,1.629193000,0.000000000,0.000000000,0.000000000,1.000000000
1403715378.302143097,0.864280000,-0.953099000,1.628618000,0.000000000,0.000000000,0.000000000,1.000000000
1403715378.307142973,0.862942000,-0.950311000,1.628040000,0.000000000,0.000000000,0.000000000,1.000000000
1403715378.312143087,0.861595000,-0.947542000,1.627447000,0.000000000,0.000000000,0.000000000,1.000000000
1403715378.317143202,0.860242000,-0.944784000,1.626851000,0.000000000,0.000000000,0.000000000,1.000000000
1403715378.322143078,0.858881000,-0.942037000,1.626263000,0.000000000,0.000000000,0.000000000,1.000000000
1403715378.327142954,0.857511000,-0.939301000,1.625679000,0.000000000,0.000000000,0.000000000,1.000000000
1403715378.332143307,0.856139000,-0.936575000,1.625098000,0.000000000,0.000000000,0.000000000,1.000000000
1403715378.337143183,0.854772000,-0.933855000,1.624524000,0.000000000,0.000000000,0.000000000,1.000000000
1403715378.342143059,0.853404000,-0.931143000,1.623960000,0.000000000,0.000000000,0.000000000,1.000000000
1403715378.347142935,0.852026000,-0.928446000,1.623404000,0.000000000,0.000000000,0.000000000,1.000000000
1403715378.352143288,0.850753000,-0.925731000,1.622842000,0.000000000,0.000000000,0.000000000,1.000000000
1403715378.357143164,0.849385000,-0.923056000,1.622285000,0.000000000,0.000000000,0.000000000,1.000000000
1403715378.362143040,0.848001000,-0.920390000,1.621725000,0.000000000,0.000000000,0.000000000,1.000000000
1403715378.367142916,0.846606000,-0.917734000,1.621155000,0.000000000,0.000000000,0.000000000,1.000000000
1403715378.372143269,0.845208000,-0.915084000,1.620579000,0.000000000,0.000000000,0.000000000,1.000000000
1403715378.377142906,0.843799000,-0.912446000,1.619995000,0.000000000,0.000000000,0.000000000,1.000000000
1403715378.382143021,0.842388000,-0.909823000,1.619412000,0.000000000,0.000000000,0.000000000,1.000000000
1403715378.387142897,0.840973000,-0.907221000,1.618846000,0.000000000,0.000000000,0.000000000,1.000000000
1403715378.392143250,0.839549000,-0.904640000,1.618289000,0.000000000,0.000000000,0.000000000,1.000000000
1403715378.397142887,0.838128000,-0.902067000,1.617748000,0.000000000,0.000000000,0.000000000,1.000000000
1403715378.402143002,0.836823000,-0.899460000,1.617223000,0.000000000,0.000000000,0.000000000,1.000000000
1403715378.407143354,0.835417000,-0.896890000,1.616710000,0.000000000,0.000000000,0.000000000,1.000000000
1403715378.412143230,0.834007000,-0.894338000,1.616202000,0.000000000,0.000000000,0.000000000,1.000000000
1403715378.417143106,0.832599000,-0.891808000,1.615700000,0.000000000,0.000000000,0.000000000,1.000000000
1403715378.422142982,0.831192000,-0.889302000,1.615200000,0.000000000,0.000000000,0.000000000,1.000000000
1403715378.427143335,0.829783000,-0.886817000,1.614699000,0.000000000,0.000000000,0.000000000,1.000000000
1403715378.432142973,0.828369000,-0.884346000,1.614195000,0.000000000,0.000000000,0.000000000,1.000000000
1403715378.437143087,0.826948000,-0.881883000,1.613691000,0.000000000,0.000000000,0.000000000,1.000000000
1403715378.442142963,0.825522000,-0.879427000,1.613189000,0.000000000,0.000000000,0.000000000,1.000000000
1403715378.447143316,0.824096000,-0.876976000,1.612691000,0.000000000,0.000000000,0.000000000,1.000000000
1403715378.452142954,0.822675000,-0.874533000,1.612192000,0.000000000,0.000000000,0.000000000,1.000000000
1403715378.457143068,0.821399000,-0.872051000,1.611695000,0.000000000,0.000000000,0.000000000,1.000000000
1403715378.462142944,0.819999000,-0.869619000,1.611216000,0.000000000,0.000000000,0.000000000,1.000000000
1403715378.467143297,0.818595000,-0.867199000,1.610746000,0.000000000,0.000000000,0.000000000,1.000000000
1403715378.472142935,0.817192000,-0.864793000,1.610276000,0.000000000,0.000000000,0.000000000,1.000000000
1403715378.477143049,0.815788000,-0.862402000,1.609805000,0.000000000,0.000000000,0.000000000,1.000000000
1403715378.482143164,0.814379000,-0.860030000,1.609345000,0.000000000,0.000000000,0.000000000,1.000000000
1403715378.487143040,0.812967000,-0.857675000,1.608893000,0.000000000,0.000000000,0.000000000,1.000000000
1403715378.492142916,0.811558000,-0.855330000,1.608453000,0.000000000,0.000000000,0.000000000,1.000000000
1403715378.497143030,0.810151000,-0.852986000,1.608026000,0.000000000,0.000000000,0.000000000,1.000000000
1403715378.502143145,0.808746000,-0.850649000,1.607618000,0.000000000,0.000000000,0.000000000,1.000000000
1403715378.507143021,0.807493000,-0.848279000,1.607211000,0.000000000,0.000000000,0.000000000,1.000000000
1403715378.512142897,0.806120000,-0.845977000,1.606817000,0.000000000,0.000000000,0.000000000,1.000000000
1403715378.517143011,0.804746000,-0.843692000,1.606423000,0.000000000,0.000000000,0.000000000,1.000000000
1403715378.522143126,0.803369000,-0.841417000,1.606031000,0.000000000,0.000000000,0.000000000,1.000000000
1403715378.527143002,0.801983000,-0.839143000,1.605645000,0.000000000,0.000000000,0.000000000,1.000000000
1403715378.532143116,0.800594000,-0.836868000,1.605275000,0.000000000,0.000000000,0.000000000,1.000000000
1403715378.537143230,0.799205000,-0.834602000,1.604922000,0.000000000,0.000000000,0.000000000,1.000000000
1403715378.542143345,0.797816000,-0.832352000,1.604583000,0.000000000,0.000000000,0.000000000,1.000000000
1403715378.547142982,0.796420000,-0.830117000,1.604260000,0.000000000,0.000000000,0.000000000,1.000000000
1403715378.552143097,0.795015000,-0.827896000,1.603950000,0.000000000,0.000000000,0.000000000,1.000000000
1403715378.557143211,0.793766000,-0.825627000,1.603635000,0.000000000,0.000000000,0.000000000,1.000000000
1403715378.562143087,0.792401000,-0.823414000,1.603329000,0.000000000,0.000000000,0.000000000,1.000000000
1403715378.567142963,0.791042000,-0.821201000,1.603027000,0.000000000,0.000000000,0.000000000,1.000000000
1403715378.572143078,0.789678000,-0.818989000,1.602728000,0.000000000,0.000000000,0.000000000,1.000000000
1403715378.577143192,0.788315000,-0.816781000,1.602427000,0.000000000,0.000000000,0.000000000,1.000000000
1403715378.582143068,0.786964000,-0.814581000,1.602135000,0.000000000,0.000000000,0.000000000,1.000000000
1403715378.587142944,0.785618000,-0.812394000,1.601870000,0.000000000,0.000000000,0.000000000,1.000000000
1403715378.592143297,0.784269000,-0.810217000,1.601627000,0.000000000,0.000000000,0.000000000,1.000000000
1403715378.597143173,0.782914000,-0.808042000,1.601385000,0.000000000,0.000000000,0.000000000,1.000000000
1403715378.602143049,0.781553000,-0.805867000,1.601134000,0.000000000,0.000000000,0.000000000,1.000000000
1403715378.607142925,0.780344000,-0.803633000,1.600863000,0.000000000,0.000000000,0.000000000,1.000000000
1403715378.612143278,0.779009000,-0.801460000,1.600606000,0.000000000,0.000000000,0.000000000,1.000000000
1403715378.617143154,0.777668000,-0.799292000,1.600343000,0.000000000,0.000000000,0.000000000,1.000000000
1403715378.622143030,0.776325000,-0.797125000,1.600077000,0.000000000,0.000000000,0.000000000,1.000000000
1403715378.627142906,0.774986000,-0.794950000,1.599808000,0.000000000,0.000000000,0.000000000,1.000000000
1403715378.632143259,0.773653000,-0.792769000,1.599529000,0.000000000,0.000000000,0.000000000,1.000000000
1403715378.637142897,0.772328000,-0.790593000,1.599253000,0.000000000,0.000000000,0.000000000,1.000000000
1403715378.642143011,0.771000000,-0.788433000,1.598990000,0.000000000,0.000000000,0.000000000,1.000000000
1403715378.647142887,0.769668000,-0.786287000,1.598736000,0.000000000,0.000000000,0.000000000,1.000000000
1403715378.652143240,0.768351000,-0.784144000,1.598489000,0.000000000,0.000000000,0.000000000,1.000000000
1403715378.657143116,0.767201000,-0.781930000,1.598235000,0.000000000,0.000000000,0.000000000,1.000000000
1403715378.662142992,0.765936000,-0.779767000,1.598001000,0.000000000,0.000000000,0.000000000,1.000000000
1403715378.667143345,0.764684000,-0.777604000,1.597779000,0.000000000,0.000000000,0.000000000,1.000000000
1403715378.672143221,0.763442000,-0.775447000,1.597564000,0.000000000,0.000000000,0.000000000,1.000000000
1403715378.677143097,0.762207000,-0.773306000,1.597338000,0.000000000,0.000000000,0.000000000,1.000000000
1403715378.682142973,0.760978000,-0.771181000,1.597108000,0.000000000,0.000000000,0.000000000,1.000000000
1403715378.687143326,0.759748000,-0.769067000,1.596882000,0.000000000,0.000000000,0.000000000,1.000000000
1403715378.692142963,0.758520000,-0.766959000,1.596667000,0.000000000,0.000000000,0.000000000,1.000000000
1403715378.697143078,0.757299000,-0.764850000,1.596465000,0.000000000,0.000000000,0.000000000,1.000000000
1403715378.702142954,0.756080000,-0.762741000,1.596275000,0.000000000,0.000000000,0.000000000,1.000000000
1403715378.707143307,0.755006000,-0.760570000,1.596081000,0.000000000,0.000000000,0.000000000,1.000000000
1403715378.712142944,0.753802000,-0.758464000,1.595909000,0.000000000,0.000000000,0.000000000,1.000000000
1403715378.717143059,0.752601000,-0.756369000,1.595737000,0.000000000,0.000000000,0.000000000,1.000000000
1403715378.722143173,0.751411000,-0.754287000,1.595566000,0.000000000,0.000000000,0.000000000,1.000000000
1403715378.727143288,0.750224000,-0.752211000,1.595407000,0.000000000,0.000000000,0.000000000,1.000000000
1403715378.732142925,0.749033000,-0.750138000,1.595254000,0.000000000,0.000000000,0.000000000,1.000000000
1403715378.737143040,0.747840000,-0.748070000,1.595104000,0.000000000,0.000000000,0.000000000,1.000000000
1403715378.742143154,0.746652000,-0.746006000,1.594953000,0.000000000,0.000000000,0.000000000,1.000000000
1403715378.747143030,0.745465000,-0.743949000,1.594802000,0.000000000,0.000000000,0.000000000,1.000000000
1403715378.752142906,0.744403000,-0.741844000,1.594636000,0.000000000,0.000000000,0.000000000,1.000000000
1403715378.757143021,0.743244000,-0.739789000,1.594480000,0.000000000,0.000000000,0.000000000,1.000000000
1403715378.762143135,0.742095000,-0.737738000,1.594317000,0.000000000,0.000000000,0.000000000,1.000000000
1403715378.767143011,0.740962000,-0.735691000,1.594152000,0.000000000,0.000000000,0.000000000,1.000000000
1403715378.772142887,0.739837000,-0.733647000,1.593991000,0.000000000,0.000000000,0.000000000,1.000000000
1403715378.777143240,0.738720000,-0.731608000,1.593835000,0.000000000,0.000000000,0.000000000,1.000000000
1403715378.782143354,0.737611000,-0.729578000,1.593693000,0.000000000,0.000000000,0.000000000,1.000000000
1403715378.787142992,0.736512000,-0.727555000,1.593562000,0.000000000,0.000000000,0.000000000,1.000000000
1403715378.792143106,0.735420000,-0.725540000,1.593440000,0.000000000,0.000000000,0.000000000,1.000000000
1403715378.797143221,0.734327000,-0.723529000,1.593333000,0.000000000,0.000000000,0.000000000,1.000000000
1403715378.802143097,0.733230000,-0.721520000,1.593234000,0.000000000,0.000000000,0.000000000,1.000000000
1403715378.807142973,0.732292000,-0.719443000,1.593126000,0.000000000,0.000000000,0.000000000,1.000000000
1403715378.812143087,0.731240000,-0.717420000,1.593045000,0.000000000,0.000000000,0.000000000,1.000000000
1403715378.817143202,0.730196000,-0.715396000,1.592979000,0.000000000,0.000000000,0.000000000,1.000000000
1403715378.822143078,0.729162000,-0.713380000,1.592923000,0.000000000,0.000000000,0.000000000,1.000000000
1403715378.827142954,0.728138000,-0.711377000,1.592873000,0.000000000,0.000000000,0.000000000,1.000000000
1403715378.832143307,0.727120000,-0.709386000,1.592833000,0.000000000,0.000000000,0.000000000,1.000000000
1403715378.837143183,0.726105000,-0.707397000,1.592793000,0.000000000,0.000000000,0.000000000,1.000000000
1403715378.842143059,0.725100000,-0.705410000,1.592747000,0.000000000,0.000000000,0.000000000,1.000000000
1403715378.847142935,0.724101000,-0.703430000,1.592694000,0.000000000,0.000000000,0.000000000,1.000000000
1403715378.852143288,0.723100000,-0.701457000,1.592630000,0.000000000,0.000000000,0.000000000,1.000000000
1403715378.857143164,0.722266000,-0.699422000,1.592555000,0.000000000,0.000000000,0.000000000,1.000000000
1403715378.862143040,0.721322000,-0.697445000,1.592501000,0.000000000,0.000000000,0.000000000,1.000000000
1403715378.867142916,0.720392000,-0.695471000,1.592458000,0.000000000,0.000000000,0.000000000,1.000000000
1403715378.872143269,0.719481000,-0.693500000,1.592425000,0.000000000,0.000000000,0.000000000,1.000000000
1403715378.877142906,0.718595000,-0.691534000,1.592401000,0.000000000,0.000000000,0.000000000,1.000000000
1403715378.882143021,0.717732000,-0.689575000,1.592397000,0.000000000,0.000000000,0.000000000,1.000000000
1403715378.887142897,0.716884000,-0.687622000,1.592415000,0.000000000,0.000000000,0.000000000,1.000000000
1403715378.892143250,0.716042000,-0.685674000,1.592437000,0.000000000,0.000000000,0.000000000,1.000000000
1403715378.897142887,0.715204000,-0.683731000,1.592464000,0.000000000,0.000000000,0.000000000,1.000000000
1403715378.902143002,0.714375000,-0.681789000,1.592499000,0.000000000,0.000000000,0.000000000,1.000000000
1403715378.907143354,0.713713000,-0.679788000,1.592537000,0.000000000,0.000000000,0.000000000,1.000000000
1403715378.912143230,0.712931000,-0.677848000,1.592591000,0.000000000,0.000000000,0.000000000,1.000000000
1403715378.917143106,0.712154000,-0.675915000,1.592654000,0.000000000,0.000000000,0.000000000,1.000000000
1403715378.922142982,0.711389000,-0.673989000,1.592716000,0.000000000,0.000000000,0.000000000,1.000000000
1403715378.927143335,0.710635000,-0.672066000,1.592780000,0.000000000,0.000000000,0.000000000,1.000000000
1403715378.932142973,0.709890000,-0.670145000,1.592847000,0.000000000,0.000000000,0.000000000,1.000000000
1403715378.937143087,0.709152000,-0.668225000,1.592932000,0.000000000,0.000000000,0.000000000,1.000000000
1403715378.942142963,0.708419000,-0.666307000,1.593033000,0.000000000,0.000000000,0.000000000,1.000000000
1403715378.947143316,0.707692000,-0.664391000,1.593145000,0.000000000,0.000000000,0.000000000,1.000000000
1403715378.952142954,0.706976000,-0.662478000,1.593269000,0.000000000,0.000000000,0.000000000,1.000000000
1403715378.957143068,0.706432000,-0.660507000,1.593394000,0.000000000,0.000000000,0.000000000,1.000000000
1403715378.962142944,0.705772000,-0.658589000,1.593523000,0.000000000,0.000000000,0.000000000,1.000000000
1403715378.967143297,0.705123000,-0.656677000,1.593658000,0.000000000,0.000000000,0.000000000,1.000000000
1403715378.972142935,0.704486000,-0.654771000,1.593793000,0.000000000,0.000000000,0.000000000,1.000000000
1403715378.977143049,0.703860000,-0.652868000,1.593933000,0.000000000,0.000000000,0.000000000,1.000000000
1403715378.982143164,0.703241000,-0.650967000,1.594088000,0.000000000,0.000000000,0.000000000,1.000000000
1403715378.987143040,0.702632000,-0.649075000,1.594257000,0.000000000,0.000000000,0.000000000,1.000000000
1403715378.992142916,0.702042000,-0.647192000,1.594448000,0.000000000,0.000000000,0.000000000,1.000000000
1403715378.997143030,0.701462000,-0.645315000,1.594660000,0.000000000,0.000000000,0.000000000,1.000000000
1403715379.002143145,0.701026000,-0.643390000,1.594890000,0.000000000,0.000000000,0.000000000,1.000000000
1403715379.007143021,0.700492000,-0.641512000,1.595133000,0.000000000,0.000000000,0.000000000,1.000000000
1403715379.012142897,0.699965000,-0.639644000,1.595377000,0.000000000,0.000000000,0.000000000,1.000000000
1403715379.017143011,0.699451000,-0.637784000,1.595612000,0.000000000,0.000000000,0.000000000,1.000000000
1403715379.022143126,0.698956000,-0.635927000,1.595849000,0.000000000,0.000000000,0.000000000,1.000000000
1403715379.027143002,0.698473000,-0.634068000,1.596093000,0.000000000,0.000000000,0.000000000,1.000000000
1403715379.032143116,0.697999000,-0.632205000,1.596338000,0.000000000,0.000000000,0.000000000,1.000000000
1403715379.037143230,0.697527000,-0.630343000,1.596587000,0.000000000,0.000000000,0.000000000,1.000000000
1403715379.042143345,0.697055000,-0.628488000,1.596835000,0.000000000,0.000000000,0.000000000,1.000000000
1403715379.047142982,0.696597000,-0.626644000,1.597081000,0.000000000,0.000000000,0.000000000,1.000000000
1403715379.052143097,0.696295000,-0.624765000,1.597340000,0.000000000,0.000000000,0.000000000,1.000000000
1403715379.057143211,0.695886000,-0.622934000,1.597597000,0.000000000,0.000000000,0.000000000,1.000000000
1403715379.062143087,0.695480000,-0.621103000,1.597863000,0.000000000,0.000000000,0.000000000,1.000000000
1403715379.067142963,0.695085000,-0.619268000,1.598145000,0.000000000,0.000000000,0.000000000,1.000000000
1403715379.072143078,0.694701000,-0.617433000,1.598443000,0.000000000,0.000000000,0.000000000,1.000000000
1403715379.077143192,0.694328000,-0.615604000,1.598748000,0.000000000,0.000000000,0.000000000,1.000000000
1403715379.082143068,0.693970000,-0.613788000,1.599056000,0.000000000,0.000000000,0.000000000,1.000000000
1403715379.087142944,0.693624000,-0.611983000,1.599372000,0.000000000,0.000000000,0.000000000,1.000000000
1403715379.092143297,0.693279000,-0.610179000,1.599693000,0.000000000,0.000000000,0.000000000,1.000000000
1403715379.097143173,0.692931000,-0.608370000,1.600017000,0.000000000,0.000000000,0.000000000,1.000000000
1403715379.102143049,0.692739000,-0.606501000,1.600351000,0.000000000,0.000000000,0.000000000,1.000000000
1403715379.107142925,0.692437000,-0.604675000,1.600676000,0.000000000,0.000000000,0.000000000,1.000000000
1403715379.112143278,0.692140000,-0.602863000,1.601006000,0.000000000,0.000000000,0.000000000,1.000000000
1403715379.117143154,0.691848000,-0.601068000,1.601348000,0.000000000,0.000000000,0.000000000,1.000000000
1403715379.122143030,0.691568000,-0.599286000,1.601707000,0.000000000,0.000000000,0.000000000,1.000000000
1403715379.127142906,0.691308000,-0.597503000,1.602083000,0.000000000,0.000000000,0.000000000,1.000000000
1403715379.132143259,0.691068000,-0.595713000,1.602465000,0.000000000,0.000000000,0.000000000,1.000000000
1403715379.137142897,0.690839000,-0.593916000,1.602855000,0.000000000,0.000000000,0.000000000,1.000000000
1403715379.142143011,0.690614000,-0.592120000,1.603265000,0.000000000,0.000000000,0.000000000,1.000000000
1403715379.147142887,0.690388000,-0.590334000,1.603684000,0.000000000,0.000000000,0.000000000,1.000000000
1403715379.152143240,0.690161000,-0.588561000,1.604092000,0.000000000,0.000000000,0.000000000,1.000000000
1403715379.157143116,0.690127000,-0.586732000,1.604500000,0.000000000,0.000000000,0.000000000,1.000000000
1403715379.162142992,0.689942000,-0.584958000,1.604881000,0.000000000,0.000000000,0.000000000,1.000000000
1403715379.167143345,0.689766000,-0.583176000,1.605260000,0.000000000,0.000000000,0.000000000,1.000000000
1403715379.172143221,0.689600000,-0.581384000,1.605643000,0.000000000,0.000000000,0.000000000,1.000000000
1403715379.177143097,0.689435000,-0.579590000,1.606029000,0.000000000,0.000000000,0.000000000,1.000000000
1403715379.182142973,0.689271000,-0.577805000,1.606418000,0.000000000,0.000000000,0.000000000,1.000000000
1403715379.187143326,0.689108000,-0.576028000,1.606815000,0.000000000,0.000000000,0.000000000,1.000000000
1403715379.192142963,0.688946000,-0.574259000,1.607205000,0.000000000,0.000000000,0.000000000,1.000000000
1403715379.197143078,0.688794000,-0.572488000,1.607575000,0.000000000,0.000000000,0.000000000,1.000000000
1403715379.202142954,0.688653000,-0.570709000,1.607937000,0.000000000,0.000000000,0.000000000,1.000000000
1403715379.207143307,0.688694000,-0.568850000,1.608313000,0.000000000,0.000000000,0.000000000,1.000000000
1403715379.212142944,0.688567000,-0.567045000,1.608675000,0.000000000,0.000000000,0.000000000,1.000000000
1403715379.217143059,0.688435000,-0.565237000,1.609049000,0.000000000,0.000000000,0.000000000,1.000000000
1403715379.222143173,0.688301000,-0.563427000,1.609433000,0.000000000,0.000000000,0.000000000,1.000000000
1403715379.227143288,0.688174000,-0.561615000,1.609827000,0.000000000,0.000000000,0.000000000,1.000000000
1403715379.232142925,0.688051000,-0.559797000,1.610215000,0.000000000,0.000000000,0.000000000,1.000000000
1403715379.237143040,0.687928000,-0.557975000,1.610593000,0.000000000,0.000000000,0.000000000,1.000000000
1403715379.242143154,0.687808000,-0.556153000,1.610969000,0.000000000,0.000000000,0.000000000,1.000000000
1403715379.247143030,0.687685000,-0.554335000,1.611346000,0.000000000,0.000000000,0.000000000,1.000000000
1403715379.252142906,0.687563000,-0.552524000,1.611721000,0.000000000,0.000000000,0.000000000,1.000000000
1403715379.257143021,0.687643000,-0.550648000,1.612110000,0.000000000,0.000000000,0.000000000,1.000000000
1403715379.262143135,0.687560000,-0.548845000,1.612493000,0.000000000,0.000000000,0.000000000,1.000000000
1403715379.267143011,0.687476000,-0.547039000,1.612881000,0.000000000,0.000000000,0.000000000,1.000000000
1403715379.272142887,0.687396000,-0.545227000,1.613276000,0.000000000,0.000000000,0.000000000,1.000000000
1403715379.277143240,0.687324000,-0.543406000,1.613676000,0.000000000,0.000000000,0.000000000,1.000000000
1403715379.282143354,0.687258000,-0.541580000,1.614081000,0.000000000,0.000000000,0.000000000,1.000000000
1403715379.287142992,0.687201000,-0.539756000,1.614483000,0.000000000,0.000000000,0.000000000,1.000000000
1403715379.292143106,0.687152000,-0.537937000,1.614881000,0.000000000,0.000000000,0.000000000,1.000000000
1403715379.297143221,0.687107000,-0.536124000,1.615274000,0.000000000,0.000000000,0.000000000,1.000000000
1403715379.302143097,0.687060000,-0.534308000,1.615666000,0.000000000,0.000000000,0.000000000,1.000000000
1403715379.307142973,0.687209000,-0.532397000,1.616064000,0.000000000,0.000000000,0.000000000,1.000000000
1403715379.312143087,0.687207000,-0.530538000,1.616457000,0.000000000,0.000000000,0.000000000,1.000000000
1403715379.317143202,0.687216000,-0.528667000,1.616861000,0.000000000,0.000000000,0.000000000,1.000000000
1403715379.322143078,0.687234000,-0.526794000,1.617277000,0.000000000,0.000000000,0.000000000,1.000000000
1403715379.327142954,0.687252000,-0.524927000,1.617694000,0.000000000,0.000000000,0.000000000,1.000000000
1403715379.332143307,0.687265000,-0.523067000,1.618099000,0.000000000,0.000000000,0.000000000,1.000000000
1403715379.337143183,0.687276000,-0.521205000,1.618497000,0.000000000,0.000000000,0.000000000,1.000000000
1403715379.342143059,0.687288000,-0.519329000,1.618894000,0.000000000,0.000000000,0.000000000,1.000000000
1403715379.347142935,0.687303000,-0.517431000,1.619295000,0.000000000,0.000000000,0.000000000,1.000000000
1403715379.352143288,0.687322000,-0.515514000,1.619698000,0.000000000,0.000000000,0.000000000,1.000000000
1403715379.357143164,0.687530000,-0.513504000,1.620100000,0.000000000,0.000000000,0.000000000,1.000000000
1403715379.362143040,0.687582000,-0.511570000,1.620507000,0.000000000,0.000000000,0.000000000,1.000000000
1403715379.367142916,0.687634000,-0.509644000,1.620916000,0.000000000,0.000000000,0.000000000,1.000000000
1403715379.372143269,0.687686000,-0.507720000,1.621315000,0.000000000,0.000000000,0.000000000,1.000000000
1403715379.377142906,0.687744000,-0.505786000,1.621701000,0.000000000,0.000000000,0.000000000,1.000000000
1403715379.382143021,0.687809000,-0.503834000,1.622075000,0.000000000,0.000000000,0.000000000,1.000000000
1403715379.387142897,0.687876000,-0.501870000,1.622446000,0.000000000,0.000000000,0.000000000,1.000000000
1403715379.392143250,0.687941000,-0.499902000,1.622830000,0.000000000,0.000000000,0.000000000,1.000000000
1403715379.397142887,0.688012000,-0.497937000,1.623233000,0.000000000,0.000000000,0.000000000,1.000000000
1403715379.402143002,0.688090000,-0.495969000,1.623647000,0.000000000,0.000000000,0.000000000,1.000000000
1403715379.407143354,0.688343000,-0.493902000,1.624048000,0.000000000,0.000000000,0.000000000,1.000000000
1403715379.412143230,0.688449000,-0.491891000,1.624446000,0.000000000,0.000000000,0.000000000,1.000000000
1403715379.417143106,0.688561000,-0.489863000,1.624836000,0.000000000,0.000000000,0.000000000,1.000000000
1403715379.422142982,0.688678000,-0.487829000,1.625211000,0.000000000,0.000000000,0.000000000,1.000000000
1403715379.427143335,0.688797000,-0.485796000,1.625573000,0.000000000,0.000000000,0.000000000,1.000000000
1403715379.432142973,0.688910000,-0.483767000,1.625928000,0.000000000,0.000000000,0.000000000,1.000000000
1403715379.437143087,0.689018000,-0.481738000,1.626277000,0.000000000,0.000000000,0.000000000,1.000000000
1403715379.442142963,0.689130000,-0.479704000,1.626623000,0.000000000,0.000000000,0.000000000,1.000000000
1403715379.447143316,0.689250000,-0.477659000,1.626975000,0.000000000,0.000000000,0.000000000,1.000000000
1403715379.452142954,0.689380000,-0.475604000,1.627330000,0.000000000,0.000000000,0.000000000,1.000000000
1403715379.457143068,0.689680000,-0.473449000,1.627671000,0.000000000,0.000000000,0.000000000,1.000000000
1403715379.462142944,0.689850000,-0.471355000,1.628034000,0.000000000,0.000000000,0.000000000,1.000000000
1403715379.467143297,0.690021000,-0.469258000,1.628402000,0.000000000,0.000000000,0.000000000,1.000000000
1403715379.472142935,0.690196000,-0.467159000,1.628778000,0.000000000,0.000000000,0.000000000,1.000000000
1403715379.477143049,0.690373000,-0.465054000,1.629152000,0.000000000,0.000000000,0.000000000,1.000000000
1403715379.482143164,0.690546000,-0.462941000,1.629515000,0.000000000,0.000000000,0.000000000,1.000000000
1403715379.487143040,0.690717000,-0.460818000,1.629870000,0.000000000,0.000000000,0.000000000,1.000000000
1403715379.492142916,0.690893000,-0.458684000,1.630226000,0.000000000,0.000000000,0.000000000,1.000000000
1403715379.497143030,0.691076000,-0.456545000,1.630588000,0.000000000,0.000000000,0.000000000,1.000000000
1403715379.502143145,0.691264000,-0.454399000,1.630948000,0.000000000,0.000000000,0.000000000,1.000000000
1403715379.507143021,0.691600000,-0.452166000,1.631270000,0.000000000,0.000000000,0.000000000,1.000000000
1403715379.512142897,0.691818000,-0.449991000,1.631614000,0.000000000,0.000000000,0.000000000,1.000000000
1403715379.517143011,0.692044000,-0.447801000,1.631953000,0.000000000,0.000000000,0.000000000,1.000000000
1403715379.522143126,0.692278000,-0.445595000,1.632288000,0.000000000,0.000000000,0.000000000,1.000000000
1403715379.527143002,0.692517000,-0.443375000,1.632627000,0.000000000,0.000000000,0.000000000,1.000000000
1403715379.532143116,0.692764000,-0.441146000,1.632972000,0.000000000,0.000000000,0.000000000,1.000000000
1403715379.537143230,0.693019000,-0.438916000,1.633316000,0.000000000,0.000000000,0.000000000,1.000000000
1403715379.542143345,0.693275000,-0.436688000,1.633656000,0.000000000,0.000000000,0.000000000,1.000000000
1403715379.547142982,0.693530000,-0.434459000,1.633990000,0.000000000,0.000000000,0.000000000,1.000000000
1403715379.552143097,0.693892000,-0.432162000,1.634294000,0.000000000,0.000000000,0.000000000,1.000000000
1403715379.557143211,0.694181000,-0.429902000,1.634623000,0.000000000,0.000000000,0.000000000,1.000000000
1403715379.562143087,0.694482000,-0.427627000,1.634955000,0.000000000,0.000000000,0.000000000,1.000000000
1403715379.567142963,0.694792000,-0.425340000,1.635299000,0.000000000,0.000000000,0.000000000,1.000000000
1403715379.572143078,0.695118000,-0.423046000,1.635658000,0.000000000,0.000000000,0.000000000,1.000000000
1403715379.577143192,0.695465000,-0.420746000,1.636038000,0.000000000,0.000000000,0.000000000,1.000000000
1403715379.582143068,0.695818000,-0.418444000,1.636428000,0.000000000,0.000000000,0.000000000,1.000000000
1403715379.587142944,0.696172000,-0.416139000,1.636815000,0.000000000,0.000000000,0.000000000,1.000000000
1403715379.592143297,0.696531000,-0.413822000,1.637201000,0.000000000,0.000000000,0.000000000,1.000000000
1403715379.597143173,0.696893000,-0.411487000,1.637583000,0.000000000,0.000000000,0.000000000,1.000000000
1403715379.602143049,0.697343000,-0.409081000,1.637927000,0.000000000,0.000000000,0.000000000,1.000000000
1403715379.607142925,0.697725000,-0.406710000,1.638302000,0.000000000,0.000000000,0.000000000,1.000000000
1403715379.612143278,0.698107000,-0.404338000,1.638679000,0.000000000,0.000000000,0.000000000,1.000000000
1403715379.617143154,0.698487000,-0.401971000,1.639049000,0.000000000,0.000000000,0.000000000,1.000000000
1403715379.622143030,0.698869000,-0.399601000,1.639409000,0.000000000,0.000000000,0.000000000,1.000000000
1403715379.627142906,0.699253000,-0.397218000,1.639764000,0.000000000,0.000000000,0.000000000,1.000000000
1403715379.632143259,0.699643000,-0.394812000,1.640111000,0.000000000,0.000000000,0.000000000,1.000000000
1403715379.637142897,0.700043000,-0.392383000,1.640452000,0.000000000,0.000000000,0.000000000,1.000000000
1403715379.642143011,0.700449000,-0.389940000,1.640792000,0.000000000,0.000000000,0.000000000,1.000000000
1403715379.647142887,0.700857000,-0.387498000,1.641136000,0.000000000,0.000000000,0.000000000,1.000000000
1403715379.652143240,0.701273000,-0.385062000,1.641493000,0.000000000,0.000000000,0.000000000,1.000000000
1403715379.657143116,0.701792000,-0.382568000,1.641825000,0.000000000,0.000000000,0.000000000,1.000000000
1403715379.662142992,0.702251000,-0.380117000,1.642197000,0.000000000,0.000000000,0.000000000,1.000000000
1403715379.667143345,0.702721000,-0.377654000,1.642573000,0.000000000,0.000000000,0.000000000,1.000000000
1403715379.672143221,0.703199000,-0.375173000,1.642957000,0.000000000,0.000000000,0.000000000,1.000000000
1403715379.677143097,0.703682000,-0.372674000,1.643359000,0.000000000,0.000000000,0.000000000,1.000000000
1403715379.682142973,0.704166000,-0.370164000,1.643781000,0.000000000,0.000000000,0.000000000,1.000000000
1403715379.687143326,0.704656000,-0.367647000,1.644219000,0.000000000,0.000000000,0.000000000,1.000000000
1403715379.692142963,0.705161000,-0.365124000,1.644653000,0.000000000,0.000000000,0.000000000,1.000000000
1403715379.697143078,0.705683000,-0.362589000,1.645072000,0.000000000,0.000000000,0.000000000,1.000000000
1403715379.702142954,0.706212000,-0.360044000,1.645481000,0.000000000,0.000000000,0.000000000,1.000000000
1403715379.707143307,0.706816000,-0.357432000,1.645840000,0.000000000,0.000000000,0.000000000,1.000000000
1403715379.712142944,0.707360000,-0.354854000,1.646218000,0.000000000,0.000000000,0.000000000,1.000000000
1403715379.717143059,0.707904000,-0.352267000,1.646589000,0.000000000,0.000000000,0.000000000,1.000000000
1403715379.722143173,0.708456000,-0.349673000,1.646961000,0.000000000,0.000000000,0.000000000,1.000000000
1403715379.727143288,0.709021000,-0.347071000,1.647350000,0.000000000,0.000000000,0.000000000,1.000000000
1403715379.732142925,0.709602000,-0.344458000,1.647760000,0.000000000,0.000000000,0.000000000,1.000000000
1403715379.737143040,0.710193000,-0.341840000,1.648191000,0.000000000,0.000000000,0.000000000,1.000000000
1403715379.742143154,0.710789000,-0.339212000,1.648641000,0.000000000,0.000000000,0.000000000,1.000000000
1403715379.747143030,0.711391000,-0.336571000,1.649098000,0.000000000,0.000000000,0.000000000,1.000000000
1403715379.752142906,0.712052000,-0.333880000,1.649532000,0.000000000,0.000000000,0.000000000,1.000000000
1403715379.757143021,0.712673000,-0.331205000,1.649988000,0.000000000,0.000000000,0.000000000,1.000000000
1403715379.762143135,0.713294000,-0.328519000,1.650447000,0.000000000,0.000000000,0.000000000,1.000000000
1403715379.767143011,0.713922000,-0.325820000,1.650914000,0.000000000,0.000000000,0.000000000,1.000000000
1403715379.772142887,0.714567000,-0.323110000,1.651394000,0.000000000,0.000000000,0.000000000,1.000000000
1403715379.777143240,0.715222000,-0.320395000,1.651885000,0.000000000,0.000000000,0.000000000,1.000000000
1403715379.782143354,0.715885000,-0.317674000,1.652383000,0.000000000,0.000000000,0.000000000,1.000000000
1403715379.787142992,0.716553000,-0.314942000,1.652885000,0.000000000,0.000000000,0.000000000,1.000000000
1403715379.792143106,0.717228000,-0.312202000,1.653387000,0.000000000,0.000000000,0.000000000,1.000000000
1403715379.797143221,0.717914000,-0.309453000,1.653889000,0.000000000,0.000000000,0.000000000,1.000000000
1403715379.802143097,0.718652000,-0.306661000,1.654375000,0.000000000,0.000000000,0.000000000,1.000000000
1403715379.807142973,0.719365000,-0.303882000,1.654882000,0.000000000,0.000000000,0.000000000,1.000000000
1403715379.812143087,0.720085000,-0.301094000,1.655390000,0.000000000,0.000000000,0.000000000,1.000000000
1403715379.817143202,0.720810000,-0.298297000,1.655891000,0.000000000,0.000000000,0.000000000,1.000000000
1403715379.822143078,0.721542000,-0.295492000,1.656389000,0.000000000,0.000000000,0.000000000,1.000000000
1403715379.827142954,0.722279000,-0.292678000,1.656889000,0.000000000,0.000000000,0.000000000,1.000000000
1403715379.832143307,0.723024000,-0.289850000,1.657397000,0.000000000,0.000000000,0.000000000,1.000000000
1403715379.837143183,0.723782000,-0.287010000,1.657918000,0.000000000,0.000000000,0.000000000,1.000000000
1403715379.842143059,0.724546000,-0.284159000,1.658448000,0.000000000,0.000000000,0.000000000,1.000000000
1403715379.847142935,0.725307000,-0.281303000,1.658967000,0.000000000,0.000000000,0.000000000,1.000000000
1403715379.852143288,0.726110000,-0.278419000,1.659460000,0.000000000,0.000000000,0.000000000,1.000000000
1403715379.857143164,0.726896000,-0.275543000,1.659960000,0.000000000,0.000000000,0.000000000,1.000000000
1403715379.862143040,0.727690000,-0.272651000,1.660464000,0.000000000,0.000000000,0.000000000,1.000000000
1403715379.867142916,0.728489000,-0.269742000,1.660973000,0.000000000,0.000000000,0.000000000,1.000000000
1403715379.872143269,0.729292000,-0.266819000,1.661486000,0.000000000,0.000000000,0.000000000,1.000000000
1403715379.877142906,0.730098000,-0.263888000,1.662002000,0.000000000,0.000000000,0.000000000,1.000000000
1403715379.882143021,0.730912000,-0.260948000,1.662527000,0.000000000,0.000000000,0.000000000,1.000000000
1403715379.887142897,0.731731000,-0.257998000,1.663057000,0.000000000,0.000000000,0.000000000,1.000000000
1403715379.892143250,0.732556000,-0.255039000,1.663581000,0.000000000,0.000000000,0.000000000,1.000000000
1403715379.897142887,0.733386000,-0.252068000,1.664102000,0.000000000,0.000000000,0.000000000,1.000000000
1403715379.902143002,0.734247000,-0.249066000,1.664613000,0.000000000,0.000000000,0.000000000,1.000000000
1403715379.907143354,0.735076000,-0.246068000,1.665105000,0.000000000,0.000000000,0.000000000,1.000000000
1403715379.912143230,0.735909000,-0.243060000,1.665586000,0.000000000,0.000000000,0.000000000,1.000000000
1403715379.917143106,0.736749000,-0.240042000,1.666067000,0.000000000,0.000000000,0.000000000,1.000000000
1403715379.922142982,0.737590000,-0.237014000,1.666546000,0.000000000,0.000000000,0.000000000,1.000000000
1403715379.927143335,0.738434000,-0.233976000,1.667017000,0.000000000,0.000000000,0.000000000,1.000000000
1403715379.932142973,0.739285000,-0.230931000,1.667477000,0.000000000,0.000000000,0.000000000,1.000000000
1403715379.937143087,0.740142000,-0.227876000,1.667931000,0.000000000,0.000000000,0.000000000,1.000000000
1403715379.942142963,0.741002000,-0.224809000,1.668395000,0.000000000,0.000000000,0.000000000,1.000000000
1403715379.947143316,0.741869000,-0.221725000,1.668874000,0.000000000,0.000000000,0.000000000,1.000000000
1403715379.952142954,0.742747000,-0.218623000,1.669366000,0.000000000,0.000000000,0.000000000,1.000000000
1403715379.957143068,0.743674000,-0.215495000,1.669875000,0.000000000,0.000000000,0.000000000,1.000000000
1403715379.962142944,0.744563000,-0.212373000,1.670389000,0.000000000,0.000000000,0.000000000,1.000000000
1403715379.967143297,0.745448000,-0.209240000,1.670903000,0.000000000,0.000000000,0.000000000,1.000000000
1403715379.972142935,0.746326000,-0.206094000,1.671408000,0.000000000,0.000000000,0.000000000,1.000000000
1403715379.977143049,0.747198000,-0.202926000,1.671892000,0.000000000,0.000000000,0.000000000,1.000000000
1403715379.982143164,0.748074000,-0.199734000,1.672344000,0.000000000,0.000000000,0.000000000,1.000000000
1403715379.987143040,0.748958000,-0.196521000,1.672777000,0.000000000,0.000000000,0.000000000,1.000000000
1403715379.992142916,0.749841000,-0.193294000,1.673201000,0.000000000,0.000000000,0.000000000,1.000000000
1403715379.997143030,0.750723000,-0.190061000,1.673612000,0.000000000,0.000000000,0.000000000,1.000000000
1403715380.002143145,0.751645000,-0.186815000,1.674036000,0.000000000,0.000000000,0.000000000,1.000000000
1403715380.007143021,0.752530000,-0.183567000,1.674460000,0.000000000,0.000000000,0.000000000,1.000000000
1403715380.012142897,0.753417000,-0.180304000,1.674886000,0.000000000,0.000000000,0.000000000,1.000000000
1403715380.017143011,0.754312000,-0.177021000,1.675322000,0.000000000,0.000000000,0.000000000,1.000000000
1403715380.022143126,0.755210000,-0.173715000,1.675765000,0.000000000,0.000000000,0.000000000,1.000000000
1403715380.027143002,0.756106000,-0.170396000,1.676214000,0.000000000,0.000000000,0.000000000,1.000000000
1403715380.032143116,0.757002000,-0.167073000,1.676663000,0.000000000,0.000000000,0.000000000,1.000000000
1403715380.037143230,0.757899000,-0.163749000,1.677105000,0.000000000,0.000000000,0.000000000,1.000000000
1403715380.042143345,0.758792000,-0.160421000,1.677536000,0.000000000,0.000000000,0.000000000,1.000000000
1403715380.047142982,0.759677000,-0.157077000,1.677952000,0.000000000,0.000000000,0.000000000,1.000000000
1403715380.052143097,0.760560000,-0.153716000,1.678353000,0.000000000,0.000000000,0.000000000,1.000000000
1403715380.057143211,0.761508000,-0.150323000,1.678761000,0.000000000,0.000000000,0.000000000,1.000000000
1403715380.062143087,0.762395000,-0.146928000,1.679133000,0.000000000,0.000000000,0.000000000,1.000000000
1403715380.067142963,0.763275000,-0.143522000,1.679491000,0.000000000,0.000000000,0.000000000,1.000000000
1403715380.072143078,0.764144000,-0.140108000,1.679846000,0.000000000,0.000000000,0.000000000,1.000000000
1403715380.077143192,0.765002000,-0.136687000,1.680195000,0.000000000,0.000000000,0.000000000,1.000000000
1403715380.082143068,0.765854000,-0.133256000,1.680542000,0.000000000,0.000000000,0.000000000,1.000000000
1403715380.087142944,0.766707000,-0.129805000,1.680889000,0.000000000,0.000000000,0.000000000,1.000000000
1403715380.092143297,0.767564000,-0.126334000,1.681238000,0.000000000,0.000000000,0.000000000,1.000000000
1403715380.097143173,0.768420000,-0.122844000,1.681586000,0.000000000,0.000000000,0.000000000,1.000000000
1403715380.102143049,0.769334000,-0.119320000,1.681954000,0.000000000,0.000000000,0.000000000,1.000000000
1403715380.107142925,0.770183000,-0.115804000,1.682295000,0.000000000,0.000000000,0.000000000,1.000000000
1403715380.112143278,0.771022000,-0.112282000,1.682622000,0.000000000,0.000000000,0.000000000,1.000000000
1403715380.117143154,0.771851000,-0.108758000,1.682943000,0.000000000,0.000000000,0.000000000,1.000000000
1403715380.122143030,0.772672000,-0.105223000,1.683257000,0.000000000,0.000000000,0.000000000,1.000000000
1403715380.127142906,0.773485000,-0.101673000,1.683565000,0.000000000,0.000000000,0.000000000,1.000000000
1403715380.132143259,0.774291000,-0.098106000,1.683873000,0.000000000,0.000000000,0.000000000,1.000000000
1403715380.137142897,0.775088000,-0.094522000,1.684182000,0.000000000,0.000000000,0.000000000,1.000000000
1403715380.142143011,0.775875000,-0.090931000,1.684490000,0.000000000,0.000000000,0.000000000,1.000000000
1403715380.147142887,0.776656000,-0.087344000,1.684799000,0.000000000,0.000000000,0.000000000,1.000000000
1403715380.152143240,0.777432000,-0.083760000,1.685111000,0.000000000,0.000000000,0.000000000,1.000000000
1403715380.157143116,0.778302000,-0.080137000,1.685459000,0.000000000,0.000000000,0.000000000,1.000000000
1403715380.162142992,0.779094000,-0.076536000,1.685776000,0.000000000,0.000000000,0.000000000,1.000000000
1403715380.167143345,0.779879000,-0.072926000,1.686100000,0.000000000,0.000000000,0.000000000,1.000000000
1403715380.172143221,0.780650000,-0.069308000,1.686422000,0.000000000,0.000000000,0.000000000,1.000000000
1403715380.177143097,0.781413000,-0.065693000,1.686736000,0.000000000,0.000000000,0.000000000,1.000000000
1403715380.182142973,0.782175000,-0.062088000,1.687047000,0.000000000,0.000000000,0.000000000,1.000000000
1403715380.187143326,0.782934000,-0.058498000,1.687352000,0.000000000,0.000000000,0.000000000,1.000000000
1403715380.192142963,0.783690000,-0.054917000,1.687653000,0.000000000,0.000000000,0.000000000,1.000000000
1403715380.197143078,0.784446000,-0.051329000,1.687953000,0.000000000,0.000000000,0.000000000,1.000000000
1403715380.202142954,0.785289000,-0.047684000,1.688285000,0.000000000,0.000000000,0.000000000,1.000000000
1403715380.207143307,0.786060000,-0.044043000,1.688584000,0.000000000,0.000000000,0.000000000,1.000000000
1403715380.212142944,0.786818000,-0.040393000,1.688869000,0.000000000,0.000000000,0.000000000,1.000000000
1403715380.217143059,0.787561000,-0.036743000,1.689132000,0.000000000,0.000000000,0.000000000,1.000000000
1403715380.222143173,0.788290000,-0.033101000,1.689388000,0.000000000,0.000000000,0.000000000,1.000000000
1403715380.227143288,0.789003000,-0.029463000,1.689642000,0.000000000,0.000000000,0.000000000,1.000000000
1403715380.232142925,0.789709000,-0.025822000,1.689902000,0.000000000,0.000000000,0.000000000,1.000000000
1403715380.237143040,0.790413000,-0.022167000,1.690176000,0.000000000,0.000000000,0.000000000,1.000000000
1403715380.242143154,0.791117000,-0.018498000,1.690461000,0.000000000,0.000000000,0.000000000,1.000000000
1403715380.247143030,0.791825000,-0.014826000,1.690751000,0.000000000,0.000000000,0.000000000,1.000000000
1403715380.252142906,0.792530000,-0.011162000,1.691031000,0.000000000,0.000000000,0.000000000,1.000000000
1403715380.257143021,0.793337000,-0.007459000,1.691349000,0.000000000,0.000000000,0.000000000,1.000000000
1403715380.262143135,0.794041000,-0.003801000,1.691628000,0.000000000,0.000000000,0.000000000,1.000000000
1403715380.267143011,0.794736000,-0.000144000,1.691901000,0.000000000,0.000000000,0.000000000,1.000000000
1403715380.272142887,0.795425000,0.003517000,1.692161000,0.000000000,0.000000000,0.000000000,1.000000000
1403715380.277143240,0.796106000,0.007185000,1.692411000,0.000000000,0.000000000,0.000000000,1.000000000
1403715380.282143354,0.796777000,0.010857000,1.692662000,0.000000000,0.000000000,0.000000000,1.000000000
1403715380.287142992,0.797434000,0.014529000,1.692911000,0.000000000,0.000000000,0.000000000,1.000000000
1403715380.292143106,0.798080000,0.018198000,1.693148000,0.000000000,0.000000000,0.000000000,1.000000000
1403715380.297143221,0.798720000,0.021861000,1.693385000,0.000000000,0.000000000,0.000000000,1.000000000
1403715380.302143097,0.799453000,0.025554000,1.693664000,0.000000000,0.000000000,0.000000000,1.000000000
1403715380.307142973,0.800104000,0.029200000,1.693913000,0.000000000,0.000000000,0.000000000,1.000000000
1403715380.312143087,0.800748000,0.032843000,1.694159000,0.000000000,0.000000000,0.000000000,1.000000000
1403715380.317143202,0.801387000,0.036492000,1.694400000,0.000000000,0.000000000,0.000000000,1.000000000
1403715380.322143078,0.802024000,0.040151000,1.694637000,0.000000000,0.000000000,0.000000000,1.000000000
1403715380.327142954,0.802657000,0.043809000,1.694863000,0.000000000,0.000000000,0.000000000,1.000000000
1403715380.332143307,0.803285000,0.047456000,1.695076000,0.000000000,0.000000000,0.000000000,1.000000000
1403715380.337143183,0.803909000,0.051088000,1.695287000,0.000000000,0.000000000,0.000000000,1.000000000
1403715380.342143059,0.804529000,0.054707000,1.695503000,0.000000000,0.000000000,0.000000000,1.000000000
1403715380.347142935,0.805146000,0.058318000,1.695723000,0.000000000,0.000000000,0.000000000,1.000000000
1403715380.352143288,0.805762000,0.061927000,1.695949000,0.000000000,0.000000000,0.000000000,1.000000000
1403715380.357143164,0.806508000,0.065596000,1.696225000,0.000000000,0.000000000,0.000000000,1.000000000
1403715380.362143040,0.807146000,0.069225000,1.696459000,0.000000000,0.000000000,0.000000000,1.000000000
1403715380.367142916,0.807781000,0.072854000,1.696691000,0.000000000,0.000000000,0.000000000,1.000000000
1403715380.372143269,0.808421000,0.076476000,1.696922000,0.000000000,0.000000000,0.000000000,1.000000000
1403715380.377142906,0.809065000,0.080092000,1.697156000,0.000000000,0.000000000,0.000000000,1.000000000
1403715380.382143021,0.809703000,0.083699000,1.697389000,0.000000000,0.000000000,0.000000000,1.000000000
1403715380.387142897,0.810331000,0.087302000,1.697617000,0.000000000,0.000000000,0.000000000,1.000000000
1403715380.392143250,0.810956000,0.090904000,1.697846000,0.000000000,0.000000000,0.000000000,1.000000000
1403715380.397142887,0.811584000,0.094505000,1.698077000,0.000000000,0.000000000,0.000000000,1.000000000
1403715380.402143002,0.812219000,0.098105000,1.698307000,0.000000000,0.000000000,0.000000000,1.000000000
1403715380.407143354,0.812995000,0.101751000,1.698592000,0.000000000,0.000000000,0.000000000,1.000000000
1403715380.412143230,0.813662000,0.105348000,1.698847000,0.000000000,0.000000000,0.000000000,1.000000000
1403715380.417143106,0.814329000,0.108939000,1.699115000,0.000000000,0.000000000,0.000000000,1.000000000
1403715380.422142982,0.814990000,0.112521000,1.699395000,0.000000000,0.000000000,0.000000000,1.000000000
1403715380.427143335,0.815648000,0.116097000,1.699683000,0.000000000,0.000000000,0.000000000,1.000000000
1403715380.432142973,0.816308000,0.119677000,1.699973000,0.000000000,0.000000000,0.000000000,1.000000000
1403715380.437143087,0.816965000,0.123263000,1.700255000,0.000000000,0.000000000,0.000000000,1.000000000
1403715380.442142963,0.817622000,0.126851000,1.700527000,0.000000000,0.000000000,0.000000000,1.000000000
1403715380.447143316,0.818287000,0.130436000,1.700790000,0.000000000,0.000000000,0.000000000,1.000000000
1403715380.452142954,0.818948000,0.134014000,1.701049000,0.000000000,0.000000000,0.000000000,1.000000000
1403715380.457143068,0.819740000,0.137625000,1.701350000,0.000000000,0.000000000,0.000000000,1.000000000
1403715380.462142944,0.820395000,0.141194000,1.701599000,0.000000000,0.000000000,0.000000000,1.000000000
1403715380.467143297,0.821039000,0.144757000,1.701841000,0.000000000,0.000000000,0.000000000,1.000000000
1403715380.472142935,0.821674000,0.148319000,1.702086000,0.000000000,0.000000000,0.000000000,1.000000000
1403715380.477143049,0.822302000,0.151886000,1.702340000,0.000000000,0.000000000,0.000000000,1.000000000
1403715380.482143164,0.822928000,0.155454000,1.702598000,0.000000000,0.000000000,0.000000000,1.000000000
1403715380.487143040,0.823550000,0.159017000,1.702862000,0.000000000,0.000000000,0.000000000,1.000000000
1403715380.492142916,0.824162000,0.162569000,1.703131000,0.000000000,0.000000000,0.000000000,1.000000000
1403715380.497143030,0.824766000,0.166106000,1.703406000,0.000000000,0.000000000,0.000000000,1.000000000
1403715380.502143145,0.825366000,0.169631000,1.703681000,0.000000000,0.000000000,0.000000000,1.000000000
1403715380.507143021,0.826120000,0.173183000,1.704002000,0.000000000,0.000000000,0.000000000,1.000000000
1403715380.512142897,0.826741000,0.176713000,1.704269000,0.000000000,0.000000000,0.000000000,1.000000000
1403715380.517143011,0.827351000,0.180253000,1.704529000,0.000000000,0.000000000,0.000000000,1.000000000
1403715380.522143126,0.827951000,0.183806000,1.704787000,0.000000000,0.000000000,0.000000000,1.000000000
1403715380.527143002,0.828541000,0.187368000,1.705044000,0.000000000,0.000000000,0.000000000,1.000000000
1403715380.532143116,0.829116000,0.190928000,1.705297000,0.000000000,0.000000000,0.000000000,1.000000000
1403715380.537143230,0.829673000,0.194474000,1.705541000,0.000000000,0.000000000,0.000000000,1.000000000
1403715380.542143345,0.830214000,0.198006000,1.705782000,0.000000000,0.000000000,0.000000000,1.000000000
1403715380.547142982,0.830745000,0.201533000,1.706023000,0.000000000,0.000000000,0.000000000,1.000000000
1403715380.552143097,0.831269000,0.205065000,1.706273000,0.000000000,0.000000000,0.000000000,1.000000000
1403715380.557143211,0.831950000,0.208622000,1.706588000,0.000000000,0.000000000,0.000000000,1.000000000
1403715380.562143087,0.832495000,0.212178000,1.706866000,0.000000000,0.000000000,0.000000000,1.000000000
1403715380.567142963,0.833035000,0.215742000,1.707157000,0.000000000,0.000000000,0.000000000,1.000000000
1403715380.572143078,0.833568000,0.219306000,1.707454000,0.000000000,0.000000000,0.000000000,1.000000000
1403715380.577143192,0.834095000,0.222861000,1.707756000,0.000000000,0.000000000,0.000000000,1.000000000
1403715380.582143068,0.834610000,0.226410000,1.708064000,0.000000000,0.000000000,0.000000000,1.000000000
1403715380.587142944,0.835110000,0.229959000,1.708366000,0.000000000,0.000000000,0.000000000,1.000000000
1403715380.592143297,0.835602000,0.233516000,1.708653000,0.000000000,0.000000000,0.000000000,1.000000000
1403715380.597143173,0.836095000,0.237088000,1.708930000,0.000000000,0.000000000,0.000000000,1.000000000
1403715380.602143049,0.836724000,0.240675000,1.709251000,0.000000000,0.000000000,0.000000000,1.000000000
1403715380.607142925,0.837240000,0.244263000,1.709524000,0.000000000,0.000000000,0.000000000,1.000000000
1403715380.612143278,0.837747000,0.247847000,1.709789000,0.000000000,0.000000000,0.000000000,1.000000000
1403715380.617143154,0.838244000,0.251426000,1.710051000,0.000000000,0.000000000,0.000000000,1.000000000
1403715380.622143030,0.838735000,0.255003000,1.710320000,0.000000000,0.000000000,0.000000000,1.000000000
1403715380.627142906,0.839229000,0.258586000,1.710605000,0.000000000,0.000000000,0.000000000,1.000000000
1403715380.632143259,0.839723000,0.262179000,1.710910000,0.000000000,0.000000000,0.000000000,1.000000000
1403715380.637142897,0.840213000,0.265779000,1.711237000,0.000000000,0.000000000,0.000000000,1.000000000
1403715380.642143011,0.840702000,0.269384000,1.711582000,0.000000000,0.000000000,0.000000000,1.000000000
1403715380.647142887,0.841188000,0.272984000,1.711939000,0.000000000,0.000000000,0.000000000,1.000000000
1403715380.652143240,0.841669000,0.276581000,1.712298000,0.000000000,0.000000000,0.000000000,1.000000000
1403715380.657143116,0.842315000,0.280166000,1.712716000,0.000000000,0.000000000,0.000000000,1.000000000
1403715380.662142992,0.842813000,0.283765000,1.713067000,0.000000000,0.000000000,0.000000000,1.000000000
1403715380.667143345,0.843302000,0.287373000,1.713409000,0.000000000,0.000000000,0.000000000,1.000000000
1403715380.672143221,0.843784000,0.290985000,1.713747000,0.000000000,0.000000000,0.000000000,1.000000000
1403715380.677143097,0.844257000,0.294597000,1.714077000,0.000000000,0.000000000,0.000000000,1.000000000
1403715380.682142973,0.844724000,0.298205000,1.714399000,0.000000000,0.000000000,0.000000000,1.000000000
1403715380.687143326,0.845185000,0.301810000,1.714729000,0.000000000,0.000000000,0.000000000,1.000000000
1403715380.692142963,0.845637000,0.305413000,1.715065000,0.000000000,0.000000000,0.000000000,1.000000000
1403715380.697143078,0.846089000,0.309028000,1.715401000,0.000000000,0.000000000,0.000000000,1.000000000
1403715380.702142954,0.846541000,0.312661000,1.715742000,0.000000000,0.000000000,0.000000000,1.000000000
1403715380.707143307,0.847157000,0.316275000,1.716166000,0.000000000,0.000000000,0.000000000,1.000000000
1403715380.712142944,0.847630000,0.319913000,1.716516000,0.000000000,0.000000000,0.000000000,1.000000000
1403715380.717143059,0.848099000,0.323554000,1.716870000,0.000000000,0.000000000,0.000000000,1.000000000
1403715380.722143173,0.848560000,0.327196000,1.717231000,0.000000000,0.000000000,0.000000000,1.000000000
1403715380.727143288,0.849022000,0.330840000,1.717586000,0.000000000,0.000000000,0.000000000,1.000000000
1403715380.732142925,0.849486000,0.334488000,1.717936000,0.000000000,0.000000000,0.000000000,1.000000000
1403715380.737143040,0.849948000,0.338139000,1.718285000,0.000000000,0.000000000,0.000000000,1.000000000
1403715380.742143154,0.850408000,0.341789000,1.718642000,0.000000000,0.000000000,0.000000000,1.000000000
1403715380.747143030,0.850860000,0.345440000,1.719008000,0.000000000,0.000000000,0.000000000,1.000000000
1403715380.752142906,0.851301000,0.349094000,1.719379000,0.000000000,0.000000000,0.000000000,1.000000000
1403715380.757143021,0.851902000,0.352712000,1.719845000,0.000000000,0.000000000,0.000000000,1.000000000
1403715380.762143135,0.852360000,0.356368000,1.720250000,0.000000000,0.000000000,0.000000000,1.000000000
1403715380.767143011,0.852815000,0.360031000,1.720662000,0.000000000,0.000000000,0.000000000,1.000000000
1403715380.772142887,0.853261000,0.363696000,1.721085000,0.000000000,0.000000000,0.000000000,1.000000000
1403715380.777143240,0.853696000,0.367362000,1.721513000,0.000000000,0.000000000,0.000000000,1.000000000
1403715380.782143354,0.854123000,0.371031000,1.721927000,0.000000000,0.000000000,0.000000000,1.000000000
1403715380.787142992,0.854546000,0.374705000,1.722331000,0.000000000,0.000000000,0.000000000,1.000000000
1403715380.792143106,0.854961000,0.378387000,1.722733000,0.000000000,0.000000000,0.000000000,1.000000000
1403715380.797143221,0.855363000,0.382077000,1.723131000,0.000000000,0.000000000,0.000000000,1.000000000
1403715380.802143097,0.855762000,0.385769000,1.723517000,0.000000000,0.000000000,0.000000000,1.000000000
1403715380.807142973,0.856331000,0.389411000,1.723996000,0.000000000,0.000000000,0.000000000,1.000000000
1403715380.812143087,0.856768000,0.393083000,1.724399000,0.000000000,0.000000000,0.000000000,1.000000000
1403715380.817143202,0.857206000,0.396750000,1.724805000,0.000000000,0.000000000,0.000000000,1.000000000
1403715380.822143078,0.857639000,0.400424000,1.725211000,0.000000000,0.000000000,0.000000000,1.000000000
1403715380.827142954,0.858064000,0.404106000,1.725614000,0.000000000,0.000000000,0.000000000,1.000000000
1403715380.832143307,0.858479000,0.407796000,1.726006000,0.000000000,0.000000000,0.000000000,1.000000000
1403715380.837143183,0.858880000,0.411486000,1.726383000,0.000000000,0.000000000,0.000000000,1.000000000
1403715380.842143059,0.859266000,0.415172000,1.726753000,0.000000000,0.000000000,0.000000000,1.000000000
1403715380.847142935,0.859642000,0.418854000,1.727118000,0.000000000,0.000000000,0.000000000,1.000000000
1403715380.852143288,0.860133000,0.422491000,1.727559000,0.000000000,0.000000000,0.000000000,1.000000000
1403715380.857143164,0.860508000,0.426160000,1.727900000,0.000000000,0.000000000,0.000000000,1.000000000
1403715380.862143040,0.860875000,0.429830000,1.728213000,0.000000000,0.000000000,0.000000000,1.000000000
1403715380.867142916,0.861234000,0.433504000,1.728517000,0.000000000,0.000000000,0.000000000,1.000000000
1403715380.872143269,0.861585000,0.437176000,1.728818000,0.000000000,0.000000000,0.000000000,1.000000000
1403715380.877142906,0.861928000,0.440843000,1.729111000,0.000000000,0.000000000,0.000000000,1.000000000
1403715380.882143021,0.862268000,0.444507000,1.729389000,0.000000000,0.000000000,0.000000000,1.000000000
1403715380.887142897,0.862610000,0.448173000,1.729658000,0.000000000,0.000000000,0.000000000,1.000000000
1403715380.892143250,0.862954000,0.451846000,1.729926000,0.000000000,0.000000000,0.000000000,1.000000000
1403715380.897142887,0.863295000,0.455522000,1.730203000,0.000000000,0.000000000,0.000000000,1.000000000
1403715380.902143002,0.863755000,0.459151000,1.730585000,0.000000000,0.000000000,0.000000000,1.000000000
1403715380.907143354,0.864097000,0.462821000,1.730908000,0.000000000,0.000000000,0.000000000,1.000000000
1403715380.912143230,0.864427000,0.466491000,1.731234000,0.000000000,0.000000000,0.000000000,1.000000000
1403715380.917143106,0.864750000,0.470169000,1.731557000,0.000000000,0.000000000,0.000000000,1.000000000
1403715380.922142982,0.865071000,0.473863000,1.731873000,0.000000000,0.000000000,0.000000000,1.000000000
1403715380.927143335,0.865390000,0.477571000,1.732175000,0.000000000,0.000000000,0.000000000,1.000000000
1403715380.932142973,0.865700000,0.481289000,1.732469000,0.000000000,0.000000000,0.000000000,1.000000000
1403715380.937143087,0.866000000,0.485008000,1.732751000,0.000000000,0.000000000,0.000000000,1.000000000
1403715380.942142963,0.866287000,0.488720000,1.733028000,0.000000000,0.000000000,0.000000000,1.000000000
1403715380.947143316,0.866560000,0.492428000,1.733296000,0.000000000,0.000000000,0.000000000,1.000000000
1403715380.952142954,0.866822000,0.496139000,1.733558000,0.000000000,0.000000000,0.000000000,1.000000000
1403715380.957143068,0.867226000,0.499794000,1.733931000,0.000000000,0.000000000,0.000000000,1.000000000
1403715380.962142944,0.867500000,0.503527000,1.734227000,0.000000000,0.000000000,0.000000000,1.000000000
1403715380.967143297,0.867763000,0.507267000,1.734520000,0.000000000,0.000000000,0.000000000,1.000000000
1403715380.972142935,0.868019000,0.510997000,1.734806000,0.000000000,0.000000000,0.000000000,1.000000000
1403715380.977143049,0.868269000,0.514715000,1.735083000,0.000000000,0.000000000,0.000000000,1.000000000
1403715380.982143164,0.868518000,0.518432000,1.735351000,0.000000000,0.000000000,0.000000000,1.000000000
1403715380.987143040,0.868764000,0.522167000,1.735615000,0.000000000,0.000000000,0.000000000,1.000000000
1403715380.992142916,0.869002000,0.525924000,1.735876000,0.000000000,0.000000000,0.000000000,1.000000000
1403715380.997143030,0.869234000,0.529694000,1.736135000,0.000000000,0.000000000,0.000000000,1.000000000
1403715381.002143145,0.869461000,0.533462000,1.736405000,0.000000000,0.000000000,0.000000000,1.000000000
1403715381.007143021,0.869819000,0.537146000,1.736789000,0.000000000,0.000000000,0.000000000,1.000000000
1403715381.012142897,0.870054000,0.540878000,1.737105000,0.000000000,0.000000000,0.000000000,1.000000000
1403715381.017143011,0.870288000,0.544602000,1.737430000,0.000000000,0.000000000,0.000000000,1.000000000
1403715381.022143126,0.870514000,0.548337000,1.737747000,0.000000000,0.000000000,0.000000000,1.000000000
1403715381.027143002,0.870733000,0.552094000,1.738044000,0.000000000,0.000000000,0.000000000,1.000000000
1403715381.032143116,0.870944000,0.555866000,1.738330000,0.000000000,0.000000000,0.000000000,1.000000000
1403715381.037143230,0.871142000,0.559640000,1.738602000,0.000000000,0.000000000,0.000000000,1.000000000
1403715381.042143345,0.871319000,0.563407000,1.738862000,0.000000000,0.000000000,0.000000000,1.000000000
1403715381.047142982,0.871477000,0.567160000,1.739115000,0.000000000,0.000000000,0.000000000,1.000000000
1403715381.052143097,0.871625000,0.570903000,1.739364000,0.000000000,0.000000000,0.000000000,1.000000000
1403715381.057143211,0.871905000,0.574575000,1.739700000,0.000000000,0.000000000,0.000000000,1.000000000
1403715381.062143087,0.872067000,0.578331000,1.739963000,0.000000000,0.000000000,0.000000000,1.000000000
1403715381.067142963,0.872224000,0.582107000,1.740223000,0.000000000,0.000000000,0.000000000,1.000000000
1403715381.072143078,0.872380000,0.585894000,1.740475000,0.000000000,0.000000000,0.000000000,1.000000000
1403715381.077143192,0.872528000,0.589684000,1.740719000,0.000000000,0.000000000,0.000000000,1.000000000
1403715381.082143068,0.872661000,0.593472000,1.740950000,0.000000000,0.000000000,0.000000000,1.000000000
1403715381.087142944,0.872782000,0.597258000,1.741169000,0.000000000,0.000000000,0.000000000,1.000000000
1403715381.092143297,0.872902000,0.601044000,1.741374000,0.000000000,0.000000000,0.000000000,1.000000000
1403715381.097143173,0.873024000,0.604835000,1.741572000,0.000000000,0.000000000,0.000000000,1.000000000
1403715381.102143049,0.873147000,0.608632000,1.741767000,0.000000000,0.000000000,0.000000000,1.000000000
1403715381.107142925,0.873393000,0.612357000,1.742048000,0.000000000,0.000000000,0.000000000,1.000000000
1403715381.112143278,0.873532000,0.616149000,1.742261000,0.000000000,0.000000000,0.000000000,1.000000000
1403715381.117143154,0.873666000,0.619942000,1.742482000,0.000000000,0.000000000,0.000000000,1.000000000
1403715381.122143030,0.873794000,0.623734000,1.742711000,0.000000000,0.000000000,0.000000000,1.000000000
1403715381.127142906,0.873918000,0.627525000,1.742947000,0.000000000,0.000000000,0.000000000,1.000000000
1403715381.132143259,0.874038000,0.631320000,1.743190000,0.000000000,0.000000000,0.000000000,1.000000000
1403715381.137142897,0.874154000,0.635118000,1.743437000,0.000000000,0.000000000,0.000000000,1.000000000
1403715381.142143011,0.874260000,0.638918000,1.743693000,0.000000000,0.000000000,0.000000000,1.000000000
1403715381.147142887,0.874347000,0.642714000,1.743946000,0.000000000,0.000000000,0.000000000,1.000000000
1403715381.152143240,0.874418000,0.646505000,1.744196000,0.000000000,0.000000000,0.000000000,1.000000000
1403715381.157143116,0.874600000,0.650216000,1.744529000,0.000000000,0.000000000,0.000000000,1.000000000
1403715381.162142992,0.874676000,0.653985000,1.744808000,0.000000000,0.000000000,0.000000000,1.000000000
1403715381.167143345,0.874746000,0.657759000,1.745078000,0.000000000,0.000000000,0.000000000,1.000000000
1403715381.172143221,0.874808000,0.661539000,1.745326000,0.000000000,0.000000000,0.000000000,1.000000000
1403715381.177143097,0.874866000,0.665331000,1.745557000,0.000000000,0.000000000,0.000000000,1.000000000
1403715381.182142973,0.874919000,0.669134000,1.745777000,0.000000000,0.000000000,0.000000000,1.000000000
1403715381.187143326,0.874971000,0.672946000,1.745985000,0.000000000,0.000000000,0.000000000,1.000000000
1403715381.192142963,0.875025000,0.676763000,1.746189000,0.000000000,0.000000000,0.000000000,1.000000000
1403715381.197143078,0.875074000,0.680582000,1.746391000,0.000000000,0.000000000,0.000000000,1.000000000
1403715381.202142954,0.875114000,0.684396000,1.746590000,0.000000000,0.000000000,0.000000000,1.000000000
1403715381.207143307,0.875266000,0.688137000,1.746859000,0.000000000,0.000000000,0.000000000,1.000000000
1403715381.212142944,0.875316000,0.691925000,1.747064000,0.000000000,0.000000000,0.000000000,1.000000000
1403715381.217143059,0.875356000,0.695708000,1.747257000,0.000000000,0.000000000,0.000000000,1.000000000
1403715381.222143173,0.875385000,0.699492000,1.747425000,0.000000000,0.000000000,0.000000000,1.000000000
1403715381.227143288,0.875397000,0.703284000,1.747576000,0.000000000,0.000000000,0.000000000,1.000000000
1403715381.232142925,0.875395000,0.707081000,1.747726000,0.000000000,0.000000000,0.000000000,1.000000000
1403715381.237143040,0.875387000,0.710876000,1.747878000,0.000000000,0.000000000,0.000000000,1.000000000
1403715381.242143154,0.875378000,0.714664000,1.748028000,0.000000000,0.000000000,0.000000000,1.000000000
1403715381.247143030,0.875370000,0.718444000,1.748173000,0.000000000,0.000000000,0.000000000,1.000000000
1403715381.252142906,0.875355000,0.722221000,1.748320000,0.000000000,0.000000000,0.000000000,1.000000000
1403715381.257143021,0.875447000,0.725933000,1.748534000,0.000000000,0.000000000,0.000000000,1.000000000
1403715381.262143135,0.875437000,0.729701000,1.748697000,0.000000000,0.000000000,0.000000000,1.000000000
1403715381.267143011,0.875422000,0.733473000,1.748862000,0.000000000,0.000000000,0.000000000,1.000000000
1403715381.272142887,0.875398000,0.737248000,1.749032000,0.000000000,0.000000000,0.000000000,1.000000000
1403715381.277143240,0.875359000,0.741020000,1.749199000,0.000000000,0.000000000,0.000000000,1.000000000
1403715381.282143354,0.875306000,0.744786000,1.749359000,0.000000000,0.000000000,0.000000000,1.000000000
1403715381.287142992,0.875237000,0.748540000,1.749499000,0.000000000,0.000000000,0.000000000,1.000000000
1403715381.292143106,0.875154000,0.752288000,1.749614000,0.000000000,0.000000000,0.000000000,1.000000000
1403715381.297143221,0.875062000,0.756039000,1.749713000,0.000000000,0.000000000,0.000000000,1.000000000
1403715381.302143097,0.874967000,0.759791000,1.749804000,0.000000000,0.000000000,0.000000000,1.000000000
1403715381.307142973,0.874979000,0.763486000,1.749945000,0.000000000,0.000000000,0.000000000,1.000000000
1403715381.312143087,0.874911000,0.767217000,1.750041000,0.000000000,0.000000000,0.000000000,1.000000000
1403715381.317143202,0.874844000,0.770938000,1.750147000,0.000000000,0.000000000,0.000000000,1.000000000
1403715381.322143078,0.874772000,0.774648000,1.750262000,0.000000000,0.000000000,0.000000000,1.000000000
1403715381.327142954,0.874686000,0.778344000,1.750372000,0.000000000,0.000000000,0.000000000,1.000000000
1403715381.332143307,0.874588000,0.782034000,1.750471000,0.000000000,0.000000000,0.000000000,1.000000000
1403715381.337143183,0.874488000,0.785722000,1.750554000,0.000000000,0.000000000,0.000000000,1.000000000
1403715381.342143059,0.874386000,0.789413000,1.750620000,0.000000000,0.000000000,0.000000000,1.000000000
1403715381.347142935,0.874276000,0.793111000,1.750670000,0.000000000,0.000000000,0.000000000,1.000000000
1403715381.352143288,0.874153000,0.796815000,1.750704000,0.000000000,0.000000000,0.000000000,1.000000000
1403715381.357143164,0.874126000,0.800460000,1.750785000,0.000000000,0.000000000,0.000000000,1.000000000
1403715381.362143040,0.874005000,0.804139000,1.750832000,0.000000000,0.000000000,0.000000000,1.000000000
1403715381.367142916,0.873869000,0.807806000,1.750881000,0.000000000,0.000000000,0.000000000,1.000000000
1403715381.372143269,0.873727000,0.811467000,1.750928000,0.000000000,0.000000000,0.000000000,1.000000000
1403715381.377142906,0.873588000,0.815124000,1.750987000,0.000000000,0.000000000,0.000000000,1.000000000
1403715381.382143021,0.873450000,0.818782000,1.751068000,0.000000000,0.000000000,0.000000000,1.000000000
1403715381.387142897,0.873309000,0.822437000,1.751169000,0.000000000,0.000000000,0.000000000,1.000000000
1403715381.392143250,0.873162000,0.826084000,1.751278000,0.000000000,0.000000000,0.000000000,1.000000000
1403715381.397142887,0.873018000,0.829721000,1.751382000,0.000000000,0.000000000,0.000000000,1.000000000
1403715381.402143002,0.872957000,0.833308000,1.751504000,0.000000000,0.000000000,0.000000000,1.000000000
1403715381.407143354,0.872821000,0.836925000,1.751585000,0.000000000,0.000000000,0.000000000,1.000000000
1403715381.412143230,0.872674000,0.840537000,1.751657000,0.000000000,0.000000000,0.000000000,1.000000000
1403715381.417143106,0.872517000,0.844145000,1.751724000,0.000000000,0.000000000,0.000000000,1.000000000
1403715381.422142982,0.872352000,0.847747000,1.751790000,0.000000000,0.000000000,0.000000000,1.000000000
1403715381.427143335,0.872182000,0.851341000,1.751856000,0.000000000,0.000000000,0.000000000,1.000000000
1403715381.432142973,0.872011000,0.854927000,1.751923000,0.000000000,0.000000000,0.000000000,1.000000000
1403715381.437143087,0.871835000,0.858510000,1.751988000,0.000000000,0.000000000,0.000000000,1.000000000
1403715381.442142963,0.871651000,0.862092000,1.752045000,0.000000000,0.000000000,0.000000000,1.000000000
1403715381.447143316,0.871460000,0.865668000,1.752088000,0.000000000,0.000000000,0.000000000,1.000000000
1403715381.452142954,0.871262000,0.869233000,1.752129000,0.000000000,0.000000000,0.000000000,1.000000000
1403715381.457143068,0.871153000,0.872737000,1.752212000,0.000000000,0.000000000,0.000000000,1.000000000
1403715381.462142944,0.870957000,0.876269000,1.752281000,0.000000000,0.000000000,0.000000000,1.000000000
1403715381.467143297,0.870751000,0.879791000,1.752372000,0.000000000,0.000000000,0.000000000,1.000000000
1403715381.472142935,0.870530000,0.883310000,1.752476000,0.000000000,0.000000000,0.000000000,1.000000000
1403715381.477143049,0.870300000,0.886828000,1.752584000,0.000000000,0.000000000,0.000000000,1.000000000
1403715381.482143164,0.870061000,0.890341000,1.752677000,0.000000000,0.000000000,0.000000000,1.000000000
1403715381.487143040,0.869810000,0.893848000,1.752740000,0.000000000,0.000000000,0.000000000,1.000000000
1403715381.492142916,0.869547000,0.897351000,1.752779000,0.000000000,0.000000000,0.000000000,1.000000000
1403715381.497143030,0.869272000,0.900852000,1.752805000,0.000000000,0.000000000,0.000000000,1.000000000
1403715381.502143145,0.868992000,0.904350000,1.752819000,0.000000000,0.000000000,0.000000000,1.000000000
1403715381.507143021,0.868794000,0.907795000,1.752852000,0.000000000,0.000000000,0.000000000,1.000000000
1403715381.512142897,0.868507000,0.911289000,1.752835000,0.000000000,0.000000000,0.000000000,1.000000000
1403715381.517143011,0.868203000,0.914790000,1.752804000,0.000000000,0.000000000,0.000000000,1.000000000
1403715381.522143126,0.867879000,0.918288000,1.752767000,0.000000000,0.000000000,0.000000000,1.000000000
1403715381.527143002,0.867540000,0.921769000,1.752731000,0.000000000,0.000000000,0.000000000,1.000000000
1403715381.532143116,0.867190000,0.925228000,1.752704000,0.000000000,0.000000000,0.000000000,1.000000000
1403715381.537143230,0.866826000,0.928672000,1.752691000,0.000000000,0.000000000,0.000000000,1.000000000
1403715381.542143345,0.866452000,0.932110000,1.752678000,0.000000000,0.000000000,0.000000000,1.000000000
1403715381.547142982,0.866074000,0.935547000,1.752657000,0.000000000,0.000000000,0.000000000,1.000000000
1403715381.552143097,0.865693000,0.938983000,1.752627000,0.000000000,0.000000000,0.000000000,1.000000000
1403715381.557143211,0.865395000,0.942363000,1.752626000,0.000000000,0.000000000,0.000000000,1.000000000
1403715381.562143087,0.865015000,0.945773000,1.752589000,0.000000000,0.000000000,0.000000000,1.000000000
1403715381.567142963,0.864632000,0.949174000,1.752542000,0.000000000,0.000000000,0.000000000,1.000000000
1403715381.572143078,0.864235000,0.952575000,1.752479000,0.000000000,0.000000000,0.000000000,1.000000000
1403715381.577143192,0.863823000,0.955982000,1.752404000,0.000000000,0.000000000,0.000000000,1.000000000
1403715381.582143068,0.863396000,0.959398000,1.752323000,0.000000000,0.000000000,0.000000000,1.000000000
1403715381.587142944,0.862961000,0.962820000,1.752235000,0.000000000,0.000000000,0.000000000,1.000000000
1403715381.592143297,0.862521000,0.966244000,1.752140000,0.000000000,0.000000000,0.000000000,1.000000000
1403715381.597143173,0.862071000,0.969660000,1.752042000,0.000000000,0.000000000,0.000000000,1.000000000
1403715381.602143049,0.861604000,0.973061000,1.751938000,0.000000000,0.000000000,0.000000000,1.000000000
1403715381.607142925,0.861217000,0.976405000,1.751862000,0.000000000,0.000000000,0.000000000,1.000000000
1403715381.612143278,0.860749000,0.979786000,1.751738000,0.000000000,0.000000000,0.000000000,1.000000000
1403715381.617143154,0.860273000,0.983176000,1.751598000,0.000000000,0.000000000,0.000000000,1.000000000
1403715381.622143030,0.859786000,0.986571000,1.751440000,0.000000000,0.000000000,0.000000000,1.000000000
1403715381.627142906,0.859288000,0.989966000,1.751268000,0.000000000,0.000000000,0.000000000,1.000000000
1403715381.632143259,0.858781000,0.993355000,1.751096000,0.000000000,0.000000000,0.000000000,1.000000000
1403715381.637142897,0.858266000,0.996733000,1.750927000,0.000000000,0.000000000,0.000000000,1.000000000
1403715381.642143011,0.857739000,1.000104000,1.750756000,0.000000000,0.000000000,0.000000000,1.000000000
1403715381.647142887,0.857205000,1.003474000,1.750572000,0.000000000,0.000000000,0.000000000,1.000000000
1403715381.652143240,0.856664000,1.006842000,1.750373000,0.000000000,0.000000000,0.000000000,1.000000000
1403715381.657143116,0.856207000,1.010165000,1.750199000,0.000000000,0.000000000,0.000000000,1.000000000
1403715381.662142992,0.855656000,1.013519000,1.749986000,0.000000000,0.000000000,0.000000000,1.000000000
1403715381.667143345,0.855090000,1.016873000,1.749778000,0.000000000,0.000000000,0.000000000,1.000000000
1403715381.672143221,0.854518000,1.020231000,1.749577000,0.000000000,0.000000000,0.000000000,1.000000000
1403715381.677143097,0.853946000,1.023595000,1.749376000,0.000000000,0.000000000,0.000000000,1.000000000
1403715381.682142973,0.853375000,1.026966000,1.749166000,0.000000000,0.000000000,0.000000000,1.000000000
1403715381.687143326,0.852803000,1.030343000,1.748943000,0.000000000,0.000000000,0.000000000,1.000000000
1403715381.692142963,0.852229000,1.033721000,1.748709000,0.000000000,0.000000000,0.000000000,1.000000000
1403715381.697143078,0.851655000,1.037099000,1.748481000,0.000000000,0.000000000,0.000000000,1.000000000
1403715381.702142954,0.851079000,1.040476000,1.748262000,0.000000000,0.000000000,0.000000000,1.000000000
1403715381.707143307,0.850596000,1.043814000,1.748091000,0.000000000,0.000000000,0.000000000,1.000000000
1403715381.712142944,0.850033000,1.047188000,1.747890000,0.000000000,0.000000000,0.000000000,1.000000000
1403715381.717143059,0.849463000,1.050563000,1.747704000,0.000000000,0.000000000,0.000000000,1.000000000
1403715381.722143173,0.848896000,1.053946000,1.747533000,0.000000000,0.000000000,0.000000000,1.000000000
1403715381.727143288,0.848337000,1.057337000,1.747368000,0.000000000,0.000000000,0.000000000,1.000000000
1403715381.732142925,0.847773000,1.060728000,1.747204000,0.000000000,0.000000000,0.000000000,1.000000000
1403715381.737143040,0.847196000,1.064112000,1.747026000,0.000000000,0.000000000,0.000000000,1.000000000
1403715381.742143154,0.846607000,1.067483000,1.746829000,0.000000000,0.000000000,0.000000000,1.000000000
1403715381.747143030,0.846004000,1.070845000,1.746622000,0.000000000,0.000000000,0.000000000,1.000000000
1403715381.752142906,0.845390000,1.074205000,1.746420000,0.000000000,0.000000000,0.000000000,1.000000000
1403715381.757143021,0.844861000,1.077532000,1.746278000,0.000000000,0.000000000,0.000000000,1.000000000
1403715381.762143135,0.844253000,1.080902000,1.746111000,0.000000000,0.000000000,0.000000000,1.000000000
1403715381.767143011,0.843646000,1.084274000,1.745947000,0.000000000,0.000000000,0.000000000,1.000000000
1403715381.772142887,0.843038000,1.087644000,1.745786000,0.000000000,0.000000000,0.000000000,1.000000000
1403715381.777143240,0.842423000,1.091009000,1.745628000,0.000000000,0.000000000,0.000000000,1.000000000
1403715381.782143354,0.841804000,1.094372000,1.745476000,0.000000000,0.000000000,0.000000000,1.000000000
1403715381.787142992,0.841184000,1.097741000,1.745325000,0.000000000,0.000000000,0.000000000,1.000000000
1403715381.792143106,0.840564000,1.101120000,1.745171000,0.000000000,0.000000000,0.000000000,1.000000000
1403715381.797143221,0.839945000,1.104509000,1.745008000,0.000000000,0.000000000,0.000000000,1.000000000
1403715381.802143097,0.839321000,1.107903000,1.744831000,0.000000000,0.000000000,0.000000000,1.000000000
1403715381.807142973,0.838784000,1.111258000,1.744693000,0.000000000,0.000000000,0.000000000,1.000000000
1403715381.812143087,0.838170000,1.114646000,1.744508000,0.000000000,0.000000000,0.000000000,1.000000000
1403715381.817143202,0.837557000,1.118033000,1.744305000,0.000000000,0.000000000,0.000000000,1.000000000
1403715381.822143078,0.836950000,1.121426000,1.744097000,0.000000000,0.000000000,0.000000000,1.000000000
1403715381.827142954,0.836337000,1.124830000,1.743894000,0.000000000,0.000000000,0.000000000,1.000000000
1403715381.832143307,0.835713000,1.128246000,1.743698000,0.000000000,0.000000000,0.000000000,1.000000000
1403715381.837143183,0.835087000,1.131665000,1.743505000,0.000000000,0.000000000,0.000000000,1.000000000
1403715381.842143059,0.834468000,1.135080000,1.743310000,0.000000000,0.000000000,0.000000000,1.000000000
1403715381.847142935,0.833854000,1.138487000,1.743105000,0.000000000,0.000000000,0.000000000,1.000000000
1403715381.852143288,0.833236000,1.141887000,1.742876000,0.000000000,0.000000000,0.000000000,1.000000000
1403715381.857143164,0.832705000,1.145241000,1.742678000,0.000000000,0.000000000,0.000000000,1.000000000
1403715381.862143040,0.832100000,1.148634000,1.742440000,0.000000000,0.000000000,0.000000000,1.000000000
1403715381.867142916,0.831499000,1.152039000,1.742213000,0.000000000,0.000000000,0.000000000,1.000000000
1403715381.872143269,0.830913000,1.155451000,1.741983000,0.000000000,0.000000000,0.000000000,1.000000000
1403715381.877142906,0.830345000,1.158862000,1.741749000,0.000000000,0.000000000,0.000000000,1.000000000
1403715381.882143021,0.829783000,1.162269000,1.741523000,0.000000000,0.000000000,0.000000000,1.000000000
1403715381.887142897,0.829222000,1.165668000,1.741312000,0.000000000,0.000000000,0.000000000,1.000000000
1403715381.892143250,0.828657000,1.169065000,1.741110000,0.000000000,0.000000000,0.000000000,1.000000000
1403715381.897142887,0.828088000,1.172468000,1.740900000,0.000000000,0.000000000,0.000000000,1.000000000
1403715381.902143002,0.827518000,1.175884000,1.740678000,0.000000000,0.000000000,0.000000000,1.000000000
1403715381.907143354,0.827043000,1.179268000,1.740505000,0.000000000,0.000000000,0.000000000,1.000000000
1403715381.912143230,0.826492000,1.182686000,1.740286000,0.000000000,0.000000000,0.000000000,1.000000000
1403715381.917143106,0.825941000,1.186102000,1.740066000,0.000000000,0.000000000,0.000000000,1.000000000
1403715381.922142982,0.825387000,1.189512000,1.739852000,0.000000000,0.000000000,0.000000000,1.000000000
1403715381.927143335,0.824833000,1.192931000,1.739642000,0.000000000,0.000000000,0.000000000,1.000000000
1403715381.932142973,0.824284000,1.196360000,1.739429000,0.000000000,0.000000000,0.000000000,1.000000000
1403715381.937143087,0.823740000,1.199792000,1.739209000,0.000000000,0.000000000,0.000000000,1.000000000
1403715381.942142963,0.823200000,1.203226000,1.738992000,0.000000000,0.000000000,0.000000000,1.000000000
1403715381.947143316,0.822659000,1.206664000,1.738782000,0.000000000,0.000000000,0.000000000,1.000000000
1403715381.952142954,0.822121000,1.210107000,1.738574000,0.000000000,0.000000000,0.000000000,1.000000000
1403715381.957143068,0.821684000,1.213525000,1.738426000,0.000000000,0.000000000,0.000000000,1.000000000
1403715381.962142944,0.821167000,1.216984000,1.738231000,0.000000000,0.000000000,0.000000000,1.000000000
1403715381.967143297,0.820651000,1.220448000,1.738044000,0.000000000,0.000000000,0.000000000,1.000000000
1403715381.972142935,0.820135000,1.223910000,1.737865000,0.000000000,0.000000000,0.000000000,1.000000000
1403715381.977143049,0.819618000,1.227367000,1.737689000,0.000000000,0.000000000,0.000000000,1.000000000
1403715381.982143164,0.819102000,1.230826000,1.737508000,0.000000000,0.000000000,0.000000000,1.000000000
1403715381.987143040,0.818600000,1.234290000,1.737332000,0.000000000,0.000000000,0.000000000,1.000000000
1403715381.992142916,0.818117000,1.237766000,1.737164000,0.000000000,0.000000000,0.000000000,1.000000000
1403715381.997143030,0.817648000,1.241254000,1.736988000,0.000000000,0.000000000,0.000000000,1.000000000
1403715382.002143145,0.817189000,1.244744000,1.736801000,0.000000000,0.000000000,0.000000000,1.000000000
1403715382.007143021,0.816832000,1.248192000,1.736656000,0.000000000,0.000000000,0.000000000,1.000000000
1403715382.012142897,0.816395000,1.251670000,1.736444000,0.000000000,0.000000000,0.000000000,1.000000000
1403715382.017143011,0.815979000,1.255149000,1.736241000,0.000000000,0.000000000,0.000000000,1.000000000
1403715382.022143126,0.815580000,1.258629000,1.736053000,0.000000000,0.000000000,0.000000000,1.000000000
1403715382.027143002,0.815187000,1.262115000,1.735873000,0.000000000,0.000000000,0.000000000,1.000000000
1403715382.032143116,0.814800000,1.265609000,1.735707000,0.000000000,0.000000000,0.000000000,1.000000000
1403715382.037143230,0.814417000,1.269108000,1.735549000,0.000000000,0.000000000,0.000000000,1.000000000
1403715382.042143345,0.814035000,1.272602000,1.735384000,0.000000000,0.000000000,0.000000000,1.000000000
1403715382.047142982,0.813656000,1.276088000,1.735215000,0.000000000,0.000000000,0.000000000,1.000000000
1403715382.052143097,0.813283000,1.279579000,1.735045000,0.000000000,0.000000000,0.000000000,1.000000000
1403715382.057143211,0.813032000,1.283053000,1.734935000,0.000000000,0.000000000,0.000000000,1.000000000
1403715382.062143087,0.812702000,1.286569000,1.734768000,0.000000000,0.000000000,0.000000000,1.000000000
1403715382.067142963,0.812382000,1.290098000,1.734595000,0.000000000,0.000000000,0.000000000,1.000000000
1403715382.072143078,0.812069000,1.293636000,1.734421000,0.000000000,0.000000000,0.000000000,1.000000000
1403715382.077143192,0.811762000,1.297176000,1.734250000,0.000000000,0.000000000,0.000000000,1.000000000
1403715382.082143068,0.811461000,1.300716000,1.734075000,0.000000000,0.000000000,0.000000000,1.000000000
1403715382.087142944,0.811168000,1.304261000,1.733896000,0.000000000,0.000000000,0.000000000,1.000000000
1403715382.092143297,0.810884000,1.307811000,1.733714000,0.000000000,0.000000000,0.000000000,1.000000000
1403715382.097143173,0.810604000,1.311366000,1.733537000,0.000000000,0.000000000,0.000000000,1.000000000
1403715382.102143049,0.810326000,1.314929000,1.733365000,0.000000000,0.000000000,0.000000000,1.000000000
1403715382.107142925,0.810167000,1.318470000,1.733251000,0.000000000,0.000000000,0.000000000,1.000000000
1403715382.112143278,0.809915000,1.322043000,1.733094000,0.000000000,0.000000000,0.000000000,1.000000000
1403715382.117143154,0.809665000,1.325618000,1.732941000,0.000000000,0.000000000,0.000000000,1.000000000
1403715382.122143030,0.809414000,1.329196000,1.732793000,0.000000000,0.000000000,0.000000000,1.000000000
1403715382.127142906,0.809164000,1.332776000,1.732647000,0.000000000,0.000000000,0.000000000,1.000000000
1403715382.132143259,0.808920000,1.336359000,1.732501000,0.000000000,0.000000000,0.000000000,1.000000000
1403715382.137142897,0.808685000,1.339942000,1.732358000,0.000000000,0.000000000,0.000000000,1.000000000
1403715382.142143011,0.808456000,1.343524000,1.732216000,0.000000000,0.000000000,0.000000000,1.000000000
1403715382.147142887,0.808226000,1.347105000,1.732067000,0.000000000,0.000000000,0.000000000,1.000000000
1403715382.152143240,0.807994000,1.350686000,1.731911000,0.000000000,0.000000000,0.000000000,1.000000000
1403715382.157143116,0.807892000,1.354240000,1.731821000,0.000000000,0.000000000,0.000000000,1.000000000
1403715382.162142992,0.807707000,1.357815000,1.731691000,0.000000000,0.000000000,0.000000000,1.000000000
1403715382.167143345,0.807539000,1.361390000,1.731582000,0.000000000,0.000000000,0.000000000,1.000000000
1403715382.172143221,0.807389000,1.364969000,1.731491000,0.000000000,0.000000000,0.000000000,1.000000000
1403715382.177143097,0.807256000,1.368558000,1.731406000,0.000000000,0.000000000,0.000000000,1.000000000
1403715382.182142973,0.807133000,1.372155000,1.731328000,0.000000000,0.000000000,0.000000000,1.000000000
1403715382.187143326,0.807010000,1.375755000,1.731253000,0.000000000,0.000000000,0.000000000,1.000000000
1403715382.192142963,0.806884000,1.379350000,1.731182000,0.000000000,0.000000000,0.000000000,1.000000000
1403715382.197143078,0.806759000,1.382939000,1.731113000,0.000000000,0.000000000,0.000000000,1.000000000
1403715382.202142954,0.806636000,1.386525000,1.731051000,0.000000000,0.000000000,0.000000000,1.000000000
1403715382.207143307,0.806644000,1.390091000,1.731055000,0.000000000,0.000000000,0.000000000,1.000000000
1403715382.212142944,0.806557000,1.393686000,1.731017000,0.000000000,0.000000000,0.000000000,1.000000000
1403715382.217143059,0.806481000,1.397290000,1.730980000,0.000000000,0.000000000,0.000000000,1.000000000
1403715382.222143173,0.806415000,1.400897000,1.730938000,0.000000000,0.000000000,0.000000000,1.000000000
1403715382.227143288,0.806357000,1.404502000,1.730894000,0.000000000,0.000000000,0.000000000,1.000000000
1403715382.232142925,0.806305000,1.408102000,1.730840000,0.000000000,0.000000000,0.000000000,1.000000000
1403715382.237143040,0.806257000,1.411698000,1.730776000,0.000000000,0.000000000,0.000000000,1.000000000
1403715382.242143154,0.806214000,1.415291000,1.730711000,0.000000000,0.000000000,0.000000000,1.000000000
1403715382.247143030,0.806172000,1.418888000,1.730656000,0.000000000,0.000000000,0.000000000,1.000000000
1403715382.252142906,0.806132000,1.422482000,1.730608000,0.000000000,0.000000000,0.000000000,1.000000000
1403715382.257143021,0.806235000,1.426052000,1.730619000,0.000000000,0.000000000,0.000000000,1.000000000
1403715382.262143135,0.806243000,1.429640000,1.730581000,0.000000000,0.000000000,0.000000000,1.000000000
1403715382.267143011,0.806261000,1.433230000,1.730539000,0.000000000,0.000000000,0.000000000,1.000000000
1403715382.272142887,0.806283000,1.436823000,1.730496000,0.000000000,0.000000000,0.000000000,1.000000000
1403715382.277143240,0.806310000,1.440414000,1.730450000,0.000000000,0.000000000,0.000000000,1.000000000
1403715382.282143354,0.806344000,1.444002000,1.730401000,0.000000000,0.000000000,0.000000000,1.000000000
1403715382.287142992,0.806387000,1.447587000,1.730355000,0.000000000,0.000000000,0.000000000,1.000000000
1403715382.292143106,0.806438000,1.451170000,1.730316000,0.000000000,0.000000000,0.000000000,1.000000000
1403715382.297143221,0.806503000,1.454750000,1.730280000,0.000000000,0.000000000,0.000000000,1.000000000
1403715382.302143097,0.806582000,1.458334000,1.730240000,0.000000000,0.000000000,0.000000000,1.000000000
1403715382.307142973,0.806797000,1.461903000,1.730241000,0.000000000,0.000000000,0.000000000,1.000000000
1403715382.312143087,0.806899000,1.465490000,1.730188000,0.000000000,0.000000000,0.000000000,1.000000000
1403715382.317143202,0.807006000,1.469077000,1.730133000,0.000000000,0.000000000,0.000000000,1.000000000
1403715382.322143078,0.807123000,1.472661000,1.730081000,0.000000000,0.000000000,0.000000000,1.000000000
1403715382.327142954,0.807245000,1.476243000,1.730038000,0.000000000,0.000000000,0.000000000,1.000000000
1403715382.332143307,0.807371000,1.479826000,1.729993000,0.000000000,0.000000000,0.000000000,1.000000000
1403715382.337143183,0.807505000,1.483409000,1.729944000,0.000000000,0.000000000,0.000000000,1.000000000
1403715382.342143059,0.807653000,1.486990000,1.729896000,0.000000000,0.000000000,0.000000000,1.000000000
1403715382.347142935,0.807814000,1.490568000,1.729850000,0.000000000,0.000000000,0.000000000,1.000000000
1403715382.352143288,0.807985000,1.494143000,1.729805000,0.000000000,0.000000000,0.000000000,1.000000000
1403715382.357143164,0.808295000,1.497694000,1.729800000,0.000000000,0.000000000,0.000000000,1.000000000
1403715382.362143040,0.808490000,1.501257000,1.729736000,0.000000000,0.000000000,0.000000000,1.000000000
1403715382.367142916,0.808685000,1.504817000,1.729653000,0.000000000,0.000000000,0.000000000,1.000000000
1403715382.372143269,0.808888000,1.508381000,1.729560000,0.000000000,0.000000000,0.000000000,1.000000000
1403715382.377142906,0.809099000,1.511945000,1.729468000,0.000000000,0.000000000,0.000000000,1.000000000
1403715382.382143021,0.809318000,1.515513000,1.729393000,0.000000000,0.000000000,0.000000000,1.000000000
1403715382.387142897,0.809549000,1.519079000,1.729329000,0.000000000,0.000000000,0.000000000,1.000000000
1403715382.392143250,0.809791000,1.522638000,1.729268000,0.000000000,0.000000000,0.000000000,1.000000000
1403715382.397142887,0.810038000,1.526186000,1.729206000,0.000000000,0.000000000,0.000000000,1.000000000
1403715382.402143002,0.810287000,1.529720000,1.729138000,0.000000000,0.000000000,0.000000000,1.000000000
1403715382.407143354,0.810681000,1.533225000,1.729109000,0.000000000,0.000000000,0.000000000,1.000000000
1403715382.412143230,0.810984000,1.536757000,1.729053000,0.000000000,0.000000000,0.000000000,1.000000000
1403715382.417143106,0.811291000,1.540298000,1.728989000,0.000000000,0.000000000,0.000000000,1.000000000
1403715382.422142982,0.811599000,1.543845000,1.728908000,0.000000000,0.000000000,0.000000000,1.000000000
1403715382.427143335,0.811913000,1.547395000,1.728815000,0.000000000,0.000000000,0.000000000,1.000000000
1403715382.432142973,0.812233000,1.550942000,1.728711000,0.000000000,0.000000000,0.000000000,1.000000000
1403715382.437143087,0.812560000,1.554487000,1.728603000,0.000000000,0.000000000,0.000000000,1.000000000
1403715382.442142963,0.812892000,1.558033000,1.728494000,0.000000000,0.000000000,0.000000000,1.000000000
1403715382.447143316,0.813227000,1.561586000,1.728387000,0.000000000,0.000000000,0.000000000,1.000000000
1403715382.452142954,0.813570000,1.565150000,1.728282000,0.000000000,0.000000000,0.000000000,1.000000000
1403715382.457143068,0.814054000,1.568692000,1.728210000,0.000000000,0.000000000,0.000000000,1.000000000
1403715382.462142944,0.814447000,1.572266000,1.728122000,0.000000000,0.000000000,0.000000000,1.000000000
1403715382.467143297,0.814847000,1.575839000,1.728028000,0.000000000,0.000000000,0.000000000,1.000000000
1403715382.472142935,0.815255000,1.579406000,1.727930000,0.000000000,0.000000000,0.000000000,1.000000000
1403715382.477143049,0.815667000,1.582975000,1.727829000,0.000000000,0.000000000,0.000000000,1.000000000
1403715382.482143164,0.816087000,1.586547000,1.727726000,0.000000000,0.000000000,0.000000000,1.000000000
1403715382.487143040,0.816529000,1.590124000,1.727642000,0.000000000,0.000000000,0.000000000,1.000000000
1403715382.492142916,0.816987000,1.593704000,1.727571000,0.000000000,0.000000000,0.000000000,1.000000000
1403715382.497143030,0.817452000,1.597284000,1.727491000,0.000000000,0.000000000,0.000000000,1.000000000
1403715382.502143145,0.817924000,1.600861000,1.727392000,0.000000000,0.000000000,0.000000000,1.000000000
1403715382.507143021,0.818525000,1.604399000,1.727301000,0.000000000,0.000000000,0.000000000,1.000000000
1403715382.512142897,0.819031000,1.607972000,1.727200000,0.000000000,0.000000000,0.000000000,1.000000000
1403715382.517143011,0.819541000,1.611550000,1.727103000,0.000000000,0.000000000,0.000000000,1.000000000
1403715382.522143126,0.820063000,1.615132000,1.727015000,0.000000000,0.000000000,0.000000000,1.000000000
1403715382.527143002,0.820597000,1.618720000,1.726931000,0.000000000,0.000000000,0.000000000,1.000000000
1403715382.532143116,0.821142000,1.622306000,1.726840000,0.000000000,0.000000000,0.000000000,1.000000000
1403715382.537143230,0.821694000,1.625888000,1.726751000,0.000000000,0.000000000,0.000000000,1.000000000
1403715382.542143345,0.822250000,1.629472000,1.726664000,0.000000000,0.000000000,0.000000000,1.000000000
1403715382.547142982,0.822817000,1.633056000,1.726574000,0.000000000,0.000000000,0.000000000,1.000000000
1403715382.552143097,0.823391000,1.636644000,1.726481000,0.000000000,0.000000000,0.000000000,1.000000000
1403715382.557143211,0.824087000,1.640192000,1.726395000,0.000000000,0.000000000,0.000000000,1.000000000
1403715382.562143087,0.824689000,1.643778000,1.726299000,0.000000000,0.000000000,0.000000000,1.000000000
1403715382.567142963,0.825295000,1.647358000,1.726202000,0.000000000,0.000000000,0.000000000,1.000000000
1403715382.572143078,0.825907000,1.650921000,1.726107000,0.000000000,0.000000000,0.000000000,1.000000000
1403715382.577143192,0.826524000,1.654468000,1.726014000,0.000000000,0.000000000,0.000000000,1.000000000
1403715382.582143068,0.827146000,1.658012000,1.725917000,0.000000000,0.000000000,0.000000000,1.000000000
1403715382.587142944,0.827771000,1.661554000,1.725809000,0.000000000,0.000000000,0.000000000,1.000000000
1403715382.592143297,0.828401000,1.665095000,1.725688000,0.000000000,0.000000000,0.000000000,1.000000000
1403715382.597143173,0.829038000,1.668633000,1.725564000,0.000000000,0.000000000,0.000000000,1.000000000
1403715382.602143049,0.829681000,1.672167000,1.725445000,0.000000000,0.000000000,0.000000000,1.000000000
1403715382.607142925,0.830431000,1.675643000,1.725333000,0.000000000,0.000000000,0.000000000,1.000000000
1403715382.612143278,0.831093000,1.679157000,1.725215000,0.000000000,0.000000000,0.000000000,1.000000000
1403715382.617143154,0.831757000,1.682670000,1.725100000,0.000000000,0.000000000,0.000000000,1.000000000
1403715382.622143030,0.832428000,1.686187000,1.724979000,0.000000000,0.000000000,0.000000000,1.000000000
1403715382.627142906,0.833116000,1.689703000,1.724855000,0.000000000,0.000000000,0.000000000,1.000000000
1403715382.632143259,0.833821000,1.693212000,1.724724000,0.000000000,0.000000000,0.000000000,1.000000000
1403715382.637142897,0.834536000,1.696717000,1.724581000,0.000000000,0.000000000,0.000000000,1.000000000
1403715382.642143011,0.835260000,1.700219000,1.724425000,0.000000000,0.000000000,0.000000000,1.000000000
1403715382.647142887,0.835994000,1.703713000,1.724259000,0.000000000,0.000000000,0.000000000,1.000000000
1403715382.652143240,0.836735000,1.707207000,1.724087000,0.000000000,0.000000000,0.000000000,1.000000000
1403715382.657143116,0.837581000,1.710642000,1.723912000,0.000000000,0.000000000,0.000000000,1.000000000
1403715382.662142992,0.838344000,1.714128000,1.723732000,0.000000000,0.000000000,0.000000000,1.000000000
1403715382.667143345,0.839106000,1.717619000,1.723550000,0.000000000,0.000000000,0.000000000,1.000000000
1403715382.672143221,0.839875000,1.721109000,1.723373000,0.000000000,0.000000000,0.000000000,1.000000000
1403715382.677143097,0.840652000,1.724598000,1.723207000,0.000000000,0.000000000,0.000000000,1.000000000
1403715382.682142973,0.841435000,1.728087000,1.723040000,0.000000000,0.000000000,0.000000000,1.000000000
1403715382.687143326,0.842230000,1.731568000,1.722871000,0.000000000,0.000000000,0.000000000,1.000000000
1403715382.692142963,0.843028000,1.735036000,1.722708000,0.000000000,0.000000000,0.000000000,1.000000000
1403715382.697143078,0.843834000,1.738491000,1.722542000,0.000000000,0.000000000,0.000000000,1.000000000
1403715382.702142954,0.844655000,1.741932000,1.722370000,0.000000000,0.000000000,0.000000000,1.000000000
1403715382.707143307,0.845576000,1.745298000,1.722187000,0.000000000,0.000000000,0.000000000,1.000000000
1403715382.712142944,0.846421000,1.748714000,1.721996000,0.000000000,0.000000000,0.000000000,1.000000000
1403715382.717143059,0.847272000,1.752131000,1.721799000,0.000000000,0.000000000,0.000000000,1.000000000
1403715382.722143173,0.848130000,1.755551000,1.721595000,0.000000000,0.000000000,0.000000000,1.000000000
1403715382.727143288,0.849003000,1.758968000,1.721388000,0.000000000,0.000000000,0.000000000,1.000000000
1403715382.732142925,0.849892000,1.762391000,1.721183000,0.000000000,0.000000000,0.000000000,1.000000000
1403715382.737143040,0.850793000,1.765818000,1.720975000,0.000000000,0.000000000,0.000000000,1.000000000
1403715382.742143154,0.851704000,1.769235000,1.720764000,0.000000000,0.000000000,0.000000000,1.000000000
1403715382.747143030,0.852627000,1.772649000,1.720560000,0.000000000,0.000000000,0.000000000,1.000000000
1403715382.752142906,0.853556000,1.776059000,1.720358000,0.000000000,0.000000000,0.000000000,1.000000000
1403715382.757143021,0.854588000,1.779398000,1.720148000,0.000000000,0.000000000,0.000000000,1.000000000
1403715382.762143135,0.855567000,1.782793000,1.719947000,0.000000000,0.000000000,0.000000000,1.000000000
1403715382.767143011,0.856553000,1.786186000,1.719752000,0.000000000,0.000000000,0.000000000,1.000000000
1403715382.772142887,0.857536000,1.789571000,1.719561000,0.000000000,0.000000000,0.000000000,1.000000000
1403715382.777143240,0.858520000,1.792948000,1.719375000,0.000000000,0.000000000,0.000000000,1.000000000
1403715382.782143354,0.859511000,1.796316000,1.719200000,0.000000000,0.000000000,0.000000000,1.000000000
1403715382.787142992,0.860500000,1.799679000,1.719023000,0.000000000,0.000000000,0.000000000,1.000000000
1403715382.792143106,0.861489000,1.803042000,1.718831000,0.000000000,0.000000000,0.000000000,1.000000000
1403715382.797143221,0.862483000,1.806404000,1.718643000,0.000000000,0.000000000,0.000000000,1.000000000
1403715382.802143097,0.863483000,1.809765000,1.718463000,0.000000000,0.000000000,0.000000000,1.000000000
1403715382.807142973,0.864578000,1.813043000,1.718277000,0.000000000,0.000000000,0.000000000,1.000000000
1403715382.812143087,0.865616000,1.816376000,1.718105000,0.000000000,0.000000000,0.000000000,1.000000000
1403715382.817143202,0.866661000,1.819702000,1.717927000,0.000000000,0.000000000,0.000000000,1.000000000
1403715382.822143078,0.867711000,1.823026000,1.717729000,0.000000000,0.000000000,0.000000000,1.000000000
1403715382.827142954,0.868770000,1.826354000,1.717516000,0.000000000,0.000000000,0.000000000,1.000000000
1403715382.832143307,0.869836000,1.829691000,1.717294000,0.000000000,0.000000000,0.000000000,1.000000000
1403715382.837143183,0.870904000,1.833035000,1.717068000,0.000000000,0.000000000,0.000000000,1.000000000
1403715382.842143059,0.871974000,1.836382000,1.716850000,0.000000000,0.000000000,0.000000000,1.000000000
1403715382.847142935,0.873047000,1.839718000,1.716639000,0.000000000,0.000000000,0.000000000,1.000000000
1403715382.852143288,0.874120000,1.843039000,1.716429000,0.000000000,0.000000000,0.000000000,1.000000000
1403715382.857143164,0.875273000,1.846266000,1.716199000,0.000000000,0.000000000,0.000000000,1.000000000
1403715382.862143040,0.876365000,1.849559000,1.715984000,0.000000000,0.000000000,0.000000000,1.000000000
1403715382.867142916,0.877468000,1.852856000,1.715769000,0.000000000,0.000000000,0.000000000,1.000000000
1403715382.872143269,0.878590000,1.856157000,1.715557000,0.000000000,0.000000000,0.000000000,1.000000000
1403715382.877142906,0.879729000,1.859461000,1.715352000,0.000000000,0.000000000,0.000000000,1.000000000
1403715382.882143021,0.880881000,1.862759000,1.715149000,0.000000000,0.000000000,0.000000000,1.000000000
1403715382.887142897,0.882046000,1.866050000,1.714947000,0.000000000,0.000000000,0.000000000,1.000000000
1403715382.892143250,0.883217000,1.869339000,1.714744000,0.000000000,0.000000000,0.000000000,1.000000000
1403715382.897142887,0.884394000,1.872625000,1.714535000,0.000000000,0.000000000,0.000000000,1.000000000
1403715382.902143002,0.885579000,1.875904000,1.714324000,0.000000000,0.000000000,0.000000000,1.000000000
1403715382.907143354,0.886853000,1.879095000,1.714098000,0.000000000,0.000000000,0.000000000,1.000000000
1403715382.912143230,0.888075000,1.882349000,1.713886000,0.000000000,0.000000000,0.000000000,1.000000000
1403715382.917143106,0.889313000,1.885600000,1.713664000,0.000000000,0.000000000,0.000000000,1.000000000
1403715382.922142982,0.890560000,1.888855000,1.713429000,0.000000000,0.000000000,0.000000000,1.000000000
1403715382.927143335,0.891814000,1.892112000,1.713180000,0.000000000,0.000000000,0.000000000,1.000000000
1403715382.932142973,0.893076000,1.895369000,1.712926000,0.000000000,0.000000000,0.000000000,1.000000000
1403715382.937143087,0.894349000,1.898618000,1.712684000,0.000000000,0.000000000,0.000000000,1.000000000
1403715382.942142963,0.895630000,1.901858000,1.712452000,0.000000000,0.000000000,0.000000000,1.000000000
1403715382.947143316,0.896916000,1.905092000,1.712225000,0.000000000,0.000000000,0.000000000,1.000000000
1403715382.952142954,0.898212000,1.908320000,1.712011000,0.000000000,0.000000000,0.000000000,1.000000000
1403715382.957143068,0.899593000,1.911465000,1.711787000,0.000000000,0.000000000,0.000000000,1.000000000
1403715382.962142944,0.900926000,1.914682000,1.711588000,0.000000000,0.000000000,0.000000000,1.000000000
1403715382.967143297,0.902273000,1.917896000,1.711398000,0.000000000,0.000000000,0.000000000,1.000000000
1403715382.972142935,0.903626000,1.921102000,1.711206000,0.000000000,0.000000000,0.000000000,1.000000000
1403715382.977143049,0.904987000,1.924297000,1.711004000,0.000000000,0.000000000,0.000000000,1.000000000
1403715382.982143164,0.906356000,1.927486000,1.710791000,0.000000000,0.000000000,0.000000000,1.000000000
1403715382.987143040,0.907730000,1.930672000,1.710568000,0.000000000,0.000000000,0.000000000,1.000000000
1403715382.992142916,0.909114000,1.933858000,1.710341000,0.000000000,0.000000000,0.000000000,1.000000000
1403715382.997143030,0.910507000,1.937043000,1.710119000,0.000000000,0.000000000,0.000000000,1.000000000
1403715383.002143145,0.911905000,1.940222000,1.709891000,0.000000000,0.000000000,0.000000000,1.000000000
1403715383.007143021,0.913386000,1.943305000,1.709634000,0.000000000,0.000000000,0.000000000,1.000000000
1403715383.012142897,0.914809000,1.946458000,1.709386000,0.000000000,0.000000000,0.000000000,1.000000000
1403715383.017143011,0.916235000,1.949612000,1.709128000,0.000000000,0.000000000,0.000000000,1.000000000
1403715383.022143126,0.917670000,1.952765000,1.708865000,0.000000000,0.000000000,0.000000000,1.000000000
1403715383.027143002,0.919115000,1.955919000,1.708604000,0.000000000,0.000000000,0.000000000,1.000000000
1403715383.032143116,0.920571000,1.959072000,1.708344000,0.000000000,0.000000000,0.000000000,1.000000000
1403715383.037143230,0.922039000,1.962224000,1.708083000,0.000000000,0.000000000,0.000000000,1.000000000
1403715383.042143345,0.923512000,1.965376000,1.707818000,0.000000000,0.000000000,0.000000000,1.000000000
1403715383.047142982,0.924989000,1.968525000,1.707542000,0.000000000,0.000000000,0.000000000,1.000000000
1403715383.052143097,0.926474000,1.971664000,1.707265000,0.000000000,0.000000000,0.000000000,1.000000000
1403715383.057143211,0.928042000,1.974713000,1.706982000,0.000000000,0.000000000,0.000000000,1.000000000
1403715383.062143087,0.929561000,1.977831000,1.706708000,0.000000000,0.000000000,0.000000000,1.000000000
1403715383.067142963,0.931094000,1.980949000,1.706434000,0.000000000,0.000000000,0.000000000,1.000000000
1403715383.072143078,0.932634000,1.984068000,1.706164000,0.000000000,0.000000000,0.000000000,1.000000000
1403715383.077143192,0.934184000,1.987184000,1.705885000,0.000000000,0.000000000,0.000000000,1.000000000
1403715383.082143068,0.935750000,1.990288000,1.705601000,0.000000000,0.000000000,0.000000000,1.000000000
1403715383.087142944,0.937321000,1.993383000,1.705313000,0.000000000,0.000000000,0.000000000,1.000000000
1403715383.092143297,0.938891000,1.996474000,1.705020000,0.000000000,0.000000000,0.000000000,1.000000000
1403715383.097143173,0.940461000,1.999555000,1.704728000,0.000000000,0.000000000,0.000000000,1.000000000
1403715383.102143049,0.942035000,2.002626000,1.704444000,0.000000000,0.000000000,0.000000000,1.000000000
1403715383.107142925,0.943693000,2.005611000,1.704160000,0.000000000,0.000000000,0.000000000,1.000000000
1403715383.112143278,0.945296000,2.008662000,1.703867000,0.000000000,0.000000000,0.000000000,1.000000000
1403715383.117143154,0.946916000,2.011716000,1.703569000,0.000000000,0.000000000,0.000000000,1.000000000
1403715383.122143030,0.948541000,2.014768000,1.703271000,0.000000000,0.000000000,0.000000000,1.000000000
1403715383.127142906,0.950160000,2.017808000,1.702962000,0.000000000,0.000000000,0.000000000,1.000000000
1403715383.132143259,0.951781000,2.020836000,1.702649000,0.000000000,0.000000000,0.000000000,1.000000000
1403715383.137142897,0.953410000,2.023858000,1.702342000,0.000000000,0.000000000,0.000000000,1.000000000
1403715383.142143011,0.955050000,2.026880000,1.702044000,0.000000000,0.000000000,0.000000000,1.000000000
1403715383.147142887,0.956707000,2.029902000,1.701745000,0.000000000,0.000000000,0.000000000,1.000000000
1403715383.152143240,0.958383000,2.032918000,1.701441000,0.000000000,0.000000000,0.000000000,1.000000000
1403715383.157143116,0.960148000,2.035855000,1.701142000,0.000000000,0.000000000,0.000000000,1.000000000
1403715383.162142992,0.961854000,2.038841000,1.700845000,0.000000000,0.000000000,0.000000000,1.000000000
1403715383.167143345,0.963568000,2.041811000,1.700553000,0.000000000,0.000000000,0.000000000,1.000000000
1403715383.172143221,0.965284000,2.044769000,1.700259000,0.000000000,0.000000000,0.000000000,1.000000000
1403715383.177143097,0.967008000,2.047725000,1.699958000,0.000000000,0.000000000,0.000000000,1.000000000
1403715383.182142973,0.968752000,2.050687000,1.699651000,0.000000000,0.000000000,0.000000000,1.000000000
1403715383.187143326,0.970521000,2.053653000,1.699343000,0.000000000,0.000000000,0.000000000,1.000000000
1403715383.192142963,0.972307000,2.056614000,1.699023000,0.000000000,0.000000000,0.000000000,1.000000000
1403715383.197143078,0.974097000,2.059567000,1.698691000,0.000000000,0.000000000,0.000000000,1.000000000
1403715383.202142954,0.975889000,2.062505000,1.698355000,0.000000000,0.000000000,0.000000000,1.000000000
1403715383.207143307,0.977774000,2.065364000,1.698031000,0.000000000,0.000000000,0.000000000,1.000000000
1403715383.212142944,0.979619000,2.068276000,1.697692000,0.000000000,0.000000000,0.000000000,1.000000000
1403715383.217143059,0.981482000,2.071185000,1.697363000,0.000000000,0.000000000,0.000000000,1.000000000
1403715383.222143173,0.983358000,2.074075000,1.697052000,0.000000000,0.000000000,0.000000000,1.000000000
1403715383.227143288,0.985254000,2.076941000,1.696756000,0.000000000,0.000000000,0.000000000,1.000000000
1403715383.232142925,0.987163000,2.079784000,1.696472000,0.000000000,0.000000000,0.000000000,1.000000000
1403715383.237143040,0.989075000,2.082610000,1.696193000,0.000000000,0.000000000,0.000000000,1.000000000
1403715383.242143154,0.990990000,2.085429000,1.695921000,0.000000000,0.000000000,0.000000000,1.000000000
1403715383.247143030,0.992916000,2.088247000,1.695645000,0.000000000,0.000000000,0.000000000,1.000000000
1403715383.252142906,0.994863000,2.091067000,1.695360000,0.000000000,0.000000000,0.000000000,1.000000000
1403715383.257143021,0.996827000,2.093890000,1.695069000,0.000000000,0.000000000,0.000000000,1.000000000
1403715383.262143135,0.998895000,2.096643000,1.694790000,0.000000000,0.000000000,0.000000000,1.000000000
1403715383.267143011,1.000884000,2.099427000,1.694474000,0.000000000,0.000000000,0.000000000,1.000000000
1403715383.272142887,1.002874000,2.102192000,1.694146000,0.000000000,0.000000000,0.000000000,1.000000000
1403715383.277143240,1.004870000,2.104945000,1.693814000,0.000000000,0.000000000,0.000000000,1.000000000
1403715383.282143354,1.006879000,2.107690000,1.693490000,0.000000000,0.000000000,0.000000000,1.000000000
1403715383.287142992,1.008897000,2.110435000,1.693173000,0.000000000,0.000000000,0.000000000,1.000000000
1403715383.292143106,1.010927000,2.113182000,1.692848000,0.000000000,0.000000000,0.000000000,1.000000000
1403715383.297143221,1.012966000,2.115920000,1.692512000,0.000000000,0.000000000,0.000000000,1.000000000
1403715383.302143097,1.015002000,2.118644000,1.692174000,0.000000000,0.000000000,0.000000000,1.000000000
1403715383.307142973,1.017092000,2.121320000,1.691862000,0.000000000,0.000000000,0.000000000,1.000000000
1403715383.312143087,1.019142000,2.124003000,1.691539000,0.000000000,0.000000000,0.000000000,1.000000000
1403715383.317143202,1.021207000,2.126679000,1.691214000,0.000000000,0.000000000,0.000000000,1.000000000
1403715383.322143078,1.023288000,2.129349000,1.690893000,0.000000000,0.000000000,0.000000000,1.000000000
1403715383.327142954,1.025381000,2.132009000,1.690596000,0.000000000,0.000000000,0.000000000,1.000000000
1403715383.332143307,1.027484000,2.134654000,1.690310000,0.000000000,0.000000000,0.000000000,1.000000000
1403715383.337143183,1.029597000,2.137284000,1.690020000,0.000000000,0.000000000,0.000000000,1.000000000
1403715383.342143059,1.031708000,2.139902000,1.689715000,0.000000000,0.000000000,0.000000000,1.000000000
1403715383.347142935,1.033812000,2.142514000,1.689390000,0.000000000,0.000000000,0.000000000,1.000000000
1403715383.352143288,1.035919000,2.145122000,1.689053000,0.000000000,0.000000000,0.000000000,1.000000000
1403715383.357143164,1.038110000,2.147678000,1.688739000,0.000000000,0.000000000,0.000000000,1.000000000
1403715383.362143040,1.040241000,2.150263000,1.688386000,0.000000000,0.000000000,0.000000000,1.000000000
1403715383.367142916,1.042376000,2.152831000,1.688027000,0.000000000,0.000000000,0.000000000,1.000000000
1403715383.372143269,1.044515000,2.155379000,1.687668000,0.000000000,0.000000000,0.000000000,1.000000000
1403715383.377142906,1.046653000,2.157911000,1.687310000,0.000000000,0.000000000,0.000000000,1.000000000
1403715383.382143021,1.048791000,2.160429000,1.686957000,0.000000000,0.000000000,0.000000000,1.000000000
1403715383.387142897,1.050933000,2.162937000,1.686617000,0.000000000,0.000000000,0.000000000,1.000000000
1403715383.392143250,1.053087000,2.165430000,1.686287000,0.000000000,0.000000000,0.000000000,1.000000000
1403715383.397142887,1.055255000,2.167908000,1.685960000,0.000000000,0.000000000,0.000000000,1.000000000
1403715383.402143002,1.057425000,2.170372000,1.685636000,0.000000000,0.000000000,0.000000000,1.000000000
1403715383.407143354,1.059658000,2.172783000,1.685346000,0.000000000,0.000000000,0.000000000,1.000000000
1403715383.412143230,1.061837000,2.175218000,1.685016000,0.000000000,0.000000000,0.000000000,1.000000000
1403715383.417143106,1.064020000,2.177642000,1.684682000,0.000000000,0.000000000,0.000000000,1.000000000
1403715383.422142982,1.066207000,2.180052000,1.684338000,0.000000000,0.000000000,0.000000000,1.000000000
1403715383.427143335,1.068404000,2.182447000,1.683982000,0.000000000,0.000000000,0.000000000,1.000000000
1403715383.432142973,1.070605000,2.184828000,1.683618000,0.000000000,0.000000000,0.000000000,1.000000000
1403715383.437143087,1.072811000,2.187192000,1.683251000,0.000000000,0.000000000,0.000000000,1.000000000
1403715383.442142963,1.075023000,2.189537000,1.682891000,0.000000000,0.000000000,0.000000000,1.000000000
1403715383.447143316,1.077238000,2.191865000,1.682542000,0.000000000,0.000000000,0.000000000,1.000000000
1403715383.452142954,1.079454000,2.194184000,1.682202000,0.000000000,0.000000000,0.000000000,1.000000000
1403715383.457143068,1.081731000,2.196450000,1.681889000,0.000000000,0.000000000,0.000000000,1.000000000
1403715383.462142944,1.083980000,2.198734000,1.681551000,0.000000000,0.000000000,0.000000000,1.000000000
1403715383.467143297,1.086236000,2.201008000,1.681211000,0.000000000,0.000000000,0.000000000,1.000000000
1403715383.472142935,1.088493000,2.203272000,1.680861000,0.000000000,0.000000000,0.000000000,1.000000000
1403715383.477143049,1.090742000,2.205528000,1.680516000,0.000000000,0.000000000,0.000000000,1.000000000
1403715383.482143164,1.092977000,2.207773000,1.680190000,0.000000000,0.000000000,0.000000000,1.000000000
1403715383.487143040,1.095218000,2.209996000,1.679889000,0.000000000,0.000000000,0.000000000,1.000000000
1403715383.492142916,1.097475000,2.212195000,1.679607000,0.000000000,0.000000000,0.000000000,1.000000000
1403715383.497143030,1.099742000,2.214378000,1.679327000,0.000000000,0.000000000,0.000000000,1.000000000
1403715383.502143145,1.102010000,2.216551000,1.679044000,0.000000000,0.000000000,0.000000000,1.000000000
1403715383.507143021,1.104320000,2.218678000,1.678777000,0.000000000,0.000000000,0.000000000,1.000000000
1403715383.512142897,1.106601000,2.220825000,1.678500000,0.000000000,0.000000000,0.000000000,1.000000000
1403715383.517143011,1.108887000,2.222961000,1.678223000,0.000000000,0.000000000,0.000000000,1.000000000
1403715383.522143126,1.111181000,2.225083000,1.677930000,0.000000000,0.000000000,0.000000000,1.000000000
1403715383.527143002,1.113478000,2.227185000,1.677627000,0.000000000,0.000000000,0.000000000,1.000000000
1403715383.532143116,1.115770000,2.229272000,1.677315000,0.000000000,0.000000000,0.000000000,1.000000000
1403715383.537143230,1.118060000,2.231347000,1.676999000,0.000000000,0.000000000,0.000000000,1.000000000
1403715383.542143345,1.120356000,2.233414000,1.676678000,0.000000000,0.000000000,0.000000000,1.000000000
1403715383.547142982,1.122660000,2.235473000,1.676351000,0.000000000,0.000000000,0.000000000,1.000000000
1403715383.552143097,1.124969000,2.237519000,1.676024000,0.000000000,0.000000000,0.000000000,1.000000000
1403715383.557143211,1.127307000,2.239520000,1.675713000,0.000000000,0.000000000,0.000000000,1.000000000
1403715383.562143087,1.129623000,2.241527000,1.675394000,0.000000000,0.000000000,0.000000000,1.000000000
1403715383.567142963,1.131935000,2.243514000,1.675073000,0.000000000,0.000000000,0.000000000,1.000000000
1403715383.572143078,1.134241000,2.245482000,1.674750000,0.000000000,0.000000000,0.000000000,1.000000000
1403715383.577143192,1.136547000,2.247435000,1.674419000,0.000000000,0.000000000,0.000000000,1.000000000
1403715383.582143068,1.138859000,2.249375000,1.674088000,0.000000000,0.000000000,0.000000000,1.000000000
1403715383.587142944,1.141179000,2.251313000,1.673766000,0.000000000,0.000000000,0.000000000,1.000000000
1403715383.592143297,1.143508000,2.253252000,1.673440000,0.000000000,0.000000000,0.000000000,1.000000000
1403715383.597143173,1.145845000,2.255185000,1.673109000,0.000000000,0.000000000,0.000000000,1.000000000
1403715383.602143049,1.148179000,2.257105000,1.672772000,0.000000000,0.000000000,0.000000000,1.000000000
1403715383.607142925,1.150513000,2.258987000,1.672414000,0.000000000,0.000000000,0.000000000,1.000000000
1403715383.612143278,1.152823000,2.260879000,1.672045000,0.000000000,0.000000000,0.000000000,1.000000000
1403715383.617143154,1.155130000,2.262756000,1.671674000,0.000000000,0.000000000,0.000000000,1.000000000
1403715383.622143030,1.157446000,2.264617000,1.671305000,0.000000000,0.000000000,0.000000000,1.000000000
1403715383.627142906,1.159759000,2.266469000,1.670915000,0.000000000,0.000000000,0.000000000,1.000000000
1403715383.632143259,1.162064000,2.268313000,1.670491000,0.000000000,0.000000000,0.000000000,1.000000000
1403715383.637142897,1.164359000,2.270153000,1.670059000,0.000000000,0.000000000,0.000000000,1.000000000
1403715383.642143011,1.166634000,2.271982000,1.669633000,0.000000000,0.000000000,0.000000000,1.000000000
1403715383.647142887,1.168899000,2.273789000,1.669211000,0.000000000,0.000000000,0.000000000,1.000000000
1403715383.652143240,1.171168000,2.275580000,1.668801000,0.000000000,0.000000000,0.000000000,1.000000000
1403715383.657143116,1.173444000,2.277342000,1.668387000,0.000000000,0.000000000,0.000000000,1.000000000
1403715383.662142992,1.175716000,2.279111000,1.667991000,0.000000000,0.000000000,0.000000000,1.000000000
1403715383.667143345,1.177983000,2.280871000,1.667596000,0.000000000,0.000000000,0.000000000,1.000000000
1403715383.672143221,1.180242000,2.282619000,1.667203000,0.000000000,0.000000000,0.000000000,1.000000000
1403715383.677143097,1.182491000,2.284352000,1.666808000,0.000000000,0.000000000,0.000000000,1.000000000
1403715383.682142973,1.184728000,2.286071000,1.666411000,0.000000000,0.000000000,0.000000000,1.000000000
1403715383.687143326,1.186956000,2.287778000,1.666002000,0.000000000,0.000000000,0.000000000,1.000000000
1403715383.692142963,1.189177000,2.289476000,1.665586000,0.000000000,0.000000000,0.000000000,1.000000000
1403715383.697143078,1.191395000,2.291163000,1.665166000,0.000000000,0.000000000,0.000000000,1.000000000
1403715383.702142954,1.193609000,2.292838000,1.664745000,0.000000000,0.000000000,0.000000000,1.000000000
1403715383.707143307,1.195818000,2.294484000,1.664314000,0.000000000,0.000000000,0.000000000,1.000000000
1403715383.712142944,1.198034000,2.296125000,1.663909000,0.000000000,0.000000000,0.000000000,1.000000000
1403715383.717143059,1.200250000,2.297751000,1.663510000,0.000000000,0.000000000,0.000000000,1.000000000
1403715383.722143173,1.202456000,2.299367000,1.663109000,0.000000000,0.000000000,0.000000000,1.000000000
1403715383.727143288,1.204654000,2.300977000,1.662701000,0.000000000,0.000000000,0.000000000,1.000000000
1403715383.732142925,1.206842000,2.302582000,1.662289000,0.000000000,0.000000000,0.000000000,1.000000000
1403715383.737143040,1.209028000,2.304176000,1.661874000,0.000000000,0.000000000,0.000000000,1.000000000
1403715383.742143154,1.211219000,2.305756000,1.661449000,0.000000000,0.000000000,0.000000000,1.000000000
1403715383.747143030,1.213419000,2.307329000,1.661013000,0.000000000,0.000000000,0.000000000,1.000000000
1403715383.752142906,1.215613000,2.308884000,1.660551000,0.000000000,0.000000000,0.000000000,1.000000000
1403715383.757143021,1.217804000,2.310435000,1.660093000,0.000000000,0.000000000,0.000000000,1.000000000
1403715383.762143135,1.219981000,2.311973000,1.659626000,0.000000000,0.000000000,0.000000000,1.000000000
1403715383.767143011,1.222149000,2.313502000,1.659152000,0.000000000,0.000000000,0.000000000,1.000000000
1403715383.772142887,1.224311000,2.315029000,1.658679000,0.000000000,0.000000000,0.000000000,1.000000000
1403715383.777143240,1.226470000,2.316553000,1.658216000,0.000000000,0.000000000,0.000000000,1.000000000
1403715383.782143354,1.228627000,2.318069000,1.657773000,0.000000000,0.000000000,0.000000000,1.000000000
1403715383.787142992,1.230780000,2.319575000,1.657348000,0.000000000,0.000000000,0.000000000,1.000000000
1403715383.792143106,1.232935000,2.321068000,1.656933000,0.000000000,0.000000000,0.000000000,1.000000000
1403715383.797143221,1.235090000,2.322544000,1.656528000,0.000000000,0.000000000,0.000000000,1.000000000
1403715383.802143097,1.237250000,2.324013000,1.656129000,0.000000000,0.000000000,0.000000000,1.000000000
1403715383.807142973,1.239406000,2.325465000,1.655704000,0.000000000,0.000000000,0.000000000,1.000000000
1403715383.812143087,1.241564000,2.326923000,1.655277000,0.000000000,0.000000000,0.000000000,1.000000000
1403715383.817143202,1.243718000,2.328379000,1.654838000,0.000000000,0.000000000,0.000000000,1.000000000
1403715383.822143078,1.245867000,2.329830000,1.654401000,0.000000000,0.000000000,0.000000000,1.000000000
1403715383.827142954,1.248006000,2.331271000,1.653966000,0.000000000,0.000000000,0.000000000,1.000000000
1403715383.832143307,1.250137000,2.332702000,1.653537000,0.000000000,0.000000000,0.000000000,1.000000000
1403715383.837143183,1.252263000,2.334127000,1.653116000,0.000000000,0.000000000,0.000000000,1.000000000
1403715383.842143059,1.254382000,2.335549000,1.652701000,0.000000000,0.000000000,0.000000000,1.000000000
1403715383.847142935,1.256501000,2.336961000,1.652289000,0.000000000,0.000000000,0.000000000,1.000000000
1403715383.852143288,1.258618000,2.338364000,1.651887000,0.000000000,0.000000000,0.000000000,1.000000000
1403715383.857143164,1.260712000,2.339739000,1.651477000,0.000000000,0.000000000,0.000000000,1.000000000
1403715383.862143040,1.262799000,2.341126000,1.651077000,0.000000000,0.000000000,0.000000000,1.000000000
1403715383.867142916,1.264877000,2.342505000,1.650671000,0.000000000,0.000000000,0.000000000,1.000000000
1403715383.872143269,1.266954000,2.343872000,1.650267000,0.000000000,0.000000000,0.000000000,1.000000000
1403715383.877142906,1.269028000,2.345223000,1.649870000,0.000000000,0.000000000,0.000000000,1.000000000
1403715383.882143021,1.271101000,2.346564000,1.649474000,0.000000000,0.000000000,0.000000000,1.000000000
1403715383.887142897,1.273173000,2.347906000,1.649087000,0.000000000,0.000000000,0.000000000,1.000000000
1403715383.892143250,1.275241000,2.349251000,1.648701000,0.000000000,0.000000000,0.000000000,1.000000000
1403715383.897142887,1.277309000,2.350589000,1.648304000,0.000000000,0.000000000,0.000000000,1.000000000
1403715383.902143002,1.279377000,2.351915000,1.647896000,0.000000000,0.000000000,0.000000000,1.000000000
1403715383.907143354,1.281427000,2.353213000,1.647470000,0.000000000,0.000000000,0.000000000,1.000000000
1403715383.912143230,1.283461000,2.354526000,1.647024000,0.000000000,0.000000000,0.000000000,1.000000000
1403715383.917143106,1.285484000,2.355831000,1.646564000,0.000000000,0.000000000,0.000000000,1.000000000
1403715383.922142982,1.287504000,2.357131000,1.646111000,0.000000000,0.000000000,0.000000000,1.000000000
1403715383.927143335,1.289521000,2.358429000,1.645666000,0.000000000,0.000000000,0.000000000,1.000000000
1403715383.932142973,1.291538000,2.359726000,1.645232000,0.000000000,0.000000000,0.000000000,1.000000000
1403715383.937143087,1.293553000,2.361016000,1.644804000,0.000000000,0.000000000,0.000000000,1.000000000
1403715383.942142963,1.295564000,2.362291000,1.644382000,0.000000000,0.000000000,0.000000000,1.000000000
1403715383.947143316,1.297575000,2.363549000,1.643973000,0.000000000,0.000000000,0.000000000,1.000000000
1403715383.952142954,1.299584000,2.364791000,1.643575000,0.000000000,0.000000000,0.000000000,1.000000000
1403715383.957143068,1.301596000,2.365996000,1.643189000,0.000000000,0.000000000,0.000000000,1.000000000
1403715383.962142944,1.303624000,2.367218000,1.642827000,0.000000000,0.000000000,0.000000000,1.000000000
1403715383.967143297,1.305657000,2.368451000,1.642473000,0.000000000,0.000000000,0.000000000,1.000000000
1403715383.972142935,1.307681000,2.369686000,1.642102000,0.000000000,0.000000000,0.000000000,1.000000000
1403715383.977143049,1.309696000,2.370915000,1.641715000,0.000000000,0.000000000,0.000000000,1.000000000
1403715383.982143164,1.311701000,2.372131000,1.641318000,0.000000000,0.000000000,0.000000000,1.000000000
1403715383.987143040,1.313698000,2.373337000,1.640919000,0.000000000,0.000000000,0.000000000,1.000000000
1403715383.992142916,1.315690000,2.374544000,1.640530000,0.000000000,0.000000000,0.000000000,1.000000000
1403715383.997143030,1.317680000,2.375755000,1.640156000,0.000000000,0.000000000,0.000000000,1.000000000
1403715384.002143145,1.319666000,2.376962000,1.639796000,0.000000000,0.000000000,0.000000000,1.000000000
1403715384.007143021,1.321646000,2.378140000,1.639444000,0.000000000,0.000000000,0.000000000,1.000000000
1403715384.012142897,1.323612000,2.379328000,1.639078000,0.000000000,0.000000000,0.000000000,1.000000000
1403715384.017143011,1.325568000,2.380509000,1.638696000,0.000000000,0.000000000,0.000000000,1.000000000
1403715384.022143126,1.327514000,2.381686000,1.638302000,0.000000000,0.000000000,0.000000000,1.000000000
1403715384.027143002,1.329453000,2.382857000,1.637902000,0.000000000,0.000000000,0.000000000,1.000000000
1403715384.032143116,1.331386000,2.384023000,1.637502000,0.000000000,0.000000000,0.000000000,1.000000000
1403715384.037143230,1.333315000,2.385187000,1.637103000,0.000000000,0.000000000,0.000000000,1.000000000
1403715384.042143345,1.335240000,2.386349000,1.636706000,0.000000000,0.000000000,0.000000000,1.000000000
1403715384.047142982,1.337159000,2.387509000,1.636314000,0.000000000,0.000000000,0.000000000,1.000000000
1403715384.052143097,1.339068000,2.388665000,1.635932000,0.000000000,0.000000000,0.000000000,1.000000000
1403715384.057143211,1.340970000,2.389792000,1.635576000,0.000000000,0.000000000,0.000000000,1.000000000
1403715384.062143087,1.342852000,2.390924000,1.635226000,0.000000000,0.000000000,0.000000000,1.000000000
1403715384.067142963,1.344718000,2.392056000,1.634890000,0.000000000,0.000000000,0.000000000,1.000000000
1403715384.072143078,1.346575000,2.393192000,1.634553000,0.000000000,0.000000000,0.000000000,1.000000000
1403715384.077143192,1.348430000,2.394332000,1.634214000,0.000000000,0.000000000,0.000000000,1.000000000
1403715384.082143068,1.350286000,2.395479000,1.633885000,0.000000000,0.000000000,0.000000000,1.000000000
1403715384.087142944,1.352141000,2.396627000,1.633567000,0.000000000,0.000000000,0.000000000,1.000000000
1403715384.092143297,1.353993000,2.397771000,1.633253000,0.000000000,0.000000000,0.000000000,1.000000000
1403715384.097143173,1.355838000,2.398901000,1.632931000,0.000000000,0.000000000,0.000000000,1.000000000
1403715384.102143049,1.357672000,2.400021000,1.632606000,0.000000000,0.000000000,0.000000000,1.000000000
1403715384.107142925,1.359504000,2.401127000,1.632290000,0.000000000,0.000000000,0.000000000,1.000000000
1403715384.112143278,1.361326000,2.402249000,1.631965000,0.000000000,0.000000000,0.000000000,1.000000000
1403715384.117143154,1.363155000,2.403373000,1.631645000,0.000000000,0.000000000,0.000000000,1.000000000
1403715384.122143030,1.364984000,2.404489000,1.631329000,0.000000000,0.000000000,0.000000000,1.000000000
1403715384.127142906,1.366803000,2.405587000,1.631016000,0.000000000,0.000000000,0.000000000,1.000000000
1403715384.132143259,1.368604000,2.406666000,1.630708000,0.000000000,0.000000000,0.000000000,1.000000000
1403715384.137142897,1.370384000,2.407727000,1.630406000,0.000000000,0.000000000,0.000000000,1.000000000
1403715384.142143011,1.372153000,2.408776000,1.630107000,0.000000000,0.000000000,0.000000000,1.000000000
1403715384.147142887,1.373930000,2.409820000,1.629811000,0.000000000,0.000000000,0.000000000,1.000000000
1403715384.152143240,1.375718000,2.410866000,1.629522000,0.000000000,0.000000000,0.000000000,1.000000000
1403715384.157143116,1.377527000,2.411912000,1.629267000,0.000000000,0.000000000,0.000000000,1.000000000
1403715384.162142992,1.379327000,2.412954000,1.629005000,0.000000000,0.000000000,0.000000000,1.000000000
1403715384.167143345,1.381117000,2.413986000,1.628742000,0.000000000,0.000000000,0.000000000,1.000000000
1403715384.172143221,1.382895000,2.415005000,1.628471000,0.000000000,0.000000000,0.000000000,1.000000000
1403715384.177143097,1.384671000,2.416014000,1.628196000,0.000000000,0.000000000,0.000000000,1.000000000
1403715384.182142973,1.386449000,2.417024000,1.627920000,0.000000000,0.000000000,0.000000000,1.000000000
1403715384.187143326,1.388230000,2.418037000,1.627638000,0.000000000,0.000000000,0.000000000,1.000000000
1403715384.192142963,1.390011000,2.419048000,1.627354000,0.000000000,0.000000000,0.000000000,1.000000000
1403715384.197143078,1.391782000,2.420053000,1.627068000,0.000000000,0.000000000,0.000000000,1.000000000
1403715384.202142954,1.393541000,2.421045000,1.626789000,0.000000000,0.000000000,0.000000000,1.000000000
1403715384.207143307,1.395289000,2.422029000,1.626544000,0.000000000,0.000000000,0.000000000,1.000000000
1403715384.212142944,1.397024000,2.422996000,1.626300000,0.000000000,0.000000000,0.000000000,1.000000000
1403715384.217143059,1.398759000,2.423957000,1.626069000,0.000000000,0.000000000,0.000000000,1.000000000
1403715384.222143173,1.400499000,2.424913000,1.625852000,0.000000000,0.000000000,0.000000000,1.000000000
1403715384.227143288,1.402248000,2.425864000,1.625637000,0.000000000,0.000000000,0.000000000,1.000000000
1403715384.232142925,1.403997000,2.426807000,1.625416000,0.000000000,0.000000000,0.000000000,1.000000000
1403715384.237143040,1.405735000,2.427742000,1.625192000,0.000000000,0.000000000,0.000000000,1.000000000
1403715384.242143154,1.407468000,2.428668000,1.624964000,0.000000000,0.000000000,0.000000000,1.000000000
1403715384.247143030,1.409203000,2.429585000,1.624729000,0.000000000,0.000000000,0.000000000,1.000000000
1403715384.252142906,1.410936000,2.430499000,1.624491000,0.000000000,0.000000000,0.000000000,1.000000000
1403715384.257143021,1.412671000,2.431442000,1.624280000,0.000000000,0.000000000,0.000000000,1.000000000
1403715384.262143135,1.414405000,2.432358000,1.624054000,0.000000000,0.000000000,0.000000000,1.000000000
1403715384.267143011,1.416140000,2.433271000,1.623835000,0.000000000,0.000000000,0.000000000,1.000000000
1403715384.272142887,1.417869000,2.434182000,1.623622000,0.000000000,0.000000000,0.000000000,1.000000000
1403715384.277143240,1.419588000,2.435088000,1.623412000,0.000000000,0.000000000,0.000000000,1.000000000
1403715384.282143354,1.421296000,2.435986000,1.623208000,0.000000000,0.000000000,0.000000000,1.000000000
1403715384.287142992,1.422989000,2.436874000,1.623014000,0.000000000,0.000000000,0.000000000,1.000000000
1403715384.292143106,1.424675000,2.437756000,1.622828000,0.000000000,0.000000000,0.000000000,1.000000000
1403715384.297143221,1.426358000,2.438629000,1.622651000,0.000000000,0.000000000,0.000000000,1.000000000
1403715384.302143097,1.428040000,2.439493000,1.622483000,0.000000000,0.000000000,0.000000000,1.000000000
1403715384.307142973,1.429714000,2.440386000,1.622349000,0.000000000,0.000000000,0.000000000,1.000000000
1403715384.312143087,1.431379000,2.441247000,1.622191000,0.000000000,0.000000000,0.000000000,1.000000000
1403715384.317143202,1.433033000,2.442104000,1.622027000,0.000000000,0.000000000,0.000000000,1.000000000
1403715384.322143078,1.434679000,2.442953000,1.621866000,0.000000000,0.000000000,0.000000000,1.000000000
1403715384.327142954,1.436318000,2.443794000,1.621709000,0.000000000,0.000000000,0.000000000,1.000000000
1403715384.332143307,1.437954000,2.444627000,1.621556000,0.000000000,0.000000000,0.000000000,1.000000000
1403715384.337143183,1.439593000,2.445453000,1.621404000,0.000000000,0.000000000,0.000000000,1.000000000
1403715384.342143059,1.441232000,2.446279000,1.621246000,0.000000000,0.000000000,0.000000000,1.000000000
1403715384.347142935,1.442864000,2.447097000,1.621089000,0.000000000,0.000000000,0.000000000,1.000000000
1403715384.352143288,1.444489000,2.447908000,1.620937000,0.000000000,0.000000000,0.000000000,1.000000000
1403715384.357143164,1.446098000,2.448765000,1.620809000,0.000000000,0.000000000,0.000000000,1.000000000
1403715384.362143040,1.447710000,2.449571000,1.620662000,0.000000000,0.000000000,0.000000000,1.000000000
1403715384.367142916,1.449317000,2.450369000,1.620520000,0.000000000,0.000000000,0.000000000,1.000000000
1403715384.372143269,1.450919000,2.451160000,1.620375000,0.000000000,0.000000000,0.000000000,1.000000000
1403715384.377142906,1.452518000,2.451944000,1.620231000,0.000000000,0.000000000,0.000000000,1.000000000
1403715384.382143021,1.454113000,2.452720000,1.620090000,0.000000000,0.000000000,0.000000000,1.000000000
1403715384.387142897,1.455697000,2.453492000,1.619953000,0.000000000,0.000000000,0.000000000,1.000000000
1403715384.392143250,1.457267000,2.454260000,1.619814000,0.000000000,0.000000000,0.000000000,1.000000000
1403715384.397142887,1.458826000,2.455017000,1.619681000,0.000000000,0.000000000,0.000000000,1.000000000
1403715384.402143002,1.460382000,2.455771000,1.619553000,0.000000000,0.000000000,0.000000000,1.000000000
1403715384.407143354,1.461921000,2.456593000,1.619441000,0.000000000,0.000000000,0.000000000,1.000000000
1403715384.412143230,1.463468000,2.457360000,1.619299000,0.000000000,0.000000000,0.000000000,1.000000000
1403715384.417143106,1.465008000,2.458125000,1.619156000,0.000000000,0.000000000,0.000000000,1.000000000
1403715384.422142982,1.466543000,2.458881000,1.619016000,0.000000000,0.000000000,0.000000000,1.000000000
1403715384.427143335,1.468074000,2.459622000,1.618878000,0.000000000,0.000000000,0.000000000,1.000000000
1403715384.432142973,1.469601000,2.460350000,1.618738000,0.000000000,0.000000000,0.000000000,1.000000000
1403715384.437143087,1.471115000,2.461077000,1.618589000,0.000000000,0.000000000,0.000000000,1.000000000
1403715384.442142963,1.472612000,2.461804000,1.618437000,0.000000000,0.000000000,0.000000000,1.000000000
1403715384.447143316,1.474095000,2.462525000,1.618283000,0.000000000,0.000000000,0.000000000,1.000000000
1403715384.452142954,1.475573000,2.463240000,1.618120000,0.000000000,0.000000000,0.000000000,1.000000000
1403715384.457143068,1.477033000,2.464031000,1.617965000,0.000000000,0.000000000,0.000000000,1.000000000
1403715384.462142944,1.478513000,2.464746000,1.617794000,0.000000000,0.000000000,0.000000000,1.000000000
1403715384.467143297,1.479982000,2.465462000,1.617632000,0.000000000,0.000000000,0.000000000,1.000000000
1403715384.472142935,1.481437000,2.466171000,1.617476000,0.000000000,0.000000000,0.000000000,1.000000000
1403715384.477143049,1.482884000,2.466867000,1.617318000,0.000000000,0.000000000,0.000000000,1.000000000
1403715384.482143164,1.484322000,2.467558000,1.617158000,0.000000000,0.000000000,0.000000000,1.000000000
1403715384.487143040,1.485748000,2.468241000,1.616998000,0.000000000,0.000000000,0.000000000,1.000000000
1403715384.492142916,1.487170000,2.468906000,1.616846000,0.000000000,0.000000000,0.000000000,1.000000000
1403715384.497143030,1.488593000,2.469554000,1.616702000,0.000000000,0.000000000,0.000000000,1.000000000
1403715384.502143145,1.490011000,2.470189000,1.616543000,0.000000000,0.000000000,0.000000000,1.000000000
1403715384.507143021,1.491399000,2.470914000,1.616385000,0.000000000,0.000000000,0.000000000,1.000000000
1403715384.512142897,1.492803000,2.471545000,1.616223000,0.000000000,0.000000000,0.000000000,1.000000000
1403715384.517143011,1.494199000,2.472160000,1.616060000,0.000000000,0.000000000,0.000000000,1.000000000
1403715384.522143126,1.495587000,2.472756000,1.615891000,0.000000000,0.000000000,0.000000000,1.000000000
1403715384.527143002,1.496967000,2.473336000,1.615715000,0.000000000,0.000000000,0.000000000,1.000000000
1403715384.532143116,1.498344000,2.473905000,1.615534000,0.000000000,0.000000000,0.000000000,1.000000000
1403715384.537143230,1.499716000,2.474465000,1.615354000,0.000000000,0.000000000,0.000000000,1.000000000
1403715384.542143345,1.501080000,2.475019000,1.615172000,0.000000000,0.000000000,0.000000000,1.000000000
1403715384.547142982,1.502437000,2.475563000,1.614995000,0.000000000,0.000000000,0.000000000,1.000000000
1403715384.552143097,1.503791000,2.476094000,1.614825000,0.000000000,0.000000000,0.000000000,1.000000000
1403715384.557143211,1.505111000,2.476730000,1.614661000,0.000000000,0.000000000,0.000000000,1.000000000
1403715384.562143087,1.506459000,2.477246000,1.614500000,0.000000000,0.000000000,0.000000000,1.000000000
1403715384.567142963,1.507807000,2.477750000,1.614344000,0.000000000,0.000000000,0.000000000,1.000000000
1403715384.572143078,1.509151000,2.478243000,1.614184000,0.000000000,0.000000000,0.000000000,1.000000000
1403715384.577143192,1.510495000,2.478716000,1.614033000,0.000000000,0.000000000,0.000000000,1.000000000
1403715384.582143068,1.511835000,2.479171000,1.613904000,0.000000000,0.000000000,0.000000000,1.000000000
1403715384.587142944,1.513167000,2.479616000,1.613784000,0.000000000,0.000000000,0.000000000,1.000000000
1403715384.592143297,1.514497000,2.480041000,1.613671000,0.000000000,0.000000000,0.000000000,1.000000000
1403715384.597143173,1.515820000,2.480448000,1.613574000,0.000000000,0.000000000,0.000000000,1.000000000
1403715384.602143049,1.517127000,2.480852000,1.613484000,0.000000000,0.000000000,0.000000000,1.000000000
1403715384.607142925,1.518389000,2.481388000,1.613398000,0.000000000,0.000000000,0.000000000,1.000000000
1403715384.612143278,1.519665000,2.481797000,1.613318000,0.000000000,0.000000000,0.000000000,1.000000000
1403715384.617143154,1.520925000,2.482200000,1.613234000,0.000000000,0.000000000,0.000000000,1.000000000
1403715384.622143030,1.522174000,2.482595000,1.613137000,0.000000000,0.000000000,0.000000000,1.000000000
1403715384.627142906,1.523421000,2.482983000,1.613041000,0.000000000,0.000000000,0.000000000,1.000000000
1403715384.632143259,1.524665000,2.483371000,1.612940000,0.000000000,0.000000000,0.000000000,1.000000000
1403715384.637142897,1.525907000,2.483749000,1.612831000,0.000000000,0.000000000,0.000000000,1.000000000
1403715384.642143011,1.527143000,2.484113000,1.612717000,0.000000000,0.000000000,0.000000000,1.000000000
1403715384.647142887,1.528365000,2.484464000,1.612596000,0.000000000,0.000000000,0.000000000,1.000000000
1403715384.652143240,1.529579000,2.484793000,1.612467000,0.000000000,0.000000000,0.000000000,1.000000000
1403715384.657143116,1.530760000,2.485249000,1.612336000,0.000000000,0.000000000,0.000000000,1.000000000
1403715384.662142992,1.531961000,2.485562000,1.612207000,0.000000000,0.000000000,0.000000000,1.000000000
1403715384.667143345,1.533158000,2.485854000,1.612080000,0.000000000,0.000000000,0.000000000,1.000000000
1403715384.672143221,1.534349000,2.486131000,1.611956000,0.000000000,0.000000000,0.000000000,1.000000000
1403715384.677143097,1.535526000,2.486392000,1.611841000,0.000000000,0.000000000,0.000000000,1.000000000
1403715384.682142973,1.536688000,2.486634000,1.611739000,0.000000000,0.000000000,0.000000000,1.000000000
1403715384.687143326,1.537837000,2.486854000,1.611648000,0.000000000,0.000000000,0.000000000,1.000000000
1403715384.692142963,1.538978000,2.487054000,1.611568000,0.000000000,0.000000000,0.000000000,1.000000000
1403715384.697143078,1.540114000,2.487248000,1.611496000,0.000000000,0.000000000,0.000000000,1.000000000
1403715384.702142954,1.541249000,2.487437000,1.611427000,0.000000000,0.000000000,0.000000000,1.000000000
1403715384.707143307,1.542348000,2.487770000,1.611362000,0.000000000,0.000000000,0.000000000,1.000000000
1403715384.712142944,1.543473000,2.487964000,1.611325000,0.000000000,0.000000000,0.000000000,1.000000000
1403715384.717143059,1.544588000,2.488142000,1.611298000,0.000000000,0.000000000,0.000000000,1.000000000
1403715384.722143173,1.545697000,2.488298000,1.611276000,0.000000000,0.000000000,0.000000000,1.000000000
1403715384.727143288,1.546802000,2.488435000,1.611259000,0.000000000,0.000000000,0.000000000,1.000000000
1403715384.732142925,1.547900000,2.488560000,1.611247000,0.000000000,0.000000000,0.000000000,1.000000000
1403715384.737143040,1.548998000,2.488668000,1.611232000,0.000000000,0.000000000,0.000000000,1.000000000
1403715384.742143154,1.550096000,2.488762000,1.611222000,0.000000000,0.000000000,0.000000000,1.000000000
1403715384.747143030,1.551199000,2.488841000,1.611218000,0.000000000,0.000000000,0.000000000,1.000000000
1403715384.752142906,1.552300000,2.488909000,1.611218000,0.000000000,0.000000000,0.000000000,1.000000000
1403715384.757143021,1.553344000,2.489131000,1.611198000,0.000000000,0.000000000,0.000000000,1.000000000
1403715384.762143135,1.554409000,2.489210000,1.611197000,0.000000000,0.000000000,0.000000000,1.000000000
1403715384.767143011,1.555453000,2.489267000,1.611199000,0.000000000,0.000000000,0.000000000,1.000000000
1403715384.772142887,1.556485000,2.489298000,1.611205000,0.000000000,0.000000000,0.000000000,1.000000000
1403715384.777143240,1.557513000,2.489312000,1.611210000,0.000000000,0.000000000,0.000000000,1.000000000
1403715384.782143354,1.558547000,2.489317000,1.611205000,0.000000000,0.000000000,0.000000000,1.000000000
1403715384.787142992,1.559586000,2.489312000,1.611200000,0.000000000,0.000000000,0.000000000,1.000000000
1403715384.792143106,1.560624000,2.489294000,1.611202000,0.000000000,0.000000000,0.000000000,1.000000000
1403715384.797143221,1.561650000,2.489261000,1.611209000,0.000000000,0.000000000,0.000000000,1.000000000
1403715384.802143097,1.562662000,2.489206000,1.611220000,0.000000000,0.000000000,0.000000000,1.000000000
1403715384.807142973,1.563613000,2.489301000,1.611221000,0.000000000,0.000000000,0.000000000,1.000000000
1403715384.812143087,1.564601000,2.489257000,1.611239000,0.000000000,0.000000000,0.000000000,1.000000000
1403715384.817143202,1.565592000,2.489195000,1.611258000,0.000000000,0.000000000,0.000000000,1.000000000
1403715384.822143078,1.566586000,2.489112000,1.611291000,0.000000000,0.000000000,0.000000000,1.000000000
1403715384.827142954,1.567579000,2.489016000,1.611325000,0.000000000,0.000000000,0.000000000,1.000000000
1403715384.832143307,1.568573000,2.488906000,1.611350000,0.000000000,0.000000000,0.000000000,1.000000000
1403715384.837143183,1.569565000,2.488775000,1.611373000,0.000000000,0.000000000,0.000000000,1.000000000
1403715384.842143059,1.570550000,2.488630000,1.611400000,0.000000000,0.000000000,0.000000000,1.000000000
1403715384.847142935,1.571529000,2.488468000,1.611436000,0.000000000,0.000000000,0.000000000,1.000000000
1403715384.852143288,1.572507000,2.488283000,1.611484000,0.000000000,0.000000000,0.000000000,1.000000000
1403715384.857143164,1.573421000,2.488246000,1.611510000,0.000000000,0.000000000,0.000000000,1.000000000
1403715384.862143040,1.574387000,2.488049000,1.611551000,0.000000000,0.000000000,0.000000000,1.000000000
1403715384.867142916,1.575356000,2.487833000,1.611594000,0.000000000,0.000000000,0.000000000,1.000000000
1403715384.872143269,1.576327000,2.487597000,1.611652000,0.000000000,0.000000000,0.000000000,1.000000000
1403715384.877142906,1.577299000,2.487345000,1.611718000,0.000000000,0.000000000,0.000000000,1.000000000
1403715384.882143021,1.578275000,2.487079000,1.611787000,0.000000000,0.000000000,0.000000000,1.000000000
1403715384.887142897,1.579251000,2.486800000,1.611874000,0.000000000,0.000000000,0.000000000,1.000000000
1403715384.892143250,1.580217000,2.486508000,1.611980000,0.000000000,0.000000000,0.000000000,1.000000000
1403715384.897142887,1.581171000,2.486196000,1.612086000,0.000000000,0.000000000,0.000000000,1.000000000
1403715384.902143002,1.582116000,2.485864000,1.612192000,0.000000000,0.000000000,0.000000000,1.000000000
1403715384.907143354,1.582988000,2.485698000,1.612282000,0.000000000,0.000000000,0.000000000,1.000000000
1403715384.912143230,1.583913000,2.485375000,1.612400000,0.000000000,0.000000000,0.000000000,1.000000000
1403715384.917143106,1.584844000,2.485037000,1.612525000,0.000000000,0.000000000,0.000000000,1.000000000
1403715384.922142982,1.585777000,2.484685000,1.612650000,0.000000000,0.000000000,0.000000000,1.000000000
1403715384.927143335,1.586704000,2.484311000,1.612771000,0.000000000,0.000000000,0.000000000,1.000000000
1403715384.932142973,1.587619000,2.483913000,1.612895000,0.000000000,0.000000000,0.000000000,1.000000000
1403715384.937143087,1.588523000,2.483496000,1.613022000,0.000000000,0.000000000,0.000000000,1.000000000
1403715384.942142963,1.589421000,2.483062000,1.613157000,0.000000000,0.000000000,0.000000000,1.000000000
1403715384.947143316,1.590321000,2.482608000,1.613314000,0.000000000,0.000000000,0.000000000,1.000000000
1403715384.952142954,1.591229000,2.482136000,1.613494000,0.000000000,0.000000000,0.000000000,1.000000000
1403715384.957143068,1.592069000,2.481829000,1.613671000,0.000000000,0.000000000,0.000000000,1.000000000
1403715384.962142944,1.592965000,2.481355000,1.613873000,0.000000000,0.000000000,0.000000000,1.000000000
1403715384.967143297,1.593855000,2.480866000,1.614081000,0.000000000,0.000000000,0.000000000,1.000000000
1403715384.972142935,1.594734000,2.480356000,1.614292000,0.000000000,0.000000000,0.000000000,1.000000000
1403715384.977143049,1.595607000,2.479819000,1.614502000,0.000000000,0.000000000,0.000000000,1.000000000
1403715384.982143164,1.596477000,2.479267000,1.614699000,0.000000000,0.000000000,0.000000000,1.000000000
1403715384.987143040,1.597352000,2.478708000,1.614878000,0.000000000,0.000000000,0.000000000,1.000000000
1403715384.992142916,1.598231000,2.478138000,1.615045000,0.000000000,0.000000000,0.000000000,1.000000000
1403715384.997143030,1.599114000,2.477557000,1.615209000,0.000000000,0.000000000,0.000000000,1.000000000
1403715385.002143145,1.599992000,2.476960000,1.615380000,0.000000000,0.000000000,0.000000000,1.000000000
1403715385.007143021,1.600775000,2.476534000,1.615540000,0.000000000,0.000000000,0.000000000,1.000000000
1403715385.012142897,1.601614000,2.475943000,1.615709000,0.000000000,0.000000000,0.000000000,1.000000000
1403715385.017143011,1.602444000,2.475335000,1.615873000,0.000000000,0.000000000,0.000000000,1.000000000
1403715385.022143126,1.603265000,2.474710000,1.616032000,0.000000000,0.000000000,0.000000000,1.000000000
1403715385.027143002,1.604082000,2.474075000,1.616197000,0.000000000,0.000000000,0.000000000,1.000000000
1403715385.032143116,1.604897000,2.473426000,1.616378000,0.000000000,0.000000000,0.000000000,1.000000000
1403715385.037143230,1.605704000,2.472755000,1.616574000,0.000000000,0.000000000,0.000000000,1.000000000
1403715385.042143345,1.606500000,2.472061000,1.616782000,0.000000000,0.000000000,0.000000000,1.000000000
1403715385.047142982,1.607285000,2.471348000,1.616996000,0.000000000,0.000000000,0.000000000,1.000000000
1403715385.052143097,1.608064000,2.470616000,1.617215000,0.000000000,0.000000000,0.000000000,1.000000000
1403715385.057143211,1.608758000,2.470050000,1.617422000,0.000000000,0.000000000,0.000000000,1.000000000
1403715385.062143087,1.609527000,2.469319000,1.617641000,0.000000000,0.000000000,0.000000000,1.000000000
1403715385.067142963,1.610295000,2.468580000,1.617866000,0.000000000,0.000000000,0.000000000,1.000000000
1403715385.072143078,1.611054000,2.467831000,1.618106000,0.000000000,0.000000000,0.000000000,1.000000000
1403715385.077143192,1.611801000,2.467064000,1.618357000,0.000000000,0.000000000,0.000000000,1.000000000
1403715385.082143068,1.612542000,2.466277000,1.618610000,0.000000000,0.000000000,0.000000000,1.000000000
1403715385.087142944,1.613270000,2.465480000,1.618867000,0.000000000,0.000000000,0.000000000,1.000000000
1403715385.092143297,1.613988000,2.464679000,1.619121000,0.000000000,0.000000000,0.000000000,1.000000000
1403715385.097143173,1.614705000,2.463866000,1.619366000,0.000000000,0.000000000,0.000000000,1.000000000
1403715385.102143049,1.615427000,2.463033000,1.619614000,0.000000000,0.000000000,0.000000000,1.000000000
1403715385.107142925,1.616054000,2.462363000,1.619870000,0.000000000,0.000000000,0.000000000,1.000000000
1403715385.112143278,1.616754000,2.461520000,1.620155000,0.000000000,0.000000000,0.000000000,1.000000000
1403715385.117143154,1.617450000,2.460665000,1.620450000,0.000000000,0.000000000,0.000000000,1.000000000
1403715385.122143030,1.618146000,2.459802000,1.620743000,0.000000000,0.000000000,0.000000000,1.000000000
1403715385.127142906,1.618843000,2.458928000,1.621029000,0.000000000,0.000000000,0.000000000,1.000000000
1403715385.132143259,1.619544000,2.458048000,1.621319000,0.000000000,0.000000000,0.000000000,1.000000000
1403715385.137142897,1.620248000,2.457158000,1.621611000,0.000000000,0.000000000,0.000000000,1.000000000
1403715385.142143011,1.620956000,2.456254000,1.621904000,0.000000000,0.000000000,0.000000000,1.000000000
1403715385.147142887,1.621657000,2.455355000,1.622179000,0.000000000,0.000000000,0.000000000,1.000000000
1403715385.152143240,1.622350000,2.454456000,1.622434000,0.000000000,0.000000000,0.000000000,1.000000000
1403715385.157143116,1.622938000,2.453729000,1.622692000,0.000000000,0.000000000,0.000000000,1.000000000
1403715385.162142992,1.623607000,2.452837000,1.622974000,0.000000000,0.000000000,0.000000000,1.000000000
1403715385.167143345,1.624276000,2.451932000,1.623272000,0.000000000,0.000000000,0.000000000,1.000000000
1403715385.172143221,1.624945000,2.451008000,1.623578000,0.000000000,0.000000000,0.000000000,1.000000000
1403715385.177143097,1.625616000,2.450072000,1.623884000,0.000000000,0.000000000,0.000000000,1.000000000
1403715385.182142973,1.626288000,2.449129000,1.624190000,0.000000000,0.000000000,0.000000000,1.000000000
1403715385.187143326,1.626961000,2.448180000,1.624501000,0.000000000,0.000000000,0.000000000,1.000000000
1403715385.192142963,1.627629000,2.447224000,1.624817000,0.000000000,0.000000000,0.000000000,1.000000000
1403715385.197143078,1.628289000,2.446262000,1.625130000,0.000000000,0.000000000,0.000000000,1.000000000
1403715385.202142954,1.628860000,2.445437000,1.625440000,0.000000000,0.000000000,0.000000000,1.000000000
1403715385.207143307,1.629497000,2.444481000,1.625736000,0.000000000,0.000000000,0.000000000,1.000000000
1403715385.212142944,1.630136000,2.443517000,1.626022000,0.000000000,0.000000000,0.000000000,1.000000000
1403715385.217143059,1.630783000,2.442549000,1.626313000,0.000000000,0.000000000,0.000000000,1.000000000
1403715385.222143173,1.631442000,2.441573000,1.626624000,0.000000000,0.000000000,0.000000000,1.000000000
1403715385.227143288,1.632108000,2.440578000,1.626952000,0.000000000,0.000000000,0.000000000,1.000000000
1403715385.232142925,1.632772000,2.439562000,1.627287000,0.000000000,0.000000000,0.000000000,1.000000000
1403715385.237143040,1.633432000,2.438528000,1.627622000,0.000000000,0.000000000,0.000000000,1.000000000
1403715385.242143154,1.634091000,2.437483000,1.627954000,0.000000000,0.000000000,0.000000000,1.000000000
1403715385.247143030,1.634761000,2.436427000,1.628288000,0.000000000,0.000000000,0.000000000,1.000000000
1403715385.252142906,1.635448000,2.435361000,1.628626000,0.000000000,0.000000000,0.000000000,1.000000000
1403715385.257143021,1.636043000,2.434463000,1.628975000,0.000000000,0.000000000,0.000000000,1.000000000
1403715385.262143135,1.636727000,2.433411000,1.629315000,0.000000000,0.000000000,0.000000000,1.000000000
1403715385.267143011,1.637406000,2.432352000,1.629649000,0.000000000,0.000000000,0.000000000,1.000000000
1403715385.272142887,1.638080000,2.431283000,1.629980000,0.000000000,0.000000000,0.000000000,1.000000000
1403715385.277143240,1.638757000,2.430206000,1.630313000,0.000000000,0.000000000,0.000000000,1.000000000
1403715385.282143354,1.639440000,2.429119000,1.630644000,0.000000000,0.000000000,0.000000000,1.000000000
1403715385.287142992,1.640137000,2.428020000,1.630970000,0.000000000,0.000000000,0.000000000,1.000000000
1403715385.292143106,1.640849000,2.426905000,1.631281000,0.000000000,0.000000000,0.000000000,1.000000000
1403715385.297143221,1.641569000,2.425778000,1.631578000,0.000000000,0.000000000,0.000000000,1.000000000
1403715385.302143097,1.642294000,2.424644000,1.631870000,0.000000000,0.000000000,0.000000000,1.000000000
1403715385.307142973,1.642925000,2.423664000,1.632189000,0.000000000,0.000000000,0.000000000,1.000000000
1403715385.312143087,1.643645000,2.422532000,1.632509000,0.000000000,0.000000000,0.000000000,1.000000000
1403715385.317143202,1.644378000,2.421380000,1.632834000,0.000000000,0.000000000,0.000000000,1.000000000
1403715385.322143078,1.645122000,2.420215000,1.633147000,0.000000000,0.000000000,0.000000000,1.000000000
1403715385.327142954,1.645867000,2.419038000,1.633451000,0.000000000,0.000000000,0.000000000,1.000000000
1403715385.332143307,1.646609000,2.417853000,1.633760000,0.000000000,0.000000000,0.000000000,1.000000000
1403715385.337143183,1.647348000,2.416657000,1.634075000,0.000000000,0.000000000,0.000000000,1.000000000
1403715385.342143059,1.648084000,2.415449000,1.634404000,0.000000000,0.000000000,0.000000000,1.000000000
1403715385.347142935,1.648820000,2.414234000,1.634752000,0.000000000,0.000000000,0.000000000,1.000000000
1403715385.352143288,1.649561000,2.413013000,1.635107000,0.000000000,0.000000000,0.000000000,1.000000000
1403715385.357143164,1.650211000,2.411935000,1.635476000,0.000000000,0.000000000,0.000000000,1.000000000
1403715385.362143040,1.650943000,2.410708000,1.635805000,0.000000000,0.000000000,0.000000000,1.000000000
1403715385.367142916,1.651677000,2.409473000,1.636125000,0.000000000,0.000000000,0.000000000,1.000000000
1403715385.372143269,1.652410000,2.408232000,1.636445000,0.000000000,0.000000000,0.000000000,1.000000000
1403715385.377142906,1.653147000,2.406981000,1.636759000,0.000000000,0.000000000,0.000000000,1.000000000
1403715385.382143021,1.653887000,2.405720000,1.637066000,0.000000000,0.000000000,0.000000000,1.000000000
1403715385.387142897,1.654630000,2.404453000,1.637366000,0.000000000,0.000000000,0.000000000,1.000000000
1403715385.392143250,1.655375000,2.403178000,1.637664000,0.000000000,0.000000000,0.000000000,1.000000000
1403715385.397142887,1.656122000,2.401899000,1.637971000,0.000000000,0.000000000,0.000000000,1.000000000
1403715385.402143002,1.656867000,2.400614000,1.638290000,0.000000000,0.000000000,0.000000000,1.000000000
1403715385.407143354,1.657522000,2.399467000,1.638651000,0.000000000,0.000000000,0.000000000,1.000000000
1403715385.412143230,1.658259000,2.398188000,1.639004000,0.000000000,0.000000000,0.000000000,1.000000000
1403715385.417143106,1.659000000,2.396902000,1.639363000,0.000000000,0.000000000,0.000000000,1.000000000
1403715385.422142982,1.659742000,2.395608000,1.639727000,0.000000000,0.000000000,0.000000000,1.000000000
1403715385.427143335,1.660485000,2.394312000,1.640095000,0.000000000,0.000000000,0.000000000,1.000000000
1403715385.432142973,1.661224000,2.393013000,1.640457000,0.000000000,0.000000000,0.000000000,1.000000000
1403715385.437143087,1.661954000,2.391717000,1.640809000,0.000000000,0.000000000,0.000000000,1.000000000
1403715385.442142963,1.662683000,2.390421000,1.641160000,0.000000000,0.000000000,0.000000000,1.000000000
1403715385.447143316,1.663416000,2.389115000,1.641517000,0.000000000,0.000000000,0.000000000,1.000000000
1403715385.452142954,1.664157000,2.387795000,1.641877000,0.000000000,0.000000000,0.000000000,1.000000000
1403715385.457143068,1.664820000,2.386603000,1.642256000,0.000000000,0.000000000,0.000000000,1.000000000
1403715385.462142944,1.665554000,2.385291000,1.642606000,0.000000000,0.000000000,0.000000000,1.000000000
1403715385.467143297,1.666286000,2.383974000,1.642967000,0.000000000,0.000000000,0.000000000,1.000000000
1403715385.472142935,1.667027000,2.382645000,1.643341000,0.000000000,0.000000000,0.000000000,1.000000000
1403715385.477143049,1.667769000,2.381302000,1.643736000,0.000000000,0.000000000,0.000000000,1.000000000
1403715385.482143164,1.668508000,2.379954000,1.644138000,0.000000000,0.000000000,0.000000000,1.000000000
1403715385.487143040,1.669255000,2.378595000,1.644534000,0.000000000,0.000000000,0.000000000,1.000000000
1403715385.492142916,1.670012000,2.377220000,1.644932000,0.000000000,0.000000000,0.000000000,1.000000000
1403715385.497143030,1.670778000,2.375835000,1.645325000,0.000000000,0.000000000,0.000000000,1.000000000
1403715385.502143145,1.671547000,2.374447000,1.645710000,0.000000000,0.000000000,0.000000000,1.000000000
1403715385.507143021,1.672226000,2.373185000,1.646115000,0.000000000,0.000000000,0.000000000,1.000000000
1403715385.512142897,1.672973000,2.371795000,1.646486000,0.000000000,0.000000000,0.000000000,1.000000000
1403715385.517143011,1.673716000,2.370389000,1.646855000,0.000000000,0.000000000,0.000000000,1.000000000
1403715385.522143126,1.674458000,2.368980000,1.647215000,0.000000000,0.000000000,0.000000000,1.000000000
1403715385.527143002,1.675207000,2.367571000,1.647570000,0.000000000,0.000000000,0.000000000,1.000000000
1403715385.532143116,1.675961000,2.366158000,1.647937000,0.000000000,0.000000000,0.000000000,1.000000000
1403715385.537143230,1.676713000,2.364735000,1.648326000,0.000000000,0.000000000,0.000000000,1.000000000
1403715385.542143345,1.677457000,2.363297000,1.648739000,0.000000000,0.000000000,0.000000000,1.000000000
1403715385.547142982,1.678191000,2.361852000,1.649164000,0.000000000,0.000000000,0.000000000,1.000000000
1403715385.552143097,1.678924000,2.360401000,1.649585000,0.000000000,0.000000000,0.000000000,1.000000000
1403715385.557143211,1.679575000,2.359078000,1.650032000,0.000000000,0.000000000,0.000000000,1.000000000
1403715385.562143087,1.680298000,2.357641000,1.650456000,0.000000000,0.000000000,0.000000000,1.000000000
1403715385.567142963,1.681030000,2.356195000,1.650884000,0.000000000,0.000000000,0.000000000,1.000000000
1403715385.572143078,1.681766000,2.354743000,1.651320000,0.000000000,0.000000000,0.000000000,1.000000000
1403715385.577143192,1.682495000,2.353279000,1.651760000,0.000000000,0.000000000,0.000000000,1.000000000
1403715385.582143068,1.683218000,2.351794000,1.652202000,0.000000000,0.000000000,0.000000000,1.000000000
1403715385.587142944,1.683935000,2.350298000,1.652635000,0.000000000,0.000000000,0.000000000,1.000000000
1403715385.592143297,1.684649000,2.348804000,1.653053000,0.000000000,0.000000000,0.000000000,1.000000000
1403715385.597143173,1.685367000,2.347309000,1.653459000,0.000000000,0.000000000,0.000000000,1.000000000
1403715385.602143049,1.686092000,2.345812000,1.653861000,0.000000000,0.000000000,0.000000000,1.000000000
1403715385.607142925,1.686742000,2.344441000,1.654285000,0.000000000,0.000000000,0.000000000,1.000000000
1403715385.612143278,1.687452000,2.342948000,1.654701000,0.000000000,0.000000000,0.000000000,1.000000000
1403715385.617143154,1.688144000,2.341438000,1.655120000,0.000000000,0.000000000,0.000000000,1.000000000
1403715385.622143030,1.688825000,2.339918000,1.655534000,0.000000000,0.000000000,0.000000000,1.000000000
1403715385.627142906,1.689498000,2.338398000,1.655935000,0.000000000,0.000000000,0.000000000,1.000000000
1403715385.632143259,1.690173000,2.336875000,1.656315000,0.000000000,0.000000000,0.000000000,1.000000000
1403715385.637142897,1.690856000,2.335350000,1.656689000,0.000000000,0.000000000,0.000000000,1.000000000
1403715385.642143011,1.691542000,2.333823000,1.657068000,0.000000000,0.000000000,0.000000000,1.000000000
1403715385.647142887,1.692224000,2.332290000,1.657454000,0.000000000,0.000000000,0.000000000,1.000000000
1403715385.652143240,1.692891000,2.330750000,1.657851000,0.000000000,0.000000000,0.000000000,1.000000000
1403715385.657143116,1.693459000,2.329337000,1.658282000,0.000000000,0.000000000,0.000000000,1.000000000
1403715385.662142992,1.694076000,2.327803000,1.658709000,0.000000000,0.000000000,0.000000000,1.000000000
1403715385.667143345,1.694687000,2.326260000,1.659146000,0.000000000,0.000000000,0.000000000,1.000000000
1403715385.672143221,1.695299000,2.324711000,1.659593000,0.000000000,0.000000000,0.000000000,1.000000000
1403715385.677143097,1.695911000,2.323158000,1.660043000,0.000000000,0.000000000,0.000000000,1.000000000
1403715385.682142973,1.696519000,2.321592000,1.660489000,0.000000000,0.000000000,0.000000000,1.000000000
1403715385.687143326,1.697110000,2.320014000,1.660924000,0.000000000,0.000000000,0.000000000,1.000000000
1403715385.692142963,1.697682000,2.318428000,1.661350000,0.000000000,0.000000000,0.000000000,1.000000000
1403715385.697143078,1.698242000,2.316833000,1.661780000,0.000000000,0.000000000,0.000000000,1.000000000
1403715385.702142954,1.698798000,2.315225000,1.662220000,0.000000000,0.000000000,0.000000000,1.000000000
1403715385.707143307,1.699276000,2.313740000,1.662685000,0.000000000,0.000000000,0.000000000,1.000000000
1403715385.712142944,1.699816000,2.312122000,1.663142000,0.000000000,0.000000000,0.000000000,1.000000000
1403715385.717143059,1.700341000,2.310490000,1.663606000,0.000000000,0.000000000,0.000000000,1.000000000
1403715385.722143173,1.700841000,2.308850000,1.664080000,0.000000000,0.000000000,0.000000000,1.000000000
1403715385.727143288,1.701319000,2.307216000,1.664563000,0.000000000,0.000000000,0.000000000,1.000000000
1403715385.732142925,1.701787000,2.305586000,1.665038000,0.000000000,0.000000000,0.000000000,1.000000000
1403715385.737143040,1.702256000,2.303947000,1.665503000,0.000000000,0.000000000,0.000000000,1.000000000
1403715385.742143154,1.702729000,2.302299000,1.665958000,0.000000000,0.000000000,0.000000000,1.000000000
1403715385.747143030,1.703197000,2.300646000,1.666404000,0.000000000,0.000000000,0.000000000,1.000000000
1403715385.752142906,1.703649000,2.298994000,1.666845000,0.000000000,0.000000000,0.000000000,1.000000000
1403715385.757143021,1.703995000,2.297492000,1.667298000,0.000000000,0.000000000,0.000000000,1.000000000
1403715385.762143135,1.704383000,2.295868000,1.667757000,0.000000000,0.000000000,0.000000000,1.000000000
1403715385.767143011,1.704758000,2.294230000,1.668230000,0.000000000,0.000000000,0.000000000,1.000000000
1403715385.772142887,1.705124000,2.292575000,1.668707000,0.000000000,0.000000000,0.000000000,1.000000000
1403715385.777143240,1.705484000,2.290907000,1.669199000,0.000000000,0.000000000,0.000000000,1.000000000
1403715385.782143354,1.705830000,2.289226000,1.669715000,0.000000000,0.000000000,0.000000000,1.000000000
1403715385.787142992,1.706159000,2.287524000,1.670257000,0.000000000,0.000000000,0.000000000,1.000000000
1403715385.792143106,1.706474000,2.285805000,1.670821000,0.000000000,0.000000000,0.000000000,1.000000000
1403715385.797143221,1.706777000,2.284074000,1.671396000,0.000000000,0.000000000,0.000000000,1.000000000
1403715385.802143097,1.707062000,2.282335000,1.671980000,0.000000000,0.000000000,0.000000000,1.000000000
1403715385.807142973,1.707253000,2.280750000,1.672577000,0.000000000,0.000000000,0.000000000,1.000000000
1403715385.812143087,1.707481000,2.279026000,1.673174000,0.000000000,0.000000000,0.000000000,1.000000000
1403715385.817143202,1.707689000,2.277290000,1.673771000,0.000000000,0.000000000,0.000000000,1.000000000
1403715385.822143078,1.707882000,2.275545000,1.674364000,0.000000000,0.000000000,0.000000000,1.000000000
1403715385.827142954,1.708066000,2.273797000,1.674954000,0.000000000,0.000000000,0.000000000,1.000000000
1403715385.832143307,1.708241000,2.272049000,1.675539000,0.000000000,0.000000000,0.000000000,1.000000000
1403715385.837143183,1.708407000,2.270292000,1.676134000,0.000000000,0.000000000,0.000000000,1.000000000
1403715385.842143059,1.708559000,2.268523000,1.676746000,0.000000000,0.000000000,0.000000000,1.000000000
1403715385.847142935,1.708687000,2.266743000,1.677369000,0.000000000,0.000000000,0.000000000,1.000000000
1403715385.852143288,1.708793000,2.264951000,1.678003000,0.000000000,0.000000000,0.000000000,1.000000000
1403715385.857143164,1.708805000,2.263315000,1.678650000,0.000000000,0.000000000,0.000000000,1.000000000
1403715385.862143040,1.708854000,2.261531000,1.679302000,0.000000000,0.000000000,0.000000000,1.000000000
1403715385.867142916,1.708884000,2.259742000,1.679965000,0.000000000,0.000000000,0.000000000,1.000000000
1403715385.872143269,1.708903000,2.257943000,1.680641000,0.000000000,0.000000000,0.000000000,1.000000000
1403715385.877142906,1.708916000,2.256132000,1.681324000,0.000000000,0.000000000,0.000000000,1.000000000
1403715385.882143021,1.708919000,2.254308000,1.682005000,0.000000000,0.000000000,0.000000000,1.000000000
1403715385.887142897,1.708910000,2.252480000,1.682676000,0.000000000,0.000000000,0.000000000,1.000000000
1403715385.892143250,1.708885000,2.250654000,1.683343000,0.000000000,0.000000000,0.000000000,1.000000000
1403715385.897142887,1.708843000,2.248829000,1.684021000,0.000000000,0.000000000,0.000000000,1.000000000
1403715385.902143002,1.708783000,2.247001000,1.684713000,0.000000000,0.000000000,0.000000000,1.000000000
1403715385.907143354,1.708633000,2.245338000,1.685419000,0.000000000,0.000000000,0.000000000,1.000000000
1403715385.912143230,1.708529000,2.243524000,1.686136000,0.000000000,0.000000000,0.000000000,1.000000000
1403715385.917143106,1.708408000,2.241701000,1.686859000,0.000000000,0.000000000,0.000000000,1.000000000
1403715385.922142982,1.708273000,2.239865000,1.687583000,0.000000000,0.000000000,0.000000000,1.000000000
1403715385.927143335,1.708122000,2.238025000,1.688298000,0.000000000,0.000000000,0.000000000,1.000000000
1403715385.932142973,1.707954000,2.236187000,1.688994000,0.000000000,0.000000000,0.000000000,1.000000000
1403715385.937143087,1.707770000,2.234345000,1.689684000,0.000000000,0.000000000,0.000000000,1.000000000
1403715385.942142963,1.707570000,2.232491000,1.690388000,0.000000000,0.000000000,0.000000000,1.000000000
1403715385.947143316,1.707367000,2.230625000,1.691107000,0.000000000,0.000000000,0.000000000,1.000000000
1403715385.952142954,1.707162000,2.228753000,1.691824000,0.000000000,0.000000000,0.000000000,1.000000000
1403715385.957143068,1.706864000,2.227050000,1.692535000,0.000000000,0.000000000,0.000000000,1.000000000
1403715385.962142944,1.706620000,2.225200000,1.693251000,0.000000000,0.000000000,0.000000000,1.000000000
1403715385.967143297,1.706358000,2.223350000,1.693965000,0.000000000,0.000000000,0.000000000,1.000000000
1403715385.972142935,1.706078000,2.221503000,1.694678000,0.000000000,0.000000000,0.000000000,1.000000000
1403715385.977143049,1.705781000,2.219659000,1.695390000,0.000000000,0.000000000,0.000000000,1.000000000
1403715385.982143164,1.705470000,2.217817000,1.696094000,0.000000000,0.000000000,0.000000000,1.000000000
1403715385.987143040,1.705150000,2.215977000,1.696781000,0.000000000,0.000000000,0.000000000,1.000000000
1403715385.992142916,1.704819000,2.214141000,1.697452000,0.000000000,0.000000000,0.000000000,1.000000000
1403715385.997143030,1.704474000,2.212312000,1.698117000,0.000000000,0.000000000,0.000000000,1.000000000
1403715386.002143145,1.704120000,2.210489000,1.698775000,0.000000000,0.000000000,0.000000000,1.000000000
1403715386.007143021,1.703662000,2.208843000,1.699413000,0.000000000,0.000000000,0.000000000,1.000000000
1403715386.012142897,1.703265000,2.207054000,1.700062000,0.000000000,0.000000000,0.000000000,1.000000000
1403715386.017143011,1.702859000,2.205272000,1.700700000,0.000000000,0.000000000,0.000000000,1.000000000
1403715386.022143126,1.702443000,2.203492000,1.701340000,0.000000000,0.000000000,0.000000000,1.000000000
1403715386.027143002,1.702019000,2.201717000,1.701985000,0.000000000,0.000000000,0.000000000,1.000000000
1403715386.032143116,1.701586000,2.199948000,1.702630000,0.000000000,0.000000000,0.000000000,1.000000000
1403715386.037143230,1.701148000,2.198181000,1.703276000,0.000000000,0.000000000,0.000000000,1.000000000
1403715386.042143345,1.700706000,2.196414000,1.703925000,0.000000000,0.000000000,0.000000000,1.000000000
1403715386.047142982,1.700254000,2.194651000,1.704582000,0.000000000,0.000000000,0.000000000,1.000000000
1403715386.052143097,1.699799000,2.192892000,1.705247000,0.000000000,0.000000000,0.000000000,1.000000000
1403715386.057143211,1.699241000,2.191316000,1.705888000,0.000000000,0.000000000,0.000000000,1.000000000
1403715386.062143087,1.698749000,2.189592000,1.706531000,0.000000000,0.000000000,0.000000000,1.000000000
1403715386.067142963,1.698242000,2.187877000,1.707155000,0.000000000,0.000000000,0.000000000,1.000000000
1403715386.072143078,1.697724000,2.186174000,1.707773000,0.000000000,0.000000000,0.000000000,1.000000000
1403715386.077143192,1.697199000,2.184478000,1.708398000,0.000000000,0.000000000,0.000000000,1.000000000
1403715386.082143068,1.696668000,2.182786000,1.709028000,0.000000000,0.000000000,0.000000000,1.000000000
1403715386.087142944,1.696133000,2.181091000,1.709657000,0.000000000,0.000000000,0.000000000,1.000000000
1403715386.092143297,1.695599000,2.179393000,1.710283000,0.000000000,0.000000000,0.000000000,1.000000000
1403715386.097143173,1.695060000,2.177699000,1.710903000,0.000000000,0.000000000,0.000000000,1.000000000
1403715386.102143049,1.694510000,2.176018000,1.711511000,0.000000000,0.000000000,0.000000000,1.000000000
1403715386.107142925,1.693831000,2.174533000,1.712072000,0.000000000,0.000000000,0.000000000,1.000000000
1403715386.112143278,1.693229000,2.172912000,1.712655000,0.000000000,0.000000000,0.000000000,1.000000000
1403715386.117143154,1.692612000,2.171298000,1.713231000,0.000000000,0.000000000,0.000000000,1.000000000
1403715386.122143030,1.691990000,2.169691000,1.713803000,0.000000000,0.000000000,0.000000000,1.000000000
1403715386.127142906,1.691370000,2.168094000,1.714369000,0.000000000,0.000000000,0.000000000,1.000000000
1403715386.132143259,1.690754000,2.166508000,1.714932000,0.000000000,0.000000000,0.000000000,1.000000000
1403715386.137142897,1.690138000,2.164929000,1.715494000,0.000000000,0.000000000,0.000000000,1.000000000
1403715386.142143011,1.689518000,2.163345000,1.716057000,0.000000000,0.000000000,0.000000000,1.000000000
1403715386.147142887,1.688889000,2.161756000,1.716624000,0.000000000,0.000000000,0.000000000,1.000000000
1403715386.152143240,1.688253000,2.160162000,1.717190000,0.000000000,0.000000000,0.000000000,1.000000000
1403715386.157143116,1.687483000,2.158746000,1.717703000,0.000000000,0.000000000,0.000000000,1.000000000
1403715386.162142992,1.686818000,2.157198000,1.718237000,0.000000000,0.000000000,0.000000000,1.000000000
1403715386.167143345,1.686154000,2.155667000,1.718754000,0.000000000,0.000000000,0.000000000,1.000000000
1403715386.172143221,1.685490000,2.154144000,1.719262000,0.000000000,0.000000000,0.000000000,1.000000000
1403715386.177143097,1.684824000,2.152625000,1.719767000,0.000000000,0.000000000,0.000000000,1.000000000
1403715386.182142973,1.684155000,2.151111000,1.720261000,0.000000000,0.000000000,0.000000000,1.000000000
1403715386.187143326,1.683482000,2.149602000,1.720742000,0.000000000,0.000000000,0.000000000,1.000000000
1403715386.192142963,1.682805000,2.148100000,1.721214000,0.000000000,0.000000000,0.000000000,1.000000000
1403715386.197143078,1.682126000,2.146598000,1.721680000,0.000000000,0.000000000,0.000000000,1.000000000
1403715386.202142954,1.681446000,2.145097000,1.722139000,0.000000000,0.000000000,0.000000000,1.000000000
1403715386.207143307,1.680636000,2.143754000,1.722537000,0.000000000,0.000000000,0.000000000,1.000000000
1403715386.212142944,1.679928000,2.142281000,1.722973000,0.000000000,0.000000000,0.000000000,1.000000000
1403715386.217143059,1.679224000,2.140802000,1.723403000,0.000000000,0.000000000,0.000000000,1.000000000
1403715386.222143173,1.678521000,2.139314000,1.723824000,0.000000000,0.000000000,0.000000000,1.000000000
1403715386.227143288,1.677818000,2.137819000,1.724228000,0.000000000,0.000000000,0.000000000,1.000000000
1403715386.232142925,1.677113000,2.136331000,1.724607000,0.000000000,0.000000000,0.000000000,1.000000000
1403715386.237143040,1.676405000,2.134853000,1.724963000,0.000000000,0.000000000,0.000000000,1.000000000
1403715386.242143154,1.675694000,2.133392000,1.725304000,0.000000000,0.000000000,0.000000000,1.000000000
1403715386.247143030,1.674979000,2.131949000,1.725635000,0.000000000,0.000000000,0.000000000,1.000000000
1403715386.252142906,1.674262000,2.130517000,1.725954000,0.000000000,0.000000000,0.000000000,1.000000000
1403715386.257143021,1.673394000,2.129273000,1.726206000,0.000000000,0.000000000,0.000000000,1.000000000
1403715386.262143135,1.672652000,2.127882000,1.726518000,0.000000000,0.000000000,0.000000000,1.000000000
1403715386.267143011,1.671913000,2.126496000,1.726847000,0.000000000,0.000000000,0.000000000,1.000000000
1403715386.272142887,1.671173000,2.125112000,1.727187000,0.000000000,0.000000000,0.000000000,1.000000000
1403715386.277143240,1.670438000,2.123724000,1.727527000,0.000000000,0.000000000,0.000000000,1.000000000
1403715386.282143354,1.669707000,2.122327000,1.727864000,0.000000000,0.000000000,0.000000000,1.000000000
1403715386.287142992,1.668980000,2.120931000,1.728191000,0.000000000,0.000000000,0.000000000,1.000000000
1403715386.292143106,1.668255000,2.119544000,1.728506000,0.000000000,0.000000000,0.000000000,1.000000000
1403715386.297143221,1.667526000,2.118165000,1.728820000,0.000000000,0.000000000,0.000000000,1.000000000
1403715386.302143097,1.666788000,2.116789000,1.729137000,0.000000000,0.000000000,0.000000000,1.000000000
1403715386.307142973,1.665882000,2.115593000,1.729383000,0.000000000,0.000000000,0.000000000,1.000000000
1403715386.312143087,1.665104000,2.114249000,1.729680000,0.000000000,0.000000000,0.000000000,1.000000000
1403715386.317143202,1.664320000,2.112907000,1.729974000,0.000000000,0.000000000,0.000000000,1.000000000
1403715386.322143078,1.663528000,2.111559000,1.730285000,0.000000000,0.000000000,0.000000000,1.000000000
1403715386.327142954,1.662737000,2.110194000,1.730616000,0.000000000,0.000000000,0.000000000,1.000000000
1403715386.332143307,1.661947000,2.108816000,1.730958000,0.000000000,0.000000000,0.000000000,1.000000000
1403715386.337143183,1.661160000,2.107443000,1.731301000,0.000000000,0.000000000,0.000000000,1.000000000
1403715386.342143059,1.660381000,2.106083000,1.731635000,0.000000000,0.000000000,0.000000000,1.000000000
1403715386.347142935,1.659607000,2.104735000,1.731966000,0.000000000,0.000000000,0.000000000,1.000000000
1403715386.352143288,1.658830000,2.103399000,1.732300000,0.000000000,0.000000000,0.000000000,1.000000000
1403715386.357143164,1.657883000,2.102240000,1.732563000,0.000000000,0.000000000,0.000000000,1.000000000
1403715386.362143040,1.657065000,2.100933000,1.732879000,0.000000000,0.000000000,0.000000000,1.000000000
1403715386.367142916,1.656243000,2.099633000,1.733194000,0.000000000,0.000000000,0.000000000,1.000000000
1403715386.372143269,1.655415000,2.098340000,1.733508000,0.000000000,0.000000000,0.000000000,1.000000000
1403715386.377142906,1.654582000,2.097046000,1.733826000,0.000000000,0.000000000,0.000000000,1.000000000
1403715386.382143021,1.653749000,2.095753000,1.734141000,0.000000000,0.000000000,0.000000000,1.000000000
1403715386.387142897,1.652916000,2.094471000,1.734444000,0.000000000,0.000000000,0.000000000,1.000000000
1403715386.392143250,1.652083000,2.093200000,1.734735000,0.000000000,0.000000000,0.000000000,1.000000000
1403715386.397142887,1.651251000,2.091944000,1.735022000,0.000000000,0.000000000,0.000000000,1.000000000
1403715386.402143002,1.650422000,2.090698000,1.735307000,0.000000000,0.000000000,0.000000000,1.000000000
1403715386.407143354,1.649419000,2.089617000,1.735521000,0.000000000,0.000000000,0.000000000,1.000000000
1403715386.412143230,1.648551000,2.088409000,1.735783000,0.000000000,0.000000000,0.000000000,1.000000000
1403715386.417143106,1.647678000,2.087202000,1.736043000,0.000000000,0.000000000,0.000000000,1.000000000
1403715386.422142982,1.646802000,2.085987000,1.736306000,0.000000000,0.000000000,0.000000000,1.000000000
1403715386.427143335,1.645934000,2.084764000,1.736571000,0.000000000,0.000000000,0.000000000,1.000000000
1403715386.432142973,1.645072000,2.083540000,1.736832000,0.000000000,0.000000000,0.000000000,1.000000000
1403715386.437143087,1.644215000,2.082315000,1.737077000,0.000000000,0.000000000,0.000000000,1.000000000
1403715386.442142963,1.643360000,2.081090000,1.737313000,0.000000000,0.000000000,0.000000000,1.000000000
1403715386.447143316,1.642503000,2.079869000,1.737544000,0.000000000,0.000000000,0.000000000,1.000000000
1403715386.452142954,1.641640000,2.078655000,1.737762000,0.000000000,0.000000000,0.000000000,1.000000000
1403715386.457143068,1.640597000,2.077594000,1.737904000,0.000000000,0.000000000,0.000000000,1.000000000
1403715386.462142944,1.639701000,2.076413000,1.738088000,0.000000000,0.000000000,0.000000000,1.000000000
1403715386.467143297,1.638806000,2.075243000,1.738279000,0.000000000,0.000000000,0.000000000,1.000000000
1403715386.472142935,1.637909000,2.074084000,1.738483000,0.000000000,0.000000000,0.000000000,1.000000000
1403715386.477143049,1.637006000,2.072930000,1.738694000,0.000000000,0.000000000,0.000000000,1.000000000
1403715386.482143164,1.636093000,2.071778000,1.738895000,0.000000000,0.000000000,0.000000000,1.000000000
1403715386.487143040,1.635177000,2.070629000,1.739083000,0.000000000,0.000000000,0.000000000,1.000000000
1403715386.492142916,1.634266000,2.069479000,1.739263000,0.000000000,0.000000000,0.000000000,1.000000000
1403715386.497143030,1.633355000,2.068330000,1.739439000,0.000000000,0.000000000,0.000000000,1.000000000
1403715386.502143145,1.632439000,2.067190000,1.739613000,0.000000000,0.000000000,0.000000000,1.000000000
1403715386.507143021,1.631334000,2.066195000,1.739734000,0.000000000,0.000000000,0.000000000,1.000000000
1403715386.512142897,1.630370000,2.065098000,1.739890000,0.000000000,0.000000000,0.000000000,1.000000000
1403715386.517143011,1.629411000,2.064006000,1.740042000,0.000000000,0.000000000,0.000000000,1.000000000
1403715386.522143126,1.628461000,2.062916000,1.740202000,0.000000000,0.000000000,0.000000000,1.000000000
1403715386.527143002,1.627516000,2.061823000,1.740363000,0.000000000,0.000000000,0.000000000,1.000000000
1403715386.532143116,1.626560000,2.060746000,1.740519000,0.000000000,0.000000000,0.000000000,1.000000000
1403715386.537143230,1.625594000,2.059699000,1.740656000,0.000000000,0.000000000,0.000000000,1.000000000
1403715386.542143345,1.624623000,2.058666000,1.740767000,0.000000000,0.000000000,0.000000000,1.000000000
1403715386.547142982,1.623649000,2.057632000,1.740859000,0.000000000,0.000000000,0.000000000,1.000000000
1403715386.552143097,1.622677000,2.056601000,1.740929000,0.000000000,0.000000000,0.000000000,1.000000000
1403715386.557143211,1.621534000,2.055702000,1.740948000,0.000000000,0.000000000,0.000000000,1.000000000
1403715386.562143087,1.620541000,2.054718000,1.740985000,0.000000000,0.000000000,0.000000000,1.000000000
1403715386.567142963,1.619551000,2.053743000,1.741016000,0.000000000,0.000000000,0.000000000,1.000000000
1403715386.572143078,1.618554000,2.052777000,1.741043000,0.000000000,0.000000000,0.000000000,1.000000000
1403715386.577143192,1.617552000,2.051815000,1.741072000,0.000000000,0.000000000,0.000000000,1.000000000
1403715386.582143068,1.616541000,2.050852000,1.741105000,0.000000000,0.000000000,0.000000000,1.000000000
1403715386.587142944,1.615520000,2.049901000,1.741137000,0.000000000,0.000000000,0.000000000,1.000000000
1403715386.592143297,1.614492000,2.048962000,1.741172000,0.000000000,0.000000000,0.000000000,1.000000000
1403715386.597143173,1.613460000,2.048031000,1.741211000,0.000000000,0.000000000,0.000000000,1.000000000
1403715386.602143049,1.612286000,2.047191000,1.741227000,0.000000000,0.000000000,0.000000000,1.000000000
1403715386.607142925,1.611222000,2.046289000,1.741248000,0.000000000,0.000000000,0.000000000,1.000000000
1403715386.612143278,1.610156000,2.045392000,1.741256000,0.000000000,0.000000000,0.000000000,1.000000000
1403715386.617143154,1.609084000,2.044502000,1.741248000,0.000000000,0.000000000,0.000000000,1.000000000
1403715386.622143030,1.608007000,2.043624000,1.741225000,0.000000000,0.000000000,0.000000000,1.000000000
1403715386.627142906,1.606928000,2.042757000,1.741194000,0.000000000,0.000000000,0.000000000,1.000000000
1403715386.632143259,1.605851000,2.041897000,1.741166000,0.000000000,0.000000000,0.000000000,1.000000000
1403715386.637142897,1.604770000,2.041050000,1.741142000,0.000000000,0.000000000,0.000000000,1.000000000
1403715386.642143011,1.603678000,2.040218000,1.741115000,0.000000000,0.000000000,0.000000000,1.000000000
1403715386.647142887,1.602573000,2.039393000,1.741088000,0.000000000,0.000000000,0.000000000,1.000000000
1403715386.652143240,1.601452000,2.038570000,1.741069000,0.000000000,0.000000000,0.000000000,1.000000000
1403715386.657143116,1.600155000,2.037834000,1.741037000,0.000000000,0.000000000,0.000000000,1.000000000
1403715386.662142992,1.598987000,2.037032000,1.741012000,0.000000000,0.000000000,0.000000000,1.000000000
1403715386.667143345,1.597822000,2.036239000,1.740975000,0.000000000,0.000000000,0.000000000,1.000000000
1403715386.672143221,1.596663000,2.035450000,1.740922000,0.000000000,0.000000000,0.000000000,1.000000000
1403715386.677143097,1.595500000,2.034665000,1.740857000,0.000000000,0.000000000,0.000000000,1.000000000
1403715386.682142973,1.594318000,2.033889000,1.740783000,0.000000000,0.000000000,0.000000000,1.000000000
1403715386.687143326,1.593115000,2.033125000,1.740702000,0.000000000,0.000000000,0.000000000,1.000000000
1403715386.692142963,1.591897000,2.032373000,1.740611000,0.000000000,0.000000000,0.000000000,1.000000000
1403715386.697143078,1.590675000,2.031636000,1.740510000,0.000000000,0.000000000,0.000000000,1.000000000
1403715386.702142954,1.589463000,2.030920000,1.740399000,0.000000000,0.000000000,0.000000000,1.000000000
1403715386.707143307,1.588110000,2.030289000,1.740270000,0.000000000,0.000000000,0.000000000,1.000000000
1403715386.712142944,1.586888000,2.029610000,1.740141000,0.000000000,0.000000000,0.000000000,1.000000000
1403715386.717143059,1.585657000,2.028941000,1.740007000,0.000000000,0.000000000,0.000000000,1.000000000
1403715386.722143173,1.584408000,2.028275000,1.739875000,0.000000000,0.000000000,0.000000000,1.000000000
1403715386.727143288,1.583140000,2.027618000,1.739756000,0.000000000,0.000000000,0.000000000,1.000000000
1403715386.732142925,1.581854000,2.026977000,1.739641000,0.000000000,0.000000000,0.000000000,1.000000000
1403715386.737143040,1.580560000,2.026346000,1.739528000,0.000000000,0.000000000,0.000000000,1.000000000
1403715386.742143154,1.579262000,2.025712000,1.739415000,0.000000000,0.000000000,0.000000000,1.000000000
1403715386.747143030,1.577963000,2.025078000,1.739290000,0.000000000,0.000000000,0.000000000,1.000000000
1403715386.752142906,1.576658000,2.024463000,1.739134000,0.000000000,0.000000000,0.000000000,1.000000000
1403715386.757143021,1.575196000,2.023924000,1.738945000,0.000000000,0.000000000,0.000000000,1.000000000
1403715386.762143135,1.573832000,2.023348000,1.738755000,0.000000000,0.000000000,0.000000000,1.000000000
1403715386.767143011,1.572458000,2.022777000,1.738543000,0.000000000,0.000000000,0.000000000,1.000000000
1403715386.772142887,1.571080000,2.022205000,1.738303000,0.000000000,0.000000000,0.000000000,1.000000000
1403715386.777143240,1.569696000,2.021643000,1.738031000,0.000000000,0.000000000,0.000000000,1.000000000
1403715386.782143354,1.568300000,2.021094000,1.737725000,0.000000000,0.000000000,0.000000000,1.000000000
1403715386.787142992,1.566887000,2.020558000,1.737399000,0.000000000,0.000000000,0.000000000,1.000000000
1403715386.792143106,1.565447000,2.020026000,1.737068000,0.000000000,0.000000000,0.000000000,1.000000000
1403715386.797143221,1.563977000,2.019500000,1.736744000,0.000000000,0.000000000,0.000000000,1.000000000
1403715386.802143097,1.562490000,2.018977000,1.736438000,0.000000000,0.000000000,0.000000000,1.000000000
1403715386.807142973,1.560872000,2.018504000,1.736154000,0.000000000,0.000000000,0.000000000,1.000000000
1403715386.812143087,1.559361000,2.017991000,1.735883000,0.000000000,0.000000000,0.000000000,1.000000000
1403715386.817143202,1.557849000,2.017478000,1.735614000,0.000000000,0.000000000,0.000000000,1.000000000
1403715386.822143078,1.556323000,2.016962000,1.735337000,0.000000000,0.000000000,0.000000000,1.000000000
1403715386.827142954,1.554775000,2.016448000,1.735045000,0.000000000,0.000000000,0.000000000,1.000000000
1403715386.832143307,1.553196000,2.015937000,1.734744000,0.000000000,0.000000000,0.000000000,1.000000000
1403715386.837143183,1.551595000,2.015426000,1.734440000,0.000000000,0.000000000,0.000000000,1.000000000
1403715386.842143059,1.549983000,2.014917000,1.734142000,0.000000000,0.000000000,0.000000000,1.000000000
1403715386.847142935,1.548372000,2.014415000,1.733850000,0.000000000,0.000000000,0.000000000,1.000000000
1403715386.852143288,1.546755000,2.013931000,1.733562000,0.000000000,0.000000000,0.000000000,1.000000000
1403715386.857143164,1.544999000,2.013513000,1.733277000,0.000000000,0.000000000,0.000000000,1.000000000
1403715386.862143040,1.543307000,2.013058000,1.732984000,0.000000000,0.000000000,0.000000000,1.000000000
1403715386.867142916,1.541579000,2.012601000,1.732693000,0.000000000,0.000000000,0.000000000,1.000000000
1403715386.872143269,1.539824000,2.012142000,1.732399000,0.000000000,0.000000000,0.000000000,1.000000000
1403715386.877142906,1.538055000,2.011686000,1.732095000,0.000000000,0.000000000,0.000000000,1.000000000
1403715386.882143021,1.536284000,2.011232000,1.731776000,0.000000000,0.000000000,0.000000000,1.000000000
1403715386.887142897,1.534509000,2.010780000,1.731451000,0.000000000,0.000000000,0.000000000,1.000000000
1403715386.892143250,1.532719000,2.010332000,1.731122000,0.000000000,0.000000000,0.000000000,1.000000000
1403715386.897142887,1.530903000,2.009885000,1.730792000,0.000000000,0.000000000,0.000000000,1.000000000
1403715386.902143002,1.529054000,2.009432000,1.730472000,0.000000000,0.000000000,0.000000000,1.000000000
1403715386.907143354,1.527072000,2.009016000,1.730178000,0.000000000,0.000000000,0.000000000,1.000000000
1403715386.912143230,1.525167000,2.008558000,1.729877000,0.000000000,0.000000000,0.000000000,1.000000000
1403715386.917143106,1.523258000,2.008098000,1.729579000,0.000000000,0.000000000,0.000000000,1.000000000
1403715386.922142982,1.521345000,2.007641000,1.729280000,0.000000000,0.000000000,0.000000000,1.000000000
1403715386.927143335,1.519419000,2.007186000,1.728963000,0.000000000,0.000000000,0.000000000,1.000000000
1403715386.932142973,1.517468000,2.006731000,1.728630000,0.000000000,0.000000000,0.000000000,1.000000000
1403715386.937143087,1.515487000,2.006277000,1.728282000,0.000000000,0.000000000,0.000000000,1.000000000
1403715386.942142963,1.513477000,2.005820000,1.727923000,0.000000000,0.000000000,0.000000000,1.000000000
1403715386.947143316,1.511442000,2.005357000,1.727560000,0.000000000,0.000000000,0.000000000,1.000000000
1403715386.952142954,1.509391000,2.004890000,1.727201000,0.000000000,0.000000000,0.000000000,1.000000000
1403715386.957143068,1.507227000,2.004465000,1.726870000,0.000000000,0.000000000,0.000000000,1.000000000
1403715386.962142944,1.505132000,2.004003000,1.726539000,0.000000000,0.000000000,0.000000000,1.000000000
1403715386.967143297,1.503016000,2.003536000,1.726204000,0.000000000,0.000000000,0.000000000,1.000000000
1403715386.972142935,1.500871000,2.003060000,1.725861000,0.000000000,0.000000000,0.000000000,1.000000000
1403715386.977143049,1.498698000,2.002574000,1.725505000,0.000000000,0.000000000,0.000000000,1.000000000
1403715386.982143164,1.496504000,2.002086000,1.725135000,0.000000000,0.000000000,0.000000000,1.000000000
1403715386.987143040,1.494295000,2.001595000,1.724756000,0.000000000,0.000000000,0.000000000,1.000000000
1403715386.992142916,1.492075000,2.001095000,1.724375000,0.000000000,0.000000000,0.000000000,1.000000000
1403715386.997143030,1.489840000,2.000585000,1.723998000,0.000000000,0.000000000,0.000000000,1.000000000
1403715387.002143145,1.487583000,2.000076000,1.723623000,0.000000000,0.000000000,0.000000000,1.000000000
1403715387.007143021,1.485202000,1.999619000,1.723259000,0.000000000,0.000000000,0.000000000,1.000000000
1403715387.012142897,1.482869000,1.999109000,1.722889000,0.000000000,0.000000000,0.000000000,1.000000000
1403715387.017143011,1.480511000,1.998594000,1.722512000,0.000000000,0.000000000,0.000000000,1.000000000
1403715387.022143126,1.478133000,1.998082000,1.722121000,0.000000000,0.000000000,0.000000000,1.000000000
1403715387.027143002,1.475739000,1.997566000,1.721724000,0.000000000,0.000000000,0.000000000,1.000000000
1403715387.032143116,1.473329000,1.997042000,1.721327000,0.000000000,0.000000000,0.000000000,1.000000000
1403715387.037143230,1.470897000,1.996514000,1.720928000,0.000000000,0.000000000,0.000000000,1.000000000
1403715387.042143345,1.468442000,1.995981000,1.720522000,0.000000000,0.000000000,0.000000000,1.000000000
1403715387.047142982,1.465959000,1.995441000,1.720115000,0.000000000,0.000000000,0.000000000,1.000000000
1403715387.052143097,1.463451000,1.994894000,1.719705000,0.000000000,0.000000000,0.000000000,1.000000000
1403715387.057143211,1.460836000,1.994406000,1.719292000,0.000000000,0.000000000,0.000000000,1.000000000
1403715387.062143087,1.458277000,1.993858000,1.718869000,0.000000000,0.000000000,0.000000000,1.000000000
1403715387.067142963,1.455711000,1.993301000,1.718452000,0.000000000,0.000000000,0.000000000,1.000000000
1403715387.072143078,1.453137000,1.992723000,1.718049000,0.000000000,0.000000000,0.000000000,1.000000000
1403715387.077143192,1.450546000,1.992128000,1.717646000,0.000000000,0.000000000,0.000000000,1.000000000
1403715387.082143068,1.447938000,1.991520000,1.717231000,0.000000000,0.000000000,0.000000000,1.000000000
1403715387.087142944,1.445310000,1.990906000,1.716813000,0.000000000,0.000000000,0.000000000,1.000000000
1403715387.092143297,1.442663000,1.990282000,1.716398000,0.000000000,0.000000000,0.000000000,1.000000000
1403715387.097143173,1.440000000,1.989647000,1.715989000,0.000000000,0.000000000,0.000000000,1.000000000
1403715387.102143049,1.437320000,1.989007000,1.715583000,0.000000000,0.000000000,0.000000000,1.000000000
1403715387.107142925,1.434535000,1.988438000,1.715178000,0.000000000,0.000000000,0.000000000,1.000000000
1403715387.112143278,1.431800000,1.987789000,1.714765000,0.000000000,0.000000000,0.000000000,1.000000000
1403715387.117143154,1.429039000,1.987133000,1.714354000,0.000000000,0.000000000,0.000000000,1.000000000
1403715387.122143030,1.426260000,1.986478000,1.713935000,0.000000000,0.000000000,0.000000000,1.000000000
1403715387.127142906,1.423467000,1.985818000,1.713516000,0.000000000,0.000000000,0.000000000,1.000000000
1403715387.132143259,1.420661000,1.985151000,1.713101000,0.000000000,0.000000000,0.000000000,1.000000000
1403715387.137142897,1.417843000,1.984480000,1.712685000,0.000000000,0.000000000,0.000000000,1.000000000
1403715387.142143011,1.415010000,1.983802000,1.712272000,0.000000000,0.000000000,0.000000000,1.000000000
1403715387.147142887,1.412158000,1.983114000,1.711857000,0.000000000,0.000000000,0.000000000,1.000000000
1403715387.152143240,1.409283000,1.982418000,1.711436000,0.000000000,0.000000000,0.000000000,1.000000000
1403715387.157143116,1.406298000,1.981803000,1.711005000,0.000000000,0.000000000,0.000000000,1.000000000
1403715387.162142992,1.403384000,1.981115000,1.710580000,0.000000000,0.000000000,0.000000000,1.000000000
1403715387.167143345,1.400468000,1.980421000,1.710156000,0.000000000,0.000000000,0.000000000,1.000000000
1403715387.172143221,1.397546000,1.979720000,1.709733000,0.000000000,0.000000000,0.000000000,1.000000000
1403715387.177143097,1.394610000,1.979012000,1.709309000,0.000000000,0.000000000,0.000000000,1.000000000
1403715387.182142973,1.391654000,1.978298000,1.708889000,0.000000000,0.000000000,0.000000000,1.000000000
1403715387.187143326,1.388674000,1.977579000,1.708469000,0.000000000,0.000000000,0.000000000,1.000000000
1403715387.192142963,1.385676000,1.976856000,1.708048000,0.000000000,0.000000000,0.000000000,1.000000000
1403715387.197143078,1.382665000,1.976131000,1.707627000,0.000000000,0.000000000,0.000000000,1.000000000
1403715387.202142954,1.379648000,1.975401000,1.707207000,0.000000000,0.000000000,0.000000000,1.000000000
1403715387.207143307,1.376532000,1.974764000,1.706769000,0.000000000,0.000000000,0.000000000,1.000000000
1403715387.212142944,1.373487000,1.974037000,1.706337000,0.000000000,0.000000000,0.000000000,1.000000000
1403715387.217143059,1.370424000,1.973307000,1.705900000,0.000000000,0.000000000,0.000000000,1.000000000
1403715387.222143173,1.367342000,1.972575000,1.705459000,0.000000000,0.000000000,0.000000000,1.000000000
1403715387.227143288,1.364247000,1.971842000,1.705010000,0.000000000,0.000000000,0.000000000,1.000000000
1403715387.232142925,1.361148000,1.971106000,1.704552000,0.000000000,0.000000000,0.000000000,1.000000000
1403715387.237143040,1.358047000,1.970362000,1.704083000,0.000000000,0.000000000,0.000000000,1.000000000
1403715387.242143154,1.354941000,1.969608000,1.703608000,0.000000000,0.000000000,0.000000000,1.000000000
1403715387.247143030,1.351827000,1.968849000,1.703136000,0.000000000,0.000000000,0.000000000,1.000000000
1403715387.252142906,1.348701000,1.968082000,1.702672000,0.000000000,0.000000000,0.000000000,1.000000000
1403715387.257143021,1.345465000,1.967417000,1.702194000,0.000000000,0.000000000,0.000000000,1.000000000
1403715387.262143135,1.342292000,1.966658000,1.701735000,0.000000000,0.000000000,0.000000000,1.000000000
1403715387.267143011,1.339109000,1.965891000,1.701274000,0.000000000,0.000000000,0.000000000,1.000000000
1403715387.272142887,1.335923000,1.965120000,1.700816000,0.000000000,0.000000000,0.000000000,1.000000000
1403715387.277143240,1.332733000,1.964346000,1.700363000,0.000000000,0.000000000,0.000000000,1.000000000
1403715387.282143354,1.329540000,1.963564000,1.699912000,0.000000000,0.000000000,0.000000000,1.000000000
1403715387.287142992,1.326339000,1.962777000,1.699455000,0.000000000,0.000000000,0.000000000,1.000000000
1403715387.292143106,1.323122000,1.961986000,1.698980000,0.000000000,0.000000000,0.000000000,1.000000000
1403715387.297143221,1.319896000,1.961193000,1.698498000,0.000000000,0.000000000,0.000000000,1.000000000
1403715387.302143097,1.316668000,1.960394000,1.698020000,0.000000000,0.000000000,0.000000000,1.000000000
1403715387.307142973,1.313351000,1.959702000,1.697521000,0.000000000,0.000000000,0.000000000,1.000000000
1403715387.312143087,1.310114000,1.958898000,1.697051000,0.000000000,0.000000000,0.000000000,1.000000000
1403715387.317143202,1.306876000,1.958090000,1.696573000,0.000000000,0.000000000,0.000000000,1.000000000
1403715387.322143078,1.303633000,1.957278000,1.696077000,0.000000000,0.000000000,0.000000000,1.000000000
1403715387.327142954,1.300379000,1.956461000,1.695580000,0.000000000,0.000000000,0.000000000,1.000000000
1403715387.332143307,1.297115000,1.955636000,1.695084000,0.000000000,0.000000000,0.000000000,1.000000000
1403715387.337143183,1.293846000,1.954794000,1.694591000,0.000000000,0.000000000,0.000000000,1.000000000
1403715387.342143059,1.290577000,1.953938000,1.694100000,0.000000000,0.000000000,0.000000000,1.000000000
1403715387.347142935,1.287308000,1.953078000,1.693596000,0.000000000,0.000000000,0.000000000,1.000000000
1403715387.352143288,1.284037000,1.952215000,1.693081000,0.000000000,0.000000000,0.000000000,1.000000000
1403715387.357143164,1.280676000,1.951477000,1.692533000,0.000000000,0.000000000,0.000000000,1.000000000
1403715387.362143040,1.277380000,1.950630000,1.692021000,0.000000000,0.000000000,0.000000000,1.000000000
1403715387.367142916,1.274070000,1.949782000,1.691513000,0.000000000,0.000000000,0.000000000,1.000000000
1403715387.372143269,1.270753000,1.948937000,1.691001000,0.000000000,0.000000000,0.000000000,1.000000000
1403715387.377142906,1.267434000,1.948089000,1.690481000,0.000000000,0.000000000,0.000000000,1.000000000
1403715387.382143021,1.264117000,1.947239000,1.689954000,0.000000000,0.000000000,0.000000000,1.000000000
1403715387.387142897,1.260807000,1.946380000,1.689420000,0.000000000,0.000000000,0.000000000,1.000000000
1403715387.392143250,1.257500000,1.945514000,1.688888000,0.000000000,0.000000000,0.000000000,1.000000000
1403715387.397142887,1.254189000,1.944650000,1.688358000,0.000000000,0.000000000,0.000000000,1.000000000
1403715387.402143002,1.250867000,1.943786000,1.687831000,0.000000000,0.000000000,0.000000000,1.000000000
1403715387.407143354,1.247453000,1.943056000,1.687277000,0.000000000,0.000000000,0.000000000,1.000000000
1403715387.412143230,1.244108000,1.942206000,1.686752000,0.000000000,0.000000000,0.000000000,1.000000000
1403715387.417143106,1.240758000,1.941352000,1.686230000,0.000000000,0.000000000,0.000000000,1.000000000
1403715387.422142982,1.237404000,1.940496000,1.685716000,0.000000000,0.000000000,0.000000000,1.000000000
1403715387.427143335,1.234048000,1.939639000,1.685207000,0.000000000,0.000000000,0.000000000,1.000000000
1403715387.432142973,1.230698000,1.938778000,1.684698000,0.000000000,0.000000000,0.000000000,1.000000000
1403715387.437143087,1.227354000,1.937913000,1.684178000,0.000000000,0.000000000,0.000000000,1.000000000
1403715387.442142963,1.224002000,1.937042000,1.683641000,0.000000000,0.000000000,0.000000000,1.000000000
1403715387.447143316,1.220644000,1.936165000,1.683092000,0.000000000,0.000000000,0.000000000,1.000000000
1403715387.452142954,1.217287000,1.935287000,1.682538000,0.000000000,0.000000000,0.000000000,1.000000000
1403715387.457143068,1.213839000,1.934549000,1.681954000,0.000000000,0.000000000,0.000000000,1.000000000
1403715387.462142944,1.210457000,1.933693000,1.681421000,0.000000000,0.000000000,0.000000000,1.000000000
1403715387.467143297,1.207069000,1.932836000,1.680904000,0.000000000,0.000000000,0.000000000,1.000000000
1403715387.472142935,1.203674000,1.931980000,1.680389000,0.000000000,0.000000000,0.000000000,1.000000000
1403715387.477143049,1.200278000,1.931115000,1.679877000,0.000000000,0.000000000,0.000000000,1.000000000
1403715387.482143164,1.196877000,1.930241000,1.679376000,0.000000000,0.000000000,0.000000000,1.000000000
1403715387.487143040,1.193471000,1.929364000,1.678873000,0.000000000,0.000000000,0.000000000,1.000000000
1403715387.492142916,1.190061000,1.928476000,1.678362000,0.000000000,0.000000000,0.000000000,1.000000000
1403715387.497143030,1.186646000,1.927568000,1.677853000,0.000000000,0.000000000,0.000000000,1.000000000
1403715387.502143145,1.183231000,1.926647000,1.677363000,0.000000000,0.000000000,0.000000000,1.000000000
1403715387.507143021,1.179741000,1.925864000,1.676857000,0.000000000,0.000000000,0.000000000,1.000000000
1403715387.512142897,1.176320000,1.924960000,1.676400000,0.000000000,0.000000000,0.000000000,1.000000000
1403715387.517143011,1.172906000,1.924042000,1.675970000,0.000000000,0.000000000,0.000000000,1.000000000
1403715387.522143126,1.169492000,1.923122000,1.675571000,0.000000000,0.000000000,0.000000000,1.000000000
1403715387.527143002,1.166069000,1.922213000,1.675194000,0.000000000,0.000000000,0.000000000,1.000000000
1403715387.532143116,1.162640000,1.921305000,1.674827000,0.000000000,0.000000000,0.000000000,1.000000000
1403715387.537143230,1.159210000,1.920395000,1.674471000,0.000000000,0.000000000,0.000000000,1.000000000
1403715387.542143345,1.155774000,1.919486000,1.674115000,0.000000000,0.000000000,0.000000000,1.000000000
1403715387.547142982,1.152331000,1.918579000,1.673751000,0.000000000,0.000000000,0.000000000,1.000000000
1403715387.552143097,1.148885000,1.917668000,1.673383000,0.000000000,0.000000000,0.000000000,1.000000000
1403715387.557143211,1.145366000,1.916891000,1.672999000,0.000000000,0.000000000,0.000000000,1.000000000
1403715387.562143087,1.141904000,1.915993000,1.672665000,0.000000000,0.000000000,0.000000000,1.000000000
1403715387.567142963,1.138439000,1.915096000,1.672355000,0.000000000,0.000000000,0.000000000,1.000000000
1403715387.572143078,1.134972000,1.914197000,1.672063000,0.000000000,0.000000000,0.000000000,1.000000000
1403715387.577143192,1.131512000,1.913285000,1.671799000,0.000000000,0.000000000,0.000000000,1.000000000
1403715387.582143068,1.128054000,1.912363000,1.671573000,0.000000000,0.000000000,0.000000000,1.000000000
1403715387.587142944,1.124588000,1.911434000,1.671374000,0.000000000,0.000000000,0.000000000,1.000000000
1403715387.592143297,1.121111000,1.910499000,1.671204000,0.000000000,0.000000000,0.000000000,1.000000000
1403715387.597143173,1.117623000,1.909563000,1.671066000,0.000000000,0.000000000,0.000000000,1.000000000
1403715387.602143049,1.114132000,1.908629000,1.670955000,0.000000000,0.000000000,0.000000000,1.000000000
1403715387.607142925,1.110577000,1.907829000,1.670836000,0.000000000,0.000000000,0.000000000,1.000000000
1403715387.612143278,1.107085000,1.906902000,1.670750000,0.000000000,0.000000000,0.000000000,1.000000000
1403715387.617143154,1.103593000,1.905970000,1.670688000,0.000000000,0.000000000,0.000000000,1.000000000
1403715387.622143030,1.100101000,1.905031000,1.670649000,0.000000000,0.000000000,0.000000000,1.000000000
1403715387.627142906,1.096611000,1.904077000,1.670639000,0.000000000,0.000000000,0.000000000,1.000000000
1403715387.632143259,1.093121000,1.903109000,1.670664000,0.000000000,0.000000000,0.000000000,1.000000000
1403715387.637142897,1.089632000,1.902128000,1.670731000,0.000000000,0.000000000,0.000000000,1.000000000
1403715387.642143011,1.086141000,1.901133000,1.670844000,0.000000000,0.000000000,0.000000000,1.000000000
1403715387.647142887,1.082647000,1.900127000,1.671001000,0.000000000,0.000000000,0.000000000,1.000000000
1403715387.652143240,1.079155000,1.899105000,1.671194000,0.000000000,0.000000000,0.000000000,1.000000000
1403715387.657143116,1.075608000,1.898197000,1.671402000,0.000000000,0.000000000,0.000000000,1.000000000
1403715387.662142992,1.072126000,1.897162000,1.671657000,0.000000000,0.000000000,0.000000000,1.000000000
1403715387.667143345,1.068646000,1.896117000,1.671946000,0.000000000,0.000000000,0.000000000,1.000000000
1403715387.672143221,1.065166000,1.895062000,1.672259000,0.000000000,0.000000000,0.000000000,1.000000000
1403715387.677143097,1.061687000,1.893994000,1.672600000,0.000000000,0.000000000,0.000000000,1.000000000
1403715387.682142973,1.058208000,1.892914000,1.672978000,0.000000000,0.000000000,0.000000000,1.000000000
1403715387.687143326,1.054725000,1.891826000,1.673387000,0.000000000,0.000000000,0.000000000,1.000000000
1403715387.692142963,1.051241000,1.890731000,1.673821000,0.000000000,0.000000000,0.000000000,1.000000000
1403715387.697143078,1.047754000,1.889629000,1.674281000,0.000000000,0.000000000,0.000000000,1.000000000
1403715387.702142954,1.044269000,1.888516000,1.674763000,0.000000000,0.000000000,0.000000000,1.000000000
1403715387.707143307,1.040724000,1.887517000,1.675276000,0.000000000,0.000000000,0.000000000,1.000000000
1403715387.712142944,1.037238000,1.886398000,1.675831000,0.000000000,0.000000000,0.000000000,1.000000000
1403715387.717143059,1.033762000,1.885262000,1.676427000,0.000000000,0.000000000,0.000000000,1.000000000
1403715387.722143173,1.030288000,1.884107000,1.677065000,0.000000000,0.000000000,0.000000000,1.000000000
1403715387.727143288,1.026818000,1.882941000,1.677742000,0.000000000,0.000000000,0.000000000,1.000000000
1403715387.732142925,1.023355000,1.881767000,1.678460000,0.000000000,0.000000000,0.000000000,1.000000000
1403715387.737143040,1.019893000,1.880584000,1.679207000,0.000000000,0.000000000,0.000000000,1.000000000
1403715387.742143154,1.016426000,1.879391000,1.679972000,0.000000000,0.000000000,0.000000000,1.000000000
1403715387.747143030,1.012952000,1.878189000,1.680752000,0.000000000,0.000000000,0.000000000,1.000000000
1403715387.752142906,1.009468000,1.876983000,1.681551000,0.000000000,0.000000000,0.000000000,1.000000000
1403715387.757143021,1.005915000,1.875893000,1.682386000,0.000000000,0.000000000,0.000000000,1.000000000
1403715387.762143135,1.002411000,1.874689000,1.683248000,0.000000000,0.000000000,0.000000000,1.000000000
1403715387.767143011,0.998904000,1.873465000,1.684143000,0.000000000,0.000000000,0.000000000,1.000000000
1403715387.772142887,0.995394000,1.872219000,1.685068000,0.000000000,0.000000000,0.000000000,1.000000000
1403715387.777143240,0.991885000,1.870955000,1.686032000,0.000000000,0.000000000,0.000000000,1.000000000
1403715387.782143354,0.988373000,1.869676000,1.687035000,0.000000000,0.000000000,0.000000000,1.000000000
1403715387.787142992,0.984858000,1.868384000,1.688073000,0.000000000,0.000000000,0.000000000,1.000000000
1403715387.792143106,0.981345000,1.867077000,1.689136000,0.000000000,0.000000000,0.000000000,1.000000000
1403715387.797143221,0.977843000,1.865751000,1.690213000,0.000000000,0.000000000,0.000000000,1.000000000
1403715387.802143097,0.974352000,1.864403000,1.691304000,0.000000000,0.000000000,0.000000000,1.000000000
1403715387.807142973,0.970811000,1.863151000,1.692428000,0.000000000,0.000000000,0.000000000,1.000000000
1403715387.812143087,0.967317000,1.861794000,1.693546000,0.000000000,0.000000000,0.000000000,1.000000000
1403715387.817143202,0.963819000,1.860417000,1.694673000,0.000000000,0.000000000,0.000000000,1.000000000
1403715387.822143078,0.960318000,1.859019000,1.695826000,0.000000000,0.000000000,0.000000000,1.000000000
1403715387.827142954,0.956817000,1.857605000,1.697004000,0.000000000,0.000000000,0.000000000,1.000000000
1403715387.832143307,0.953319000,1.856178000,1.698186000,0.000000000,0.000000000,0.000000000,1.000000000
1403715387.837143183,0.949830000,1.854738000,1.699370000,0.000000000,0.000000000,0.000000000,1.000000000
1403715387.842143059,0.946347000,1.853281000,1.700563000,0.000000000,0.000000000,0.000000000,1.000000000
1403715387.847142935,0.942864000,1.851812000,1.701771000,0.000000000,0.000000000,0.000000000,1.000000000
1403715387.852143288,0.939375000,1.850331000,1.702986000,0.000000000,0.000000000,0.000000000,1.000000000
1403715387.857143164,0.935817000,1.848935000,1.704222000,0.000000000,0.000000000,0.000000000,1.000000000
1403715387.862143040,0.932310000,1.847438000,1.705431000,0.000000000,0.000000000,0.000000000,1.000000000
1403715387.867142916,0.928806000,1.845938000,1.706645000,0.000000000,0.000000000,0.000000000,1.000000000
1403715387.872143269,0.925311000,1.844438000,1.707848000,0.000000000,0.000000000,0.000000000,1.000000000
1403715387.877142906,0.921827000,1.842928000,1.709026000,0.000000000,0.000000000,0.000000000,1.000000000
1403715387.882143021,0.918348000,1.841398000,1.710183000,0.000000000,0.000000000,0.000000000,1.000000000
1403715387.887142897,0.914869000,1.839850000,1.711314000,0.000000000,0.000000000,0.000000000,1.000000000
1403715387.892143250,0.911383000,1.838286000,1.712417000,0.000000000,0.000000000,0.000000000,1.000000000
1403715387.897142887,0.907890000,1.836707000,1.713492000,0.000000000,0.000000000,0.000000000,1.000000000
1403715387.902143002,0.904397000,1.835120000,1.714539000,0.000000000,0.000000000,0.000000000,1.000000000
1403715387.907143354,0.900845000,1.833623000,1.715590000,0.000000000,0.000000000,0.000000000,1.000000000
1403715387.912143230,0.897352000,1.832047000,1.716598000,0.000000000,0.000000000,0.000000000,1.000000000
1403715387.917143106,0.893858000,1.830465000,1.717583000,0.000000000,0.000000000,0.000000000,1.000000000
1403715387.922142982,0.890359000,1.828875000,1.718540000,0.000000000,0.000000000,0.000000000,1.000000000
1403715387.927143335,0.886858000,1.827279000,1.719461000,0.000000000,0.000000000,0.000000000,1.000000000
1403715387.932142973,0.883358000,1.825680000,1.720349000,0.000000000,0.000000000,0.000000000,1.000000000
1403715387.937143087,0.879861000,1.824075000,1.721212000,0.000000000,0.000000000,0.000000000,1.000000000
1403715387.942142963,0.876369000,1.822463000,1.722040000,0.000000000,0.000000000,0.000000000,1.000000000
1403715387.947143316,0.872878000,1.820841000,1.722828000,0.000000000,0.000000000,0.000000000,1.000000000
1403715387.952142954,0.869387000,1.819207000,1.723576000,0.000000000,0.000000000,0.000000000,1.000000000
1403715387.957143068,0.865828000,1.817643000,1.724310000,0.000000000,0.000000000,0.000000000,1.000000000
1403715387.962142944,0.862326000,1.815994000,1.724987000,0.000000000,0.000000000,0.000000000,1.000000000
1403715387.967143297,0.858830000,1.814332000,1.725631000,0.000000000,0.000000000,0.000000000,1.000000000
1403715387.972142935,0.855344000,1.812656000,1.726244000,0.000000000,0.000000000,0.000000000,1.000000000
1403715387.977143049,0.851865000,1.810964000,1.726829000,0.000000000,0.000000000,0.000000000,1.000000000
1403715387.982143164,0.848388000,1.809254000,1.727384000,0.000000000,0.000000000,0.000000000,1.000000000
1403715387.987143040,0.844909000,1.807525000,1.727905000,0.000000000,0.000000000,0.000000000,1.000000000
1403715387.992142916,0.841426000,1.805781000,1.728391000,0.000000000,0.000000000,0.000000000,1.000000000
1403715387.997143030,0.837945000,1.804023000,1.728844000,0.000000000,0.000000000,0.000000000,1.000000000
1403715388.002143145,0.834468000,1.802251000,1.729267000,0.000000000,0.000000000,0.000000000,1.000000000
1403715388.007143021,0.830925000,1.800542000,1.729677000,0.000000000,0.000000000,0.000000000,1.000000000
1403715388.012142897,0.827450000,1.798757000,1.730046000,0.000000000,0.000000000,0.000000000,1.000000000
1403715388.017143011,0.823978000,1.796961000,1.730394000,0.000000000,0.000000000,0.000000000,1.000000000
1403715388.022143126,0.820505000,1.795155000,1.730720000,0.000000000,0.000000000,0.000000000,1.000000000
1403715388.027143002,0.817026000,1.793339000,1.731019000,0.000000000,0.000000000,0.000000000,1.000000000
1403715388.032143116,0.813537000,1.791515000,1.731282000,0.000000000,0.000000000,0.000000000,1.000000000
1403715388.037143230,0.810042000,1.789690000,1.731504000,0.000000000,0.000000000,0.000000000,1.000000000
1403715388.042143345,0.806546000,1.787863000,1.731681000,0.000000000,0.000000000,0.000000000,1.000000000
1403715388.047142982,0.803054000,1.786031000,1.731820000,0.000000000,0.000000000,0.000000000,1.000000000
1403715388.052143097,0.799570000,1.784190000,1.731926000,0.000000000,0.000000000,0.000000000,1.000000000
1403715388.057143211,0.796016000,1.782412000,1.732006000,0.000000000,0.000000000,0.000000000,1.000000000
1403715388.062143087,0.792523000,1.780564000,1.732059000,0.000000000,0.000000000,0.000000000,1.000000000
1403715388.067142963,0.789023000,1.778711000,1.732077000,0.000000000,0.000000000,0.000000000,1.000000000
1403715388.072143078,0.785518000,1.776856000,1.732053000,0.000000000,0.000000000,0.000000000,1.000000000
1403715388.077143192,0.782015000,1.774999000,1.731983000,0.000000000,0.000000000,0.000000000,1.000000000
1403715388.082143068,0.778519000,1.773143000,1.731876000,0.000000000,0.000000000,0.000000000,1.000000000
1403715388.087142944,0.775033000,1.771283000,1.731738000,0.000000000,0.000000000,0.000000000,1.000000000
1403715388.092143297,0.771553000,1.769410000,1.731578000,0.000000000,0.000000000,0.000000000,1.000000000
1403715388.097143173,0.768074000,1.767517000,1.731394000,0.000000000,0.000000000,0.000000000,1.000000000
1403715388.102143049,0.764593000,1.765608000,1.731181000,0.000000000,0.000000000,0.000000000,1.000000000
1403715388.107142925,0.761032000,1.763756000,1.730925000,0.000000000,0.000000000,0.000000000,1.000000000
1403715388.112143278,0.757536000,1.761839000,1.730646000,0.000000000,0.000000000,0.000000000,1.000000000
1403715388.117143154,0.754041000,1.759920000,1.730331000,0.000000000,0.000000000,0.000000000,1.000000000
1403715388.122143030,0.750552000,1.757995000,1.729974000,0.000000000,0.000000000,0.000000000,1.000000000
1403715388.127142906,0.747070000,1.756061000,1.729575000,0.000000000,0.000000000,0.000000000,1.000000000
1403715388.132143259,0.743587000,1.754114000,1.729135000,0.000000000,0.000000000,0.000000000,1.000000000
1403715388.137142897,0.740110000,1.752155000,1.728659000,0.000000000,0.000000000,0.000000000,1.000000000
1403715388.142143011,0.736643000,1.750179000,1.728150000,0.000000000,0.000000000,0.000000000,1.000000000
1403715388.147142887,0.733179000,1.748192000,1.727605000,0.000000000,0.000000000,0.000000000,1.000000000
1403715388.152143240,0.729718000,1.746199000,1.727026000,0.000000000,0.000000000,0.000000000,1.000000000
1403715388.157143116,0.726177000,1.744268000,1.726387000,0.000000000,0.000000000,0.000000000,1.000000000
1403715388.162142992,0.722702000,1.742268000,1.725746000,0.000000000,0.000000000,0.000000000,1.000000000
1403715388.167143345,0.719227000,1.740253000,1.725082000,0.000000000,0.000000000,0.000000000,1.000000000
1403715388.172143221,0.715754000,1.738224000,1.724394000,0.000000000,0.000000000,0.000000000,1.000000000
1403715388.177143097,0.712287000,1.736184000,1.723683000,0.000000000,0.000000000,0.000000000,1.000000000
1403715388.182142973,0.708827000,1.734132000,1.722942000,0.000000000,0.000000000,0.000000000,1.000000000
1403715388.187143326,0.705375000,1.732071000,1.722177000,0.000000000,0.000000000,0.000000000,1.000000000
1403715388.192142963,0.701936000,1.730008000,1.721387000,0.000000000,0.000000000,0.000000000,1.000000000
1403715388.197143078,0.698502000,1.727940000,1.720567000,0.000000000,0.000000000,0.000000000,1.000000000
1403715388.202142954,0.695066000,1.725868000,1.719717000,0.000000000,0.000000000,0.000000000,1.000000000
1403715388.207143307,0.691545000,1.723862000,1.718794000,0.000000000,0.000000000,0.000000000,1.000000000
1403715388.212142944,0.688095000,1.721780000,1.717883000,0.000000000,0.000000000,0.000000000,1.000000000
1403715388.217143059,0.684652000,1.719689000,1.716953000,0.000000000,0.000000000,0.000000000,1.000000000
1403715388.222143173,0.681218000,1.717591000,1.716010000,0.000000000,0.000000000,0.000000000,1.000000000
1403715388.227143288,0.677792000,1.715482000,1.715054000,0.000000000,0.000000000,0.000000000,1.000000000
1403715388.232142925,0.674367000,1.713363000,1.714082000,0.000000000,0.000000000,0.000000000,1.000000000
1403715388.237143040,0.670937000,1.711234000,1.713087000,0.000000000,0.000000000,0.000000000,1.000000000
1403715388.242143154,0.667503000,1.709094000,1.712066000,0.000000000,0.000000000,0.000000000,1.000000000
1403715388.247143030,0.664067000,1.706945000,1.711016000,0.000000000,0.000000000,0.000000000,1.000000000
1403715388.252142906,0.660633000,1.704792000,1.709939000,0.000000000,0.000000000,0.000000000,1.000000000
1403715388.257143021,0.657123000,1.702713000,1.708783000,0.000000000,0.000000000,0.000000000,1.000000000
1403715388.262143135,0.653690000,1.700561000,1.707661000,0.000000000,0.000000000,0.000000000,1.000000000
1403715388.267143011,0.650256000,1.698403000,1.706529000,0.000000000,0.000000000,0.000000000,1.000000000
1403715388.272142887,0.646816000,1.696237000,1.705397000,0.000000000,0.000000000,0.000000000,1.000000000
1403715388.277143240,0.643369000,1.694056000,1.704266000,0.000000000,0.000000000,0.000000000,1.000000000
1403715388.282143354,0.639918000,1.691859000,1.703131000,0.000000000,0.000000000,0.000000000,1.000000000
1403715388.287142992,0.636462000,1.689651000,1.701984000,0.000000000,0.000000000,0.000000000,1.000000000
1403715388.292143106,0.633008000,1.687435000,1.700820000,0.000000000,0.000000000,0.000000000,1.000000000
1403715388.297143221,0.629560000,1.685213000,1.699641000,0.000000000,0.000000000,0.000000000,1.000000000
1403715388.302143097,0.626110000,1.682987000,1.698448000,0.000000000,0.000000000,0.000000000,1.000000000
1403715388.307142973,0.622574000,1.680845000,1.697173000,0.000000000,0.000000000,0.000000000,1.000000000
1403715388.312143087,0.619105000,1.678626000,1.695934000,0.000000000,0.000000000,0.000000000,1.000000000
1403715388.317143202,0.615633000,1.676398000,1.694691000,0.000000000,0.000000000,0.000000000,1.000000000
1403715388.322143078,0.612161000,1.674157000,1.693445000,0.000000000,0.000000000,0.000000000,1.000000000
1403715388.327142954,0.608699000,1.671900000,1.692205000,0.000000000,0.000000000,0.000000000,1.000000000
1403715388.332143307,0.605247000,1.669632000,1.690979000,0.000000000,0.000000000,0.000000000,1.000000000
1403715388.337143183,0.601807000,1.667359000,1.689775000,0.000000000,0.000000000,0.000000000,1.000000000
1403715388.342143059,0.598373000,1.665086000,1.688595000,0.000000000,0.000000000,0.000000000,1.000000000
1403715388.347142935,0.594935000,1.662809000,1.687424000,0.000000000,0.000000000,0.000000000,1.000000000
1403715388.352143288,0.591492000,1.660521000,1.686251000,0.000000000,0.000000000,0.000000000,1.000000000
1403715388.357143164,0.587967000,1.658311000,1.684993000,0.000000000,0.000000000,0.000000000,1.000000000
1403715388.362143040,0.584505000,1.656030000,1.683762000,0.000000000,0.000000000,0.000000000,1.000000000
1403715388.367142916,0.581054000,1.653750000,1.682510000,0.000000000,0.000000000,0.000000000,1.000000000
1403715388.372143269,0.577618000,1.651469000,1.681238000,0.000000000,0.000000000,0.000000000,1.000000000
1403715388.377142906,0.574192000,1.649183000,1.679956000,0.000000000,0.000000000,0.000000000,1.000000000
1403715388.382143021,0.570763000,1.646887000,1.678677000,0.000000000,0.000000000,0.000000000,1.000000000
1403715388.387142897,0.567324000,1.644583000,1.677408000,0.000000000,0.000000000,0.000000000,1.000000000
1403715388.392143250,0.563880000,1.642265000,1.676154000,0.000000000,0.000000000,0.000000000,1.000000000
1403715388.397142887,0.560436000,1.639936000,1.674917000,0.000000000,0.000000000,0.000000000,1.000000000
1403715388.402143002,0.556991000,1.637605000,1.673690000,0.000000000,0.000000000,0.000000000,1.000000000
1403715388.407143354,0.553468000,1.635356000,1.672399000,0.000000000,0.000000000,0.000000000,1.000000000
1403715388.412143230,0.550012000,1.633033000,1.671174000,0.000000000,0.000000000,0.000000000,1.000000000
1403715388.417143106,0.546557000,1.630708000,1.669952000,0.000000000,0.000000000,0.000000000,1.000000000
1403715388.422142982,0.543098000,1.628378000,1.668716000,0.000000000,0.000000000,0.000000000,1.000000000
1403715388.427143335,0.539636000,1.626040000,1.667468000,0.000000000,0.000000000,0.000000000,1.000000000
1403715388.432142973,0.536178000,1.623696000,1.666214000,0.000000000,0.000000000,0.000000000,1.000000000
1403715388.437143087,0.532728000,1.621348000,1.664953000,0.000000000,0.000000000,0.000000000,1.000000000
1403715388.442142963,0.529290000,1.618995000,1.663692000,0.000000000,0.000000000,0.000000000,1.000000000
1403715388.447143316,0.525862000,1.616640000,1.662437000,0.000000000,0.000000000,0.000000000,1.000000000
1403715388.452142954,0.522437000,1.614282000,1.661177000,0.000000000,0.000000000,0.000000000,1.000000000
1403715388.457143068,0.518931000,1.611993000,1.659845000,0.000000000,0.000000000,0.000000000,1.000000000
1403715388.462142944,0.515482000,1.609640000,1.658550000,0.000000000,0.000000000,0.000000000,1.000000000
1403715388.467143297,0.512037000,1.607288000,1.657222000,0.000000000,0.000000000,0.000000000,1.000000000
1403715388.472142935,0.508604000,1.604937000,1.655882000,0.000000000,0.000000000,0.000000000,1.000000000
1403715388.477143049,0.505188000,1.602588000,1.654542000,0.000000000,0.000000000,0.000000000,1.000000000
1403715388.482143164,0.501783000,1.600236000,1.653202000,0.000000000,0.000000000,0.000000000,1.000000000
1403715388.487143040,0.498381000,1.597880000,1.651863000,0.000000000,0.000000000,0.000000000,1.000000000
1403715388.492142916,0.494968000,1.595524000,1.650522000,0.000000000,0.000000000,0.000000000,1.000000000
1403715388.497143030,0.491541000,1.593159000,1.649189000,0.000000000,0.000000000,0.000000000,1.000000000
1403715388.502143145,0.488113000,1.590780000,1.647877000,0.000000000,0.000000000,0.000000000,1.000000000
1403715388.507143021,0.484616000,1.588465000,1.646516000,0.000000000,0.000000000,0.000000000,1.000000000
1403715388.512142897,0.481203000,1.586088000,1.645218000,0.000000000,0.000000000,0.000000000,1.000000000
1403715388.517143011,0.477813000,1.583709000,1.643920000,0.000000000,0.000000000,0.000000000,1.000000000
1403715388.522143126,0.474430000,1.581333000,1.642616000,0.000000000,0.000000000,0.000000000,1.000000000
1403715388.527143002,0.471042000,1.578960000,1.641312000,0.000000000,0.000000000,0.000000000,1.000000000
1403715388.532143116,0.467646000,1.576586000,1.640008000,0.000000000,0.000000000,0.000000000,1.000000000
1403715388.537143230,0.464244000,1.574208000,1.638706000,0.000000000,0.000000000,0.000000000,1.000000000
1403715388.542143345,0.460847000,1.571827000,1.637408000,0.000000000,0.000000000,0.000000000,1.000000000
1403715388.547142982,0.457462000,1.569447000,1.636115000,0.000000000,0.000000000,0.000000000,1.000000000
1403715388.552143097,0.454091000,1.567066000,1.634821000,0.000000000,0.000000000,0.000000000,1.000000000
1403715388.557143211,0.450656000,1.564744000,1.633472000,0.000000000,0.000000000,0.000000000,1.000000000
1403715388.562143087,0.447292000,1.562365000,1.632176000,0.000000000,0.000000000,0.000000000,1.000000000
1403715388.567142963,0.443914000,1.559987000,1.630875000,0.000000000,0.000000000,0.000000000,1.000000000
1403715388.572143078,0.440522000,1.557603000,1.629577000,0.000000000,0.000000000,0.000000000,1.000000000
1403715388.577143192,0.437123000,1.555217000,1.628290000,0.000000000,0.000000000,0.000000000,1.000000000
1403715388.582143068,0.433721000,1.552836000,1.627018000,0.000000000,0.000000000,0.000000000,1.000000000
1403715388.587142944,0.430327000,1.550460000,1.625748000,0.000000000,0.000000000,0.000000000,1.000000000
1403715388.592143297,0.426939000,1.548087000,1.624483000,0.000000000,0.000000000,0.000000000,1.000000000
1403715388.597143173,0.423552000,1.545708000,1.623233000,0.000000000,0.000000000,0.000000000,1.000000000
1403715388.602143049,0.420156000,1.543321000,1.621993000,0.000000000,0.000000000,0.000000000,1.000000000
1403715388.607142925,0.416666000,1.541001000,1.620710000,0.000000000,0.000000000,0.000000000,1.000000000
1403715388.612143278,0.413244000,1.538633000,1.619473000,0.000000000,0.000000000,0.000000000,1.000000000
1403715388.617143154,0.409832000,1.536267000,1.618230000,0.000000000,0.000000000,0.000000000,1.000000000
1403715388.622143030,0.406439000,1.533901000,1.616983000,0.000000000,0.000000000,0.000000000,1.000000000
1403715388.627142906,0.403059000,1.531535000,1.615740000,0.000000000,0.000000000,0.000000000,1.000000000
1403715388.632143259,0.399683000,1.529167000,1.614499000,0.000000000,0.000000000,0.000000000,1.000000000
1403715388.637142897,0.396311000,1.526794000,1.613256000,0.000000000,0.000000000,0.000000000,1.000000000
1403715388.642143011,0.392940000,1.524414000,1.612011000,0.000000000,0.000000000,0.000000000,1.000000000
1403715388.647142887,0.389570000,1.522034000,1.610772000,0.000000000,0.000000000,0.000000000,1.000000000
1403715388.652143240,0.386204000,1.519657000,1.609535000,0.000000000,0.000000000,0.000000000,1.000000000
1403715388.657143116,0.382753000,1.517343000,1.608245000,0.000000000,0.000000000,0.000000000,1.000000000
1403715388.662142992,0.379381000,1.514977000,1.607006000,0.000000000,0.000000000,0.000000000,1.000000000
1403715388.667143345,0.376015000,1.512610000,1.605785000,0.000000000,0.000000000,0.000000000,1.000000000
1403715388.672143221,0.372656000,1.510243000,1.604575000,0.000000000,0.000000000,0.000000000,1.000000000
1403715388.677143097,0.369302000,1.507872000,1.603368000,0.000000000,0.000000000,0.000000000,1.000000000
1403715388.682142973,0.365947000,1.505496000,1.602164000,0.000000000,0.000000000,0.000000000,1.000000000
1403715388.687143326,0.362587000,1.503119000,1.600975000,0.000000000,0.000000000,0.000000000,1.000000000
1403715388.692142963,0.359226000,1.500738000,1.599793000,0.000000000,0.000000000,0.000000000,1.000000000
1403715388.697143078,0.355868000,1.498353000,1.598608000,0.000000000,0.000000000,0.000000000,1.000000000
1403715388.702142954,0.352520000,1.495967000,1.597419000,0.000000000,0.000000000,0.000000000,1.000000000
1403715388.707143307,0.349090000,1.493653000,1.596184000,0.000000000,0.000000000,0.000000000,1.000000000
1403715388.712142944,0.345739000,1.491285000,1.594989000,0.000000000,0.000000000,0.000000000,1.000000000
1403715388.717143059,0.342388000,1.488912000,1.593809000,0.000000000,0.000000000,0.000000000,1.000000000
1403715388.722143173,0.339033000,1.486528000,1.592640000,0.000000000,0.000000000,0.000000000,1.000000000
1403715388.727143288,0.335672000,1.484135000,1.591479000,0.000000000,0.000000000,0.000000000,1.000000000
1403715388.732142925,0.332311000,1.481742000,1.590328000,0.000000000,0.000000000,0.000000000,1.000000000
1403715388.737143040,0.328957000,1.479348000,1.589183000,0.000000000,0.000000000,0.000000000,1.000000000
1403715388.742143154,0.325611000,1.476951000,1.588049000,0.000000000,0.000000000,0.000000000,1.000000000
1403715388.747143030,0.322273000,1.474551000,1.586925000,0.000000000,0.000000000,0.000000000,1.000000000
1403715388.752142906,0.318934000,1.472148000,1.585802000,0.000000000,0.000000000,0.000000000,1.000000000
1403715388.757143021,0.315501000,1.469821000,1.584651000,0.000000000,0.000000000,0.000000000,1.000000000
1403715388.762143135,0.312146000,1.467437000,1.583543000,0.000000000,0.000000000,0.000000000,1.000000000
1403715388.767143011,0.308794000,1.465057000,1.582434000,0.000000000,0.000000000,0.000000000,1.000000000
1403715388.772142887,0.305451000,1.462678000,1.581324000,0.000000000,0.000000000,0.000000000,1.000000000
1403715388.777143240,0.302120000,1.460300000,1.580225000,0.000000000,0.000000000,0.000000000,1.000000000
1403715388.782143354,0.298794000,1.457918000,1.579140000,0.000000000,0.000000000,0.000000000,1.000000000
1403715388.787142992,0.295468000,1.455534000,1.578064000,0.000000000,0.000000000,0.000000000,1.000000000
1403715388.792143106,0.292138000,1.453146000,1.576991000,0.000000000,0.000000000,0.000000000,1.000000000
1403715388.797143221,0.288812000,1.450753000,1.575928000,0.000000000,0.000000000,0.000000000,1.000000000
1403715388.802143097,0.285496000,1.448353000,1.574873000,0.000000000,0.000000000,0.000000000,1.000000000
1403715388.807142973,0.282103000,1.446032000,1.573794000,0.000000000,0.000000000,0.000000000,1.000000000
1403715388.812143087,0.278797000,1.443638000,1.572735000,0.000000000,0.000000000,0.000000000,1.000000000
1403715388.817143202,0.275497000,1.441240000,1.571679000,0.000000000,0.000000000,0.000000000,1.000000000
1403715388.822143078,0.272198000,1.438843000,1.570621000,0.000000000,0.000000000,0.000000000,1.000000000
1403715388.827142954,0.268898000,1.436441000,1.569559000,0.000000000,0.000000000,0.000000000,1.000000000
1403715388.832143307,0.265594000,1.434036000,1.568511000,0.000000000,0.000000000,0.000000000,1.000000000
1403715388.837143183,0.262292000,1.431635000,1.567491000,0.000000000,0.000000000,0.000000000,1.000000000
1403715388.842143059,0.258994000,1.429238000,1.566507000,0.000000000,0.000000000,0.000000000,1.000000000
1403715388.847142935,0.255699000,1.426841000,1.565548000,0.000000000,0.000000000,0.000000000,1.000000000
1403715388.852143288,0.252401000,1.424446000,1.564600000,0.000000000,0.000000000,0.000000000,1.000000000
1403715388.857143164,0.249009000,1.422151000,1.563652000,0.000000000,0.000000000,0.000000000,1.000000000
1403715388.862143040,0.245685000,1.419773000,1.562731000,0.000000000,0.000000000,0.000000000,1.000000000
1403715388.867142916,0.242360000,1.417391000,1.561826000,0.000000000,0.000000000,0.000000000,1.000000000
1403715388.872143269,0.239037000,1.415007000,1.560937000,0.000000000,0.000000000,0.000000000,1.000000000
1403715388.877142906,0.235714000,1.412617000,1.560067000,0.000000000,0.000000000,0.000000000,1.000000000
1403715388.882143021,0.232392000,1.410222000,1.559225000,0.000000000,0.000000000,0.000000000,1.000000000
1403715388.887142897,0.229074000,1.407829000,1.558424000,0.000000000,0.000000000,0.000000000,1.000000000
1403715388.892143250,0.225763000,1.405439000,1.557655000,0.000000000,0.000000000,0.000000000,1.000000000
1403715388.897142887,0.222461000,1.403049000,1.556903000,0.000000000,0.000000000,0.000000000,1.000000000
1403715388.902143002,0.219167000,1.400662000,1.556165000,0.000000000,0.000000000,0.000000000,1.000000000
1403715388.907143354,0.215797000,1.398391000,1.555430000,0.000000000,0.000000000,0.000000000,1.000000000
1403715388.912143230,0.212503000,1.396036000,1.554712000,0.000000000,0.000000000,0.000000000,1.000000000
1403715388.917143106,0.209209000,1.393685000,1.554016000,0.000000000,0.000000000,0.000000000,1.000000000
1403715388.922142982,0.205919000,1.391332000,1.553342000,0.000000000,0.000000000,0.000000000,1.000000000
1403715388.927143335,0.202628000,1.388974000,1.552692000,0.000000000,0.000000000,0.000000000,1.000000000
1403715388.932142973,0.199336000,1.386603000,1.552068000,0.000000000,0.000000000,0.000000000,1.000000000
1403715388.937143087,0.196042000,1.384223000,1.551481000,0.000000000,0.000000000,0.000000000,1.000000000
1403715388.942142963,0.192752000,1.381843000,1.550935000,0.000000000,0.000000000,0.000000000,1.000000000
1403715388.947143316,0.189469000,1.379465000,1.550422000,0.000000000,0.000000000,0.000000000,1.000000000
1403715388.952142954,0.186192000,1.377080000,1.549930000,0.000000000,0.000000000,0.000000000,1.000000000
1403715388.957143068,0.182836000,1.374801000,1.549455000,0.000000000,0.000000000,0.000000000,1.000000000
1403715388.962142944,0.179551000,1.372409000,1.548993000,0.000000000,0.000000000,0.000000000,1.000000000
1403715388.967143297,0.176264000,1.370010000,1.548540000,0.000000000,0.000000000,0.000000000,1.000000000
1403715388.972142935,0.172974000,1.367613000,1.548097000,0.000000000,0.000000000,0.000000000,1.000000000
1403715388.977143049,0.169683000,1.365216000,1.547678000,0.000000000,0.000000000,0.000000000,1.000000000
1403715388.982143164,0.166401000,1.362822000,1.547298000,0.000000000,0.000000000,0.000000000,1.000000000
1403715388.987143040,0.163128000,1.360426000,1.546955000,0.000000000,0.000000000,0.000000000,1.000000000
1403715388.992142916,0.159863000,1.358019000,1.546646000,0.000000000,0.000000000,0.000000000,1.000000000
1403715388.997143030,0.156597000,1.355601000,1.546384000,0.000000000,0.000000000,0.000000000,1.000000000
1403715389.002143145,0.153328000,1.353177000,1.546158000,0.000000000,0.000000000,0.000000000,1.000000000
1403715389.007143021,0.149982000,1.350883000,1.545977000,0.000000000,0.000000000,0.000000000,1.000000000
1403715389.012142897,0.146711000,1.348478000,1.545825000,0.000000000,0.000000000,0.000000000,1.000000000
1403715389.017143011,0.143451000,1.346063000,1.545708000,0.000000000,0.000000000,0.000000000,1.000000000
1403715389.022143126,0.140199000,1.343638000,1.545621000,0.000000000,0.000000000,0.000000000,1.000000000
1403715389.027143002,0.136952000,1.341209000,1.545559000,0.000000000,0.000000000,0.000000000,1.000000000
1403715389.032143116,0.133709000,1.338778000,1.545519000,0.000000000,0.000000000,0.000000000,1.000000000
1403715389.037143230,0.130471000,1.336345000,1.545503000,0.000000000,0.000000000,0.000000000,1.000000000
1403715389.042143345,0.127246000,1.333915000,1.545512000,0.000000000,0.000000000,0.000000000,1.000000000
1403715389.047142982,0.124025000,1.331483000,1.545551000,0.000000000,0.000000000,0.000000000,1.000000000
1403715389.052143097,0.120801000,1.329046000,1.545623000,0.000000000,0.000000000,0.000000000,1.000000000
1403715389.057143211,0.117499000,1.326742000,1.545749000,0.000000000,0.000000000,0.000000000,1.000000000
1403715389.062143087,0.114268000,1.324326000,1.545904000,0.000000000,0.000000000,0.000000000,1.000000000
1403715389.067142963,0.111037000,1.321910000,1.546103000,0.000000000,0.000000000,0.000000000,1.000000000
1403715389.072143078,0.107806000,1.319499000,1.546351000,0.000000000,0.000000000,0.000000000,1.000000000
1403715389.077143192,0.104577000,1.317090000,1.546628000,0.000000000,0.000000000,0.000000000,1.000000000
1403715389.082143068,0.101353000,1.314684000,1.546921000,0.000000000,0.000000000,0.000000000,1.000000000
1403715389.087142944,0.098141000,1.312274000,1.547238000,0.000000000,0.000000000,0.000000000,1.000000000
1403715389.092143297,0.094941000,1.309856000,1.547582000,0.000000000,0.000000000,0.000000000,1.000000000
1403715389.097143173,0.091748000,1.307430000,1.547950000,0.000000000,0.000000000,0.000000000,1.000000000
1403715389.102143049,0.088561000,1.304989000,1.548344000,0.000000000,0.000000000,0.000000000,1.000000000
1403715389.107142925,0.085296000,1.302673000,1.548794000,0.000000000,0.000000000,0.000000000,1.000000000
1403715389.112143278,0.082098000,1.300248000,1.549263000,0.000000000,0.000000000,0.000000000,1.000000000
1403715389.117143154,0.078905000,1.297825000,1.549770000,0.000000000,0.000000000,0.000000000,1.000000000
1403715389.122143030,0.075721000,1.295405000,1.550314000,0.000000000,0.000000000,0.000000000,1.000000000
1403715389.127142906,0.072545000,1.292989000,1.550879000,0.000000000,0.000000000,0.000000000,1.000000000
1403715389.132143259,0.069371000,1.290579000,1.551464000,0.000000000,0.000000000,0.000000000,1.000000000
1403715389.137142897,0.066198000,1.288169000,1.552067000,0.000000000,0.000000000,0.000000000,1.000000000
1403715389.142143011,0.063024000,1.285748000,1.552686000,0.000000000,0.000000000,0.000000000,1.000000000
1403715389.147142887,0.059853000,1.283320000,1.553319000,0.000000000,0.000000000,0.000000000,1.000000000
1403715389.152143240,0.056686000,1.280896000,1.553960000,0.000000000,0.000000000,0.000000000,1.000000000
1403715389.157143116,0.053437000,1.278612000,1.554600000,0.000000000,0.000000000,0.000000000,1.000000000
1403715389.162142992,0.050273000,1.276225000,1.555216000,0.000000000,0.000000000,0.000000000,1.000000000
1403715389.167143345,0.047125000,1.273832000,1.555845000,0.000000000,0.000000000,0.000000000,1.000000000
1403715389.172143221,0.043984000,1.271435000,1.556486000,0.000000000,0.000000000,0.000000000,1.000000000
1403715389.177143097,0.040844000,1.269038000,1.557129000,0.000000000,0.000000000,0.000000000,1.000000000
1403715389.182142973,0.037702000,1.266640000,1.557779000,0.000000000,0.000000000,0.000000000,1.000000000
1403715389.187143326,0.034563000,1.264237000,1.558444000,0.000000000,0.000000000,0.000000000,1.000000000
1403715389.192142963,0.031433000,1.261828000,1.559122000,0.000000000,0.000000000,0.000000000,1.000000000
1403715389.197143078,0.028318000,1.259411000,1.559802000,0.000000000,0.000000000,0.000000000,1.000000000
1403715389.202142954,0.025148000,1.257086000,1.560485000,0.000000000,0.000000000,0.000000000,1.000000000
1403715389.207143307,0.022042000,1.254681000,1.561149000,0.000000000,0.000000000,0.000000000,1.000000000
1403715389.212142944,0.018942000,1.252276000,1.561810000,0.000000000,0.000000000,0.000000000,1.000000000
1403715389.217143059,0.015842000,1.249871000,1.562461000,0.000000000,0.000000000,0.000000000,1.000000000
1403715389.222143173,0.012736000,1.247470000,1.563107000,0.000000000,0.000000000,0.000000000,1.000000000
1403715389.227143288,0.009626000,1.245076000,1.563754000,0.000000000,0.000000000,0.000000000,1.000000000
1403715389.232142925,0.006519000,1.242690000,1.564405000,0.000000000,0.000000000,0.000000000,1.000000000
1403715389.237143040,0.003427000,1.240314000,1.565070000,0.000000000,0.000000000,0.000000000,1.000000000
1403715389.242143154,0.000360000,1.237942000,1.565745000,0.000000000,0.000000000,0.000000000,1.000000000
1403715389.247143030,-0.002688000,1.235570000,1.566418000,0.000000000,0.000000000,0.000000000,1.000000000
1403715389.252142906,-0.005729000,1.233200000,1.567083000,0.000000000,0.000000000,0.000000000,1.000000000
1403715389.257143021,-0.008864000,1.230948000,1.567750000,0.000000000,0.000000000,0.000000000,1.000000000
1403715389.262143135,-0.011927000,1.228612000,1.568404000,0.000000000,0.000000000,0.000000000,1.000000000
1403715389.267143011,-0.014984000,1.226284000,1.569055000,0.000000000,0.000000000,0.000000000,1.000000000
1403715389.272142887,-0.018033000,1.223963000,1.569700000,0.000000000,0.000000000,0.000000000,1.000000000
1403715389.277143240,-0.021068000,1.221648000,1.570341000,0.000000000,0.000000000,0.000000000,1.000000000
1403715389.282143354,-0.024094000,1.219339000,1.570978000,0.000000000,0.000000000,0.000000000,1.000000000
1403715389.287142992,-0.027114000,1.217038000,1.571607000,0.000000000,0.000000000,0.000000000,1.000000000
1403715389.292143106,-0.030130000,1.214745000,1.572235000,0.000000000,0.000000000,0.000000000,1.000000000
1403715389.297143221,-0.033145000,1.212458000,1.572862000,0.000000000,0.000000000,0.000000000,1.000000000
1403715389.302143097,-0.036160000,1.210176000,1.573487000,0.000000000,0.000000000,0.000000000,1.000000000
1403715389.307142973,-0.039259000,1.207995000,1.574114000,0.000000000,0.000000000,0.000000000,1.000000000
1403715389.312143087,-0.042275000,1.205733000,1.574733000,0.000000000,0.000000000,0.000000000,1.000000000
1403715389.317143202,-0.045273000,1.203471000,1.575344000,0.000000000,0.000000000,0.000000000,1.000000000
1403715389.322143078,-0.048257000,1.201208000,1.575946000,0.000000000,0.000000000,0.000000000,1.000000000
1403715389.327142954,-0.051234000,1.198946000,1.576543000,0.000000000,0.000000000,0.000000000,1.000000000
1403715389.332143307,-0.054206000,1.196687000,1.577130000,0.000000000,0.000000000,0.000000000,1.000000000
1403715389.337143183,-0.057171000,1.194426000,1.577705000,0.000000000,0.000000000,0.000000000,1.000000000
1403715389.342143059,-0.060122000,1.192159000,1.578281000,0.000000000,0.000000000,0.000000000,1.000000000
1403715389.347142935,-0.063061000,1.189891000,1.578864000,0.000000000,0.000000000,0.000000000,1.000000000
1403715389.352143288,-0.065990000,1.187626000,1.579447000,0.000000000,0.000000000,0.000000000,1.000000000
1403715389.357143164,-0.068999000,1.185451000,1.580028000,0.000000000,0.000000000,0.000000000,1.000000000
1403715389.362143040,-0.071931000,1.183198000,1.580608000,0.000000000,0.000000000,0.000000000,1.000000000
1403715389.367142916,-0.074856000,1.180942000,1.581184000,0.000000000,0.000000000,0.000000000,1.000000000
1403715389.372143269,-0.077777000,1.178688000,1.581741000,0.000000000,0.000000000,0.000000000,1.000000000
1403715389.377142906,-0.080691000,1.176433000,1.582273000,0.000000000,0.000000000,0.000000000,1.000000000
1403715389.382143021,-0.083591000,1.174181000,1.582792000,0.000000000,0.000000000,0.000000000,1.000000000
1403715389.387142897,-0.086485000,1.171934000,1.583304000,0.000000000,0.000000000,0.000000000,1.000000000
1403715389.392143250,-0.089374000,1.169690000,1.583819000,0.000000000,0.000000000,0.000000000,1.000000000
1403715389.397142887,-0.092255000,1.167448000,1.584343000,0.000000000,0.000000000,0.000000000,1.000000000
1403715389.402143002,-0.095125000,1.165208000,1.584872000,0.000000000,0.000000000,0.000000000,1.000000000
1403715389.407143354,-0.098071000,1.163055000,1.585396000,0.000000000,0.000000000,0.000000000,1.000000000
1403715389.412143230,-0.100932000,1.160831000,1.585916000,0.000000000,0.000000000,0.000000000,1.000000000
1403715389.417143106,-0.103782000,1.158606000,1.586423000,0.000000000,0.000000000,0.000000000,1.000000000
1403715389.422142982,-0.106618000,1.156383000,1.586914000,0.000000000,0.000000000,0.000000000,1.000000000
1403715389.427143335,-0.109446000,1.154165000,1.587390000,0.000000000,0.000000000,0.000000000,1.000000000
1403715389.432142973,-0.112267000,1.151948000,1.587851000,0.000000000,0.000000000,0.000000000,1.000000000
1403715389.437143087,-0.115079000,1.149730000,1.588298000,0.000000000,0.000000000,0.000000000,1.000000000
1403715389.442142963,-0.117886000,1.147508000,1.588733000,0.000000000,0.000000000,0.000000000,1.000000000
1403715389.447143316,-0.120687000,1.145283000,1.589171000,0.000000000,0.000000000,0.000000000,1.000000000
1403715389.452142954,-0.123480000,1.143060000,1.589608000,0.000000000,0.000000000,0.000000000,1.000000000
1403715389.457143068,-0.126353000,1.140920000,1.590026000,0.000000000,0.000000000,0.000000000,1.000000000
1403715389.462142944,-0.129139000,1.138719000,1.590452000,0.000000000,0.000000000,0.000000000,1.000000000
1403715389.467143297,-0.131916000,1.136518000,1.590874000,0.000000000,0.000000000,0.000000000,1.000000000
1403715389.472142935,-0.134682000,1.134318000,1.591292000,0.000000000,0.000000000,0.000000000,1.000000000
1403715389.477143049,-0.137438000,1.132123000,1.591707000,0.000000000,0.000000000,0.000000000,1.000000000
1403715389.482143164,-0.140185000,1.129934000,1.592126000,0.000000000,0.000000000,0.000000000,1.000000000
1403715389.487143040,-0.142925000,1.127747000,1.592547000,0.000000000,0.000000000,0.000000000,1.000000000
1403715389.492142916,-0.145655000,1.125560000,1.592969000,0.000000000,0.000000000,0.000000000,1.000000000
1403715389.497143030,-0.148376000,1.123370000,1.593395000,0.000000000,0.000000000,0.000000000,1.000000000
1403715389.502143145,-0.151087000,1.121179000,1.593824000,0.000000000,0.000000000,0.000000000,1.000000000
1403715389.507143021,-0.153874000,1.119064000,1.594232000,0.000000000,0.000000000,0.000000000,1.000000000
1403715389.512142897,-0.156572000,1.116886000,1.594643000,0.000000000,0.000000000,0.000000000,1.000000000
1403715389.517143011,-0.159261000,1.114708000,1.595044000,0.000000000,0.000000000,0.000000000,1.000000000
1403715389.522143126,-0.161939000,1.112530000,1.595438000,0.000000000,0.000000000,0.000000000,1.000000000
1403715389.527143002,-0.164611000,1.110357000,1.595827000,0.000000000,0.000000000,0.000000000,1.000000000
1403715389.532143116,-0.167287000,1.108193000,1.596206000,0.000000000,0.000000000,0.000000000,1.000000000
1403715389.537143230,-0.169961000,1.106035000,1.596581000,0.000000000,0.000000000,0.000000000,1.000000000
1403715389.542143345,-0.172625000,1.103879000,1.596958000,0.000000000,0.000000000,0.000000000,1.000000000
1403715389.547142982,-0.175277000,1.101721000,1.597325000,0.000000000,0.000000000,0.000000000,1.000000000
1403715389.552143097,-0.177921000,1.099559000,1.597683000,0.000000000,0.000000000,0.000000000,1.000000000
1403715389.557143211,-0.180660000,1.097464000,1.598018000,0.000000000,0.000000000,0.000000000,1.000000000
1403715389.562143087,-0.183313000,1.095316000,1.598379000,0.000000000,0.000000000,0.000000000,1.000000000
1403715389.567142963,-0.185954000,1.093168000,1.598745000,0.000000000,0.000000000,0.000000000,1.000000000
1403715389.572143078,-0.188580000,1.091024000,1.599113000,0.000000000,0.000000000,0.000000000,1.000000000
1403715389.577143192,-0.191187000,1.088883000,1.599478000,0.000000000,0.000000000,0.000000000,1.000000000
1403715389.582143068,-0.193771000,1.086742000,1.599841000,0.000000000,0.000000000,0.000000000,1.000000000
1403715389.587142944,-0.196345000,1.084602000,1.600205000,0.000000000,0.000000000,0.000000000,1.000000000
1403715389.592143297,-0.198918000,1.082464000,1.600565000,0.000000000,0.000000000,0.000000000,1.000000000
1403715389.597143173,-0.201487000,1.080327000,1.600913000,0.000000000,0.000000000,0.000000000,1.000000000
1403715389.602143049,-0.204047000,1.078186000,1.601250000,0.000000000,0.000000000,0.000000000,1.000000000
1403715389.607142925,-0.206686000,1.076106000,1.601552000,0.000000000,0.000000000,0.000000000,1.000000000
1403715389.612143278,-0.209217000,1.073974000,1.601871000,0.000000000,0.000000000,0.000000000,1.000000000
1403715389.617143154,-0.211723000,1.071846000,1.602184000,0.000000000,0.000000000,0.000000000,1.000000000
1403715389.622143030,-0.214219000,1.069722000,1.602484000,0.000000000,0.000000000,0.000000000,1.000000000
1403715389.627142906,-0.216714000,1.067597000,1.602774000,0.000000000,0.000000000,0.000000000,1.000000000
1403715389.632143259,-0.219208000,1.065465000,1.603058000,0.000000000,0.000000000,0.000000000,1.000000000
1403715389.637142897,-0.221697000,1.063325000,1.603336000,0.000000000,0.000000000,0.000000000,1.000000000
1403715389.642143011,-0.224180000,1.061189000,1.603612000,0.000000000,0.000000000,0.000000000,1.000000000
1403715389.647142887,-0.226650000,1.059057000,1.603880000,0.000000000,0.000000000,0.000000000,1.000000000
1403715389.652143240,-0.229104000,1.056926000,1.604147000,0.000000000,0.000000000,0.000000000,1.000000000
1403715389.657143116,-0.231642000,1.054855000,1.604378000,0.000000000,0.000000000,0.000000000,1.000000000
1403715389.662142992,-0.234087000,1.052741000,1.604629000,0.000000000,0.000000000,0.000000000,1.000000000
1403715389.667143345,-0.236528000,1.050629000,1.604876000,0.000000000,0.000000000,0.000000000,1.000000000
1403715389.672143221,-0.238965000,1.048516000,1.605117000,0.000000000,0.000000000,0.000000000,1.000000000
1403715389.677143097,-0.241394000,1.046401000,1.605356000,0.000000000,0.000000000,0.000000000,1.000000000
1403715389.682142973,-0.243811000,1.044287000,1.605594000,0.000000000,0.000000000,0.000000000,1.000000000
1403715389.687143326,-0.246213000,1.042171000,1.605831000,0.000000000,0.000000000,0.000000000,1.000000000
1403715389.692142963,-0.248603000,1.040043000,1.606076000,0.000000000,0.000000000,0.000000000,1.000000000
1403715389.697143078,-0.250989000,1.037909000,1.606327000,0.000000000,0.000000000,0.000000000,1.000000000
1403715389.702142954,-0.253374000,1.035770000,1.606564000,0.000000000,0.000000000,0.000000000,1.000000000
1403715389.707143307,-0.255854000,1.033685000,1.606756000,0.000000000,0.000000000,0.000000000,1.000000000
1403715389.712142944,-0.258247000,1.031557000,1.606965000,0.000000000,0.000000000,0.000000000,1.000000000
1403715389.717143059,-0.260635000,1.029433000,1.607163000,0.000000000,0.000000000,0.000000000,1.000000000
1403715389.722143173,-0.263014000,1.027312000,1.607357000,0.000000000,0.000000000,0.000000000,1.000000000
1403715389.727143288,-0.265380000,1.025192000,1.607550000,0.000000000,0.000000000,0.000000000,1.000000000
1403715389.732142925,-0.267737000,1.023070000,1.607738000,0.000000000,0.000000000,0.000000000,1.000000000
1403715389.737143040,-0.270090000,1.020949000,1.607915000,0.000000000,0.000000000,0.000000000,1.000000000
1403715389.742143154,-0.272442000,1.018828000,1.608085000,0.000000000,0.000000000,0.000000000,1.000000000
1403715389.747143030,-0.274791000,1.016708000,1.608254000,0.000000000,0.000000000,0.000000000,1.000000000
1403715389.752142906,-0.277132000,1.014589000,1.608425000,0.000000000,0.000000000,0.000000000,1.000000000
1403715389.757143021,-0.279561000,1.012523000,1.608565000,0.000000000,0.000000000,0.000000000,1.000000000
1403715389.762143135,-0.281897000,1.010414000,1.608740000,0.000000000,0.000000000,0.000000000,1.000000000
1403715389.767143011,-0.284224000,1.008299000,1.608911000,0.000000000,0.000000000,0.000000000,1.000000000
1403715389.772142887,-0.286546000,1.006181000,1.609076000,0.000000000,0.000000000,0.000000000,1.000000000
1403715389.777143240,-0.288871000,1.004065000,1.609232000,0.000000000,0.000000000,0.000000000,1.000000000
1403715389.782143354,-0.291196000,1.001952000,1.609378000,0.000000000,0.000000000,0.000000000,1.000000000
1403715389.787142992,-0.293514000,0.999839000,1.609519000,0.000000000,0.000000000,0.000000000,1.000000000
1403715389.792143106,-0.295819000,0.997728000,1.609661000,0.000000000,0.000000000,0.000000000,1.000000000
1403715389.797143221,-0.298111000,0.995618000,1.609801000,0.000000000,0.000000000,0.000000000,1.000000000
1403715389.802143097,-0.300394000,0.993510000,1.609937000,0.000000000,0.000000000,0.000000000,1.000000000
1403715389.807142973,-0.302771000,0.991455000,1.610031000,0.000000000,0.000000000,0.000000000,1.000000000
1403715389.812143087,-0.305073000,0.989360000,1.610146000,0.000000000,0.000000000,0.000000000,1.000000000
1403715389.817143202,-0.307377000,0.987266000,1.610249000,0.000000000,0.000000000,0.000000000,1.000000000
1403715389.822143078,-0.309675000,0.985172000,1.610341000,0.000000000,0.000000000,0.000000000,1.000000000
1403715389.827142954,-0.311962000,0.983079000,1.610421000,0.000000000,0.000000000,0.000000000,1.000000000
1403715389.832143307,-0.314237000,0.980988000,1.610489000,0.000000000,0.000000000,0.000000000,1.000000000
1403715389.837143183,-0.316504000,0.978896000,1.610543000,0.000000000,0.000000000,0.000000000,1.000000000
1403715389.842143059,-0.318767000,0.976800000,1.610580000,0.000000000,0.000000000,0.000000000,1.000000000
1403715389.847142935,-0.321030000,0.974706000,1.610606000,0.000000000,0.000000000,0.000000000,1.000000000
1403715389.852143288,-0.323301000,0.972612000,1.610627000,0.000000000,0.000000000,0.000000000,1.000000000
1403715389.857143164,-0.325670000,0.970562000,1.610618000,0.000000000,0.000000000,0.000000000,1.000000000
1403715389.862143040,-0.327953000,0.968469000,1.610643000,0.000000000,0.000000000,0.000000000,1.000000000
1403715389.867142916,-0.330227000,0.966376000,1.610667000,0.000000000,0.000000000,0.000000000,1.000000000
1403715389.872143269,-0.332494000,0.964283000,1.610690000,0.000000000,0.000000000,0.000000000,1.000000000
1403715389.877142906,-0.334755000,0.962189000,1.610710000,0.000000000,0.000000000,0.000000000,1.000000000
1403715389.882143021,-0.337012000,0.960093000,1.610723000,0.000000000,0.000000000,0.000000000,1.000000000
1403715389.887142897,-0.339268000,0.957999000,1.610723000,0.000000000,0.000000000,0.000000000,1.000000000
1403715389.892143250,-0.341523000,0.955910000,1.610713000,0.000000000,0.000000000,0.000000000,1.000000000
1403715389.897142887,-0.343775000,0.953826000,1.610697000,0.000000000,0.000000000,0.000000000,1.000000000
1403715389.902143002,-0.346023000,0.951737000,1.610679000,0.000000000,0.000000000,0.000000000,1.000000000
1403715389.907143354,-0.348358000,0.949685000,1.610634000,0.000000000,0.000000000,0.000000000,1.000000000
1403715389.912143230,-0.350607000,0.947583000,1.610619000,0.000000000,0.000000000,0.000000000,1.000000000
1403715389.917143106,-0.352854000,0.945475000,1.610599000,0.000000000,0.000000000,0.000000000,1.000000000
1403715389.922142982,-0.355100000,0.943367000,1.610573000,0.000000000,0.000000000,0.000000000,1.000000000
1403715389.927143335,-0.357343000,0.941262000,1.610539000,0.000000000,0.000000000,0.000000000,1.000000000
1403715389.932142973,-0.359584000,0.939156000,1.610498000,0.000000000,0.000000000,0.000000000,1.000000000
1403715389.937143087,-0.361823000,0.937047000,1.610453000,0.000000000,0.000000000,0.000000000,1.000000000
1403715389.942142963,-0.364059000,0.934930000,1.610405000,0.000000000,0.000000000,0.000000000,1.000000000
1403715389.947143316,-0.366295000,0.932805000,1.610355000,0.000000000,0.000000000,0.000000000,1.000000000
1403715389.952142954,-0.368532000,0.930679000,1.610299000,0.000000000,0.000000000,0.000000000,1.000000000
1403715389.957143068,-0.370862000,0.928602000,1.610208000,0.000000000,0.000000000,0.000000000,1.000000000
1403715389.962142944,-0.373103000,0.926485000,1.610131000,0.000000000,0.000000000,0.000000000,1.000000000
1403715389.967143297,-0.375338000,0.924370000,1.610049000,0.000000000,0.000000000,0.000000000,1.000000000
1403715389.972142935,-0.377568000,0.922250000,1.609970000,0.000000000,0.000000000,0.000000000,1.000000000
1403715389.977143049,-0.379795000,0.920123000,1.609884000,0.000000000,0.000000000,0.000000000,1.000000000
1403715389.982143164,-0.382019000,0.917988000,1.609781000,0.000000000,0.000000000,0.000000000,1.000000000
1403715389.987143040,-0.384238000,0.915854000,1.609655000,0.000000000,0.000000000,0.000000000,1.000000000
1403715389.992142916,-0.386452000,0.913720000,1.609518000,0.000000000,0.000000000,0.000000000,1.000000000
1403715389.997143030,-0.388657000,0.911580000,1.609385000,0.000000000,0.000000000,0.000000000,1.000000000
1403715390.002143145,-0.390854000,0.909426000,1.609251000,0.000000000,0.000000000,0.000000000,1.000000000
1403715390.007143021,-0.393152000,0.907317000,1.609085000,0.000000000,0.000000000,0.000000000,1.000000000
1403715390.012142897,-0.395374000,0.905170000,1.608913000,0.000000000,0.000000000,0.000000000,1.000000000
1403715390.017143011,-0.397602000,0.903026000,1.608713000,0.000000000,0.000000000,0.000000000,1.000000000
1403715390.022143126,-0.399819000,0.900877000,1.608513000,0.000000000,0.000000000,0.000000000,1.000000000
1403715390.027143002,-0.402025000,0.898717000,1.608317000,0.000000000,0.000000000,0.000000000,1.000000000
1403715390.032143116,-0.404224000,0.896542000,1.608124000,0.000000000,0.000000000,0.000000000,1.000000000
1403715390.037143230,-0.406416000,0.894352000,1.607928000,0.000000000,0.000000000,0.000000000,1.000000000
1403715390.042143345,-0.408597000,0.892158000,1.607722000,0.000000000,0.000000000,0.000000000,1.000000000
1403715390.047142982,-0.410765000,0.889965000,1.607509000,0.000000000,0.000000000,0.000000000,1.000000000
1403715390.052143097,-0.412930000,0.887774000,1.607292000,0.000000000,0.000000000,0.000000000,1.000000000
1403715390.057143211,-0.415200000,0.885636000,1.607041000,0.000000000,0.000000000,0.000000000,1.000000000
1403715390.062143087,-0.417381000,0.883455000,1.606807000,0.000000000,0.000000000,0.000000000,1.000000000
1403715390.067142963,-0.419556000,0.881270000,1.606569000,0.000000000,0.000000000,0.000000000,1.000000000
1403715390.072143078,-0.421717000,0.879081000,1.606338000,0.000000000,0.000000000,0.000000000,1.000000000
1403715390.077143192,-0.423865000,0.876882000,1.606117000,0.000000000,0.000000000,0.000000000,1.000000000
1403715390.082143068,-0.426003000,0.874671000,1.605907000,0.000000000,0.000000000,0.000000000,1.000000000
1403715390.087142944,-0.428137000,0.872448000,1.605700000,0.000000000,0.000000000,0.000000000,1.000000000
1403715390.092143297,-0.430268000,0.870215000,1.605488000,0.000000000,0.000000000,0.000000000,1.000000000
1403715390.097143173,-0.432395000,0.867973000,1.605260000,0.000000000,0.000000000,0.000000000,1.000000000
1403715390.102143049,-0.434512000,0.865715000,1.605029000,0.000000000,0.000000000,0.000000000,1.000000000
1403715390.107142925,-0.436722000,0.863496000,1.604786000,0.000000000,0.000000000,0.000000000,1.000000000
1403715390.112143278,-0.438826000,0.861227000,1.604575000,0.000000000,0.000000000,0.000000000,1.000000000
1403715390.117143154,-0.440920000,0.858948000,1.604362000,0.000000000,0.000000000,0.000000000,1.000000000
1403715390.122143030,-0.443009000,0.856655000,1.604147000,0.000000000,0.000000000,0.000000000,1.000000000
1403715390.127142906,-0.445089000,0.854353000,1.603921000,0.000000000,0.000000000,0.000000000,1.000000000
1403715390.132143259,-0.447153000,0.852040000,1.603689000,0.000000000,0.000000000,0.000000000,1.000000000
1403715390.137142897,-0.449203000,0.849721000,1.603455000,0.000000000,0.000000000,0.000000000,1.000000000
1403715390.142143011,-0.451241000,0.847397000,1.603208000,0.000000000,0.000000000,0.000000000,1.000000000
1403715390.147142887,-0.453270000,0.845065000,1.602950000,0.000000000,0.000000000,0.000000000,1.000000000
1403715390.152143240,-0.455290000,0.842727000,1.602690000,0.000000000,0.000000000,0.000000000,1.000000000
1403715390.157143116,-0.457414000,0.840423000,1.602393000,0.000000000,0.000000000,0.000000000,1.000000000
1403715390.162142992,-0.459422000,0.838062000,1.602123000,0.000000000,0.000000000,0.000000000,1.000000000
1403715390.167143345,-0.461416000,0.835694000,1.601860000,0.000000000,0.000000000,0.000000000,1.000000000
1403715390.172143221,-0.463403000,0.833316000,1.601598000,0.000000000,0.000000000,0.000000000,1.000000000
1403715390.177143097,-0.465379000,0.830924000,1.601336000,0.000000000,0.000000000,0.000000000,1.000000000
1403715390.182142973,-0.467337000,0.828519000,1.601068000,0.000000000,0.000000000,0.000000000,1.000000000
1403715390.187143326,-0.469277000,0.826100000,1.600789000,0.000000000,0.000000000,0.000000000,1.000000000
1403715390.192142963,-0.471206000,0.823677000,1.600503000,0.000000000,0.000000000,0.000000000,1.000000000
1403715390.197143078,-0.473132000,0.821258000,1.600216000,0.000000000,0.000000000,0.000000000,1.000000000
1403715390.202142954,-0.475043000,0.818833000,1.599929000,0.000000000,0.000000000,0.000000000,1.000000000
1403715390.207143307,-0.477054000,0.816443000,1.599599000,0.000000000,0.000000000,0.000000000,1.000000000
1403715390.212142944,-0.478943000,0.813997000,1.599276000,0.000000000,0.000000000,0.000000000,1.000000000
1403715390.217143059,-0.480814000,0.811544000,1.598932000,0.000000000,0.000000000,0.000000000,1.000000000
1403715390.222143173,-0.482681000,0.809095000,1.598574000,0.000000000,0.000000000,0.000000000,1.000000000
1403715390.227143288,-0.484538000,0.806643000,1.598219000,0.000000000,0.000000000,0.000000000,1.000000000
1403715390.232142925,-0.486378000,0.804173000,1.597877000,0.000000000,0.000000000,0.000000000,1.000000000
1403715390.237143040,-0.488199000,0.801682000,1.597534000,0.000000000,0.000000000,0.000000000,1.000000000
1403715390.242143154,-0.489997000,0.799178000,1.597180000,0.000000000,0.000000000,0.000000000,1.000000000
1403715390.247143030,-0.491775000,0.796676000,1.596817000,0.000000000,0.000000000,0.000000000,1.000000000
1403715390.252142906,-0.493538000,0.794182000,1.596450000,0.000000000,0.000000000,0.000000000,1.000000000
1403715390.257143021,-0.495406000,0.791725000,1.596042000,0.000000000,0.000000000,0.000000000,1.000000000
1403715390.262143135,-0.497157000,0.789203000,1.595668000,0.000000000,0.000000000,0.000000000,1.000000000
1403715390.267143011,-0.498891000,0.786658000,1.595287000,0.000000000,0.000000000,0.000000000,1.000000000
1403715390.272142887,-0.500604000,0.784096000,1.594901000,0.000000000,0.000000000,0.000000000,1.000000000
1403715390.277143240,-0.502287000,0.781527000,1.594518000,0.000000000,0.000000000,0.000000000,1.000000000
1403715390.282143354,-0.503941000,0.778948000,1.594145000,0.000000000,0.000000000,0.000000000,1.000000000
1403715390.287142992,-0.505574000,0.776355000,1.593781000,0.000000000,0.000000000,0.000000000,1.000000000
1403715390.292143106,-0.507190000,0.773748000,1.593416000,0.000000000,0.000000000,0.000000000,1.000000000
1403715390.297143221,-0.508798000,0.771135000,1.593057000,0.000000000,0.000000000,0.000000000,1.000000000
1403715390.302143097,-0.510399000,0.768522000,1.592712000,0.000000000,0.000000000,0.000000000,1.000000000
1403715390.307142973,-0.512107000,0.765950000,1.592343000,0.000000000,0.000000000,0.000000000,1.000000000
1403715390.312143087,-0.513702000,0.763325000,1.592026000,0.000000000,0.000000000,0.000000000,1.000000000
1403715390.317143202,-0.515286000,0.760688000,1.591705000,0.000000000,0.000000000,0.000000000,1.000000000
1403715390.322143078,-0.516860000,0.758045000,1.591364000,0.000000000,0.000000000,0.000000000,1.000000000
1403715390.327142954,-0.518428000,0.755405000,1.591002000,0.000000000,0.000000000,0.000000000,1.000000000
1403715390.332143307,-0.519991000,0.752761000,1.590619000,0.000000000,0.000000000,0.000000000,1.000000000
1403715390.337143183,-0.521540000,0.750110000,1.590231000,0.000000000,0.000000000,0.000000000,1.000000000
1403715390.342143059,-0.523067000,0.747450000,1.589847000,0.000000000,0.000000000,0.000000000,1.000000000
1403715390.347142935,-0.524567000,0.744781000,1.589458000,0.000000000,0.000000000,0.000000000,1.000000000
1403715390.352143288,-0.526042000,0.742107000,1.589066000,0.000000000,0.000000000,0.000000000,1.000000000
1403715390.357143164,-0.527612000,0.739466000,1.588626000,0.000000000,0.000000000,0.000000000,1.000000000
1403715390.362143040,-0.529075000,0.736782000,1.588236000,0.000000000,0.000000000,0.000000000,1.000000000
1403715390.367142916,-0.530531000,0.734090000,1.587859000,0.000000000,0.000000000,0.000000000,1.000000000
1403715390.372143269,-0.531981000,0.731386000,1.587488000,0.000000000,0.000000000,0.000000000,1.000000000
1403715390.377142906,-0.533417000,0.728672000,1.587127000,0.000000000,0.000000000,0.000000000,1.000000000
1403715390.382143021,-0.534835000,0.725952000,1.586775000,0.000000000,0.000000000,0.000000000,1.000000000
1403715390.387142897,-0.536239000,0.723222000,1.586422000,0.000000000,0.000000000,0.000000000,1.000000000
1403715390.392143250,-0.537625000,0.720479000,1.586067000,0.000000000,0.000000000,0.000000000,1.000000000
1403715390.397142887,-0.538991000,0.717738000,1.585713000,0.000000000,0.000000000,0.000000000,1.000000000
1403715390.402143002,-0.540340000,0.714996000,1.585354000,0.000000000,0.000000000,0.000000000,1.000000000
1403715390.407143354,-0.541780000,0.712283000,1.584939000,0.000000000,0.000000000,0.000000000,1.000000000
1403715390.412143230,-0.543122000,0.709530000,1.584571000,0.000000000,0.000000000,0.000000000,1.000000000
1403715390.417143106,-0.544454000,0.706765000,1.584196000,0.000000000,0.000000000,0.000000000,1.000000000
1403715390.422142982,-0.545770000,0.703994000,1.583815000,0.000000000,0.000000000,0.000000000,1.000000000
1403715390.427143335,-0.547073000,0.701225000,1.583432000,0.000000000,0.000000000,0.000000000,1.000000000
1403715390.432142973,-0.548360000,0.698457000,1.583056000,0.000000000,0.000000000,0.000000000,1.000000000
1403715390.437143087,-0.549628000,0.695677000,1.582685000,0.000000000,0.000000000,0.000000000,1.000000000
1403715390.442142963,-0.550878000,0.692878000,1.582327000,0.000000000,0.000000000,0.000000000,1.000000000
1403715390.447143316,-0.552107000,0.690071000,1.581976000,0.000000000,0.000000000,0.000000000,1.000000000
1403715390.452142954,-0.553308000,0.687265000,1.581624000,0.000000000,0.000000000,0.000000000,1.000000000
1403715390.457143068,-0.554577000,0.684493000,1.581220000,0.000000000,0.000000000,0.000000000,1.000000000
1403715390.462142944,-0.555743000,0.681692000,1.580861000,0.000000000,0.000000000,0.000000000,1.000000000
1403715390.467143297,-0.556894000,0.678892000,1.580497000,0.000000000,0.000000000,0.000000000,1.000000000
1403715390.472142935,-0.558031000,0.676093000,1.580128000,0.000000000,0.000000000,0.000000000,1.000000000
1403715390.477143049,-0.559151000,0.673296000,1.579754000,0.000000000,0.000000000,0.000000000,1.000000000
1403715390.482143164,-0.560252000,0.670499000,1.579368000,0.000000000,0.000000000,0.000000000,1.000000000
1403715390.487143040,-0.561338000,0.667703000,1.578981000,0.000000000,0.000000000,0.000000000,1.000000000
1403715390.492142916,-0.562424000,0.664907000,1.578595000,0.000000000,0.000000000,0.000000000,1.000000000
1403715390.497143030,-0.563500000,0.662097000,1.578220000,0.000000000,0.000000000,0.000000000,1.000000000
1403715390.502143145,-0.564551000,0.659279000,1.577862000,0.000000000,0.000000000,0.000000000,1.000000000
1403715390.507143021,-0.565667000,0.656486000,1.577443000,0.000000000,0.000000000,0.000000000,1.000000000
1403715390.512142897,-0.566691000,0.653669000,1.577063000,0.000000000,0.000000000,0.000000000,1.000000000
1403715390.517143011,-0.567697000,0.650853000,1.576672000,0.000000000,0.000000000,0.000000000,1.000000000
1403715390.522143126,-0.568686000,0.648038000,1.576281000,0.000000000,0.000000000,0.000000000,1.000000000
1403715390.527143002,-0.569653000,0.645219000,1.575898000,0.000000000,0.000000000,0.000000000,1.000000000
1403715390.532143116,-0.570598000,0.642390000,1.575523000,0.000000000,0.000000000,0.000000000,1.000000000
1403715390.537143230,-0.571522000,0.639555000,1.575150000,0.000000000,0.000000000,0.000000000,1.000000000
1403715390.542143345,-0.572427000,0.636723000,1.574785000,0.000000000,0.000000000,0.000000000,1.000000000
1403715390.547142982,-0.573317000,0.633893000,1.574436000,0.000000000,0.000000000,0.000000000,1.000000000
1403715390.552143097,-0.574184000,0.631062000,1.574104000,0.000000000,0.000000000,0.000000000,1.000000000
1403715390.557143211,-0.575113000,0.628264000,1.573716000,0.000000000,0.000000000,0.000000000,1.000000000
1403715390.562143087,-0.575960000,0.625449000,1.573368000,0.000000000,0.000000000,0.000000000,1.000000000
1403715390.567142963,-0.576787000,0.622642000,1.573027000,0.000000000,0.000000000,0.000000000,1.000000000
1403715390.572143078,-0.577590000,0.619834000,1.572693000,0.000000000,0.000000000,0.000000000,1.000000000
1403715390.577143192,-0.578370000,0.617026000,1.572357000,0.000000000,0.000000000,0.000000000,1.000000000
1403715390.582143068,-0.579137000,0.614223000,1.572014000,0.000000000,0.000000000,0.000000000,1.000000000
1403715390.587142944,-0.579896000,0.611430000,1.571663000,0.000000000,0.000000000,0.000000000,1.000000000
1403715390.592143297,-0.580640000,0.608639000,1.571305000,0.000000000,0.000000000,0.000000000,1.000000000
1403715390.597143173,-0.581382000,0.605847000,1.570944000,0.000000000,0.000000000,0.000000000,1.000000000
1403715390.602143049,-0.582116000,0.603051000,1.570573000,0.000000000,0.000000000,0.000000000,1.000000000
1403715390.607142925,-0.582912000,0.600279000,1.570140000,0.000000000,0.000000000,0.000000000,1.000000000
1403715390.612143278,-0.583621000,0.597488000,1.569752000,0.000000000,0.000000000,0.000000000,1.000000000
1403715390.617143154,-0.584307000,0.594701000,1.569358000,0.000000000,0.000000000,0.000000000,1.000000000
1403715390.622143030,-0.584971000,0.591914000,1.568958000,0.000000000,0.000000000,0.000000000,1.000000000
1403715390.627142906,-0.585617000,0.589131000,1.568555000,0.000000000,0.000000000,0.000000000,1.000000000
1403715390.632143259,-0.586239000,0.586347000,1.568152000,0.000000000,0.000000000,0.000000000,1.000000000
1403715390.637142897,-0.586833000,0.583565000,1.567750000,0.000000000,0.000000000,0.000000000,1.000000000
1403715390.642143011,-0.587403000,0.580789000,1.567357000,0.000000000,0.000000000,0.000000000,1.000000000
1403715390.647142887,-0.587950000,0.578018000,1.566974000,0.000000000,0.000000000,0.000000000,1.000000000
1403715390.652143240,-0.588476000,0.575249000,1.566602000,0.000000000,0.000000000,0.000000000,1.000000000
1403715390.657143116,-0.589067000,0.572503000,1.566180000,0.000000000,0.000000000,0.000000000,1.000000000
1403715390.662142992,-0.589567000,0.569738000,1.565798000,0.000000000,0.000000000,0.000000000,1.000000000
1403715390.667143345,-0.590052000,0.566976000,1.565414000,0.000000000,0.000000000,0.000000000,1.000000000
1403715390.672143221,-0.590518000,0.564221000,1.565029000,0.000000000,0.000000000,0.000000000,1.000000000
1403715390.677143097,-0.590967000,0.561473000,1.564645000,0.000000000,0.000000000,0.000000000,1.000000000
1403715390.682142973,-0.591401000,0.558737000,1.564255000,0.000000000,0.000000000,0.000000000,1.000000000
1403715390.687143326,-0.591817000,0.556009000,1.563854000,0.000000000,0.000000000,0.000000000,1.000000000
1403715390.692142963,-0.592214000,0.553294000,1.563442000,0.000000000,0.000000000,0.000000000,1.000000000
1403715390.697143078,-0.592593000,0.550593000,1.563022000,0.000000000,0.000000000,0.000000000,1.000000000
1403715390.702142954,-0.592949000,0.547899000,1.562595000,0.000000000,0.000000000,0.000000000,1.000000000
1403715390.707143307,-0.593366000,0.545227000,1.562121000,0.000000000,0.000000000,0.000000000,1.000000000
1403715390.712142944,-0.593679000,0.542535000,1.561693000,0.000000000,0.000000000,0.000000000,1.000000000
1403715390.717143059,-0.593973000,0.539849000,1.561276000,0.000000000,0.000000000,0.000000000,1.000000000
1403715390.722143173,-0.594247000,0.537174000,1.560861000,0.000000000,0.000000000,0.000000000,1.000000000
1403715390.727143288,-0.594496000,0.534506000,1.560444000,0.000000000,0.000000000,0.000000000,1.000000000
1403715390.732142925,-0.594725000,0.531847000,1.560020000,0.000000000,0.000000000,0.000000000,1.000000000
1403715390.737143040,-0.594939000,0.529195000,1.559593000,0.000000000,0.000000000,0.000000000,1.000000000
1403715390.742143154,-0.595140000,0.526544000,1.559165000,0.000000000,0.000000000,0.000000000,1.000000000
1403715390.747143030,-0.595324000,0.523890000,1.558730000,0.000000000,0.000000000,0.000000000,1.000000000
1403715390.752142906,-0.595493000,0.521239000,1.558294000,0.000000000,0.000000000,0.000000000,1.000000000
1403715390.757143021,-0.595740000,0.518618000,1.557819000,0.000000000,0.000000000,0.000000000,1.000000000
1403715390.762143135,-0.595888000,0.515979000,1.557378000,0.000000000,0.000000000,0.000000000,1.000000000
1403715390.767143011,-0.596010000,0.513336000,1.556951000,0.000000000,0.000000000,0.000000000,1.000000000
1403715390.772142887,-0.596118000,0.510692000,1.556524000,0.000000000,0.000000000,0.000000000,1.000000000
1403715390.777143240,-0.596217000,0.508043000,1.556087000,0.000000000,0.000000000,0.000000000,1.000000000
1403715390.782143354,-0.596309000,0.505390000,1.555661000,0.000000000,0.000000000,0.000000000,1.000000000
1403715390.787142992,-0.596392000,0.502731000,1.555241000,0.000000000,0.000000000,0.000000000,1.000000000
1403715390.792143106,-0.596465000,0.500068000,1.554813000,0.000000000,0.000000000,0.000000000,1.000000000
1403715390.797143221,-0.596521000,0.497400000,1.554383000,0.000000000,0.000000000,0.000000000,1.000000000
1403715390.802143097,-0.596556000,0.494728000,1.553959000,0.000000000,0.000000000,0.000000000,1.000000000
1403715390.807142973,-0.596668000,0.492079000,1.553517000,0.000000000,0.000000000,0.000000000,1.000000000
1403715390.812143087,-0.596694000,0.489412000,1.553090000,0.000000000,0.000000000,0.000000000,1.000000000
1403715390.817143202,-0.596707000,0.486739000,1.552665000,0.000000000,0.000000000,0.000000000,1.000000000
1403715390.822143078,-0.596701000,0.484055000,1.552252000,0.000000000,0.000000000,0.000000000,1.000000000
1403715390.827142954,-0.596684000,0.481369000,1.551835000,0.000000000,0.000000000,0.000000000,1.000000000
1403715390.832143307,-0.596660000,0.478691000,1.551402000,0.000000000,0.000000000,0.000000000,1.000000000
1403715390.837143183,-0.596620000,0.476018000,1.550966000,0.000000000,0.000000000,0.000000000,1.000000000
1403715390.842143059,-0.596564000,0.473343000,1.550528000,0.000000000,0.000000000,0.000000000,1.000000000
1403715390.847142935,-0.596496000,0.470666000,1.550078000,0.000000000,0.000000000,0.000000000,1.000000000
1403715390.852143288,-0.596422000,0.467988000,1.549615000,0.000000000,0.000000000,0.000000000,1.000000000
1403715390.857143164,-0.596440000,0.465324000,1.549122000,0.000000000,0.000000000,0.000000000,1.000000000
1403715390.862143040,-0.596373000,0.462635000,1.548644000,0.000000000,0.000000000,0.000000000,1.000000000
1403715390.867142916,-0.596288000,0.459945000,1.548167000,0.000000000,0.000000000,0.000000000,1.000000000
1403715390.872143269,-0.596181000,0.457264000,1.547696000,0.000000000,0.000000000,0.000000000,1.000000000
1403715390.877142906,-0.596050000,0.454596000,1.547236000,0.000000000,0.000000000,0.000000000,1.000000000
1403715390.882143021,-0.595904000,0.451928000,1.546787000,0.000000000,0.000000000,0.000000000,1.000000000
1403715390.887142897,-0.595752000,0.449250000,1.546354000,0.000000000,0.000000000,0.000000000,1.000000000
1403715390.892143250,-0.595595000,0.446556000,1.545936000,0.000000000,0.000000000,0.000000000,1.000000000
1403715390.897142887,-0.595428000,0.443852000,1.545523000,0.000000000,0.000000000,0.000000000,1.000000000
1403715390.902143002,-0.595246000,0.441147000,1.545099000,0.000000000,0.000000000,0.000000000,1.000000000
1403715390.907143354,-0.595130000,0.438456000,1.544657000,0.000000000,0.000000000,0.000000000,1.000000000
1403715390.912143230,-0.594922000,0.435747000,1.544228000,0.000000000,0.000000000,0.000000000,1.000000000
1403715390.917143106,-0.594706000,0.433040000,1.543800000,0.000000000,0.000000000,0.000000000,1.000000000
1403715390.922142982,-0.594489000,0.430338000,1.543364000,0.000000000,0.000000000,0.000000000,1.000000000
1403715390.927143335,-0.594259000,0.427631000,1.542929000,0.000000000,0.000000000,0.000000000,1.000000000
1403715390.932142973,-0.594009000,0.424913000,1.542502000,0.000000000,0.000000000,0.000000000,1.000000000
1403715390.937143087,-0.593741000,0.422188000,1.542076000,0.000000000,0.000000000,0.000000000,1.000000000
1403715390.942142963,-0.593457000,0.419462000,1.541660000,0.000000000,0.000000000,0.000000000,1.000000000
1403715390.947143316,-0.593160000,0.416738000,1.541248000,0.000000000,0.000000000,0.000000000,1.000000000
1403715390.952142954,-0.592852000,0.414012000,1.540832000,0.000000000,0.000000000,0.000000000,1.000000000
1403715390.957143068,-0.592617000,0.411299000,1.540406000,0.000000000,0.000000000,0.000000000,1.000000000
1403715390.962142944,-0.592307000,0.408562000,1.539974000,0.000000000,0.000000000,0.000000000,1.000000000
1403715390.967143297,-0.591995000,0.405818000,1.539544000,0.000000000,0.000000000,0.000000000,1.000000000
1403715390.972142935,-0.591678000,0.403077000,1.539111000,0.000000000,0.000000000,0.000000000,1.000000000
1403715390.977143049,-0.591358000,0.400338000,1.538664000,0.000000000,0.000000000,0.000000000,1.000000000
1403715390.982143164,-0.591021000,0.397596000,1.538208000,0.000000000,0.000000000,0.000000000,1.000000000
1403715390.987143040,-0.590658000,0.394854000,1.537751000,0.000000000,0.000000000,0.000000000,1.000000000
1403715390.992142916,-0.590279000,0.392110000,1.537298000,0.000000000,0.000000000,0.000000000,1.000000000
1403715390.997143030,-0.589891000,0.389356000,1.536862000,0.000000000,0.000000000,0.000000000,1.000000000
1403715391.002143145,-0.589500000,0.386587000,1.536435000,0.000000000,0.000000000,0.000000000,1.000000000
1403715391.007143021,-0.589176000,0.383821000,1.536012000,0.000000000,0.000000000,0.000000000,1.000000000
1403715391.012142897,-0.588778000,0.381041000,1.535585000,0.000000000,0.000000000,0.000000000,1.000000000
1403715391.017143011,-0.588364000,0.378263000,1.535153000,0.000000000,0.000000000,0.000000000,1.000000000
1403715391.022143126,-0.587931000,0.375493000,1.534715000,0.000000000,0.000000000,0.000000000,1.000000000
1403715391.027143002,-0.587481000,0.372727000,1.534266000,0.000000000,0.000000000,0.000000000,1.000000000
1403715391.032143116,-0.587016000,0.369959000,1.533816000,0.000000000,0.000000000,0.000000000,1.000000000
1403715391.037143230,-0.586542000,0.367183000,1.533367000,0.000000000,0.000000000,0.000000000,1.000000000
1403715391.042143345,-0.586062000,0.364395000,1.532909000,0.000000000,0.000000000,0.000000000,1.000000000
1403715391.047142982,-0.585571000,0.361590000,1.532443000,0.000000000,0.000000000,0.000000000,1.000000000
1403715391.052143097,-0.585066000,0.358777000,1.531984000,0.000000000,0.000000000,0.000000000,1.000000000
1403715391.057143211,-0.584622000,0.355977000,1.531530000,0.000000000,0.000000000,0.000000000,1.000000000
1403715391.062143087,-0.584113000,0.353166000,1.531071000,0.000000000,0.000000000,0.000000000,1.000000000
1403715391.067142963,-0.583595000,0.350346000,1.530607000,0.000000000,0.000000000,0.000000000,1.000000000
1403715391.072143078,-0.583072000,0.347515000,1.530135000,0.000000000,0.000000000,0.000000000,1.000000000
1403715391.077143192,-0.582537000,0.344678000,1.529663000,0.000000000,0.000000000,0.000000000,1.000000000
1403715391.082143068,-0.581989000,0.341840000,1.529194000,0.000000000,0.000000000,0.000000000,1.000000000
1403715391.087142944,-0.581433000,0.339001000,1.528730000,0.000000000,0.000000000,0.000000000,1.000000000
1403715391.092143297,-0.580860000,0.336158000,1.528273000,0.000000000,0.000000000,0.000000000,1.000000000
1403715391.097143173,-0.580265000,0.333315000,1.527827000,0.000000000,0.000000000,0.000000000,1.000000000
1403715391.102143049,-0.579658000,0.330473000,1.527383000,0.000000000,0.000000000,0.000000000,1.000000000
1403715391.107142925,-0.579105000,0.327632000,1.526927000,0.000000000,0.000000000,0.000000000,1.000000000
1403715391.112143278,-0.578478000,0.324772000,1.526482000,0.000000000,0.000000000,0.000000000,1.000000000
1403715391.117143154,-0.577835000,0.321899000,1.526051000,0.000000000,0.000000000,0.000000000,1.000000000
1403715391.122143030,-0.577178000,0.319022000,1.525629000,0.000000000,0.000000000,0.000000000,1.000000000
1403715391.127142906,-0.576505000,0.316143000,1.525207000,0.000000000,0.000000000,0.000000000,1.000000000
1403715391.132143259,-0.575815000,0.313257000,1.524795000,0.000000000,0.000000000,0.000000000,1.000000000
1403715391.137142897,-0.575112000,0.310365000,1.524399000,0.000000000,0.000000000,0.000000000,1.000000000
1403715391.142143011,-0.574397000,0.307463000,1.524002000,0.000000000,0.000000000,0.000000000,1.000000000
1403715391.147142887,-0.573670000,0.304548000,1.523599000,0.000000000,0.000000000,0.000000000,1.000000000
1403715391.152143240,-0.572935000,0.301624000,1.523198000,0.000000000,0.000000000,0.000000000,1.000000000
1403715391.157143116,-0.572262000,0.298702000,1.522790000,0.000000000,0.000000000,0.000000000,1.000000000
1403715391.162142992,-0.571523000,0.295766000,1.522385000,0.000000000,0.000000000,0.000000000,1.000000000
1403715391.167143345,-0.570766000,0.292822000,1.521980000,0.000000000,0.000000000,0.000000000,1.000000000
1403715391.172143221,-0.569997000,0.289874000,1.521580000,0.000000000,0.000000000,0.000000000,1.000000000
1403715391.177143097,-0.569223000,0.286919000,1.521182000,0.000000000,0.000000000,0.000000000,1.000000000
1403715391.182142973,-0.568437000,0.283955000,1.520784000,0.000000000,0.000000000,0.000000000,1.000000000
1403715391.187143326,-0.567640000,0.280981000,1.520396000,0.000000000,0.000000000,0.000000000,1.000000000
1403715391.192142963,-0.566835000,0.278001000,1.520017000,0.000000000,0.000000000,0.000000000,1.000000000
1403715391.197143078,-0.566022000,0.275009000,1.519640000,0.000000000,0.000000000,0.000000000,1.000000000
1403715391.202142954,-0.565198000,0.271997000,1.519262000,0.000000000,0.000000000,0.000000000,1.000000000
1403715391.207143307,-0.564435000,0.268975000,1.518878000,0.000000000,0.000000000,0.000000000,1.000000000
1403715391.212142944,-0.563611000,0.265944000,1.518511000,0.000000000,0.000000000,0.000000000,1.000000000
1403715391.217143059,-0.562778000,0.262904000,1.518148000,0.000000000,0.000000000,0.000000000,1.000000000
1403715391.222143173,-0.561926000,0.259850000,1.517802000,0.000000000,0.000000000,0.000000000,1.000000000
1403715391.227143288,-0.561064000,0.256783000,1.517464000,0.000000000,0.000000000,0.000000000,1.000000000
1403715391.232142925,-0.560200000,0.253707000,1.517122000,0.000000000,0.000000000,0.000000000,1.000000000
1403715391.237143040,-0.559332000,0.250616000,1.516784000,0.000000000,0.000000000,0.000000000,1.000000000
1403715391.242143154,-0.558456000,0.247512000,1.516467000,0.000000000,0.000000000,0.000000000,1.000000000
1403715391.247143030,-0.557572000,0.244400000,1.516169000,0.000000000,0.000000000,0.000000000,1.000000000
1403715391.252142906,-0.556680000,0.241282000,1.515880000,0.000000000,0.000000000,0.000000000,1.000000000
1403715391.257143021,-0.555856000,0.238160000,1.515582000,0.000000000,0.000000000,0.000000000,1.000000000
1403715391.262143135,-0.554964000,0.235025000,1.515301000,0.000000000,0.000000000,0.000000000,1.000000000
1403715391.267143011,-0.554073000,0.231882000,1.515023000,0.000000000,0.000000000,0.000000000,1.000000000
1403715391.272142887,-0.553184000,0.228729000,1.514746000,0.000000000,0.000000000,0.000000000,1.000000000
1403715391.277143240,-0.552288000,0.225559000,1.514470000,0.000000000,0.000000000,0.000000000,1.000000000
1403715391.282143354,-0.551380000,0.222374000,1.514187000,0.000000000,0.000000000,0.000000000,1.000000000
1403715391.287142992,-0.550464000,0.219173000,1.513901000,0.000000000,0.000000000,0.000000000,1.000000000
1403715391.292143106,-0.549546000,0.215961000,1.513616000,0.000000000,0.000000000,0.000000000,1.000000000
1403715391.297143221,-0.548628000,0.212734000,1.513334000,0.000000000,0.000000000,0.000000000,1.000000000
1403715391.302143097,-0.547706000,0.209490000,1.513061000,0.000000000,0.000000000,0.000000000,1.000000000
1403715391.307142973,-0.546860000,0.206244000,1.512774000,0.000000000,0.000000000,0.000000000,1.000000000
1403715391.312143087,-0.545940000,0.202985000,1.512496000,0.000000000,0.000000000,0.000000000,1.000000000
1403715391.317143202,-0.545011000,0.199721000,1.512210000,0.000000000,0.000000000,0.000000000,1.000000000
1403715391.322143078,-0.544072000,0.196445000,1.511926000,0.000000000,0.000000000,0.000000000,1.000000000
1403715391.327142954,-0.543133000,0.193156000,1.511647000,0.000000000,0.000000000,0.000000000,1.000000000
1403715391.332143307,-0.542197000,0.189852000,1.511361000,0.000000000,0.000000000,0.000000000,1.000000000
1403715391.337143183,-0.541254000,0.186533000,1.511068000,0.000000000,0.000000000,0.000000000,1.000000000
1403715391.342143059,-0.540297000,0.183200000,1.510784000,0.000000000,0.000000000,0.000000000,1.000000000
1403715391.347142935,-0.539335000,0.179852000,1.510506000,0.000000000,0.000000000,0.000000000,1.000000000
1403715391.352143288,-0.538372000,0.176495000,1.510225000,0.000000000,0.000000000,0.000000000,1.000000000
1403715391.357143164,-0.537493000,0.173137000,1.509921000,0.000000000,0.000000000,0.000000000,1.000000000
1403715391.362143040,-0.536540000,0.169760000,1.509621000,0.000000000,0.000000000,0.000000000,1.000000000
1403715391.367142916,-0.535584000,0.166378000,1.509309000,0.000000000,0.000000000,0.000000000,1.000000000
1403715391.372143269,-0.534622000,0.162993000,1.508989000,0.000000000,0.000000000,0.000000000,1.000000000
1403715391.377142906,-0.533657000,0.159600000,1.508675000,0.000000000,0.000000000,0.000000000,1.000000000
1403715391.382143021,-0.532687000,0.156194000,1.508366000,0.000000000,0.000000000,0.000000000,1.000000000
1403715391.387142897,-0.531715000,0.152773000,1.508063000,0.000000000,0.000000000,0.000000000,1.000000000
1403715391.392143250,-0.530744000,0.149341000,1.507765000,0.000000000,0.000000000,0.000000000,1.000000000
1403715391.397142887,-0.529771000,0.145899000,1.507476000,0.000000000,0.000000000,0.000000000,1.000000000
1403715391.402143002,-0.528795000,0.142449000,1.507194000,0.000000000,0.000000000,0.000000000,1.000000000
1403715391.407143354,-0.527915000,0.139005000,1.506889000,0.000000000,0.000000000,0.000000000,1.000000000
1403715391.412143230,-0.526963000,0.135547000,1.506589000,0.000000000,0.000000000,0.000000000,1.000000000
1403715391.417143106,-0.526010000,0.132082000,1.506291000,0.000000000,0.000000000,0.000000000,1.000000000
1403715391.422142982,-0.525052000,0.128612000,1.505989000,0.000000000,0.000000000,0.000000000,1.000000000
1403715391.427143335,-0.524087000,0.125133000,1.505670000,0.000000000,0.000000000,0.000000000,1.000000000
1403715391.432142973,-0.523118000,0.121645000,1.505337000,0.000000000,0.000000000,0.000000000,1.000000000
1403715391.437143087,-0.522148000,0.118144000,1.505000000,0.000000000,0.000000000,0.000000000,1.000000000
1403715391.442142963,-0.521170000,0.114628000,1.504668000,0.000000000,0.000000000,0.000000000,1.000000000
1403715391.447143316,-0.520183000,0.111105000,1.504335000,0.000000000,0.000000000,0.000000000,1.000000000
1403715391.452142954,-0.519188000,0.107578000,1.503999000,0.000000000,0.000000000,0.000000000,1.000000000
1403715391.457143068,-0.518266000,0.104055000,1.503647000,0.000000000,0.000000000,0.000000000,1.000000000
1403715391.462142944,-0.517251000,0.100513000,1.503325000,0.000000000,0.000000000,0.000000000,1.000000000
1403715391.467143297,-0.516230000,0.096958000,1.503016000,0.000000000,0.000000000,0.000000000,1.000000000
1403715391.472142935,-0.515206000,0.093380000,1.502704000,0.000000000,0.000000000,0.000000000,1.000000000
1403715391.477143049,-0.514178000,0.089775000,1.502388000,0.000000000,0.000000000,0.000000000,1.000000000
1403715391.482143164,-0.513149000,0.086153000,1.502068000,0.000000000,0.000000000,0.000000000,1.000000000
1403715391.487143040,-0.512116000,0.082521000,1.501750000,0.000000000,0.000000000,0.000000000,1.000000000
1403715391.492142916,-0.511080000,0.078885000,1.501437000,0.000000000,0.000000000,0.000000000,1.000000000
1403715391.497143030,-0.510040000,0.075240000,1.501118000,0.000000000,0.000000000,0.000000000,1.000000000
1403715391.502143145,-0.508991000,0.071584000,1.500789000,0.000000000,0.000000000,0.000000000,1.000000000
1403715391.507143021,-0.508030000,0.067929000,1.500447000,0.000000000,0.000000000,0.000000000,1.000000000
1403715391.512142897,-0.506989000,0.064253000,1.500120000,0.000000000,0.000000000,0.000000000,1.000000000
1403715391.517143011,-0.505940000,0.060568000,1.499796000,0.000000000,0.000000000,0.000000000,1.000000000
1403715391.522143126,-0.504886000,0.056878000,1.499477000,0.000000000,0.000000000,0.000000000,1.000000000
1403715391.527143002,-0.503825000,0.053184000,1.499165000,0.000000000,0.000000000,0.000000000,1.000000000
1403715391.532143116,-0.502754000,0.049485000,1.498860000,0.000000000,0.000000000,0.000000000,1.000000000
1403715391.537143230,-0.501673000,0.045784000,1.498556000,0.000000000,0.000000000,0.000000000,1.000000000
1403715391.542143345,-0.500582000,0.042082000,1.498259000,0.000000000,0.000000000,0.000000000,1.000000000
1403715391.547142982,-0.499477000,0.038378000,1.497971000,0.000000000,0.000000000,0.000000000,1.000000000
1403715391.552143097,-0.498364000,0.034672000,1.497685000,0.000000000,0.000000000,0.000000000,1.000000000
1403715391.557143211,-0.497341000,0.030972000,1.497384000,0.000000000,0.000000000,0.000000000,1.000000000
1403715391.562143087,-0.496239000,0.027247000,1.497085000,0.000000000,0.000000000,0.000000000,1.000000000
1403715391.567142963,-0.495138000,0.023516000,1.496785000,0.000000000,0.000000000,0.000000000,1.000000000
1403715391.572143078,-0.494030000,0.019778000,1.496487000,0.000000000,0.000000000,0.000000000,1.000000000
1403715391.577143192,-0.492907000,0.016035000,1.496194000,0.000000000,0.000000000,0.000000000,1.000000000
1403715391.582143068,-0.491777000,0.012292000,1.495901000,0.000000000,0.000000000,0.000000000,1.000000000
1403715391.587142944,-0.490642000,0.008542000,1.495614000,0.000000000,0.000000000,0.000000000,1.000000000
1403715391.592143297,-0.489501000,0.004776000,1.495336000,0.000000000,0.000000000,0.000000000,1.000000000
1403715391.597143173,-0.488356000,0.000989000,1.495064000,0.000000000,0.000000000,0.000000000,1.000000000
1403715391.602143049,-0.487212000,-0.002811000,1.494798000,0.000000000,0.000000000,0.000000000,1.000000000
1403715391.607142925,-0.486159000,-0.006607000,1.494535000,0.000000000,0.000000000,0.000000000,1.000000000
1403715391.612143278,-0.485026000,-0.010437000,1.494276000,0.000000000,0.000000000,0.000000000,1.000000000
1403715391.617143154,-0.483884000,-0.014283000,1.494032000,0.000000000,0.000000000,0.000000000,1.000000000
1403715391.622143030,-0.482741000,-0.018137000,1.493790000,0.000000000,0.000000000,0.000000000,1.000000000
1403715391.627142906,-0.481595000,-0.022003000,1.493547000,0.000000000,0.000000000,0.000000000,1.000000000
1403715391.632143259,-0.480442000,-0.025881000,1.493317000,0.000000000,0.000000000,0.000000000,1.000000000
1403715391.637142897,-0.479286000,-0.029770000,1.493107000,0.000000000,0.000000000,0.000000000,1.000000000
1403715391.642143011,-0.478130000,-0.033668000,1.492922000,0.000000000,0.000000000,0.000000000,1.000000000
1403715391.647142887,-0.476973000,-0.037575000,1.492765000,0.000000000,0.000000000,0.000000000,1.000000000
1403715391.652143240,-0.475808000,-0.041494000,1.492637000,0.000000000,0.000000000,0.000000000,1.000000000
1403715391.657143116,-0.474721000,-0.045412000,1.492560000,0.000000000,0.000000000,0.000000000,1.000000000
1403715391.662142992,-0.473557000,-0.049352000,1.492499000,0.000000000,0.000000000,0.000000000,1.000000000
1403715391.667143345,-0.472392000,-0.053300000,1.492457000,0.000000000,0.000000000,0.000000000,1.000000000
1403715391.672143221,-0.471224000,-0.057264000,1.492428000,0.000000000,0.000000000,0.000000000,1.000000000
1403715391.677143097,-0.470051000,-0.061244000,1.492419000,0.000000000,0.000000000,0.000000000,1.000000000
1403715391.682142973,-0.468874000,-0.065236000,1.492434000,0.000000000,0.000000000,0.000000000,1.000000000
1403715391.687143326,-0.467691000,-0.069243000,1.492473000,0.000000000,0.000000000,0.000000000,1.000000000
1403715391.692142963,-0.466506000,-0.073263000,1.492544000,0.000000000,0.000000000,0.000000000,1.000000000
1403715391.697143078,-0.465324000,-0.077294000,1.492648000,0.000000000,0.000000000,0.000000000,1.000000000
1403715391.702142954,-0.464141000,-0.081336000,1.492781000,0.000000000,0.000000000,0.000000000,1.000000000
1403715391.707143307,-0.463040000,-0.085376000,1.492971000,0.000000000,0.000000000,0.000000000,1.000000000
1403715391.712142944,-0.461863000,-0.089429000,1.493174000,0.000000000,0.000000000,0.000000000,1.000000000
1403715391.717143059,-0.460683000,-0.093486000,1.493405000,0.000000000,0.000000000,0.000000000,1.000000000
1403715391.722143173,-0.459508000,-0.097556000,1.493664000,0.000000000,0.000000000,0.000000000,1.000000000
1403715391.727143288,-0.458340000,-0.101645000,1.493946000,0.000000000,0.000000000,0.000000000,1.000000000
1403715391.732142925,-0.457169000,-0.105747000,1.494252000,0.000000000,0.000000000,0.000000000,1.000000000
1403715391.737143040,-0.455982000,-0.109853000,1.494594000,0.000000000,0.000000000,0.000000000,1.000000000
1403715391.742143154,-0.454786000,-0.113960000,1.494972000,0.000000000,0.000000000,0.000000000,1.000000000
1403715391.747143030,-0.453588000,-0.118075000,1.495385000,0.000000000,0.000000000,0.000000000,1.000000000
1403715391.752142906,-0.452384000,-0.122202000,1.495829000,0.000000000,0.000000000,0.000000000,1.000000000
1403715391.757143021,-0.451270000,-0.126341000,1.496346000,0.000000000,0.000000000,0.000000000,1.000000000
1403715391.762143135,-0.450079000,-0.130511000,1.496866000,0.000000000,0.000000000,0.000000000,1.000000000
1403715391.767143011,-0.448881000,-0.134698000,1.497422000,0.000000000,0.000000000,0.000000000,1.000000000
1403715391.772142887,-0.447676000,-0.138893000,1.498021000,0.000000000,0.000000000,0.000000000,1.000000000
1403715391.777143240,-0.446468000,-0.143098000,1.498658000,0.000000000,0.000000000,0.000000000,1.000000000
1403715391.782143354,-0.445252000,-0.147315000,1.499323000,0.000000000,0.000000000,0.000000000,1.000000000
1403715391.787142992,-0.444029000,-0.151544000,1.500023000,0.000000000,0.000000000,0.000000000,1.000000000
1403715391.792143106,-0.442792000,-0.155788000,1.500750000,0.000000000,0.000000000,0.000000000,1.000000000
1403715391.797143221,-0.441535000,-0.160057000,1.501501000,0.000000000,0.000000000,0.000000000,1.000000000
1403715391.802143097,-0.440267000,-0.164354000,1.502268000,0.000000000,0.000000000,0.000000000,1.000000000
1403715391.807142973,-0.439083000,-0.168671000,1.503103000,0.000000000,0.000000000,0.000000000,1.000000000
1403715391.812143087,-0.437810000,-0.173008000,1.503931000,0.000000000,0.000000000,0.000000000,1.000000000
1403715391.817143202,-0.436532000,-0.177359000,1.504783000,0.000000000,0.000000000,0.000000000,1.000000000
1403715391.822143078,-0.435244000,-0.181718000,1.505659000,0.000000000,0.000000000,0.000000000,1.000000000
1403715391.827142954,-0.433950000,-0.186083000,1.506556000,0.000000000,0.000000000,0.000000000,1.000000000
1403715391.832143307,-0.432666000,-0.190444000,1.507485000,0.000000000,0.000000000,0.000000000,1.000000000
1403715391.837143183,-0.431401000,-0.194797000,1.508433000,0.000000000,0.000000000,0.000000000,1.000000000
1403715391.842143059,-0.430137000,-0.199158000,1.509397000,0.000000000,0.000000000,0.000000000,1.000000000
1403715391.847142935,-0.428865000,-0.203528000,1.510403000,0.000000000,0.000000000,0.000000000,1.000000000
1403715391.852143288,-0.427584000,-0.207904000,1.511450000,0.000000000,0.000000000,0.000000000,1.000000000
1403715391.857143164,-0.426400000,-0.212289000,1.512592000,0.000000000,0.000000000,0.000000000,1.000000000
1403715391.862143040,-0.425129000,-0.216680000,1.513712000,0.000000000,0.000000000,0.000000000,1.000000000
1403715391.867142916,-0.423856000,-0.221083000,1.514855000,0.000000000,0.000000000,0.000000000,1.000000000
1403715391.872143269,-0.422580000,-0.225493000,1.516025000,0.000000000,0.000000000,0.000000000,1.000000000
1403715391.877142906,-0.421302000,-0.229904000,1.517213000,0.000000000,0.000000000,0.000000000,1.000000000
1403715391.882143021,-0.420025000,-0.234315000,1.518415000,0.000000000,0.000000000,0.000000000,1.000000000
1403715391.887142897,-0.418749000,-0.238732000,1.519634000,0.000000000,0.000000000,0.000000000,1.000000000
1403715391.892143250,-0.417476000,-0.243161000,1.520875000,0.000000000,0.000000000,0.000000000,1.000000000
1403715391.897142887,-0.416203000,-0.247602000,1.522138000,0.000000000,0.000000000,0.000000000,1.000000000
1403715391.902143002,-0.414931000,-0.252054000,1.523419000,0.000000000,0.000000000,0.000000000,1.000000000
1403715391.907143354,-0.413769000,-0.256526000,1.524782000,0.000000000,0.000000000,0.000000000,1.000000000
1403715391.912143230,-0.412517000,-0.260995000,1.526116000,0.000000000,0.000000000,0.000000000,1.000000000
1403715391.917143106,-0.411258000,-0.265471000,1.527469000,0.000000000,0.000000000,0.000000000,1.000000000
1403715391.922142982,-0.409997000,-0.269949000,1.528832000,0.000000000,0.000000000,0.000000000,1.000000000
1403715391.927143335,-0.408737000,-0.274430000,1.530197000,0.000000000,0.000000000,0.000000000,1.000000000
1403715391.932142973,-0.407476000,-0.278917000,1.531570000,0.000000000,0.000000000,0.000000000,1.000000000
1403715391.937143087,-0.406204000,-0.283412000,1.532954000,0.000000000,0.000000000,0.000000000,1.000000000
1403715391.942142963,-0.404913000,-0.287908000,1.534349000,0.000000000,0.000000000,0.000000000,1.000000000
1403715391.947143316,-0.403615000,-0.292394000,1.535734000,0.000000000,0.000000000,0.000000000,1.000000000
1403715391.952142954,-0.402318000,-0.296878000,1.537105000,0.000000000,0.000000000,0.000000000,1.000000000
1403715391.957143068,-0.401133000,-0.301388000,1.538542000,0.000000000,0.000000000,0.000000000,1.000000000
1403715391.962142944,-0.399849000,-0.305891000,1.539923000,0.000000000,0.000000000,0.000000000,1.000000000
1403715391.967143297,-0.398564000,-0.310395000,1.541292000,0.000000000,0.000000000,0.000000000,1.000000000
1403715391.972142935,-0.397277000,-0.314890000,1.542635000,0.000000000,0.000000000,0.000000000,1.000000000
1403715391.977143049,-0.395973000,-0.319385000,1.543963000,0.000000000,0.000000000,0.000000000,1.000000000
1403715391.982143164,-0.394654000,-0.323880000,1.545290000,0.000000000,0.000000000,0.000000000,1.000000000
1403715391.987143040,-0.393332000,-0.328371000,1.546616000,0.000000000,0.000000000,0.000000000,1.000000000
1403715391.992142916,-0.392007000,-0.332866000,1.547948000,0.000000000,0.000000000,0.000000000,1.000000000
1403715391.997143030,-0.390666000,-0.337376000,1.549289000,0.000000000,0.000000000,0.000000000,1.000000000
1403715392.002143145,-0.389309000,-0.341890000,1.550644000,0.000000000,0.000000000,0.000000000,1.000000000
1403715392.007143021,-0.388068000,-0.346425000,1.552059000,0.000000000,0.000000000,0.000000000,1.000000000
1403715392.012142897,-0.386725000,-0.350933000,1.553422000,0.000000000,0.000000000,0.000000000,1.000000000
1403715392.017143011,-0.385367000,-0.355447000,1.554780000,0.000000000,0.000000000,0.000000000,1.000000000
1403715392.022143126,-0.383997000,-0.359967000,1.556134000,0.000000000,0.000000000,0.000000000,1.000000000
1403715392.027143002,-0.382622000,-0.364492000,1.557478000,0.000000000,0.000000000,0.000000000,1.000000000
1403715392.032143116,-0.381240000,-0.369025000,1.558810000,0.000000000,0.000000000,0.000000000,1.000000000
1403715392.037143230,-0.379855000,-0.373563000,1.560133000,0.000000000,0.000000000,0.000000000,1.000000000
1403715392.042143345,-0.378463000,-0.378107000,1.561442000,0.000000000,0.000000000,0.000000000,1.000000000
1403715392.047142982,-0.377065000,-0.382654000,1.562745000,0.000000000,0.000000000,0.000000000,1.000000000
1403715392.052143097,-0.375663000,-0.387197000,1.564051000,0.000000000,0.000000000,0.000000000,1.000000000
1403715392.057143211,-0.374374000,-0.391772000,1.565405000,0.000000000,0.000000000,0.000000000,1.000000000
1403715392.062143087,-0.372973000,-0.396332000,1.566726000,0.000000000,0.000000000,0.000000000,1.000000000
1403715392.067142963,-0.371563000,-0.400902000,1.568049000,0.000000000,0.000000000,0.000000000,1.000000000
1403715392.072143078,-0.370147000,-0.405480000,1.569368000,0.000000000,0.000000000,0.000000000,1.000000000
1403715392.077143192,-0.368717000,-0.410061000,1.570685000,0.000000000,0.000000000,0.000000000,1.000000000
1403715392.082143068,-0.367270000,-0.414644000,1.571998000,0.000000000,0.000000000,0.000000000,1.000000000
1403715392.087142944,-0.365807000,-0.419221000,1.573294000,0.000000000,0.000000000,0.000000000,1.000000000
1403715392.092143297,-0.364331000,-0.423792000,1.574567000,0.000000000,0.000000000,0.000000000,1.000000000
1403715392.097143173,-0.362846000,-0.428363000,1.575813000,0.000000000,0.000000000,0.000000000,1.000000000
1403715392.102143049,-0.361351000,-0.432936000,1.577043000,0.000000000,0.000000000,0.000000000,1.000000000
1403715392.107142925,-0.359970000,-0.437544000,1.578308000,0.000000000,0.000000000,0.000000000,1.000000000
1403715392.112143278,-0.358473000,-0.442126000,1.579549000,0.000000000,0.000000000,0.000000000,1.000000000
1403715392.117143154,-0.356961000,-0.446712000,1.580802000,0.000000000,0.000000000,0.000000000,1.000000000
1403715392.122143030,-0.355437000,-0.451308000,1.582071000,0.000000000,0.000000000,0.000000000,1.000000000
1403715392.127142906,-0.353900000,-0.455909000,1.583349000,0.000000000,0.000000000,0.000000000,1.000000000
1403715392.132143259,-0.352353000,-0.460514000,1.584618000,0.000000000,0.000000000,0.000000000,1.000000000
1403715392.137142897,-0.350797000,-0.465119000,1.585872000,0.000000000,0.000000000,0.000000000,1.000000000
1403715392.142143011,-0.349232000,-0.469725000,1.587116000,0.000000000,0.000000000,0.000000000,1.000000000
1403715392.147142887,-0.347660000,-0.474331000,1.588352000,0.000000000,0.000000000,0.000000000,1.000000000
1403715392.152143240,-0.346074000,-0.478945000,1.589580000,0.000000000,0.000000000,0.000000000,1.000000000
1403715392.157143116,-0.344606000,-0.483613000,1.590824000,0.000000000,0.000000000,0.000000000,1.000000000
1403715392.162142992,-0.343030000,-0.488257000,1.592056000,0.000000000,0.000000000,0.000000000,1.000000000
1403715392.167143345,-0.341442000,-0.492905000,1.593305000,0.000000000,0.000000000,0.000000000,1.000000000
1403715392.172143221,-0.339835000,-0.497550000,1.594571000,0.000000000,0.000000000,0.000000000,1.000000000
1403715392.177143097,-0.338203000,-0.502193000,1.595848000,0.000000000,0.000000000,0.000000000,1.000000000
1403715392.182142973,-0.336546000,-0.506833000,1.597124000,0.000000000,0.000000000,0.000000000,1.000000000
1403715392.187143326,-0.334876000,-0.511473000,1.598395000,0.000000000,0.000000000,0.000000000,1.000000000
1403715392.192142963,-0.333204000,-0.516117000,1.599661000,0.000000000,0.000000000,0.000000000,1.000000000
1403715392.197143078,-0.331524000,-0.520770000,1.600921000,0.000000000,0.000000000,0.000000000,1.000000000
1403715392.202142954,-0.329835000,-0.525428000,1.602170000,0.000000000,0.000000000,0.000000000,1.000000000
1403715392.207143307,-0.328265000,-0.530125000,1.603407000,0.000000000,0.000000000,0.000000000,1.000000000
1403715392.212142944,-0.326575000,-0.534782000,1.604639000,0.000000000,0.000000000,0.000000000,1.000000000
1403715392.217143059,-0.324864000,-0.539436000,1.605883000,0.000000000,0.000000000,0.000000000,1.000000000
1403715392.222143173,-0.323134000,-0.544091000,1.607147000,0.000000000,0.000000000,0.000000000,1.000000000
1403715392.227143288,-0.321385000,-0.548753000,1.608435000,0.000000000,0.000000000,0.000000000,1.000000000
1403715392.232142925,-0.319624000,-0.553423000,1.609738000,0.000000000,0.000000000,0.000000000,1.000000000
1403715392.237143040,-0.317850000,-0.558102000,1.611044000,0.000000000,0.000000000,0.000000000,1.000000000
1403715392.242143154,-0.316060000,-0.562782000,1.612346000,0.000000000,0.000000000,0.000000000,1.000000000
1403715392.247143030,-0.314247000,-0.567460000,1.613649000,0.000000000,0.000000000,0.000000000,1.000000000
1403715392.252142906,-0.312414000,-0.572132000,1.614954000,0.000000000,0.000000000,0.000000000,1.000000000
1403715392.257143021,-0.310697000,-0.576839000,1.616231000,0.000000000,0.000000000,0.000000000,1.000000000
1403715392.262143135,-0.308857000,-0.581514000,1.617507000,0.000000000,0.000000000,0.000000000,1.000000000
1403715392.267143011,-0.307006000,-0.586189000,1.618774000,0.000000000,0.000000000,0.000000000,1.000000000
1403715392.272142887,-0.305149000,-0.590861000,1.620023000,0.000000000,0.000000000,0.000000000,1.000000000
1403715392.277143240,-0.303276000,-0.595527000,1.621262000,0.000000000,0.000000000,0.000000000,1.000000000
1403715392.282143354,-0.301385000,-0.600182000,1.622493000,0.000000000,0.000000000,0.000000000,1.000000000
1403715392.287142992,-0.299479000,-0.604830000,1.623721000,0.000000000,0.000000000,0.000000000,1.000000000
1403715392.292143106,-0.297562000,-0.609477000,1.624951000,0.000000000,0.000000000,0.000000000,1.000000000
1403715392.297143221,-0.295635000,-0.614128000,1.626169000,0.000000000,0.000000000,0.000000000,1.000000000
1403715392.302143097,-0.293698000,-0.618788000,1.627370000,0.000000000,0.000000000,0.000000000,1.000000000
1403715392.307142973,-0.291870000,-0.623495000,1.628548000,0.000000000,0.000000000,0.000000000,1.000000000
1403715392.312143087,-0.289918000,-0.628180000,1.629760000,0.000000000,0.000000000,0.000000000,1.000000000
1403715392.317143202,-0.287947000,-0.632870000,1.630988000,0.000000000,0.000000000,0.000000000,1.000000000
1403715392.322143078,-0.285962000,-0.637559000,1.632221000,0.000000000,0.000000000,0.000000000,1.000000000
1403715392.327142954,-0.283952000,-0.642245000,1.633456000,0.000000000,0.000000000,0.000000000,1.000000000
1403715392.332143307,-0.281919000,-0.646937000,1.634709000,0.000000000,0.000000000,0.000000000,1.000000000
1403715392.337143183,-0.279873000,-0.651637000,1.635977000,0.000000000,0.000000000,0.000000000,1.000000000
1403715392.342143059,-0.277816000,-0.656341000,1.637260000,0.000000000,0.000000000,0.000000000,1.000000000
1403715392.347142935,-0.275747000,-0.661046000,1.638555000,0.000000000,0.000000000,0.000000000,1.000000000
1403715392.352143288,-0.273663000,-0.665744000,1.639862000,0.000000000,0.000000000,0.000000000,1.000000000
1403715392.357143164,-0.271685000,-0.670462000,1.641141000,0.000000000,0.000000000,0.000000000,1.000000000
1403715392.362143040,-0.269589000,-0.675154000,1.642460000,0.000000000,0.000000000,0.000000000,1.000000000
1403715392.367142916,-0.267492000,-0.679844000,1.643778000,0.000000000,0.000000000,0.000000000,1.000000000
1403715392.372143269,-0.265403000,-0.684537000,1.645097000,0.000000000,0.000000000,0.000000000,1.000000000
1403715392.377142906,-0.263320000,-0.689233000,1.646410000,0.000000000,0.000000000,0.000000000,1.000000000
1403715392.382143021,-0.261239000,-0.693926000,1.647708000,0.000000000,0.000000000,0.000000000,1.000000000
1403715392.387142897,-0.259152000,-0.698609000,1.649005000,0.000000000,0.000000000,0.000000000,1.000000000
1403715392.392143250,-0.257055000,-0.703278000,1.650316000,0.000000000,0.000000000,0.000000000,1.000000000
1403715392.397142887,-0.254947000,-0.707942000,1.651638000,0.000000000,0.000000000,0.000000000,1.000000000
1403715392.402143002,-0.252829000,-0.712613000,1.652964000,0.000000000,0.000000000,0.000000000,1.000000000
1403715392.407143354,-0.250827000,-0.717321000,1.654230000,0.000000000,0.000000000,0.000000000,1.000000000
1403715392.412143230,-0.248719000,-0.722018000,1.655539000,0.000000000,0.000000000,0.000000000,1.000000000
1403715392.417143106,-0.246605000,-0.726720000,1.656850000,0.000000000,0.000000000,0.000000000,1.000000000
1403715392.422142982,-0.244484000,-0.731422000,1.658160000,0.000000000,0.000000000,0.000000000,1.000000000
1403715392.427143335,-0.242351000,-0.736120000,1.659474000,0.000000000,0.000000000,0.000000000,1.000000000
1403715392.432142973,-0.240209000,-0.740804000,1.660807000,0.000000000,0.000000000,0.000000000,1.000000000
1403715392.437143087,-0.238066000,-0.745479000,1.662153000,0.000000000,0.000000000,0.000000000,1.000000000
1403715392.442142963,-0.235928000,-0.750151000,1.663501000,0.000000000,0.000000000,0.000000000,1.000000000
1403715392.447143316,-0.233792000,-0.754823000,1.664844000,0.000000000,0.000000000,0.000000000,1.000000000
1403715392.452142954,-0.231658000,-0.759495000,1.666173000,0.000000000,0.000000000,0.000000000,1.000000000
1403715392.457143068,-0.229643000,-0.764184000,1.667424000,0.000000000,0.000000000,0.000000000,1.000000000
1403715392.462142944,-0.227526000,-0.768843000,1.668717000,0.000000000,0.000000000,0.000000000,1.000000000
1403715392.467143297,-0.225411000,-0.773492000,1.669995000,0.000000000,0.000000000,0.000000000,1.000000000
1403715392.472142935,-0.223298000,-0.778133000,1.671249000,0.000000000,0.000000000,0.000000000,1.000000000
1403715392.477143049,-0.221194000,-0.782766000,1.672482000,0.000000000,0.000000000,0.000000000,1.000000000
1403715392.482143164,-0.219098000,-0.787385000,1.673709000,0.000000000,0.000000000,0.000000000,1.000000000
1403715392.487143040,-0.217002000,-0.792002000,1.674934000,0.000000000,0.000000000,0.000000000,1.000000000
1403715392.492142916,-0.214909000,-0.796619000,1.676158000,0.000000000,0.000000000,0.000000000,1.000000000
1403715392.497143030,-0.212819000,-0.801229000,1.677379000,0.000000000,0.000000000,0.000000000,1.000000000
1403715392.502143145,-0.210731000,-0.805834000,1.678593000,0.000000000,0.000000000,0.000000000,1.000000000
1403715392.507143021,-0.208768000,-0.810455000,1.679717000,0.000000000,0.000000000,0.000000000,1.000000000
1403715392.512142897,-0.206712000,-0.815041000,1.680870000,0.000000000,0.000000000,0.000000000,1.000000000
1403715392.517143011,-0.204657000,-0.819606000,1.681995000,0.000000000,0.000000000,0.000000000,1.000000000
1403715392.522143126,-0.202602000,-0.824155000,1.683098000,0.000000000,0.000000000,0.000000000,1.000000000
1403715392.527143002,-0.200547000,-0.828700000,1.684179000,0.000000000,0.000000000,0.000000000,1.000000000
1403715392.532143116,-0.198489000,-0.833245000,1.685242000,0.000000000,0.000000000,0.000000000,1.000000000
1403715392.537143230,-0.196439000,-0.837782000,1.686302000,0.000000000,0.000000000,0.000000000,1.000000000
1403715392.542143345,-0.194400000,-0.842306000,1.687353000,0.000000000,0.000000000,0.000000000,1.000000000
1403715392.547142982,-0.192364000,-0.846815000,1.688390000,0.000000000,0.000000000,0.000000000,1.000000000
1403715392.552143097,-0.190329000,-0.851313000,1.689426000,0.000000000,0.000000000,0.000000000,1.000000000
1403715392.557143211,-0.188419000,-0.855828000,1.690378000,0.000000000,0.000000000,0.000000000,1.000000000
1403715392.562143087,-0.186411000,-0.860310000,1.691368000,0.000000000,0.000000000,0.000000000,1.000000000
1403715392.567142963,-0.184408000,-0.864779000,1.692342000,0.000000000,0.000000000,0.000000000,1.000000000
1403715392.572143078,-0.182410000,-0.869230000,1.693302000,0.000000000,0.000000000,0.000000000,1.000000000
1403715392.577143192,-0.180416000,-0.873665000,1.694242000,0.000000000,0.000000000,0.000000000,1.000000000
1403715392.582143068,-0.178417000,-0.878091000,1.695168000,0.000000000,0.000000000,0.000000000,1.000000000
1403715392.587142944,-0.176416000,-0.882510000,1.696079000,0.000000000,0.000000000,0.000000000,1.000000000
1403715392.592143297,-0.174418000,-0.886930000,1.696978000,0.000000000,0.000000000,0.000000000,1.000000000
1403715392.597143173,-0.172424000,-0.891342000,1.697873000,0.000000000,0.000000000,0.000000000,1.000000000
1403715392.602143049,-0.170435000,-0.895740000,1.698761000,0.000000000,0.000000000,0.000000000,1.000000000
1403715392.607142925,-0.168578000,-0.900149000,1.699556000,0.000000000,0.000000000,0.000000000,1.000000000
1403715392.612143278,-0.166620000,-0.904506000,1.700389000,0.000000000,0.000000000,0.000000000,1.000000000
1403715392.617143154,-0.164658000,-0.908841000,1.701210000,0.000000000,0.000000000,0.000000000,1.000000000
1403715392.622143030,-0.162700000,-0.913163000,1.702034000,0.000000000,0.000000000,0.000000000,1.000000000
1403715392.627142906,-0.160758000,-0.917472000,1.702861000,0.000000000,0.000000000,0.000000000,1.000000000
1403715392.632143259,-0.158834000,-0.921783000,1.703699000,0.000000000,0.000000000,0.000000000,1.000000000
1403715392.637142897,-0.156935000,-0.926105000,1.704561000,0.000000000,0.000000000,0.000000000,1.000000000
1403715392.642143011,-0.155064000,-0.930430000,1.705431000,0.000000000,0.000000000,0.000000000,1.000000000
1403715392.647142887,-0.153202000,-0.934752000,1.706297000,0.000000000,0.000000000,0.000000000,1.000000000
1403715392.652143240,-0.151339000,-0.939068000,1.707165000,0.000000000,0.000000000,0.000000000,1.000000000
1403715392.657143116,-0.149608000,-0.943405000,1.707954000,0.000000000,0.000000000,0.000000000,1.000000000
1403715392.662142992,-0.147772000,-0.947699000,1.708801000,0.000000000,0.000000000,0.000000000,1.000000000
1403715392.667143345,-0.145942000,-0.951986000,1.709634000,0.000000000,0.000000000,0.000000000,1.000000000
1403715392.672143221,-0.144122000,-0.956268000,1.710448000,0.000000000,0.000000000,0.000000000,1.000000000
1403715392.677143097,-0.142310000,-0.960542000,1.711250000,0.000000000,0.000000000,0.000000000,1.000000000
1403715392.682142973,-0.140508000,-0.964804000,1.712049000,0.000000000,0.000000000,0.000000000,1.000000000
1403715392.687143326,-0.138715000,-0.969047000,1.712844000,0.000000000,0.000000000,0.000000000,1.000000000
1403715392.692142963,-0.136926000,-0.973269000,1.713625000,0.000000000,0.000000000,0.000000000,1.000000000
1403715392.697143078,-0.135138000,-0.977483000,1.714395000,0.000000000,0.000000000,0.000000000,1.000000000
1403715392.702142954,-0.133351000,-0.981698000,1.715160000,0.000000000,0.000000000,0.000000000,1.000000000
1403715392.707143307,-0.131713000,-0.985954000,1.715838000,0.000000000,0.000000000,0.000000000,1.000000000
1403715392.712142944,-0.129981000,-0.990162000,1.716559000,0.000000000,0.000000000,0.000000000,1.000000000
1403715392.717143059,-0.128264000,-0.994364000,1.717255000,0.000000000,0.000000000,0.000000000,1.000000000
1403715392.722143173,-0.126554000,-0.998555000,1.717929000,0.000000000,0.000000000,0.000000000,1.000000000
1403715392.727143288,-0.124846000,-1.002726000,1.718602000,0.000000000,0.000000000,0.000000000,1.000000000
1403715392.732142925,-0.123140000,-1.006875000,1.719285000,0.000000000,0.000000000,0.000000000,1.000000000
1403715392.737143040,-0.121439000,-1.011006000,1.719962000,0.000000000,0.000000000,0.000000000,1.000000000
1403715392.742143154,-0.119746000,-1.015126000,1.720631000,0.000000000,0.000000000,0.000000000,1.000000000
1403715392.747143030,-0.118056000,-1.019242000,1.721296000,0.000000000,0.000000000,0.000000000,1.000000000
1403715392.752142906,-0.116362000,-1.023354000,1.721951000,0.000000000,0.000000000,0.000000000,1.000000000
1403715392.757143021,-0.114807000,-1.027507000,1.722509000,0.000000000,0.000000000,0.000000000,1.000000000
1403715392.762143135,-0.113125000,-1.031602000,1.723094000,0.000000000,0.000000000,0.000000000,1.000000000
1403715392.767143011,-0.111443000,-1.035684000,1.723651000,0.000000000,0.000000000,0.000000000,1.000000000
1403715392.772142887,-0.109768000,-1.039760000,1.724197000,0.000000000,0.000000000,0.000000000,1.000000000
1403715392.777143240,-0.108104000,-1.043836000,1.724745000,0.000000000,0.000000000,0.000000000,1.000000000
1403715392.782143354,-0.106449000,-1.047909000,1.725301000,0.000000000,0.000000000,0.000000000,1.000000000
1403715392.787142992,-0.104798000,-1.051971000,1.725868000,0.000000000,0.000000000,0.000000000,1.000000000
1403715392.792143106,-0.103149000,-1.056013000,1.726446000,0.000000000,0.000000000,0.000000000,1.000000000
1403715392.797143221,-0.101498000,-1.060031000,1.727018000,0.000000000,0.000000000,0.000000000,1.000000000
1403715392.802143097,-0.099847000,-1.064025000,1.727578000,0.000000000,0.000000000,0.000000000,1.000000000
1403715392.807142973,-0.098350000,-1.068060000,1.728058000,0.000000000,0.000000000,0.000000000,1.000000000
1403715392.812143087,-0.096736000,-1.072037000,1.728587000,0.000000000,0.000000000,0.000000000,1.000000000
1403715392.817143202,-0.095129000,-1.076010000,1.729109000,0.000000000,0.000000000,0.000000000,1.000000000
1403715392.822143078,-0.093537000,-1.079979000,1.729616000,0.000000000,0.000000000,0.000000000,1.000000000
1403715392.827142954,-0.091956000,-1.083934000,1.730110000,0.000000000,0.000000000,0.000000000,1.000000000
1403715392.832143307,-0.090375000,-1.087869000,1.730605000,0.000000000,0.000000000,0.000000000,1.000000000
1403715392.837143183,-0.088791000,-1.091783000,1.731102000,0.000000000,0.000000000,0.000000000,1.000000000
1403715392.842143059,-0.087205000,-1.095677000,1.731595000,0.000000000,0.000000000,0.000000000,1.000000000
1403715392.847142935,-0.085616000,-1.099563000,1.732084000,0.000000000,0.000000000,0.000000000,1.000000000
1403715392.852143288,-0.084030000,-1.103446000,1.732576000,0.000000000,0.000000000,0.000000000,1.000000000
1403715392.857143164,-0.082608000,-1.107385000,1.733005000,0.000000000,0.000000000,0.000000000,1.000000000
1403715392.862143040,-0.081074000,-1.111263000,1.733480000,0.000000000,0.000000000,0.000000000,1.000000000
1403715392.867142916,-0.079532000,-1.115135000,1.733956000,0.000000000,0.000000000,0.000000000,1.000000000
1403715392.872143269,-0.077984000,-1.118995000,1.734443000,0.000000000,0.000000000,0.000000000,1.000000000
1403715392.877142906,-0.076442000,-1.122838000,1.734940000,0.000000000,0.000000000,0.000000000,1.000000000
1403715392.882143021,-0.074903000,-1.126664000,1.735435000,0.000000000,0.000000000,0.000000000,1.000000000
1403715392.887142897,-0.073361000,-1.130478000,1.735926000,0.000000000,0.000000000,0.000000000,1.000000000
1403715392.892143250,-0.071820000,-1.134284000,1.736405000,0.000000000,0.000000000,0.000000000,1.000000000
1403715392.897142887,-0.070286000,-1.138078000,1.736868000,0.000000000,0.000000000,0.000000000,1.000000000
1403715392.902143002,-0.068767000,-1.141861000,1.737329000,0.000000000,0.000000000,0.000000000,1.000000000
1403715392.907143354,-0.067403000,-1.145691000,1.737736000,0.000000000,0.000000000,0.000000000,1.000000000
1403715392.912143230,-0.065917000,-1.149442000,1.738184000,0.000000000,0.000000000,0.000000000,1.000000000
1403715392.917143106,-0.064436000,-1.153173000,1.738627000,0.000000000,0.000000000,0.000000000,1.000000000
1403715392.922142982,-0.062959000,-1.156888000,1.739063000,0.000000000,0.000000000,0.000000000,1.000000000
1403715392.927143335,-0.061480000,-1.160598000,1.739489000,0.000000000,0.000000000,0.000000000,1.000000000
1403715392.932142973,-0.060004000,-1.164305000,1.739912000,0.000000000,0.000000000,0.000000000,1.000000000
1403715392.937143087,-0.058534000,-1.168004000,1.740342000,0.000000000,0.000000000,0.000000000,1.000000000
1403715392.942142963,-0.057063000,-1.171688000,1.740775000,0.000000000,0.000000000,0.000000000,1.000000000
1403715392.947143316,-0.055585000,-1.175358000,1.741205000,0.000000000,0.000000000,0.000000000,1.000000000
1403715392.952142954,-0.054094000,-1.179013000,1.741635000,0.000000000,0.000000000,0.000000000,1.000000000
1403715392.957143068,-0.052725000,-1.182722000,1.742014000,0.000000000,0.000000000,0.000000000,1.000000000
1403715392.962142944,-0.051223000,-1.186374000,1.742446000,0.000000000,0.000000000,0.000000000,1.000000000
1403715392.967143297,-0.049713000,-1.190027000,1.742892000,0.000000000,0.000000000,0.000000000,1.000000000
1403715392.972142935,-0.048199000,-1.193675000,1.743342000,0.000000000,0.000000000,0.000000000,1.000000000
1403715392.977143049,-0.046684000,-1.197309000,1.743801000,0.000000000,0.000000000,0.000000000,1.000000000
1403715392.982143164,-0.045169000,-1.200928000,1.744266000,0.000000000,0.000000000,0.000000000,1.000000000
1403715392.987143040,-0.043654000,-1.204536000,1.744735000,0.000000000,0.000000000,0.000000000,1.000000000
1403715392.992142916,-0.042137000,-1.208136000,1.745204000,0.000000000,0.000000000,0.000000000,1.000000000
1403715392.997143030,-0.040619000,-1.211725000,1.745678000,0.000000000,0.000000000,0.000000000,1.000000000
1403715393.002143145,-0.039103000,-1.215300000,1.746151000,0.000000000,0.000000000,0.000000000,1.000000000
1403715393.007143021,-0.037726000,-1.218928000,1.746574000,0.000000000,0.000000000,0.000000000,1.000000000
1403715393.012142897,-0.036236000,-1.222489000,1.747024000,0.000000000,0.000000000,0.000000000,1.000000000
1403715393.017143011,-0.034739000,-1.226044000,1.747488000,0.000000000,0.000000000,0.000000000,1.000000000
1403715393.022143126,-0.033234000,-1.229599000,1.747969000,0.000000000,0.000000000,0.000000000,1.000000000
1403715393.027143002,-0.031722000,-1.233152000,1.748459000,0.000000000,0.000000000,0.000000000,1.000000000
1403715393.032143116,-0.030204000,-1.236694000,1.748958000,0.000000000,0.000000000,0.000000000,1.000000000
1403715393.037143230,-0.028677000,-1.240219000,1.749465000,0.000000000,0.000000000,0.000000000,1.000000000
1403715393.042143345,-0.027139000,-1.243729000,1.749968000,0.000000000,0.000000000,0.000000000,1.000000000
1403715393.047142982,-0.025595000,-1.247229000,1.750460000,0.000000000,0.000000000,0.000000000,1.000000000
1403715393.052143097,-0.024050000,-1.250722000,1.750949000,0.000000000,0.000000000,0.000000000,1.000000000
1403715393.057143211,-0.022627000,-1.254268000,1.751409000,0.000000000,0.000000000,0.000000000,1.000000000
1403715393.062143087,-0.021087000,-1.257753000,1.751887000,0.000000000,0.000000000,0.000000000,1.000000000
1403715393.067142963,-0.019535000,-1.261228000,1.752352000,0.000000000,0.000000000,0.000000000,1.000000000
1403715393.072143078,-0.017976000,-1.264692000,1.752812000,0.000000000,0.000000000,0.000000000,1.000000000
1403715393.077143192,-0.016417000,-1.268145000,1.753277000,0.000000000,0.000000000,0.000000000,1.000000000
1403715393.082143068,-0.014854000,-1.271589000,1.753750000,0.000000000,0.000000000,0.000000000,1.000000000
1403715393.087142944,-0.013285000,-1.275021000,1.754218000,0.000000000,0.000000000,0.000000000,1.000000000
1403715393.092143297,-0.011708000,-1.278438000,1.754683000,0.000000000,0.000000000,0.000000000,1.000000000
1403715393.097143173,-0.010126000,-1.281839000,1.755144000,0.000000000,0.000000000,0.000000000,1.000000000
1403715393.102143049,-0.008542000,-1.285227000,1.755600000,0.000000000,0.000000000,0.000000000,1.000000000
1403715393.107142925,-0.007077000,-1.288668000,1.756023000,0.000000000,0.000000000,0.000000000,1.000000000
1403715393.112143278,-0.005517000,-1.292048000,1.756462000,0.000000000,0.000000000,0.000000000,1.000000000
1403715393.117143154,-0.003955000,-1.295416000,1.756901000,0.000000000,0.000000000,0.000000000,1.000000000
1403715393.122143030,-0.002392000,-1.298772000,1.757332000,0.000000000,0.000000000,0.000000000,1.000000000
1403715393.127142906,-0.000826000,-1.302114000,1.757759000,0.000000000,0.000000000,0.000000000,1.000000000
1403715393.132143259,0.000750000,-1.305441000,1.758182000,0.000000000,0.000000000,0.000000000,1.000000000
1403715393.137142897,0.002335000,-1.308756000,1.758596000,0.000000000,0.000000000,0.000000000,1.000000000
1403715393.142143011,0.003930000,-1.312061000,1.758988000,0.000000000,0.000000000,0.000000000,1.000000000
1403715393.147142887,0.005529000,-1.315359000,1.759357000,0.000000000,0.000000000,0.000000000,1.000000000
1403715393.152143240,0.007127000,-1.318647000,1.759711000,0.000000000,0.000000000,0.000000000,1.000000000
1403715393.157143116,0.008621000,-1.321976000,1.760038000,0.000000000,0.000000000,0.000000000,1.000000000
1403715393.162142992,0.010212000,-1.325237000,1.760370000,0.000000000,0.000000000,0.000000000,1.000000000
1403715393.167143345,0.011808000,-1.328475000,1.760702000,0.000000000,0.000000000,0.000000000,1.000000000
1403715393.172143221,0.013400000,-1.331695000,1.761040000,0.000000000,0.000000000,0.000000000,1.000000000
1403715393.177143097,0.014988000,-1.334902000,1.761365000,0.000000000,0.000000000,0.000000000,1.000000000
1403715393.182142973,0.016582000,-1.338098000,1.761674000,0.000000000,0.000000000,0.000000000,1.000000000
1403715393.187143326,0.018186000,-1.341282000,1.761977000,0.000000000,0.000000000,0.000000000,1.000000000
1403715393.192142963,0.019796000,-1.344447000,1.762271000,0.000000000,0.000000000,0.000000000,1.000000000
1403715393.197143078,0.021409000,-1.347594000,1.762559000,0.000000000,0.000000000,0.000000000,1.000000000
1403715393.202142954,0.023014000,-1.350725000,1.762841000,0.000000000,0.000000000,0.000000000,1.000000000
1403715393.207143307,0.024510000,-1.353895000,1.763103000,0.000000000,0.000000000,0.000000000,1.000000000
1403715393.212142944,0.026088000,-1.357014000,1.763360000,0.000000000,0.000000000,0.000000000,1.000000000
1403715393.217143059,0.027678000,-1.360119000,1.763605000,0.000000000,0.000000000,0.000000000,1.000000000
1403715393.222143173,0.029270000,-1.363204000,1.763845000,0.000000000,0.000000000,0.000000000,1.000000000
1403715393.227143288,0.030868000,-1.366264000,1.764092000,0.000000000,0.000000000,0.000000000,1.000000000
1403715393.232142925,0.032482000,-1.369302000,1.764357000,0.000000000,0.000000000,0.000000000,1.000000000
1403715393.237143040,0.034105000,-1.372326000,1.764645000,0.000000000,0.000000000,0.000000000,1.000000000
1403715393.242143154,0.035734000,-1.375333000,1.764944000,0.000000000,0.000000000,0.000000000,1.000000000
1403715393.247143030,0.037370000,-1.378321000,1.765242000,0.000000000,0.000000000,0.000000000,1.000000000
1403715393.252142906,0.039012000,-1.381291000,1.765526000,0.000000000,0.000000000,0.000000000,1.000000000
1403715393.257143021,0.040560000,-1.384286000,1.765782000,0.000000000,0.000000000,0.000000000,1.000000000
1403715393.262143135,0.042177000,-1.387228000,1.766023000,0.000000000,0.000000000,0.000000000,1.000000000
1403715393.267143011,0.043790000,-1.390153000,1.766245000,0.000000000,0.000000000,0.000000000,1.000000000
1403715393.272142887,0.045400000,-1.393055000,1.766461000,0.000000000,0.000000000,0.000000000,1.000000000
1403715393.277143240,0.047018000,-1.395931000,1.766682000,0.000000000,0.000000000,0.000000000,1.000000000
1403715393.282143354,0.048648000,-1.398778000,1.766929000,0.000000000,0.000000000,0.000000000,1.000000000
1403715393.287142992,0.050280000,-1.401606000,1.767202000,0.000000000,0.000000000,0.000000000,1.000000000
1403715393.292143106,0.051908000,-1.404420000,1.767487000,0.000000000,0.000000000,0.000000000,1.000000000
1403715393.297143221,0.053535000,-1.407220000,1.767773000,0.000000000,0.000000000,0.000000000,1.000000000
1403715393.302143097,0.055155000,-1.410005000,1.768056000,0.000000000,0.000000000,0.000000000,1.000000000
1403715393.307142973,0.056682000,-1.412809000,1.768322000,0.000000000,0.000000000,0.000000000,1.000000000
1403715393.312143087,0.058281000,-1.415576000,1.768590000,0.000000000,0.000000000,0.000000000,1.000000000
1403715393.317143202,0.059884000,-1.418332000,1.768850000,0.000000000,0.000000000,0.000000000,1.000000000
1403715393.322143078,0.061492000,-1.421075000,1.769098000,0.000000000,0.000000000,0.000000000,1.000000000
1403715393.327142954,0.063105000,-1.423802000,1.769335000,0.000000000,0.000000000,0.000000000,1.000000000
1403715393.332143307,0.064721000,-1.426505000,1.769553000,0.000000000,0.000000000,0.000000000,1.000000000
1403715393.337143183,0.066338000,-1.429192000,1.769766000,0.000000000,0.000000000,0.000000000,1.000000000
1403715393.342143059,0.067951000,-1.431865000,1.769995000,0.000000000,0.000000000,0.000000000,1.000000000
1403715393.347142935,0.069558000,-1.434523000,1.770229000,0.000000000,0.000000000,0.000000000,1.000000000
1403715393.352143288,0.071155000,-1.437168000,1.770460000,0.000000000,0.000000000,0.000000000,1.000000000
1403715393.357143164,0.072659000,-1.439820000,1.770671000,0.000000000,0.000000000,0.000000000,1.000000000
1403715393.362143040,0.074226000,-1.442432000,1.770902000,0.000000000,0.000000000,0.000000000,1.000000000
1403715393.367142916,0.075793000,-1.445031000,1.771136000,0.000000000,0.000000000,0.000000000,1.000000000
1403715393.372143269,0.077367000,-1.447617000,1.771367000,0.000000000,0.000000000,0.000000000,1.000000000
1403715393.377142906,0.078946000,-1.450192000,1.771597000,0.000000000,0.000000000,0.000000000,1.000000000
1403715393.382143021,0.080526000,-1.452755000,1.771821000,0.000000000,0.000000000,0.000000000,1.000000000
1403715393.387142897,0.082101000,-1.455303000,1.772044000,0.000000000,0.000000000,0.000000000,1.000000000
1403715393.392143250,0.083677000,-1.457831000,1.772266000,0.000000000,0.000000000,0.000000000,1.000000000
1403715393.397142887,0.085258000,-1.460332000,1.772491000,0.000000000,0.000000000,0.000000000,1.000000000
1403715393.402143002,0.086844000,-1.462808000,1.772714000,0.000000000,0.000000000,0.000000000,1.000000000
1403715393.407143354,0.088345000,-1.465284000,1.772908000,0.000000000,0.000000000,0.000000000,1.000000000
1403715393.412143230,0.089909000,-1.467733000,1.773109000,0.000000000,0.000000000,0.000000000,1.000000000
1403715393.417143106,0.091468000,-1.470170000,1.773300000,0.000000000,0.000000000,0.000000000,1.000000000
1403715393.422142982,0.093024000,-1.472589000,1.773479000,0.000000000,0.000000000,0.000000000,1.000000000
1403715393.427143335,0.094581000,-1.474989000,1.773646000,0.000000000,0.000000000,0.000000000,1.000000000
1403715393.432142973,0.096136000,-1.477366000,1.773804000,0.000000000,0.000000000,0.000000000,1.000000000
1403715393.437143087,0.097685000,-1.479719000,1.773951000,0.000000000,0.000000000,0.000000000,1.000000000
1403715393.442142963,0.099227000,-1.482053000,1.774084000,0.000000000,0.000000000,0.000000000,1.000000000
1403715393.447143316,0.100766000,-1.484372000,1.774207000,0.000000000,0.000000000,0.000000000,1.000000000
1403715393.452142954,0.102303000,-1.486675000,1.774325000,0.000000000,0.000000000,0.000000000,1.000000000
1403715393.457143068,0.103750000,-1.488979000,1.774417000,0.000000000,0.000000000,0.000000000,1.000000000
1403715393.462142944,0.105261000,-1.491248000,1.774534000,0.000000000,0.000000000,0.000000000,1.000000000
1403715393.467143297,0.106769000,-1.493496000,1.774658000,0.000000000,0.000000000,0.000000000,1.000000000
1403715393.472142935,0.108272000,-1.495726000,1.774778000,0.000000000,0.000000000,0.000000000,1.000000000
1403715393.477143049,0.109773000,-1.497940000,1.774889000,0.000000000,0.000000000,0.000000000,1.000000000
1403715393.482143164,0.111276000,-1.500136000,1.774994000,0.000000000,0.000000000,0.000000000,1.000000000
1403715393.487143040,0.112782000,-1.502311000,1.775091000,0.000000000,0.000000000,0.000000000,1.000000000
1403715393.492142916,0.114281000,-1.504474000,1.775179000,0.000000000,0.000000000,0.000000000,1.000000000
1403715393.497143030,0.115767000,-1.506626000,1.775255000,0.000000000,0.000000000,0.000000000,1.000000000
1403715393.502143145,0.117239000,-1.508749000,1.775320000,0.000000000,0.000000000,0.000000000,1.000000000
1403715393.507143021,0.118616000,-1.510853000,1.775357000,0.000000000,0.000000000,0.000000000,1.000000000
1403715393.512142897,0.120062000,-1.512917000,1.775419000,0.000000000,0.000000000,0.000000000,1.000000000
1403715393.517143011,0.121504000,-1.514954000,1.775485000,0.000000000,0.000000000,0.000000000,1.000000000
1403715393.522143126,0.122945000,-1.516971000,1.775551000,0.000000000,0.000000000,0.000000000,1.000000000
1403715393.527143002,0.124384000,-1.518974000,1.775616000,0.000000000,0.000000000,0.000000000,1.000000000
1403715393.532143116,0.125812000,-1.520960000,1.775683000,0.000000000,0.000000000,0.000000000,1.000000000
1403715393.537143230,0.127232000,-1.522925000,1.775743000,0.000000000,0.000000000,0.000000000,1.000000000
1403715393.542143345,0.128642000,-1.524864000,1.775798000,0.000000000,0.000000000,0.000000000,1.000000000
1403715393.547142982,0.130039000,-1.526772000,1.775844000,0.000000000,0.000000000,0.000000000,1.000000000
1403715393.552143097,0.131432000,-1.528654000,1.775891000,0.000000000,0.000000000,0.000000000,1.000000000
1403715393.557143211,0.132732000,-1.530536000,1.775919000,0.000000000,0.000000000,0.000000000,1.000000000
1403715393.562143087,0.134106000,-1.532384000,1.775978000,0.000000000,0.000000000,0.000000000,1.000000000
1403715393.567142963,0.135478000,-1.534213000,1.776042000,0.000000000,0.000000000,0.000000000,1.000000000
1403715393.572143078,0.136846000,-1.536019000,1.776103000,0.000000000,0.000000000,0.000000000,1.000000000
1403715393.577143192,0.138209000,-1.537797000,1.776155000,0.000000000,0.000000000,0.000000000,1.000000000
1403715393.582143068,0.139567000,-1.539543000,1.776192000,0.000000000,0.000000000,0.000000000,1.000000000
1403715393.587142944,0.140918000,-1.541263000,1.776212000,0.000000000,0.000000000,0.000000000,1.000000000
1403715393.592143297,0.142259000,-1.542965000,1.776222000,0.000000000,0.000000000,0.000000000,1.000000000
1403715393.597143173,0.143576000,-1.544656000,1.776229000,0.000000000,0.000000000,0.000000000,1.000000000
1403715393.602143049,0.144863000,-1.546333000,1.776223000,0.000000000,0.000000000,0.000000000,1.000000000
1403715393.607142925,0.146046000,-1.548005000,1.776172000,0.000000000,0.000000000,0.000000000,1.000000000
1403715393.612143278,0.147297000,-1.549631000,1.776153000,0.000000000,0.000000000,0.000000000,1.000000000
1403715393.617143154,0.148535000,-1.551234000,1.776124000,0.000000000,0.000000000,0.000000000,1.000000000
1403715393.622143030,0.149759000,-1.552816000,1.776081000,0.000000000,0.000000000,0.000000000,1.000000000
1403715393.627142906,0.150972000,-1.554372000,1.776029000,0.000000000,0.000000000,0.000000000,1.000000000
1403715393.632143259,0.152177000,-1.555901000,1.775976000,0.000000000,0.000000000,0.000000000,1.000000000
1403715393.637142897,0.153372000,-1.557410000,1.775922000,0.000000000,0.000000000,0.000000000,1.000000000
1403715393.642143011,0.154557000,-1.558896000,1.775870000,0.000000000,0.000000000,0.000000000,1.000000000
1403715393.647142887,0.155737000,-1.560357000,1.775830000,0.000000000,0.000000000,0.000000000,1.000000000
1403715393.652143240,0.156919000,-1.561791000,1.775798000,0.000000000,0.000000000,0.000000000,1.000000000
1403715393.657143116,0.158003000,-1.563234000,1.775731000,0.000000000,0.000000000,0.000000000,1.000000000
1403715393.662142992,0.159164000,-1.564640000,1.775679000,0.000000000,0.000000000,0.000000000,1.000000000
1403715393.667143345,0.160324000,-1.566033000,1.775610000,0.000000000,0.000000000,0.000000000,1.000000000
1403715393.672143221,0.161481000,-1.567408000,1.775530000,0.000000000,0.000000000,0.000000000,1.000000000
1403715393.677143097,0.162636000,-1.568760000,1.775448000,0.000000000,0.000000000,0.000000000,1.000000000
1403715393.682142973,0.163789000,-1.570086000,1.775366000,0.000000000,0.000000000,0.000000000,1.000000000
1403715393.687143326,0.164942000,-1.571384000,1.775283000,0.000000000,0.000000000,0.000000000,1.000000000
1403715393.692142963,0.166094000,-1.572654000,1.775193000,0.000000000,0.000000000,0.000000000,1.000000000
1403715393.697143078,0.167240000,-1.573899000,1.775091000,0.000000000,0.000000000,0.000000000,1.000000000
1403715393.702142954,0.168373000,-1.575118000,1.774976000,0.000000000,0.000000000,0.000000000,1.000000000
1403715393.707143307,0.169390000,-1.576352000,1.774815000,0.000000000,0.000000000,0.000000000,1.000000000
1403715393.712142944,0.170465000,-1.577533000,1.774672000,0.000000000,0.000000000,0.000000000,1.000000000
1403715393.717143059,0.171524000,-1.578695000,1.774532000,0.000000000,0.000000000,0.000000000,1.000000000
1403715393.722143173,0.172579000,-1.579840000,1.774402000,0.000000000,0.000000000,0.000000000,1.000000000
1403715393.727143288,0.173629000,-1.580965000,1.774277000,0.000000000,0.000000000,0.000000000,1.000000000
1403715393.732142925,0.174668000,-1.582071000,1.774156000,0.000000000,0.000000000,0.000000000,1.000000000
1403715393.737143040,0.175697000,-1.583155000,1.774042000,0.000000000,0.000000000,0.000000000,1.000000000
1403715393.742143154,0.176718000,-1.584219000,1.773930000,0.000000000,0.000000000,0.000000000,1.000000000
1403715393.747143030,0.177731000,-1.585265000,1.773808000,0.000000000,0.000000000,0.000000000,1.000000000
1403715393.752142906,0.178739000,-1.586291000,1.773663000,0.000000000,0.000000000,0.000000000,1.000000000
1403715393.757143021,0.179650000,-1.587336000,1.773475000,0.000000000,0.000000000,0.000000000,1.000000000
1403715393.762143135,0.180637000,-1.588333000,1.773292000,0.000000000,0.000000000,0.000000000,1.000000000
1403715393.767143011,0.181621000,-1.589314000,1.773098000,0.000000000,0.000000000,0.000000000,1.000000000
1403715393.772142887,0.182607000,-1.590278000,1.772897000,0.000000000,0.000000000,0.000000000,1.000000000
1403715393.777143240,0.183600000,-1.591224000,1.772707000,0.000000000,0.000000000,0.000000000,1.000000000
1403715393.782143354,0.184591000,-1.592154000,1.772537000,0.000000000,0.000000000,0.000000000,1.000000000
1403715393.787142992,0.185571000,-1.593067000,1.772376000,0.000000000,0.000000000,0.000000000,1.000000000
1403715393.792143106,0.186540000,-1.593959000,1.772214000,0.000000000,0.000000000,0.000000000,1.000000000
1403715393.797143221,0.187504000,-1.594832000,1.772053000,0.000000000,0.000000000,0.000000000,1.000000000
1403715393.802143097,0.188458000,-1.595692000,1.771890000,0.000000000,0.000000000,0.000000000,1.000000000
1403715393.807142973,0.189309000,-1.596580000,1.771697000,0.000000000,0.000000000,0.000000000,1.000000000
1403715393.812143087,0.190220000,-1.597431000,1.771501000,0.000000000,0.000000000,0.000000000,1.000000000
1403715393.817143202,0.191125000,-1.598282000,1.771296000,0.000000000,0.000000000,0.000000000,1.000000000
1403715393.822143078,0.192032000,-1.599125000,1.771103000,0.000000000,0.000000000,0.000000000,1.000000000
1403715393.827142954,0.192932000,-1.599953000,1.770934000,0.000000000,0.000000000,0.000000000,1.000000000
1403715393.832143307,0.193822000,-1.600768000,1.770784000,0.000000000,0.000000000,0.000000000,1.000000000
1403715393.837143183,0.194710000,-1.601569000,1.770653000,0.000000000,0.000000000,0.000000000,1.000000000
1403715393.842143059,0.195602000,-1.602361000,1.770531000,0.000000000,0.000000000,0.000000000,1.000000000
1403715393.847142935,0.196498000,-1.603145000,1.770414000,0.000000000,0.000000000,0.000000000,1.000000000
1403715393.852143288,0.197394000,-1.603919000,1.770288000,0.000000000,0.000000000,0.000000000,1.000000000
1403715393.857143164,0.198206000,-1.604713000,1.770139000,0.000000000,0.000000000,0.000000000,1.000000000
1403715393.862143040,0.199081000,-1.605464000,1.769982000,0.000000000,0.000000000,0.000000000,1.000000000
1403715393.867142916,0.199948000,-1.606204000,1.769824000,0.000000000,0.000000000,0.000000000,1.000000000
1403715393.872143269,0.200810000,-1.606940000,1.769657000,0.000000000,0.000000000,0.000000000,1.000000000
1403715393.877142906,0.201668000,-1.607668000,1.769490000,0.000000000,0.000000000,0.000000000,1.000000000
1403715393.882143021,0.202519000,-1.608382000,1.769339000,0.000000000,0.000000000,0.000000000,1.000000000
1403715393.887142897,0.203368000,-1.609081000,1.769208000,0.000000000,0.000000000,0.000000000,1.000000000
1403715393.892143250,0.204220000,-1.609770000,1.769083000,0.000000000,0.000000000,0.000000000,1.000000000
1403715393.897142887,0.205068000,-1.610456000,1.768955000,0.000000000,0.000000000,0.000000000,1.000000000
1403715393.902143002,0.205909000,-1.611144000,1.768827000,0.000000000,0.000000000,0.000000000,1.000000000
1403715393.907143354,0.206677000,-1.611863000,1.768704000,0.000000000,0.000000000,0.000000000,1.000000000
1403715393.912143230,0.207493000,-1.612545000,1.768559000,0.000000000,0.000000000,0.000000000,1.000000000
1403715393.917143106,0.208307000,-1.613210000,1.768394000,0.000000000,0.000000000,0.000000000,1.000000000
1403715393.922142982,0.209121000,-1.613852000,1.768224000,0.000000000,0.000000000,0.000000000,1.000000000
1403715393.927143335,0.209932000,-1.614473000,1.768052000,0.000000000,0.000000000,0.000000000,1.000000000
1403715393.932142973,0.210733000,-1.615086000,1.767883000,0.000000000,0.000000000,0.000000000,1.000000000
1403715393.937143087,0.211528000,-1.615693000,1.767724000,0.000000000,0.000000000,0.000000000,1.000000000
1403715393.942142963,0.212319000,-1.616295000,1.767575000,0.000000000,0.000000000,0.000000000,1.000000000
1403715393.947143316,0.213106000,-1.616886000,1.767435000,0.000000000,0.000000000,0.000000000,1.000000000
1403715393.952142954,0.213888000,-1.617461000,1.767304000,0.000000000,0.000000000,0.000000000,1.000000000
1403715393.957143068,0.214616000,-1.618052000,1.767192000,0.000000000,0.000000000,0.000000000,1.000000000
1403715393.962142944,0.215384000,-1.618606000,1.767067000,0.000000000,0.000000000,0.000000000,1.000000000
1403715393.967143297,0.216151000,-1.619154000,1.766940000,0.000000000,0.000000000,0.000000000,1.000000000
1403715393.972142935,0.216913000,-1.619698000,1.766805000,0.000000000,0.000000000,0.000000000,1.000000000
1403715393.977143049,0.217671000,-1.620244000,1.766656000,0.000000000,0.000000000,0.000000000,1.000000000
1403715393.982143164,0.218423000,-1.620787000,1.766504000,0.000000000,0.000000000,0.000000000,1.000000000
1403715393.987143040,0.219173000,-1.621320000,1.766357000,0.000000000,0.000000000,0.000000000,1.000000000
1403715393.992142916,0.219916000,-1.621851000,1.766215000,0.000000000,0.000000000,0.000000000,1.000000000
1403715393.997143030,0.220651000,-1.622381000,1.766065000,0.000000000,0.000000000,0.000000000,1.000000000
1403715394.002143145,0.221380000,-1.622909000,1.765903000,0.000000000,0.000000000,0.000000000,1.000000000
1403715394.007143021,0.222076000,-1.623465000,1.765768000,0.000000000,0.000000000,0.000000000,1.000000000
1403715394.012142897,0.222789000,-1.623989000,1.765614000,0.000000000,0.000000000,0.000000000,1.000000000
1403715394.017143011,0.223492000,-1.624502000,1.765464000,0.000000000,0.000000000,0.000000000,1.000000000
1403715394.022143126,0.224199000,-1.625001000,1.765322000,0.000000000,0.000000000,0.000000000,1.000000000
1403715394.027143002,0.224920000,-1.625475000,1.765182000,0.000000000,0.000000000,0.000000000,1.000000000
1403715394.032143116,0.225652000,-1.625933000,1.765050000,0.000000000,0.000000000,0.000000000,1.000000000
1403715394.037143230,0.226386000,-1.626388000,1.764924000,0.000000000,0.000000000,0.000000000,1.000000000
1403715394.042143345,0.227123000,-1.626834000,1.764795000,0.000000000,0.000000000,0.000000000,1.000000000
1403715394.047142982,0.227860000,-1.627272000,1.764662000,0.000000000,0.000000000,0.000000000,1.000000000
1403715394.052143097,0.228589000,-1.627704000,1.764526000,0.000000000,0.000000000,0.000000000,1.000000000
1403715394.057143211,0.229295000,-1.628160000,1.764420000,0.000000000,0.000000000,0.000000000,1.000000000
1403715394.062143087,0.230010000,-1.628581000,1.764281000,0.000000000,0.000000000,0.000000000,1.000000000
1403715394.067142963,0.230725000,-1.628998000,1.764140000,0.000000000,0.000000000,0.000000000,1.000000000
1403715394.072143078,0.231447000,-1.629412000,1.763992000,0.000000000,0.000000000,0.000000000,1.000000000
1403715394.077143192,0.232174000,-1.629823000,1.763843000,0.000000000,0.000000000,0.000000000,1.000000000
1403715394.082143068,0.232896000,-1.630230000,1.763685000,0.000000000,0.000000000,0.000000000,1.000000000
1403715394.087142944,0.233611000,-1.630625000,1.763522000,0.000000000,0.000000000,0.000000000,1.000000000
1403715394.092143297,0.234315000,-1.631009000,1.763363000,0.000000000,0.000000000,0.000000000,1.000000000
1403715394.097143173,0.235014000,-1.631384000,1.763204000,0.000000000,0.000000000,0.000000000,1.000000000
1403715394.102143049,0.235712000,-1.631757000,1.763047000,0.000000000,0.000000000,0.000000000,1.000000000
1403715394.107142925,0.236412000,-1.632174000,1.762931000,0.000000000,0.000000000,0.000000000,1.000000000
1403715394.112143278,0.237103000,-1.632562000,1.762777000,0.000000000,0.000000000,0.000000000,1.000000000
1403715394.117143154,0.237791000,-1.632946000,1.762624000,0.000000000,0.000000000,0.000000000,1.000000000
1403715394.122143030,0.238480000,-1.633316000,1.762473000,0.000000000,0.000000000,0.000000000,1.000000000
1403715394.127142906,0.239169000,-1.633666000,1.762323000,0.000000000,0.000000000,0.000000000,1.000000000
1403715394.132143259,0.239859000,-1.633996000,1.762174000,0.000000000,0.000000000,0.000000000,1.000000000
1403715394.137142897,0.240553000,-1.634310000,1.762026000,0.000000000,0.000000000,0.000000000,1.000000000
1403715394.142143011,0.241248000,-1.634617000,1.761884000,0.000000000,0.000000000,0.000000000,1.000000000
1403715394.147142887,0.241936000,-1.634926000,1.761740000,0.000000000,0.000000000,0.000000000,1.000000000
1403715394.152143240,0.242621000,-1.635242000,1.761588000,0.000000000,0.000000000,0.000000000,1.000000000
1403715394.157143116,0.243329000,-1.635597000,1.761482000,0.000000000,0.000000000,0.000000000,1.000000000
1403715394.162142992,0.244018000,-1.635898000,1.761345000,0.000000000,0.000000000,0.000000000,1.000000000
1403715394.167143345,0.244694000,-1.636183000,1.761199000,0.000000000,0.000000000,0.000000000,1.000000000
1403715394.172143221,0.245354000,-1.636456000,1.761042000,0.000000000,0.000000000,0.000000000,1.000000000
1403715394.177143097,0.246003000,-1.636719000,1.760877000,0.000000000,0.000000000,0.000000000,1.000000000
1403715394.182142973,0.246653000,-1.636979000,1.760708000,0.000000000,0.000000000,0.000000000,1.000000000
1403715394.187143326,0.247294000,-1.637245000,1.760539000,0.000000000,0.000000000,0.000000000,1.000000000
1403715394.192142963,0.247919000,-1.637521000,1.760352000,0.000000000,0.000000000,0.000000000,1.000000000
1403715394.197143078,0.248542000,-1.637796000,1.760149000,0.000000000,0.000000000,0.000000000,1.000000000
1403715394.202142954,0.249171000,-1.638053000,1.759956000,0.000000000,0.000000000,0.000000000,1.000000000
1403715394.207143307,0.249827000,-1.638332000,1.759800000,0.000000000,0.000000000,0.000000000,1.000000000
1403715394.212142944,0.250446000,-1.638563000,1.759607000,0.000000000,0.000000000,0.000000000,1.000000000
1403715394.217143059,0.251053000,-1.638787000,1.759411000,0.000000000,0.000000000,0.000000000,1.000000000
1403715394.222143173,0.251653000,-1.639009000,1.759206000,0.000000000,0.000000000,0.000000000,1.000000000
1403715394.227143288,0.252250000,-1.639232000,1.758993000,0.000000000,0.000000000,0.000000000,1.000000000
1403715394.232142925,0.252843000,-1.639451000,1.758779000,0.000000000,0.000000000,0.000000000,1.000000000
1403715394.237143040,0.253429000,-1.639666000,1.758567000,0.000000000,0.000000000,0.000000000,1.000000000
1403715394.242143154,0.254012000,-1.639874000,1.758359000,0.000000000,0.000000000,0.000000000,1.000000000
1403715394.247143030,0.254590000,-1.640073000,1.758152000,0.000000000,0.000000000,0.000000000,1.000000000
1403715394.252142906,0.255163000,-1.640263000,1.757947000,0.000000000,0.000000000,0.000000000,1.000000000
1403715394.257143021,0.255768000,-1.640490000,1.757797000,0.000000000,0.000000000,0.000000000,1.000000000
1403715394.262143135,0.256335000,-1.640676000,1.757632000,0.000000000,0.000000000,0.000000000,1.000000000
1403715394.267143011,0.256896000,-1.640856000,1.757479000,0.000000000,0.000000000,0.000000000,1.000000000
1403715394.272142887,0.257457000,-1.641031000,1.757335000,0.000000000,0.000000000,0.000000000,1.000000000
1403715394.277143240,0.258012000,-1.641202000,1.757187000,0.000000000,0.000000000,0.000000000,1.000000000
1403715394.282143354,0.258556000,-1.641366000,1.757030000,0.000000000,0.000000000,0.000000000,1.000000000
1403715394.287142992,0.259093000,-1.641516000,1.756861000,0.000000000,0.000000000,0.000000000,1.000000000
1403715394.292143106,0.259623000,-1.641650000,1.756682000,0.000000000,0.000000000,0.000000000,1.000000000
1403715394.297143221,0.260152000,-1.641778000,1.756491000,0.000000000,0.000000000,0.000000000,1.000000000
1403715394.302143097,0.260693000,-1.641896000,1.756303000,0.000000000,0.000000000,0.000000000,1.000000000
1403715394.307142973,0.261282000,-1.642042000,1.756172000,0.000000000,0.000000000,0.000000000,1.000000000
1403715394.312143087,0.261835000,-1.642141000,1.756018000,0.000000000,0.000000000,0.000000000,1.000000000
1403715394.317143202,0.262383000,-1.642231000,1.755867000,0.000000000,0.000000000,0.000000000,1.000000000
1403715394.322143078,0.262927000,-1.642320000,1.755720000,0.000000000,0.000000000,0.000000000,1.000000000
1403715394.327142954,0.263469000,-1.642409000,1.755583000,0.000000000,0.000000000,0.000000000,1.000000000
1403715394.332143307,0.264010000,-1.642496000,1.755462000,0.000000000,0.000000000,0.000000000,1.000000000
1403715394.337143183,0.264549000,-1.642577000,1.755353000,0.000000000,0.000000000,0.000000000,1.000000000
1403715394.342143059,0.265085000,-1.642657000,1.755244000,0.000000000,0.000000000,0.000000000,1.000000000
1403715394.347142935,0.265612000,-1.642735000,1.755133000,0.000000000,0.000000000,0.000000000,1.000000000
1403715394.352143288,0.266133000,-1.642810000,1.755013000,0.000000000,0.000000000,0.000000000,1.000000000
1403715394.357143164,0.266691000,-1.642917000,1.754924000,0.000000000,0.000000000,0.000000000,1.000000000
1403715394.362143040,0.267201000,-1.642985000,1.754797000,0.000000000,0.000000000,0.000000000,1.000000000
1403715394.367142916,0.267699000,-1.643049000,1.754661000,0.000000000,0.000000000,0.000000000,1.000000000
1403715394.372143269,0.268185000,-1.643110000,1.754527000,0.000000000,0.000000000,0.000000000,1.000000000
1403715394.377142906,0.268662000,-1.643172000,1.754392000,0.000000000,0.000000000,0.000000000,1.000000000
1403715394.382143021,0.269137000,-1.643233000,1.754263000,0.000000000,0.000000000,0.000000000,1.000000000
1403715394.387142897,0.269610000,-1.643289000,1.754150000,0.000000000,0.000000000,0.000000000,1.000000000
1403715394.392143250,0.270079000,-1.643330000,1.754061000,0.000000000,0.000000000,0.000000000,1.000000000
1403715394.397142887,0.270545000,-1.643350000,1.753996000,0.000000000,0.000000000,0.000000000,1.000000000
1403715394.402143002,0.271013000,-1.643354000,1.753944000,0.000000000,0.000000000,0.000000000,1.000000000
1403715394.407143354,0.271532000,-1.643385000,1.753939000,0.000000000,0.000000000,0.000000000,1.000000000
1403715394.412143230,0.272017000,-1.643390000,1.753924000,0.000000000,0.000000000,0.000000000,1.000000000
1403715394.417143106,0.272506000,-1.643394000,1.753910000,0.000000000,0.000000000,0.000000000,1.000000000
1403715394.422142982,0.272996000,-1.643387000,1.753899000,0.000000000,0.000000000,0.000000000,1.000000000
1403715394.427143335,0.273475000,-1.643366000,1.753889000,0.000000000,0.000000000,0.000000000,1.000000000
1403715394.432142973,0.273937000,-1.643334000,1.753876000,0.000000000,0.000000000,0.000000000,1.000000000
1403715394.437143087,0.274382000,-1.643297000,1.753856000,0.000000000,0.000000000,0.000000000,1.000000000
1403715394.442142963,0.274811000,-1.643255000,1.753827000,0.000000000,0.000000000,0.000000000,1.000000000
1403715394.447143316,0.275229000,-1.643213000,1.753788000,0.000000000,0.000000000,0.000000000,1.000000000
1403715394.452142954,0.275630000,-1.643179000,1.753735000,0.000000000,0.000000000,0.000000000,1.000000000
1403715394.457143068,0.276063000,-1.643178000,1.753701000,0.000000000,0.000000000,0.000000000,1.000000000
1403715394.462142944,0.276454000,-1.643152000,1.753638000,0.000000000,0.000000000,0.000000000,1.000000000
1403715394.467143297,0.276844000,-1.643111000,1.753582000,0.000000000,0.000000000,0.000000000,1.000000000
1403715394.472142935,0.277227000,-1.643059000,1.753529000,0.000000000,0.000000000,0.000000000,1.000000000
1403715394.477143049,0.277599000,-1.642999000,1.753483000,0.000000000,0.000000000,0.000000000,1.000000000
1403715394.482143164,0.277960000,-1.642926000,1.753450000,0.000000000,0.000000000,0.000000000,1.000000000
1403715394.487143040,0.278316000,-1.642844000,1.753428000,0.000000000,0.000000000,0.000000000,1.000000000
1403715394.492142916,0.278665000,-1.642757000,1.753406000,0.000000000,0.000000000,0.000000000,1.000000000
1403715394.497143030,0.279000000,-1.642666000,1.753378000,0.000000000,0.000000000,0.000000000,1.000000000
1403715394.502143145,0.279320000,-1.642572000,1.753335000,0.000000000,0.000000000,0.000000000,1.000000000
1403715394.507143021,0.279680000,-1.642492000,1.753317000,0.000000000,0.000000000,0.000000000,1.000000000
1403715394.512142897,0.279979000,-1.642392000,1.753270000,0.000000000,0.000000000,0.000000000,1.000000000
1403715394.517143011,0.280263000,-1.642291000,1.753223000,0.000000000,0.000000000,0.000000000,1.000000000
1403715394.522143126,0.280536000,-1.642187000,1.753175000,0.000000000,0.000000000,0.000000000,1.000000000
1403715394.527143002,0.280802000,-1.642077000,1.753124000,0.000000000,0.000000000,0.000000000,1.000000000
1403715394.532143116,0.281058000,-1.641962000,1.753070000,0.000000000,0.000000000,0.000000000,1.000000000
1403715394.537143230,0.281299000,-1.641840000,1.753017000,0.000000000,0.000000000,0.000000000,1.000000000
1403715394.542143345,0.281526000,-1.641711000,1.752964000,0.000000000,0.000000000,0.000000000,1.000000000
1403715394.547142982,0.281739000,-1.641576000,1.752908000,0.000000000,0.000000000,0.000000000,1.000000000
1403715394.552143097,0.281937000,-1.641438000,1.752851000,0.000000000,0.000000000,0.000000000,1.000000000
1403715394.557143211,0.282181000,-1.641311000,1.752838000,0.000000000,0.000000000,0.000000000,1.000000000
1403715394.562143087,0.282369000,-1.641167000,1.752786000,0.000000000,0.000000000,0.000000000,1.000000000
1403715394.567142963,0.282547000,-1.641018000,1.752721000,0.000000000,0.000000000,0.000000000,1.000000000
1403715394.572143078,0.282708000,-1.640870000,1.752636000,0.000000000,0.000000000,0.000000000,1.000000000
1403715394.577143192,0.282852000,-1.640721000,1.752541000,0.000000000,0.000000000,0.000000000,1.000000000
1403715394.582143068,0.282980000,-1.640567000,1.752454000,0.000000000,0.000000000,0.000000000,1.000000000
1403715394.587142944,0.283095000,-1.640407000,1.752378000,0.000000000,0.000000000,0.000000000,1.000000000
1403715394.592143297,0.283199000,-1.640238000,1.752307000,0.000000000,0.000000000,0.000000000,1.000000000
1403715394.597143173,0.283290000,-1.640062000,1.752237000,0.000000000,0.000000000,0.000000000,1.000000000
1403715394.602143049,0.283364000,-1.639884000,1.752162000,0.000000000,0.000000000,0.000000000,1.000000000
1403715394.607142925,0.283481000,-1.639710000,1.752121000,0.000000000,0.000000000,0.000000000,1.000000000
1403715394.612143278,0.283526000,-1.639529000,1.752040000,0.000000000,0.000000000,0.000000000,1.000000000
1403715394.617143154,0.283547000,-1.639345000,1.751960000,0.000000000,0.000000000,0.000000000,1.000000000
1403715394.622143030,0.283541000,-1.639162000,1.751864000,0.000000000,0.000000000,0.000000000,1.000000000
1403715394.627142906,0.283514000,-1.638980000,1.751746000,0.000000000,0.000000000,0.000000000,1.000000000
1403715394.632143259,0.283469000,-1.638804000,1.751620000,0.000000000,0.000000000,0.000000000,1.000000000
1403715394.637142897,0.283410000,-1.638630000,1.751499000,0.000000000,0.000000000,0.000000000,1.000000000
1403715394.642143011,0.283334000,-1.638451000,1.751389000,0.000000000,0.000000000,0.000000000,1.000000000
1403715394.647142887,0.283245000,-1.638265000,1.751275000,0.000000000,0.000000000,0.000000000,1.000000000
1403715394.652143240,0.283143000,-1.638070000,1.751146000,0.000000000,0.000000000,0.000000000,1.000000000
1403715394.657143116,0.283092000,-1.637864000,1.751051000,0.000000000,0.000000000,0.000000000,1.000000000
1403715394.662142992,0.282969000,-1.637653000,1.750924000,0.000000000,0.000000000,0.000000000,1.000000000
1403715394.667143345,0.282834000,-1.637435000,1.750802000,0.000000000,0.000000000,0.000000000,1.000000000
1403715394.672143221,0.282686000,-1.637211000,1.750687000,0.000000000,0.000000000,0.000000000,1.000000000
1403715394.677143097,0.282520000,-1.636977000,1.750579000,0.000000000,0.000000000,0.000000000,1.000000000
1403715394.682142973,0.282338000,-1.636736000,1.750468000,0.000000000,0.000000000,0.000000000,1.000000000
1403715394.687143326,0.282144000,-1.636489000,1.750342000,0.000000000,0.000000000,0.000000000,1.000000000
1403715394.692142963,0.281941000,-1.636238000,1.750198000,0.000000000,0.000000000,0.000000000,1.000000000
1403715394.697143078,0.281728000,-1.635995000,1.750038000,0.000000000,0.000000000,0.000000000,1.000000000
1403715394.702142954,0.281495000,-1.635761000,1.749863000,0.000000000,0.000000000,0.000000000,1.000000000
1403715394.707143307,0.281310000,-1.635517000,1.749724000,0.000000000,0.000000000,0.000000000,1.000000000
1403715394.712142944,0.281049000,-1.635279000,1.749561000,0.000000000,0.000000000,0.000000000,1.000000000
1403715394.717143059,0.280766000,-1.635034000,1.749411000,0.000000000,0.000000000,0.000000000,1.000000000
1403715394.722143173,0.280471000,-1.634782000,1.749255000,0.000000000,0.000000000,0.000000000,1.000000000
1403715394.727143288,0.280163000,-1.634527000,1.749095000,0.000000000,0.000000000,0.000000000,1.000000000
1403715394.732142925,0.279836000,-1.634272000,1.748927000,0.000000000,0.000000000,0.000000000,1.000000000
1403715394.737143040,0.279492000,-1.634018000,1.748746000,0.000000000,0.000000000,0.000000000,1.000000000
1403715394.742143154,0.279129000,-1.633759000,1.748558000,0.000000000,0.000000000,0.000000000,1.000000000
1403715394.747143030,0.278747000,-1.633496000,1.748373000,0.000000000,0.000000000,0.000000000,1.000000000
1403715394.752142906,0.278348000,-1.633231000,1.748189000,0.000000000,0.000000000,0.000000000,1.000000000
1403715394.757143021,0.278011000,-1.632945000,1.748036000,0.000000000,0.000000000,0.000000000,1.000000000
1403715394.762143135,0.277614000,-1.632674000,1.747845000,0.000000000,0.000000000,0.000000000,1.000000000
1403715394.767143011,0.277208000,-1.632405000,1.747658000,0.000000000,0.000000000,0.000000000,1.000000000
1403715394.772142887,0.276791000,-1.632133000,1.747482000,0.000000000,0.000000000,0.000000000,1.000000000
1403715394.777143240,0.276362000,-1.631858000,1.747322000,0.000000000,0.000000000,0.000000000,1.000000000
1403715394.782143354,0.275919000,-1.631587000,1.747166000,0.000000000,0.000000000,0.000000000,1.000000000
1403715394.787142992,0.275464000,-1.631315000,1.747010000,0.000000000,0.000000000,0.000000000,1.000000000
1403715394.792143106,0.275002000,-1.631046000,1.746852000,0.000000000,0.000000000,0.000000000,1.000000000
1403715394.797143221,0.274539000,-1.630780000,1.746690000,0.000000000,0.000000000,0.000000000,1.000000000
1403715394.802143097,0.274072000,-1.630518000,1.746526000,0.000000000,0.000000000,0.000000000,1.000000000
1403715394.807142973,0.273658000,-1.630229000,1.746383000,0.000000000,0.000000000,0.000000000,1.000000000
1403715394.812143087,0.273179000,-1.629954000,1.746212000,0.000000000,0.000000000,0.000000000,1.000000000
1403715394.817143202,0.272688000,-1.629677000,1.746046000,0.000000000,0.000000000,0.000000000,1.000000000
1403715394.822143078,0.272185000,-1.629404000,1.745890000,0.000000000,0.000000000,0.000000000,1.000000000
1403715394.827142954,0.271678000,-1.629132000,1.745746000,0.000000000,0.000000000,0.000000000,1.000000000
1403715394.832143307,0.271171000,-1.628858000,1.745611000,0.000000000,0.000000000,0.000000000,1.000000000
1403715394.837143183,0.270655000,-1.628585000,1.745473000,0.000000000,0.000000000,0.000000000,1.000000000
1403715394.842143059,0.270126000,-1.628314000,1.745328000,0.000000000,0.000000000,0.000000000,1.000000000
1403715394.847142935,0.269587000,-1.628041000,1.745183000,0.000000000,0.000000000,0.000000000,1.000000000
1403715394.852143288,0.269040000,-1.627766000,1.745033000,0.000000000,0.000000000,0.000000000,1.000000000
1403715394.857143164,0.268540000,-1.627458000,1.744898000,0.000000000,0.000000000,0.000000000,1.000000000
1403715394.862143040,0.267981000,-1.627168000,1.744733000,0.000000000,0.000000000,0.000000000,1.000000000
1403715394.867142916,0.267412000,-1.626877000,1.744559000,0.000000000,0.000000000,0.000000000,1.000000000
1403715394.872143269,0.266838000,-1.626585000,1.744377000,0.000000000,0.000000000,0.000000000,1.000000000
1403715394.877142906,0.266261000,-1.626292000,1.744197000,0.000000000,0.000000000,0.000000000,1.000000000
1403715394.882143021,0.265677000,-1.626002000,1.744026000,0.000000000,0.000000000,0.000000000,1.000000000
1403715394.887142897,0.265086000,-1.625712000,1.743855000,0.000000000,0.000000000,0.000000000,1.000000000
1403715394.892143250,0.264487000,-1.625412000,1.743693000,0.000000000,0.000000000,0.000000000,1.000000000
1403715394.897142887,0.263879000,-1.625111000,1.743547000,0.000000000,0.000000000,0.000000000,1.000000000
1403715394.902143002,0.263263000,-1.624810000,1.743409000,0.000000000,0.000000000,0.000000000,1.000000000
1403715394.907143354,0.262698000,-1.624466000,1.743283000,0.000000000,0.000000000,0.000000000,1.000000000
1403715394.912143230,0.262086000,-1.624135000,1.743151000,0.000000000,0.000000000,0.000000000,1.000000000
1403715394.917143106,0.261461000,-1.623797000,1.743011000,0.000000000,0.000000000,0.000000000,1.000000000
1403715394.922142982,0.260825000,-1.623450000,1.742869000,0.000000000,0.000000000,0.000000000,1.000000000
1403715394.927143335,0.260181000,-1.623098000,1.742732000,0.000000000,0.000000000,0.000000000,1.000000000
1403715394.932142973,0.259535000,-1.622747000,1.742601000,0.000000000,0.000000000,0.000000000,1.000000000
1403715394.937143087,0.258890000,-1.622396000,1.742484000,0.000000000,0.000000000,0.000000000,1.000000000
1403715394.942142963,0.258248000,-1.622043000,1.742378000,0.000000000,0.000000000,0.000000000,1.000000000
1403715394.947143316,0.257603000,-1.621690000,1.742275000,0.000000000,0.000000000,0.000000000,1.000000000
1403715394.952142954,0.256943000,-1.621328000,1.742172000,0.000000000,0.000000000,0.000000000,1.000000000
1403715394.957143068,0.256314000,-1.620928000,1.742055000,0.000000000,0.000000000,0.000000000,1.000000000
1403715394.962142944,0.255638000,-1.620558000,1.741922000,0.000000000,0.000000000,0.000000000,1.000000000
1403715394.967143297,0.254965000,-1.620197000,1.741773000,0.000000000,0.000000000,0.000000000,1.000000000
1403715394.972142935,0.254294000,-1.619844000,1.741613000,0.000000000,0.000000000,0.000000000,1.000000000
1403715394.977143049,0.253620000,-1.619497000,1.741455000,0.000000000,0.000000000,0.000000000,1.000000000
1403715394.982143164,0.252936000,-1.619141000,1.741307000,0.000000000,0.000000000,0.000000000,1.000000000
1403715394.987143040,0.252237000,-1.618770000,1.741164000,0.000000000,0.000000000,0.000000000,1.000000000
1403715394.992142916,0.251524000,-1.618381000,1.741020000,0.000000000,0.000000000,0.000000000,1.000000000
1403715394.997143030,0.250809000,-1.617985000,1.740898000,0.000000000,0.000000000,0.000000000,1.000000000
1403715395.002143145,0.250099000,-1.617592000,1.740804000,0.000000000,0.000000000,0.000000000,1.000000000
1403715395.007143021,0.249443000,-1.617166000,1.740707000,0.000000000,0.000000000,0.000000000,1.000000000
1403715395.012142897,0.248740000,-1.616760000,1.740622000,0.000000000,0.000000000,0.000000000,1.000000000
1403715395.017143011,0.248015000,-1.616352000,1.740517000,0.000000000,0.000000000,0.000000000,1.000000000
1403715395.022143126,0.247267000,-1.615942000,1.740389000,0.000000000,0.000000000,0.000000000,1.000000000
1403715395.027143002,0.246499000,-1.615531000,1.740241000,0.000000000,0.000000000,0.000000000,1.000000000
1403715395.032143116,0.245724000,-1.615120000,1.740078000,0.000000000,0.000000000,0.000000000,1.000000000
1403715395.037143230,0.244951000,-1.614705000,1.739911000,0.000000000,0.000000000,0.000000000,1.000000000
1403715395.042143345,0.244174000,-1.614292000,1.739750000,0.000000000,0.000000000,0.000000000,1.000000000
1403715395.047142982,0.243388000,-1.613883000,1.739600000,0.000000000,0.000000000,0.000000000,1.000000000
1403715395.052143097,0.242592000,-1.613467000,1.739460000,0.000000000,0.000000000,0.000000000,1.000000000
1403715395.057143211,0.241830000,-1.613012000,1.739310000,0.000000000,0.000000000,0.000000000,1.000000000
1403715395.062143087,0.241022000,-1.612572000,1.739192000,0.000000000,0.000000000,0.000000000,1.000000000
1403715395.067142963,0.240210000,-1.612126000,1.739085000,0.000000000,0.000000000,0.000000000,1.000000000
1403715395.072143078,0.239402000,-1.611670000,1.738985000,0.000000000,0.000000000,0.000000000,1.000000000
1403715395.077143192,0.238599000,-1.611209000,1.738881000,0.000000000,0.000000000,0.000000000,1.000000000
1403715395.082143068,0.237798000,-1.610746000,1.738762000,0.000000000,0.000000000,0.000000000,1.000000000
1403715395.087142944,0.236991000,-1.610279000,1.738620000,0.000000000,0.000000000,0.000000000,1.000000000
1403715395.092143297,0.236167000,-1.609800000,1.738467000,0.000000000,0.000000000,0.000000000,1.000000000
1403715395.097143173,0.235324000,-1.609315000,1.738309000,0.000000000,0.000000000,0.000000000,1.000000000
1403715395.102143049,0.234468000,-1.608835000,1.738139000,0.000000000,0.000000000,0.000000000,1.000000000
1403715395.107142925,0.233659000,-1.608323000,1.737934000,0.000000000,0.000000000,0.000000000,1.000000000
1403715395.112143278,0.232816000,-1.607836000,1.737757000,0.000000000,0.000000000,0.000000000,1.000000000
1403715395.117143154,0.231972000,-1.607350000,1.737574000,0.000000000,0.000000000,0.000000000,1.000000000
1403715395.122143030,0.231128000,-1.606861000,1.737399000,0.000000000,0.000000000,0.000000000,1.000000000
1403715395.127142906,0.230280000,-1.606366000,1.737239000,0.000000000,0.000000000,0.000000000,1.000000000
1403715395.132143259,0.229426000,-1.605865000,1.737092000,0.000000000,0.000000000,0.000000000,1.000000000
1403715395.137142897,0.228563000,-1.605353000,1.736953000,0.000000000,0.000000000,0.000000000,1.000000000
1403715395.142143011,0.227693000,-1.604831000,1.736818000,0.000000000,0.000000000,0.000000000,1.000000000
1403715395.147142887,0.226821000,-1.604299000,1.736693000,0.000000000,0.000000000,0.000000000,1.000000000
1403715395.152143240,0.225947000,-1.603757000,1.736563000,0.000000000,0.000000000,0.000000000,1.000000000
1403715395.157143116,0.225110000,-1.603172000,1.736383000,0.000000000,0.000000000,0.000000000,1.000000000
1403715395.162142992,0.224231000,-1.602613000,1.736227000,0.000000000,0.000000000,0.000000000,1.000000000
1403715395.167143345,0.223350000,-1.602060000,1.736067000,0.000000000,0.000000000,0.000000000,1.000000000
1403715395.172143221,0.222462000,-1.601514000,1.735907000,0.000000000,0.000000000,0.000000000,1.000000000
1403715395.177143097,0.221572000,-1.600968000,1.735739000,0.000000000,0.000000000,0.000000000,1.000000000
1403715395.182142973,0.220678000,-1.600416000,1.735562000,0.000000000,0.000000000,0.000000000,1.000000000
1403715395.187143326,0.219780000,-1.599861000,1.735374000,0.000000000,0.000000000,0.000000000,1.000000000
1403715395.192142963,0.218877000,-1.599304000,1.735188000,0.000000000,0.000000000,0.000000000,1.000000000
1403715395.197143078,0.217967000,-1.598745000,1.735014000,0.000000000,0.000000000,0.000000000,1.000000000
1403715395.202142954,0.217051000,-1.598192000,1.734850000,0.000000000,0.000000000,0.000000000,1.000000000
1403715395.207143307,0.216168000,-1.597594000,1.734649000,0.000000000,0.000000000,0.000000000,1.000000000
1403715395.212142944,0.215243000,-1.597024000,1.734479000,0.000000000,0.000000000,0.000000000,1.000000000
1403715395.217143059,0.214317000,-1.596458000,1.734308000,0.000000000,0.000000000,0.000000000,1.000000000
1403715395.222143173,0.213384000,-1.595891000,1.734132000,0.000000000,0.000000000,0.000000000,1.000000000
1403715395.227143288,0.212443000,-1.595318000,1.733947000,0.000000000,0.000000000,0.000000000,1.000000000
1403715395.232142925,0.211494000,-1.594743000,1.733754000,0.000000000,0.000000000,0.000000000,1.000000000
1403715395.237143040,0.210536000,-1.594166000,1.733557000,0.000000000,0.000000000,0.000000000,1.000000000
1403715395.242143154,0.209570000,-1.593581000,1.733361000,0.000000000,0.000000000,0.000000000,1.000000000
1403715395.247143030,0.208597000,-1.592993000,1.733175000,0.000000000,0.000000000,0.000000000,1.000000000
1403715395.252142906,0.207620000,-1.592402000,1.733005000,0.000000000,0.000000000,0.000000000,1.000000000
1403715395.257143021,0.206680000,-1.591748000,1.732810000,0.000000000,0.000000000,0.000000000,1.000000000
1403715395.262143135,0.205696000,-1.591126000,1.732643000,0.000000000,0.000000000,0.000000000,1.000000000
1403715395.267143011,0.204704000,-1.590494000,1.732461000,0.000000000,0.000000000,0.000000000,1.000000000
1403715395.272142887,0.203704000,-1.589859000,1.732270000,0.000000000,0.000000000,0.000000000,1.000000000
1403715395.277143240,0.202697000,-1.589228000,1.732073000,0.000000000,0.000000000,0.000000000,1.000000000
1403715395.282143354,0.201689000,-1.588596000,1.731873000,0.000000000,0.000000000,0.000000000,1.000000000
1403715395.287142992,0.200681000,-1.587961000,1.731668000,0.000000000,0.000000000,0.000000000,1.000000000
1403715395.292143106,0.199673000,-1.587323000,1.731448000,0.000000000,0.000000000,0.000000000,1.000000000
1403715395.297143221,0.198660000,-1.586676000,1.731211000,0.000000000,0.000000000,0.000000000,1.000000000
1403715395.302143097,0.197636000,-1.586022000,1.730961000,0.000000000,0.000000000,0.000000000,1.000000000
1403715395.307142973,0.196645000,-1.585298000,1.730659000,0.000000000,0.000000000,0.000000000,1.000000000
1403715395.312143087,0.195609000,-1.584627000,1.730399000,0.000000000,0.000000000,0.000000000,1.000000000
1403715395.317143202,0.194575000,-1.583964000,1.730142000,0.000000000,0.000000000,0.000000000,1.000000000
1403715395.322143078,0.193545000,-1.583305000,1.729876000,0.000000000,0.000000000,0.000000000,1.000000000
1403715395.327142954,0.192514000,-1.582641000,1.729604000,0.000000000,0.000000000,0.000000000,1.000000000
1403715395.332143307,0.191480000,-1.581977000,1.729328000,0.000000000,0.000000000,0.000000000,1.000000000
1403715395.337143183,0.190439000,-1.581311000,1.729051000,0.000000000,0.000000000,0.000000000,1.000000000
1403715395.342143059,0.189389000,-1.580642000,1.728775000,0.000000000,0.000000000,0.000000000,1.000000000
1403715395.347142935,0.188331000,-1.579975000,1.728499000,0.000000000,0.000000000,0.000000000,1.000000000
1403715395.352143288,0.187268000,-1.579313000,1.728222000,0.000000000,0.000000000,0.000000000,1.000000000
1403715395.357143164,0.186238000,-1.578572000,1.727900000,0.000000000,0.000000000,0.000000000,1.000000000
1403715395.362143040,0.185168000,-1.577896000,1.727597000,0.000000000,0.000000000,0.000000000,1.000000000
1403715395.367142916,0.184091000,-1.577223000,1.727283000,0.000000000,0.000000000,0.000000000,1.000000000
1403715395.372143269,0.183010000,-1.576553000,1.726958000,0.000000000,0.000000000,0.000000000,1.000000000
1403715395.377142906,0.181929000,-1.575885000,1.726630000,0.000000000,0.000000000,0.000000000,1.000000000
1403715395.382143021,0.180850000,-1.575214000,1.726297000,0.000000000,0.000000000,0.000000000,1.000000000
1403715395.387142897,0.179770000,-1.574539000,1.725957000,0.000000000,0.000000000,0.000000000,1.000000000
1403715395.392143250,0.178678000,-1.573860000,1.725607000,0.000000000,0.000000000,0.000000000,1.000000000
1403715395.397142887,0.177578000,-1.573182000,1.725250000,0.000000000,0.000000000,0.000000000,1.000000000
1403715395.402143002,0.176470000,-1.572503000,1.724893000,0.000000000,0.000000000,0.000000000,1.000000000
1403715395.407143354,0.175394000,-1.571732000,1.724496000,0.000000000,0.000000000,0.000000000,1.000000000
1403715395.412143230,0.174285000,-1.571029000,1.724121000,0.000000000,0.000000000,0.000000000,1.000000000
1403715395.417143106,0.173176000,-1.570324000,1.723740000,0.000000000,0.000000000,0.000000000,1.000000000
1403715395.422142982,0.172066000,-1.569624000,1.723348000,0.000000000,0.000000000,0.000000000,1.000000000
1403715395.427143335,0.170952000,-1.568923000,1.722946000,0.000000000,0.000000000,0.000000000,1.000000000
1403715395.432142973,0.169827000,-1.568214000,1.722542000,0.000000000,0.000000000,0.000000000,1.000000000
1403715395.437143087,0.168693000,-1.567504000,1.722134000,0.000000000,0.000000000,0.000000000,1.000000000
1403715395.442142963,0.167552000,-1.566796000,1.721725000,0.000000000,0.000000000,0.000000000,1.000000000
1403715395.447143316,0.166409000,-1.566090000,1.721315000,0.000000000,0.000000000,0.000000000,1.000000000
1403715395.452142954,0.165269000,-1.565382000,1.720892000,0.000000000,0.000000000,0.000000000,1.000000000
1403715395.457143068,0.164166000,-1.564563000,1.720424000,0.000000000,0.000000000,0.000000000,1.000000000
1403715395.462142944,0.163035000,-1.563818000,1.719969000,0.000000000,0.000000000,0.000000000,1.000000000
1403715395.467143297,0.161899000,-1.563070000,1.719499000,0.000000000,0.000000000,0.000000000,1.000000000
1403715395.472142935,0.160754000,-1.562325000,1.719022000,0.000000000,0.000000000,0.000000000,1.000000000
1403715395.477143049,0.159603000,-1.561589000,1.718537000,0.000000000,0.000000000,0.000000000,1.000000000
1403715395.482143164,0.158454000,-1.560850000,1.718048000,0.000000000,0.000000000,0.000000000,1.000000000
1403715395.487143040,0.157303000,-1.560101000,1.717569000,0.000000000,0.000000000,0.000000000,1.000000000
1403715395.492142916,0.156148000,-1.559353000,1.717096000,0.000000000,0.000000000,0.000000000,1.000000000
1403715395.497143030,0.154993000,-1.558610000,1.716615000,0.000000000,0.000000000,0.000000000,1.000000000
1403715395.502143145,0.153839000,-1.557870000,1.716125000,0.000000000,0.000000000,0.000000000,1.000000000
1403715395.507143021,0.152712000,-1.557017000,1.715605000,0.000000000,0.000000000,0.000000000,1.000000000
1403715395.512142897,0.151550000,-1.556246000,1.715098000,0.000000000,0.000000000,0.000000000,1.000000000
1403715395.517143011,0.150376000,-1.555462000,1.714584000,0.000000000,0.000000000,0.000000000,1.000000000
1403715395.522143126,0.149193000,-1.554671000,1.714069000,0.000000000,0.000000000,0.000000000,1.000000000
1403715395.527143002,0.148005000,-1.553880000,1.713554000,0.000000000,0.000000000,0.000000000,1.000000000
1403715395.532143116,0.146821000,-1.553096000,1.713038000,0.000000000,0.000000000,0.000000000,1.000000000
1403715395.537143230,0.145644000,-1.552311000,1.712511000,0.000000000,0.000000000,0.000000000,1.000000000
1403715395.542143345,0.144471000,-1.551522000,1.711972000,0.000000000,0.000000000,0.000000000,1.000000000
1403715395.547142982,0.143296000,-1.550732000,1.711417000,0.000000000,0.000000000,0.000000000,1.000000000
1403715395.552143097,0.142110000,-1.549942000,1.710841000,0.000000000,0.000000000,0.000000000,1.000000000
1403715395.557143211,0.140936000,-1.549038000,1.710231000,0.000000000,0.000000000,0.000000000,1.000000000
1403715395.562143087,0.139730000,-1.548238000,1.709633000,0.000000000,0.000000000,0.000000000,1.000000000
1403715395.567142963,0.138527000,-1.547442000,1.709033000,0.000000000,0.000000000,0.000000000,1.000000000
1403715395.572143078,0.137329000,-1.546643000,1.708431000,0.000000000,0.000000000,0.000000000,1.000000000
1403715395.577143192,0.136137000,-1.545839000,1.707826000,0.000000000,0.000000000,0.000000000,1.000000000
1403715395.582143068,0.134935000,-1.545031000,1.707218000,0.000000000,0.000000000,0.000000000,1.000000000
1403715395.587142944,0.133716000,-1.544224000,1.706605000,0.000000000,0.000000000,0.000000000,1.000000000
1403715395.592143297,0.132489000,-1.543414000,1.705983000,0.000000000,0.000000000,0.000000000,1.000000000
1403715395.597143173,0.131263000,-1.542600000,1.705354000,0.000000000,0.000000000,0.000000000,1.000000000
1403715395.602143049,0.130042000,-1.541786000,1.704721000,0.000000000,0.000000000,0.000000000,1.000000000
1403715395.607142925,0.128849000,-1.540848000,1.704072000,0.000000000,0.000000000,0.000000000,1.000000000
1403715395.612143278,0.127636000,-1.540004000,1.703442000,0.000000000,0.000000000,0.000000000,1.000000000
1403715395.617143154,0.126418000,-1.539158000,1.702813000,0.000000000,0.000000000,0.000000000,1.000000000
1403715395.622143030,0.125194000,-1.538312000,1.702178000,0.000000000,0.000000000,0.000000000,1.000000000
1403715395.627142906,0.123963000,-1.537466000,1.701547000,0.000000000,0.000000000,0.000000000,1.000000000
1403715395.632143259,0.122731000,-1.536619000,1.700916000,0.000000000,0.000000000,0.000000000,1.000000000
1403715395.637142897,0.121502000,-1.535762000,1.700280000,0.000000000,0.000000000,0.000000000,1.000000000
1403715395.642143011,0.120277000,-1.534891000,1.699639000,0.000000000,0.000000000,0.000000000,1.000000000
1403715395.647142887,0.119051000,-1.534016000,1.698987000,0.000000000,0.000000000,0.000000000,1.000000000
1403715395.652143240,0.117819000,-1.533141000,1.698327000,0.000000000,0.000000000,0.000000000,1.000000000
1403715395.657143116,0.116595000,-1.532141000,1.697647000,0.000000000,0.000000000,0.000000000,1.000000000
1403715395.662142992,0.115353000,-1.531250000,1.696976000,0.000000000,0.000000000,0.000000000,1.000000000
1403715395.667143345,0.114109000,-1.530358000,1.696301000,0.000000000,0.000000000,0.000000000,1.000000000
1403715395.672143221,0.112863000,-1.529464000,1.695620000,0.000000000,0.000000000,0.000000000,1.000000000
1403715395.677143097,0.111614000,-1.528568000,1.694925000,0.000000000,0.000000000,0.000000000,1.000000000
1403715395.682142973,0.110357000,-1.527672000,1.694213000,0.000000000,0.000000000,0.000000000,1.000000000
1403715395.687143326,0.109099000,-1.526778000,1.693482000,0.000000000,0.000000000,0.000000000,1.000000000
1403715395.692142963,0.107841000,-1.525881000,1.692741000,0.000000000,0.000000000,0.000000000,1.000000000
1403715395.697143078,0.106586000,-1.524984000,1.691992000,0.000000000,0.000000000,0.000000000,1.000000000
1403715395.702142954,0.105334000,-1.524084000,1.691240000,0.000000000,0.000000000,0.000000000,1.000000000
1403715395.707143307,0.104095000,-1.523040000,1.690481000,0.000000000,0.000000000,0.000000000,1.000000000
1403715395.712142944,0.102840000,-1.522098000,1.689734000,0.000000000,0.000000000,0.000000000,1.000000000
1403715395.717143059,0.101580000,-1.521155000,1.688987000,0.000000000,0.000000000,0.000000000,1.000000000
1403715395.722143173,0.100313000,-1.520210000,1.688240000,0.000000000,0.000000000,0.000000000,1.000000000
1403715395.727143288,0.099048000,-1.519258000,1.687506000,0.000000000,0.000000000,0.000000000,1.000000000
1403715395.732142925,0.097789000,-1.518293000,1.686789000,0.000000000,0.000000000,0.000000000,1.000000000
1403715395.737143040,0.096538000,-1.517316000,1.686074000,0.000000000,0.000000000,0.000000000,1.000000000
1403715395.742143154,0.095287000,-1.516325000,1.685342000,0.000000000,0.000000000,0.000000000,1.000000000
1403715395.747143030,0.094027000,-1.515323000,1.684590000,0.000000000,0.000000000,0.000000000,1.000000000
1403715395.752142906,0.092752000,-1.514320000,1.683824000,0.000000000,0.000000000,0.000000000,1.000000000
1403715395.757143021,0.091477000,-1.513183000,1.683028000,0.000000000,0.000000000,0.000000000,1.000000000
1403715395.762143135,0.090199000,-1.512156000,1.682242000,0.000000000,0.000000000,0.000000000,1.000000000
1403715395.767143011,0.088933000,-1.511121000,1.681462000,0.000000000,0.000000000,0.000000000,1.000000000
1403715395.772142887,0.087674000,-1.510085000,1.680684000,0.000000000,0.000000000,0.000000000,1.000000000
1403715395.777143240,0.086408000,-1.509049000,1.679905000,0.000000000,0.000000000,0.000000000,1.000000000
1403715395.782143354,0.085124000,-1.508006000,1.679128000,0.000000000,0.000000000,0.000000000,1.000000000
1403715395.787142992,0.083822000,-1.506957000,1.678353000,0.000000000,0.000000000,0.000000000,1.000000000
1403715395.792143106,0.082514000,-1.505912000,1.677564000,0.000000000,0.000000000,0.000000000,1.000000000
1403715395.797143221,0.081216000,-1.504871000,1.676756000,0.000000000,0.000000000,0.000000000,1.000000000
1403715395.802143097,0.079932000,-1.503833000,1.675951000,0.000000000,0.000000000,0.000000000,1.000000000
1403715395.807142973,0.078659000,-1.502654000,1.675146000,0.000000000,0.000000000,0.000000000,1.000000000
1403715395.812143087,0.077379000,-1.501589000,1.674351000,0.000000000,0.000000000,0.000000000,1.000000000
1403715395.817143202,0.076081000,-1.500516000,1.673560000,0.000000000,0.000000000,0.000000000,1.000000000
1403715395.822143078,0.074765000,-1.499444000,1.672771000,0.000000000,0.000000000,0.000000000,1.000000000
1403715395.827142954,0.073440000,-1.498373000,1.671980000,0.000000000,0.000000000,0.000000000,1.000000000
1403715395.832143307,0.072118000,-1.497297000,1.671188000,0.000000000,0.000000000,0.000000000,1.000000000
1403715395.837143183,0.070810000,-1.496218000,1.670396000,0.000000000,0.000000000,0.000000000,1.000000000
1403715395.842143059,0.069513000,-1.495139000,1.669594000,0.000000000,0.000000000,0.000000000,1.000000000
1403715395.847142935,0.068217000,-1.494066000,1.668773000,0.000000000,0.000000000,0.000000000,1.000000000
1403715395.852143288,0.066912000,-1.492996000,1.667936000,0.000000000,0.000000000,0.000000000,1.000000000
1403715395.857143164,0.065594000,-1.491774000,1.667084000,0.000000000,0.000000000,0.000000000,1.000000000
1403715395.862143040,0.064262000,-1.490670000,1.666245000,0.000000000,0.000000000,0.000000000,1.000000000
1403715395.867142916,0.062930000,-1.489561000,1.665412000,0.000000000,0.000000000,0.000000000,1.000000000
1403715395.872143269,0.061610000,-1.488454000,1.664577000,0.000000000,0.000000000,0.000000000,1.000000000
1403715395.877142906,0.060300000,-1.487351000,1.663735000,0.000000000,0.000000000,0.000000000,1.000000000
1403715395.882143021,0.058993000,-1.486244000,1.662898000,0.000000000,0.000000000,0.000000000,1.000000000
1403715395.887142897,0.057683000,-1.485130000,1.662070000,0.000000000,0.000000000,0.000000000,1.000000000
1403715395.892143250,0.056360000,-1.484010000,1.661243000,0.000000000,0.000000000,0.000000000,1.000000000
1403715395.897142887,0.055025000,-1.482891000,1.660407000,0.000000000,0.000000000,0.000000000,1.000000000
1403715395.902143002,0.053684000,-1.481772000,1.659564000,0.000000000,0.000000000,0.000000000,1.000000000
1403715395.907143354,0.052345000,-1.480490000,1.658734000,0.000000000,0.000000000,0.000000000,1.000000000
1403715395.912143230,0.051013000,-1.479335000,1.657902000,0.000000000,0.000000000,0.000000000,1.000000000
1403715395.917143106,0.049685000,-1.478179000,1.657065000,0.000000000,0.000000000,0.000000000,1.000000000
1403715395.922142982,0.048351000,-1.477018000,1.656221000,0.000000000,0.000000000,0.000000000,1.000000000
1403715395.927143335,0.047011000,-1.475852000,1.655374000,0.000000000,0.000000000,0.000000000,1.000000000
1403715395.932142973,0.045669000,-1.474691000,1.654524000,0.000000000,0.000000000,0.000000000,1.000000000
1403715395.937143087,0.044324000,-1.473531000,1.653677000,0.000000000,0.000000000,0.000000000,1.000000000
1403715395.942142963,0.042981000,-1.472364000,1.652839000,0.000000000,0.000000000,0.000000000,1.000000000
1403715395.947143316,0.041644000,-1.471191000,1.652007000,0.000000000,0.000000000,0.000000000,1.000000000
1403715395.952142954,0.040313000,-1.470020000,1.651183000,0.000000000,0.000000000,0.000000000,1.000000000
1403715395.957143068,0.038986000,-1.468677000,1.650383000,0.000000000,0.000000000,0.000000000,1.000000000
1403715395.962142944,0.037655000,-1.467466000,1.649584000,0.000000000,0.000000000,0.000000000,1.000000000
1403715395.967143297,0.036311000,-1.466249000,1.648786000,0.000000000,0.000000000,0.000000000,1.000000000
1403715395.972142935,0.034955000,-1.465027000,1.647980000,0.000000000,0.000000000,0.000000000,1.000000000
1403715395.977143049,0.033600000,-1.463804000,1.647155000,0.000000000,0.000000000,0.000000000,1.000000000
1403715395.982143164,0.032257000,-1.462585000,1.646306000,0.000000000,0.000000000,0.000000000,1.000000000
1403715395.987143040,0.030930000,-1.461368000,1.645444000,0.000000000,0.000000000,0.000000000,1.000000000
1403715395.992142916,0.029611000,-1.460146000,1.644578000,0.000000000,0.000000000,0.000000000,1.000000000
1403715395.997143030,0.028289000,-1.458919000,1.643724000,0.000000000,0.000000000,0.000000000,1.000000000
1403715396.002143145,0.026960000,-1.457695000,1.642887000,0.000000000,0.000000000,0.000000000,1.000000000
1403715396.007143021,0.025627000,-1.456289000,1.642090000,0.000000000,0.000000000,0.000000000,1.000000000
1403715396.012142897,0.024299000,-1.455022000,1.641288000,0.000000000,0.000000000,0.000000000,1.000000000
1403715396.017143011,0.022984000,-1.453746000,1.640512000,0.000000000,0.000000000,0.000000000,1.000000000
1403715396.022143126,0.021682000,-1.452475000,1.639750000,0.000000000,0.000000000,0.000000000,1.000000000
1403715396.027143002,0.020387000,-1.451202000,1.638975000,0.000000000,0.000000000,0.000000000,1.000000000
1403715396.032143116,0.019091000,-1.449927000,1.638188000,0.000000000,0.000000000,0.000000000,1.000000000
1403715396.037143230,0.017791000,-1.448654000,1.637392000,0.000000000,0.000000000,0.000000000,1.000000000
1403715396.042143345,0.016495000,-1.447380000,1.636596000,0.000000000,0.000000000,0.000000000,1.000000000
1403715396.047142982,0.015210000,-1.446111000,1.635813000,0.000000000,0.000000000,0.000000000,1.000000000
1403715396.052143097,0.013940000,-1.444853000,1.635036000,0.000000000,0.000000000,0.000000000,1.000000000
1403715396.057143211,0.012683000,-1.443418000,1.634296000,0.000000000,0.000000000,0.000000000,1.000000000
1403715396.062143087,0.011436000,-1.442147000,1.633532000,0.000000000,0.000000000,0.000000000,1.000000000
1403715396.067142963,0.010196000,-1.440882000,1.632777000,0.000000000,0.000000000,0.000000000,1.000000000
1403715396.072143078,0.008966000,-1.439617000,1.632031000,0.000000000,0.000000000,0.000000000,1.000000000
1403715396.077143192,0.007746000,-1.438355000,1.631299000,0.000000000,0.000000000,0.000000000,1.000000000
1403715396.082143068,0.006531000,-1.437100000,1.630564000,0.000000000,0.000000000,0.000000000,1.000000000
1403715396.087142944,0.005325000,-1.435848000,1.629813000,0.000000000,0.000000000,0.000000000,1.000000000
1403715396.092143297,0.004131000,-1.434606000,1.629066000,0.000000000,0.000000000,0.000000000,1.000000000
1403715396.097143173,0.002953000,-1.433373000,1.628336000,0.000000000,0.000000000,0.000000000,1.000000000
1403715396.102143049,0.001792000,-1.432142000,1.627620000,0.000000000,0.000000000,0.000000000,1.000000000
1403715396.107142925,0.000646000,-1.430716000,1.626973000,0.000000000,0.000000000,0.000000000,1.000000000
1403715396.112143278,-0.000489000,-1.429453000,1.626290000,0.000000000,0.000000000,0.000000000,1.000000000
1403715396.117143154,-0.001609000,-1.428181000,1.625609000,0.000000000,0.000000000,0.000000000,1.000000000
1403715396.122143030,-0.002715000,-1.426897000,1.624929000,0.000000000,0.000000000,0.000000000,1.000000000
1403715396.127142906,-0.003807000,-1.425613000,1.624247000,0.000000000,0.000000000,0.000000000,1.000000000
1403715396.132143259,-0.004883000,-1.424331000,1.623563000,0.000000000,0.000000000,0.000000000,1.000000000
1403715396.137142897,-0.005946000,-1.423051000,1.622882000,0.000000000,0.000000000,0.000000000,1.000000000
1403715396.142143011,-0.006999000,-1.421776000,1.622207000,0.000000000,0.000000000,0.000000000,1.000000000
1403715396.147142887,-0.008041000,-1.420505000,1.621539000,0.000000000,0.000000000,0.000000000,1.000000000
1403715396.152143240,-0.009074000,-1.419233000,1.620878000,0.000000000,0.000000000,0.000000000,1.000000000
1403715396.157143116,-0.010090000,-1.417768000,1.620299000,0.000000000,0.000000000,0.000000000,1.000000000
1403715396.162142992,-0.011094000,-1.416460000,1.619677000,0.000000000,0.000000000,0.000000000,1.000000000
1403715396.167143345,-0.012079000,-1.415155000,1.619070000,0.000000000,0.000000000,0.000000000,1.000000000
1403715396.172143221,-0.013044000,-1.413854000,1.618464000,0.000000000,0.000000000,0.000000000,1.000000000
1403715396.177143097,-0.013990000,-1.412556000,1.617856000,0.000000000,0.000000000,0.000000000,1.000000000
1403715396.182142973,-0.014922000,-1.411257000,1.617247000,0.000000000,0.000000000,0.000000000,1.000000000
1403715396.187143326,-0.015841000,-1.409957000,1.616641000,0.000000000,0.000000000,0.000000000,1.000000000
1403715396.192142963,-0.016744000,-1.408660000,1.616040000,0.000000000,0.000000000,0.000000000,1.000000000
1403715396.197143078,-0.017630000,-1.407371000,1.615434000,0.000000000,0.000000000,0.000000000,1.000000000
1403715396.202142954,-0.018497000,-1.406089000,1.614816000,0.000000000,0.000000000,0.000000000,1.000000000
1403715396.207143307,-0.019341000,-1.404623000,1.614269000,0.000000000,0.000000000,0.000000000,1.000000000
1403715396.212142944,-0.020184000,-1.403317000,1.613670000,0.000000000,0.000000000,0.000000000,1.000000000
1403715396.217143059,-0.021018000,-1.402016000,1.613081000,0.000000000,0.000000000,0.000000000,1.000000000
1403715396.222143173,-0.021840000,-1.400715000,1.612503000,0.000000000,0.000000000,0.000000000,1.000000000
1403715396.227143288,-0.022645000,-1.399410000,1.611942000,0.000000000,0.000000000,0.000000000,1.000000000
1403715396.232142925,-0.023433000,-1.398106000,1.611400000,0.000000000,0.000000000,0.000000000,1.000000000
1403715396.237143040,-0.024201000,-1.396804000,1.610869000,0.000000000,0.000000000,0.000000000,1.000000000
1403715396.242143154,-0.024949000,-1.395500000,1.610333000,0.000000000,0.000000000,0.000000000,1.000000000
1403715396.247143030,-0.025685000,-1.394193000,1.609796000,0.000000000,0.000000000,0.000000000,1.000000000
1403715396.252142906,-0.026416000,-1.392888000,1.609267000,0.000000000,0.000000000,0.000000000,1.000000000
1403715396.257143021,-0.027134000,-1.391399000,1.608829000,0.000000000,0.000000000,0.000000000,1.000000000
1403715396.262143135,-0.027841000,-1.390067000,1.608320000,0.000000000,0.000000000,0.000000000,1.000000000
1403715396.267143011,-0.028527000,-1.388734000,1.607805000,0.000000000,0.000000000,0.000000000,1.000000000
1403715396.272142887,-0.029191000,-1.387397000,1.607289000,0.000000000,0.000000000,0.000000000,1.000000000
1403715396.277143240,-0.029841000,-1.386058000,1.606779000,0.000000000,0.000000000,0.000000000,1.000000000
1403715396.282143354,-0.030483000,-1.384710000,1.606278000,0.000000000,0.000000000,0.000000000,1.000000000
1403715396.287142992,-0.031117000,-1.383351000,1.605778000,0.000000000,0.000000000,0.000000000,1.000000000
1403715396.292143106,-0.031739000,-1.381990000,1.605266000,0.000000000,0.000000000,0.000000000,1.000000000
1403715396.297143221,-0.032345000,-1.380632000,1.604740000,0.000000000,0.000000000,0.000000000,1.000000000
1403715396.302143097,-0.032934000,-1.379277000,1.604213000,0.000000000,0.000000000,0.000000000,1.000000000
1403715396.307142973,-0.033500000,-1.377729000,1.603776000,0.000000000,0.000000000,0.000000000,1.000000000
1403715396.312143087,-0.034068000,-1.376330000,1.603282000,0.000000000,0.000000000,0.000000000,1.000000000
1403715396.317143202,-0.034625000,-1.374929000,1.602798000,0.000000000,0.000000000,0.000000000,1.000000000
1403715396.322143078,-0.035171000,-1.373524000,1.602322000,0.000000000,0.000000000,0.000000000,1.000000000
1403715396.327142954,-0.035704000,-1.372116000,1.601850000,0.000000000,0.000000000,0.000000000,1.000000000
1403715396.332143307,-0.036223000,-1.370716000,1.601381000,0.000000000,0.000000000,0.000000000,1.000000000
1403715396.337143183,-0.036735000,-1.369334000,1.600908000,0.000000000,0.000000000,0.000000000,1.000000000
1403715396.342143059,-0.037245000,-1.367958000,1.600433000,0.000000000,0.000000000,0.000000000,1.000000000
1403715396.347142935,-0.037751000,-1.366586000,1.599963000,0.000000000,0.000000000,0.000000000,1.000000000
1403715396.352143288,-0.038248000,-1.365219000,1.599493000,0.000000000,0.000000000,0.000000000,1.000000000
1403715396.357143164,-0.038723000,-1.363672000,1.599104000,0.000000000,0.000000000,0.000000000,1.000000000
1403715396.362143040,-0.039194000,-1.362289000,1.598638000,0.000000000,0.000000000,0.000000000,1.000000000
1403715396.367142916,-0.039657000,-1.360905000,1.598165000,0.000000000,0.000000000,0.000000000,1.000000000
1403715396.372143269,-0.040119000,-1.359524000,1.597693000,0.000000000,0.000000000,0.000000000,1.000000000
1403715396.377142906,-0.040583000,-1.358145000,1.597219000,0.000000000,0.000000000,0.000000000,1.000000000
1403715396.382143021,-0.041051000,-1.356758000,1.596742000,0.000000000,0.000000000,0.000000000,1.000000000
1403715396.387142897,-0.041521000,-1.355370000,1.596261000,0.000000000,0.000000000,0.000000000,1.000000000
1403715396.392143250,-0.041991000,-1.353987000,1.595777000,0.000000000,0.000000000,0.000000000,1.000000000
1403715396.397142887,-0.042460000,-1.352610000,1.595292000,0.000000000,0.000000000,0.000000000,1.000000000
1403715396.402143002,-0.042928000,-1.351243000,1.594805000,0.000000000,0.000000000,0.000000000,1.000000000
1403715396.407143354,-0.043373000,-1.349690000,1.594386000,0.000000000,0.000000000,0.000000000,1.000000000
1403715396.412143230,-0.043817000,-1.348299000,1.593914000,0.000000000,0.000000000,0.000000000,1.000000000
1403715396.417143106,-0.044247000,-1.346911000,1.593430000,0.000000000,0.000000000,0.000000000,1.000000000
1403715396.422142982,-0.044673000,-1.345525000,1.592923000,0.000000000,0.000000000,0.000000000,1.000000000
1403715396.427143335,-0.045101000,-1.344141000,1.592402000,0.000000000,0.000000000,0.000000000,1.000000000
1403715396.432142973,-0.045530000,-1.342760000,1.591883000,0.000000000,0.000000000,0.000000000,1.000000000
1403715396.437143087,-0.045959000,-1.341388000,1.591369000,0.000000000,0.000000000,0.000000000,1.000000000
1403715396.442142963,-0.046386000,-1.340029000,1.590848000,0.000000000,0.000000000,0.000000000,1.000000000
1403715396.447143316,-0.046806000,-1.338680000,1.590323000,0.000000000,0.000000000,0.000000000,1.000000000
1403715396.452142954,-0.047225000,-1.337337000,1.589807000,0.000000000,0.000000000,0.000000000,1.000000000
1403715396.457143068,-0.047631000,-1.335800000,1.589357000,0.000000000,0.000000000,0.000000000,1.000000000
1403715396.462142944,-0.048060000,-1.334419000,1.588862000,0.000000000,0.000000000,0.000000000,1.000000000
1403715396.467143297,-0.048498000,-1.333042000,1.588370000,0.000000000,0.000000000,0.000000000,1.000000000
1403715396.472142935,-0.048943000,-1.331671000,1.587879000,0.000000000,0.000000000,0.000000000,1.000000000
1403715396.477143049,-0.049390000,-1.330296000,1.587398000,0.000000000,0.000000000,0.000000000,1.000000000
1403715396.482143164,-0.049834000,-1.328911000,1.586924000,0.000000000,0.000000000,0.000000000,1.000000000
1403715396.487143040,-0.050274000,-1.327524000,1.586448000,0.000000000,0.000000000,0.000000000,1.000000000
1403715396.492142916,-0.050716000,-1.326142000,1.585964000,0.000000000,0.000000000,0.000000000,1.000000000
1403715396.497143030,-0.051165000,-1.324766000,1.585473000,0.000000000,0.000000000,0.000000000,1.000000000
1403715396.502143145,-0.051624000,-1.323390000,1.584977000,0.000000000,0.000000000,0.000000000,1.000000000
1403715396.507143021,-0.052068000,-1.321813000,1.584529000,0.000000000,0.000000000,0.000000000,1.000000000
1403715396.512142897,-0.052532000,-1.320397000,1.584044000,0.000000000,0.000000000,0.000000000,1.000000000
1403715396.517143011,-0.053000000,-1.318985000,1.583559000,0.000000000,0.000000000,0.000000000,1.000000000
1403715396.522143126,-0.053476000,-1.317578000,1.583073000,0.000000000,0.000000000,0.000000000,1.000000000
1403715396.527143002,-0.053957000,-1.316173000,1.582592000,0.000000000,0.000000000,0.000000000,1.000000000
1403715396.532143116,-0.054442000,-1.314766000,1.582117000,0.000000000,0.000000000,0.000000000,1.000000000
1403715396.537143230,-0.054935000,-1.313361000,1.581645000,0.000000000,0.000000000,0.000000000,1.000000000
1403715396.542143345,-0.055443000,-1.311961000,1.581173000,0.000000000,0.000000000,0.000000000,1.000000000
1403715396.547142982,-0.055960000,-1.310565000,1.580695000,0.000000000,0.000000000,0.000000000,1.000000000
1403715396.552143097,-0.056486000,-1.309175000,1.580202000,0.000000000,0.000000000,0.000000000,1.000000000
1403715396.557143211,-0.056987000,-1.307594000,1.579731000,0.000000000,0.000000000,0.000000000,1.000000000
1403715396.562143087,-0.057507000,-1.306183000,1.579227000,0.000000000,0.000000000,0.000000000,1.000000000
1403715396.567142963,-0.058032000,-1.304777000,1.578723000,0.000000000,0.000000000,0.000000000,1.000000000
1403715396.572143078,-0.058563000,-1.303376000,1.578221000,0.000000000,0.000000000,0.000000000,1.000000000
1403715396.577143192,-0.059105000,-1.301977000,1.577723000,0.000000000,0.000000000,0.000000000,1.000000000
1403715396.582143068,-0.059659000,-1.300582000,1.577224000,0.000000000,0.000000000,0.000000000,1.000000000
1403715396.587142944,-0.060227000,-1.299195000,1.576711000,0.000000000,0.000000000,0.000000000,1.000000000
1403715396.592143297,-0.060805000,-1.297814000,1.576192000,0.000000000,0.000000000,0.000000000,1.000000000
1403715396.597143173,-0.061384000,-1.296433000,1.575676000,0.000000000,0.000000000,0.000000000,1.000000000
1403715396.602143049,-0.061963000,-1.295058000,1.575166000,0.000000000,0.000000000,0.000000000,1.000000000
1403715396.607142925,-0.062518000,-1.293492000,1.574674000,0.000000000,0.000000000,0.000000000,1.000000000
1403715396.612143278,-0.063105000,-1.292085000,1.574152000,0.000000000,0.000000000,0.000000000,1.000000000
1403715396.617143154,-0.063705000,-1.290685000,1.573622000,0.000000000,0.000000000,0.000000000,1.000000000
1403715396.622143030,-0.064313000,-1.289296000,1.573085000,0.000000000,0.000000000,0.000000000,1.000000000
1403715396.627142906,-0.064926000,-1.287920000,1.572553000,0.000000000,0.000000000,0.000000000,1.000000000
1403715396.632143259,-0.065543000,-1.286554000,1.572031000,0.000000000,0.000000000,0.000000000,1.000000000
1403715396.637142897,-0.066165000,-1.285195000,1.571518000,0.000000000,0.000000000,0.000000000,1.000000000
1403715396.642143011,-0.066791000,-1.283840000,1.571002000,0.000000000,0.000000000,0.000000000,1.000000000
1403715396.647142887,-0.067424000,-1.282487000,1.570484000,0.000000000,0.000000000,0.000000000,1.000000000
1403715396.652143240,-0.068065000,-1.281131000,1.569960000,0.000000000,0.000000000,0.000000000,1.000000000
1403715396.657143116,-0.068681000,-1.279585000,1.569437000,0.000000000,0.000000000,0.000000000,1.000000000
1403715396.662142992,-0.069331000,-1.278211000,1.568874000,0.000000000,0.000000000,0.000000000,1.000000000
1403715396.667143345,-0.069983000,-1.276855000,1.568280000,0.000000000,0.000000000,0.000000000,1.000000000
1403715396.672143221,-0.070634000,-1.275508000,1.567682000,0.000000000,0.000000000,0.000000000,1.000000000
1403715396.677143097,-0.071287000,-1.274171000,1.567086000,0.000000000,0.000000000,0.000000000,1.000000000
1403715396.682142973,-0.071945000,-1.272846000,1.566495000,0.000000000,0.000000000,0.000000000,1.000000000
1403715396.687143326,-0.072610000,-1.271529000,1.565900000,0.000000000,0.000000000,0.000000000,1.000000000
1403715396.692142963,-0.073285000,-1.270221000,1.565289000,0.000000000,0.000000000,0.000000000,1.000000000
1403715396.697143078,-0.073970000,-1.268925000,1.564665000,0.000000000,0.000000000,0.000000000,1.000000000
1403715396.702142954,-0.074664000,-1.267646000,1.564032000,0.000000000,0.000000000,0.000000000,1.000000000
1403715396.707143307,-0.075333000,-1.266197000,1.563390000,0.000000000,0.000000000,0.000000000,1.000000000
1403715396.712142944,-0.076038000,-1.264902000,1.562733000,0.000000000,0.000000000,0.000000000,1.000000000
1403715396.717143059,-0.076747000,-1.263605000,1.562058000,0.000000000,0.000000000,0.000000000,1.000000000
1403715396.722143173,-0.077460000,-1.262307000,1.561376000,0.000000000,0.000000000,0.000000000,1.000000000
1403715396.727143288,-0.078175000,-1.261011000,1.560692000,0.000000000,0.000000000,0.000000000,1.000000000
1403715396.732142925,-0.078885000,-1.259721000,1.560012000,0.000000000,0.000000000,0.000000000,1.000000000
1403715396.737143040,-0.079592000,-1.258440000,1.559328000,0.000000000,0.000000000,0.000000000,1.000000000
1403715396.742143154,-0.080305000,-1.257167000,1.558643000,0.000000000,0.000000000,0.000000000,1.000000000
1403715396.747143030,-0.081030000,-1.255907000,1.557957000,0.000000000,0.000000000,0.000000000,1.000000000
1403715396.752142906,-0.081764000,-1.254659000,1.557263000,0.000000000,0.000000000,0.000000000,1.000000000
1403715396.757143021,-0.082473000,-1.253248000,1.556552000,0.000000000,0.000000000,0.000000000,1.000000000
1403715396.762143135,-0.083211000,-1.251992000,1.555849000,0.000000000,0.000000000,0.000000000,1.000000000
1403715396.767143011,-0.083948000,-1.250737000,1.555143000,0.000000000,0.000000000,0.000000000,1.000000000
1403715396.772142887,-0.084691000,-1.249481000,1.554433000,0.000000000,0.000000000,0.000000000,1.000000000
1403715396.777143240,-0.085442000,-1.248226000,1.553709000,0.000000000,0.000000000,0.000000000,1.000000000
1403715396.782143354,-0.086200000,-1.246973000,1.552972000,0.000000000,0.000000000,0.000000000,1.000000000
1403715396.787142992,-0.086966000,-1.245731000,1.552234000,0.000000000,0.000000000,0.000000000,1.000000000
1403715396.792143106,-0.087735000,-1.244501000,1.551508000,0.000000000,0.000000000,0.000000000,1.000000000
1403715396.797143221,-0.088506000,-1.243273000,1.550803000,0.000000000,0.000000000,0.000000000,1.000000000
1403715396.802143097,-0.089280000,-1.242039000,1.550117000,0.000000000,0.000000000,0.000000000,1.000000000
1403715396.807142973,-0.090034000,-1.240635000,1.549415000,0.000000000,0.000000000,0.000000000,1.000000000
1403715396.812143087,-0.090820000,-1.239369000,1.548721000,0.000000000,0.000000000,0.000000000,1.000000000
1403715396.817143202,-0.091612000,-1.238113000,1.548013000,0.000000000,0.000000000,0.000000000,1.000000000
1403715396.822143078,-0.092406000,-1.236868000,1.547291000,0.000000000,0.000000000,0.000000000,1.000000000
1403715396.827142954,-0.093195000,-1.235629000,1.546553000,0.000000000,0.000000000,0.000000000,1.000000000
1403715396.832143307,-0.093978000,-1.234388000,1.545801000,0.000000000,0.000000000,0.000000000,1.000000000
1403715396.837143183,-0.094761000,-1.233148000,1.545033000,0.000000000,0.000000000,0.000000000,1.000000000
1403715396.842143059,-0.095550000,-1.231913000,1.544251000,0.000000000,0.000000000,0.000000000,1.000000000
1403715396.847142935,-0.096345000,-1.230689000,1.543469000,0.000000000,0.000000000,0.000000000,1.000000000
1403715396.852143288,-0.097142000,-1.229475000,1.542704000,0.000000000,0.000000000,0.000000000,1.000000000
1403715396.857143164,-0.097922000,-1.228113000,1.541936000,0.000000000,0.000000000,0.000000000,1.000000000
1403715396.862143040,-0.098714000,-1.226874000,1.541205000,0.000000000,0.000000000,0.000000000,1.000000000
1403715396.867142916,-0.099508000,-1.225630000,1.540466000,0.000000000,0.000000000,0.000000000,1.000000000
1403715396.872143269,-0.100306000,-1.224393000,1.539693000,0.000000000,0.000000000,0.000000000,1.000000000
1403715396.877142906,-0.101107000,-1.223164000,1.538894000,0.000000000,0.000000000,0.000000000,1.000000000
1403715396.882143021,-0.101908000,-1.221945000,1.538095000,0.000000000,0.000000000,0.000000000,1.000000000
1403715396.887142897,-0.102713000,-1.220733000,1.537302000,0.000000000,0.000000000,0.000000000,1.000000000
1403715396.892143250,-0.103525000,-1.219523000,1.536517000,0.000000000,0.000000000,0.000000000,1.000000000
1403715396.897142887,-0.104345000,-1.218320000,1.535729000,0.000000000,0.000000000,0.000000000,1.000000000
1403715396.902143002,-0.105169000,-1.217125000,1.534924000,0.000000000,0.000000000,0.000000000,1.000000000
1403715396.907143354,-0.105996000,-1.215785000,1.534062000,0.000000000,0.000000000,0.000000000,1.000000000
1403715396.912143230,-0.106830000,-1.214569000,1.533214000,0.000000000,0.000000000,0.000000000,1.000000000
1403715396.917143106,-0.107665000,-1.213355000,1.532354000,0.000000000,0.000000000,0.000000000,1.000000000
1403715396.922142982,-0.108501000,-1.212140000,1.531486000,0.000000000,0.000000000,0.000000000,1.000000000
1403715396.927143335,-0.109334000,-1.210924000,1.530608000,0.000000000,0.000000000,0.000000000,1.000000000
1403715396.932142973,-0.110163000,-1.209707000,1.529719000,0.000000000,0.000000000,0.000000000,1.000000000
1403715396.937143087,-0.110986000,-1.208490000,1.528828000,0.000000000,0.000000000,0.000000000,1.000000000
1403715396.942142963,-0.111809000,-1.207275000,1.527937000,0.000000000,0.000000000,0.000000000,1.000000000
1403715396.947143316,-0.112638000,-1.206056000,1.527042000,0.000000000,0.000000000,0.000000000,1.000000000
1403715396.952142954,-0.113474000,-1.204832000,1.526146000,0.000000000,0.000000000,0.000000000,1.000000000
1403715396.957143068,-0.114330000,-1.203462000,1.525204000,0.000000000,0.000000000,0.000000000,1.000000000
1403715396.962142944,-0.115176000,-1.202204000,1.524279000,0.000000000,0.000000000,0.000000000,1.000000000
1403715396.967143297,-0.116017000,-1.200940000,1.523345000,0.000000000,0.000000000,0.000000000,1.000000000
1403715396.972142935,-0.116846000,-1.199681000,1.522400000,0.000000000,0.000000000,0.000000000,1.000000000
1403715396.977143049,-0.117670000,-1.198427000,1.521449000,0.000000000,0.000000000,0.000000000,1.000000000
1403715396.982143164,-0.118497000,-1.197176000,1.520498000,0.000000000,0.000000000,0.000000000,1.000000000
1403715396.987143040,-0.119327000,-1.195924000,1.519546000,0.000000000,0.000000000,0.000000000,1.000000000
1403715396.992142916,-0.120157000,-1.194672000,1.518595000,0.000000000,0.000000000,0.000000000,1.000000000
1403715396.997143030,-0.120981000,-1.193420000,1.517640000,0.000000000,0.000000000,0.000000000,1.000000000
1403715397.002143145,-0.121798000,-1.192166000,1.516684000,0.000000000,0.000000000,0.000000000,1.000000000
1403715397.007143021,-0.122644000,-1.190767000,1.515686000,0.000000000,0.000000000,0.000000000,1.000000000
1403715397.012142897,-0.123459000,-1.189483000,1.514723000,0.000000000,0.000000000,0.000000000,1.000000000
1403715397.017143011,-0.124278000,-1.188194000,1.513758000,0.000000000,0.000000000,0.000000000,1.000000000
1403715397.022143126,-0.125104000,-1.186902000,1.512783000,0.000000000,0.000000000,0.000000000,1.000000000
1403715397.027143002,-0.125934000,-1.185607000,1.511797000,0.000000000,0.000000000,0.000000000,1.000000000
1403715397.032143116,-0.126763000,-1.184312000,1.510805000,0.000000000,0.000000000,0.000000000,1.000000000
1403715397.037143230,-0.127581000,-1.183020000,1.509809000,0.000000000,0.000000000,0.000000000,1.000000000
1403715397.042143345,-0.128390000,-1.181722000,1.508818000,0.000000000,0.000000000,0.000000000,1.000000000
1403715397.047142982,-0.129197000,-1.180412000,1.507834000,0.000000000,0.000000000,0.000000000,1.000000000
1403715397.052143097,-0.130010000,-1.179093000,1.506857000,0.000000000,0.000000000,0.000000000,1.000000000
1403715397.057143211,-0.130878000,-1.177628000,1.505833000,0.000000000,0.000000000,0.000000000,1.000000000
1403715397.062143087,-0.131703000,-1.176281000,1.504849000,0.000000000,0.000000000,0.000000000,1.000000000
1403715397.067142963,-0.132524000,-1.174929000,1.503870000,0.000000000,0.000000000,0.000000000,1.000000000
1403715397.072143078,-0.133340000,-1.173575000,1.502892000,0.000000000,0.000000000,0.000000000,1.000000000
1403715397.077143192,-0.134156000,-1.172224000,1.501909000,0.000000000,0.000000000,0.000000000,1.000000000
1403715397.082143068,-0.134972000,-1.170864000,1.500913000,0.000000000,0.000000000,0.000000000,1.000000000
1403715397.087142944,-0.135790000,-1.169489000,1.499913000,0.000000000,0.000000000,0.000000000,1.000000000
1403715397.092143297,-0.136611000,-1.168108000,1.498912000,0.000000000,0.000000000,0.000000000,1.000000000
1403715397.097143173,-0.137432000,-1.166722000,1.497900000,0.000000000,0.000000000,0.000000000,1.000000000
1403715397.102143049,-0.138256000,-1.165326000,1.496885000,0.000000000,0.000000000,0.000000000,1.000000000
1403715397.107142925,-0.139155000,-1.163770000,1.495825000,0.000000000,0.000000000,0.000000000,1.000000000
1403715397.112143278,-0.140000000,-1.162321000,1.494807000,0.000000000,0.000000000,0.000000000,1.000000000
1403715397.117143154,-0.140846000,-1.160862000,1.493788000,0.000000000,0.000000000,0.000000000,1.000000000
1403715397.122143030,-0.141693000,-1.159388000,1.492762000,0.000000000,0.000000000,0.000000000,1.000000000
1403715397.127142906,-0.142539000,-1.157896000,1.491730000,0.000000000,0.000000000,0.000000000,1.000000000
1403715397.132143259,-0.143381000,-1.156392000,1.490699000,0.000000000,0.000000000,0.000000000,1.000000000
1403715397.137142897,-0.144216000,-1.154872000,1.489667000,0.000000000,0.000000000,0.000000000,1.000000000
1403715397.142143011,-0.145048000,-1.153336000,1.488642000,0.000000000,0.000000000,0.000000000,1.000000000
1403715397.147142887,-0.145885000,-1.151788000,1.487623000,0.000000000,0.000000000,0.000000000,1.000000000
1403715397.152143240,-0.146728000,-1.150230000,1.486608000,0.000000000,0.000000000,0.000000000,1.000000000
1403715397.157143116,-0.147658000,-1.148511000,1.485551000,0.000000000,0.000000000,0.000000000,1.000000000
1403715397.162142992,-0.148511000,-1.146910000,1.484537000,0.000000000,0.000000000,0.000000000,1.000000000
1403715397.167143345,-0.149364000,-1.145303000,1.483530000,0.000000000,0.000000000,0.000000000,1.000000000
1403715397.172143221,-0.150224000,-1.143687000,1.482528000,0.000000000,0.000000000,0.000000000,1.000000000
1403715397.177143097,-0.151089000,-1.142065000,1.481524000,0.000000000,0.000000000,0.000000000,1.000000000
1403715397.182142973,-0.151954000,-1.140432000,1.480524000,0.000000000,0.000000000,0.000000000,1.000000000
1403715397.187143326,-0.152814000,-1.138787000,1.479528000,0.000000000,0.000000000,0.000000000,1.000000000
1403715397.192142963,-0.153661000,-1.137133000,1.478526000,0.000000000,0.000000000,0.000000000,1.000000000
1403715397.197143078,-0.154501000,-1.135468000,1.477509000,0.000000000,0.000000000,0.000000000,1.000000000
1403715397.202142954,-0.155345000,-1.133791000,1.476481000,0.000000000,0.000000000,0.000000000,1.000000000
1403715397.207143307,-0.156299000,-1.131949000,1.475401000,0.000000000,0.000000000,0.000000000,1.000000000
1403715397.212142944,-0.157177000,-1.130239000,1.474345000,0.000000000,0.000000000,0.000000000,1.000000000
1403715397.217143059,-0.158053000,-1.128517000,1.473284000,0.000000000,0.000000000,0.000000000,1.000000000
1403715397.222143173,-0.158919000,-1.126778000,1.472237000,0.000000000,0.000000000,0.000000000,1.000000000
1403715397.227143288,-0.159773000,-1.125025000,1.471203000,0.000000000,0.000000000,0.000000000,1.000000000
1403715397.232142925,-0.160617000,-1.123266000,1.470171000,0.000000000,0.000000000,0.000000000,1.000000000
1403715397.237143040,-0.161454000,-1.121499000,1.469143000,0.000000000,0.000000000,0.000000000,1.000000000
1403715397.242143154,-0.162300000,-1.119719000,1.468130000,0.000000000,0.000000000,0.000000000,1.000000000
1403715397.247143030,-0.163158000,-1.117929000,1.467136000,0.000000000,0.000000000,0.000000000,1.000000000
1403715397.252142906,-0.164015000,-1.116127000,1.466145000,0.000000000,0.000000000,0.000000000,1.000000000
1403715397.257143021,-0.164984000,-1.114128000,1.465113000,0.000000000,0.000000000,0.000000000,1.000000000
1403715397.262143135,-0.165839000,-1.112254000,1.464127000,0.000000000,0.000000000,0.000000000,1.000000000
1403715397.267143011,-0.166676000,-1.110372000,1.463143000,0.000000000,0.000000000,0.000000000,1.000000000
1403715397.272142887,-0.167503000,-1.108479000,1.462151000,0.000000000,0.000000000,0.000000000,1.000000000
1403715397.277143240,-0.168327000,-1.106572000,1.461162000,0.000000000,0.000000000,0.000000000,1.000000000
1403715397.282143354,-0.169152000,-1.104653000,1.460183000,0.000000000,0.000000000,0.000000000,1.000000000
1403715397.287142992,-0.169975000,-1.102718000,1.459223000,0.000000000,0.000000000,0.000000000,1.000000000
1403715397.292143106,-0.170793000,-1.100761000,1.458282000,0.000000000,0.000000000,0.000000000,1.000000000
1403715397.297143221,-0.171597000,-1.098785000,1.457358000,0.000000000,0.000000000,0.000000000,1.000000000
1403715397.302143097,-0.172382000,-1.096797000,1.456443000,0.000000000,0.000000000,0.000000000,1.000000000
1403715397.307142973,-0.173151000,-1.094801000,1.455524000,0.000000000,0.000000000,0.000000000,1.000000000
1403715397.312143087,-0.174072000,-1.092565000,1.454558000,0.000000000,0.000000000,0.000000000,1.000000000
1403715397.317143202,-0.174839000,-1.090510000,1.453613000,0.000000000,0.000000000,0.000000000,1.000000000
1403715397.322143078,-0.175594000,-1.088443000,1.452665000,0.000000000,0.000000000,0.000000000,1.000000000
1403715397.327142954,-0.176338000,-1.086364000,1.451714000,0.000000000,0.000000000,0.000000000,1.000000000
1403715397.332143307,-0.177068000,-1.084272000,1.450756000,0.000000000,0.000000000,0.000000000,1.000000000
1403715397.337143183,-0.177782000,-1.082173000,1.449792000,0.000000000,0.000000000,0.000000000,1.000000000
1403715397.342143059,-0.178481000,-1.080070000,1.448827000,0.000000000,0.000000000,0.000000000,1.000000000
1403715397.347142935,-0.179168000,-1.077959000,1.447866000,0.000000000,0.000000000,0.000000000,1.000000000
1403715397.352143288,-0.179851000,-1.075828000,1.446910000,0.000000000,0.000000000,0.000000000,1.000000000
1403715397.357143164,-0.180648000,-1.073524000,1.445952000,0.000000000,0.000000000,0.000000000,1.000000000
1403715397.362143040,-0.181347000,-1.071330000,1.445017000,0.000000000,0.000000000,0.000000000,1.000000000
1403715397.367142916,-0.182031000,-1.069123000,1.444093000,0.000000000,0.000000000,0.000000000,1.000000000
1403715397.372143269,-0.182697000,-1.066904000,1.443177000,0.000000000,0.000000000,0.000000000,1.000000000
1403715397.377142906,-0.183343000,-1.064677000,1.442252000,0.000000000,0.000000000,0.000000000,1.000000000
1403715397.382143021,-0.183974000,-1.062442000,1.441314000,0.000000000,0.000000000,0.000000000,1.000000000
1403715397.387142897,-0.184598000,-1.060197000,1.440377000,0.000000000,0.000000000,0.000000000,1.000000000
1403715397.392143250,-0.185219000,-1.057941000,1.439439000,0.000000000,0.000000000,0.000000000,1.000000000
1403715397.397142887,-0.185829000,-1.055676000,1.438502000,0.000000000,0.000000000,0.000000000,1.000000000
1403715397.402143002,-0.186421000,-1.053400000,1.437576000,0.000000000,0.000000000,0.000000000,1.000000000
1403715397.407143354,-0.187153000,-1.050895000,1.436653000,0.000000000,0.000000000,0.000000000,1.000000000
1403715397.412143230,-0.187741000,-1.048540000,1.435744000,0.000000000,0.000000000,0.000000000,1.000000000
1403715397.417143106,-0.188319000,-1.046165000,1.434832000,0.000000000,0.000000000,0.000000000,1.000000000
1403715397.422142982,-0.188882000,-1.043784000,1.433915000,0.000000000,0.000000000,0.000000000,1.000000000
1403715397.427143335,-0.189430000,-1.041396000,1.432999000,0.000000000,0.000000000,0.000000000,1.000000000
1403715397.432142973,-0.189962000,-1.039004000,1.432086000,0.000000000,0.000000000,0.000000000,1.000000000
1403715397.437143087,-0.190476000,-1.036604000,1.431171000,0.000000000,0.000000000,0.000000000,1.000000000
1403715397.442142963,-0.190973000,-1.034192000,1.430265000,0.000000000,0.000000000,0.000000000,1.000000000
1403715397.447143316,-0.191453000,-1.031767000,1.429379000,0.000000000,0.000000000,0.000000000,1.000000000
1403715397.452142954,-0.191918000,-1.029334000,1.428507000,0.000000000,0.000000000,0.000000000,1.000000000
1403715397.457143068,-0.192534000,-1.026674000,1.427648000,0.000000000,0.000000000,0.000000000,1.000000000
1403715397.462142944,-0.192994000,-1.024183000,1.426795000,0.000000000,0.000000000,0.000000000,1.000000000
1403715397.467143297,-0.193436000,-1.021684000,1.425960000,0.000000000,0.000000000,0.000000000,1.000000000
1403715397.472142935,-0.193866000,-1.019174000,1.425129000,0.000000000,0.000000000,0.000000000,1.000000000
1403715397.477143049,-0.194290000,-1.016646000,1.424301000,0.000000000,0.000000000,0.000000000,1.000000000
1403715397.482143164,-0.194705000,-1.014105000,1.423481000,0.000000000,0.000000000,0.000000000,1.000000000
1403715397.487143040,-0.195103000,-1.011552000,1.422659000,0.000000000,0.000000000,0.000000000,1.000000000
1403715397.492142916,-0.195479000,-1.008985000,1.421831000,0.000000000,0.000000000,0.000000000,1.000000000
1403715397.497143030,-0.195832000,-1.006405000,1.420996000,0.000000000,0.000000000,0.000000000,1.000000000
1403715397.502143145,-0.196164000,-1.003813000,1.420160000,0.000000000,0.000000000,0.000000000,1.000000000
1403715397.507143021,-0.196644000,-1.000975000,1.419330000,0.000000000,0.000000000,0.000000000,1.000000000
1403715397.512142897,-0.196970000,-0.998304000,1.418504000,0.000000000,0.000000000,0.000000000,1.000000000
1403715397.517143011,-0.197291000,-0.995618000,1.417695000,0.000000000,0.000000000,0.000000000,1.000000000
1403715397.522143126,-0.197610000,-0.992917000,1.416895000,0.000000000,0.000000000,0.000000000,1.000000000
1403715397.527143002,-0.197916000,-0.990207000,1.416103000,0.000000000,0.000000000,0.000000000,1.000000000
1403715397.532143116,-0.198199000,-0.987489000,1.415309000,0.000000000,0.000000000,0.000000000,1.000000000
1403715397.537143230,-0.198452000,-0.984760000,1.414512000,0.000000000,0.000000000,0.000000000,1.000000000
1403715397.542143345,-0.198672000,-0.982023000,1.413714000,0.000000000,0.000000000,0.000000000,1.000000000
1403715397.547142982,-0.198863000,-0.979281000,1.412912000,0.000000000,0.000000000,0.000000000,1.000000000
1403715397.552143097,-0.199041000,-0.976533000,1.412109000,0.000000000,0.000000000,0.000000000,1.000000000
1403715397.557143211,-0.199384000,-0.973545000,1.411333000,0.000000000,0.000000000,0.000000000,1.000000000
1403715397.562143087,-0.199575000,-0.970735000,1.410546000,0.000000000,0.000000000,0.000000000,1.000000000
1403715397.567142963,-0.199745000,-0.967900000,1.409781000,0.000000000,0.000000000,0.000000000,1.000000000
1403715397.572143078,-0.199882000,-0.965047000,1.409041000,0.000000000,0.000000000,0.000000000,1.000000000
1403715397.577143192,-0.199987000,-0.962182000,1.408306000,0.000000000,0.000000000,0.000000000,1.000000000
1403715397.582143068,-0.200070000,-0.959307000,1.407583000,0.000000000,0.000000000,0.000000000,1.000000000
1403715397.587142944,-0.200143000,-0.956418000,1.406872000,0.000000000,0.000000000,0.000000000,1.000000000
1403715397.592143297,-0.200212000,-0.953516000,1.406180000,0.000000000,0.000000000,0.000000000,1.000000000
1403715397.597143173,-0.200273000,-0.950607000,1.405511000,0.000000000,0.000000000,0.000000000,1.000000000
1403715397.602143049,-0.200314000,-0.947689000,1.404860000,0.000000000,0.000000000,0.000000000,1.000000000
1403715397.607142925,-0.200496000,-0.944524000,1.404247000,0.000000000,0.000000000,0.000000000,1.000000000
1403715397.612143278,-0.200514000,-0.941538000,1.403627000,0.000000000,0.000000000,0.000000000,1.000000000
1403715397.617143154,-0.200507000,-0.938537000,1.403027000,0.000000000,0.000000000,0.000000000,1.000000000
1403715397.622143030,-0.200483000,-0.935526000,1.402448000,0.000000000,0.000000000,0.000000000,1.000000000
1403715397.627142906,-0.200450000,-0.932509000,1.401886000,0.000000000,0.000000000,0.000000000,1.000000000
1403715397.632143259,-0.200405000,-0.929489000,1.401336000,0.000000000,0.000000000,0.000000000,1.000000000
1403715397.637142897,-0.200339000,-0.926468000,1.400787000,0.000000000,0.000000000,0.000000000,1.000000000
1403715397.642143011,-0.200247000,-0.923439000,1.400241000,0.000000000,0.000000000,0.000000000,1.000000000
1403715397.647142887,-0.200121000,-0.920399000,1.399702000,0.000000000,0.000000000,0.000000000,1.000000000
1403715397.652143240,-0.199966000,-0.917353000,1.399171000,0.000000000,0.000000000,0.000000000,1.000000000
1403715397.657143116,-0.199957000,-0.914063000,1.398670000,0.000000000,0.000000000,0.000000000,1.000000000
1403715397.662142992,-0.199809000,-0.910957000,1.398158000,0.000000000,0.000000000,0.000000000,1.000000000
1403715397.667143345,-0.199659000,-0.907841000,1.397661000,0.000000000,0.000000000,0.000000000,1.000000000
1403715397.672143221,-0.199501000,-0.904715000,1.397190000,0.000000000,0.000000000,0.000000000,1.000000000
1403715397.677143097,-0.199320000,-0.901581000,1.396748000,0.000000000,0.000000000,0.000000000,1.000000000
1403715397.682142973,-0.199110000,-0.898443000,1.396322000,0.000000000,0.000000000,0.000000000,1.000000000
1403715397.687143326,-0.198872000,-0.895305000,1.395913000,0.000000000,0.000000000,0.000000000,1.000000000
1403715397.692142963,-0.198615000,-0.892165000,1.395520000,0.000000000,0.000000000,0.000000000,1.000000000
1403715397.697143078,-0.198346000,-0.889018000,1.395142000,0.000000000,0.000000000,0.000000000,1.000000000
1403715397.702142954,-0.198069000,-0.885864000,1.394772000,0.000000000,0.000000000,0.000000000,1.000000000
1403715397.707143307,-0.197931000,-0.882470000,1.394427000,0.000000000,0.000000000,0.000000000,1.000000000
1403715397.712142944,-0.197646000,-0.879270000,1.394070000,0.000000000,0.000000000,0.000000000,1.000000000
1403715397.717143059,-0.197337000,-0.876065000,1.393720000,0.000000000,0.000000000,0.000000000,1.000000000
1403715397.722143173,-0.197008000,-0.872852000,1.393375000,0.000000000,0.000000000,0.000000000,1.000000000
1403715397.727143288,-0.196672000,-0.869633000,1.393029000,0.000000000,0.000000000,0.000000000,1.000000000
1403715397.732142925,-0.196333000,-0.866416000,1.392688000,0.000000000,0.000000000,0.000000000,1.000000000
1403715397.737143040,-0.195987000,-0.863202000,1.392357000,0.000000000,0.000000000,0.000000000,1.000000000
1403715397.742143154,-0.195632000,-0.859987000,1.392038000,0.000000000,0.000000000,0.000000000,1.000000000
1403715397.747143030,-0.195257000,-0.856766000,1.391732000,0.000000000,0.000000000,0.000000000,1.000000000
1403715397.752142906,-0.194857000,-0.853537000,1.391432000,0.000000000,0.000000000,0.000000000,1.000000000
1403715397.757143021,-0.194576000,-0.850077000,1.391162000,0.000000000,0.000000000,0.000000000,1.000000000
1403715397.762143135,-0.194168000,-0.846816000,1.390881000,0.000000000,0.000000000,0.000000000,1.000000000
1403715397.767143011,-0.193752000,-0.843558000,1.390607000,0.000000000,0.000000000,0.000000000,1.000000000
1403715397.772142887,-0.193329000,-0.840294000,1.390336000,0.000000000,0.000000000,0.000000000,1.000000000
1403715397.777143240,-0.192896000,-0.837029000,1.390069000,0.000000000,0.000000000,0.000000000,1.000000000
1403715397.782143354,-0.192448000,-0.833768000,1.389813000,0.000000000,0.000000000,0.000000000,1.000000000
1403715397.787142992,-0.191984000,-0.830504000,1.389564000,0.000000000,0.000000000,0.000000000,1.000000000
1403715397.792143106,-0.191503000,-0.827242000,1.389329000,0.000000000,0.000000000,0.000000000,1.000000000
1403715397.797143221,-0.191011000,-0.823983000,1.389099000,0.000000000,0.000000000,0.000000000,1.000000000
1403715397.802143097,-0.190510000,-0.820723000,1.388876000,0.000000000,0.000000000,0.000000000,1.000000000
1403715397.807142973,-0.190120000,-0.817243000,1.388681000,0.000000000,0.000000000,0.000000000,1.000000000
1403715397.812143087,-0.189618000,-0.813945000,1.388490000,0.000000000,0.000000000,0.000000000,1.000000000
1403715397.817143202,-0.189102000,-0.810643000,1.388300000,0.000000000,0.000000000,0.000000000,1.000000000
1403715397.822143078,-0.188570000,-0.807333000,1.388108000,0.000000000,0.000000000,0.000000000,1.000000000
1403715397.827142954,-0.188020000,-0.804019000,1.387920000,0.000000000,0.000000000,0.000000000,1.000000000
1403715397.832143307,-0.187451000,-0.800702000,1.387731000,0.000000000,0.000000000,0.000000000,1.000000000
1403715397.837143183,-0.186864000,-0.797380000,1.387545000,0.000000000,0.000000000,0.000000000,1.000000000
1403715397.842143059,-0.186259000,-0.794049000,1.387369000,0.000000000,0.000000000,0.000000000,1.000000000
1403715397.847142935,-0.185637000,-0.790721000,1.387206000,0.000000000,0.000000000,0.000000000,1.000000000
1403715397.852143288,-0.184999000,-0.787394000,1.387056000,0.000000000,0.000000000,0.000000000,1.000000000
1403715397.857143164,-0.184454000,-0.783850000,1.386927000,0.000000000,0.000000000,0.000000000,1.000000000
1403715397.862143040,-0.183809000,-0.780478000,1.386808000,0.000000000,0.000000000,0.000000000,1.000000000
1403715397.867142916,-0.183153000,-0.777113000,1.386691000,0.000000000,0.000000000,0.000000000,1.000000000
1403715397.872143269,-0.182484000,-0.773755000,1.386567000,0.000000000,0.000000000,0.000000000,1.000000000
1403715397.877142906,-0.181799000,-0.770402000,1.386436000,0.000000000,0.000000000,0.000000000,1.000000000
1403715397.882143021,-0.181100000,-0.767049000,1.386305000,0.000000000,0.000000000,0.000000000,1.000000000
1403715397.887142897,-0.180392000,-0.763694000,1.386177000,0.000000000,0.000000000,0.000000000,1.000000000
1403715397.892143250,-0.179684000,-0.760341000,1.386056000,0.000000000,0.000000000,0.000000000,1.000000000
1403715397.897142887,-0.178971000,-0.756994000,1.385950000,0.000000000,0.000000000,0.000000000,1.000000000
1403715397.902143002,-0.178248000,-0.753653000,1.385856000,0.000000000,0.000000000,0.000000000,1.000000000
1403715397.907143354,-0.177599000,-0.750118000,1.385774000,0.000000000,0.000000000,0.000000000,1.000000000
1403715397.912143230,-0.176866000,-0.746737000,1.385706000,0.000000000,0.000000000,0.000000000,1.000000000
1403715397.917143106,-0.176117000,-0.743348000,1.385657000,0.000000000,0.000000000,0.000000000,1.000000000
1403715397.922142982,-0.175354000,-0.739966000,1.385616000,0.000000000,0.000000000,0.000000000,1.000000000
1403715397.927143335,-0.174578000,-0.736595000,1.385582000,0.000000000,0.000000000,0.000000000,1.000000000
1403715397.932142973,-0.173793000,-0.733226000,1.385558000,0.000000000,0.000000000,0.000000000,1.000000000
1403715397.937143087,-0.172999000,-0.729863000,1.385538000,0.000000000,0.000000000,0.000000000,1.000000000
1403715397.942142963,-0.172199000,-0.726511000,1.385509000,0.000000000,0.000000000,0.000000000,1.000000000
1403715397.947143316,-0.171395000,-0.723166000,1.385476000,0.000000000,0.000000000,0.000000000,1.000000000
1403715397.952142954,-0.170588000,-0.719828000,1.385457000,0.000000000,0.000000000,0.000000000,1.000000000
1403715397.957143068,-0.169846000,-0.716309000,1.385433000,0.000000000,0.000000000,0.000000000,1.000000000
1403715397.962142944,-0.169039000,-0.712946000,1.385426000,0.000000000,0.000000000,0.000000000,1.000000000
1403715397.967143297,-0.168216000,-0.709585000,1.385424000,0.000000000,0.000000000,0.000000000,1.000000000
1403715397.972142935,-0.167378000,-0.706224000,1.385419000,0.000000000,0.000000000,0.000000000,1.000000000
1403715397.977143049,-0.166527000,-0.702862000,1.385406000,0.000000000,0.000000000,0.000000000,1.000000000
1403715397.982143164,-0.165672000,-0.699502000,1.385380000,0.000000000,0.000000000,0.000000000,1.000000000
1403715397.987143040,-0.164818000,-0.696142000,1.385346000,0.000000000,0.000000000,0.000000000,1.000000000
1403715397.992142916,-0.163966000,-0.692784000,1.385304000,0.000000000,0.000000000,0.000000000,1.000000000
1403715397.997143030,-0.163117000,-0.689441000,1.385244000,0.000000000,0.000000000,0.000000000,1.000000000
1403715398.002143145,-0.162264000,-0.686111000,1.385170000,0.000000000,0.000000000,0.000000000,1.000000000
1403715398.007143021,-0.161453000,-0.682617000,1.385085000,0.000000000,0.000000000,0.000000000,1.000000000
1403715398.012142897,-0.160589000,-0.679280000,1.385018000,0.000000000,0.000000000,0.000000000,1.000000000
1403715398.017143011,-0.159718000,-0.675953000,1.384951000,0.000000000,0.000000000,0.000000000,1.000000000
1403715398.022143126,-0.158840000,-0.672636000,1.384884000,0.000000000,0.000000000,0.000000000,1.000000000
1403715398.027143002,-0.157955000,-0.669333000,1.384818000,0.000000000,0.000000000,0.000000000,1.000000000
1403715398.032143116,-0.157065000,-0.666045000,1.384747000,0.000000000,0.000000000,0.000000000,1.000000000
1403715398.037143230,-0.156169000,-0.662766000,1.384670000,0.000000000,0.000000000,0.000000000,1.000000000
1403715398.042143345,-0.155268000,-0.659492000,1.384592000,0.000000000,0.000000000,0.000000000,1.000000000
1403715398.047142982,-0.154365000,-0.656226000,1.384517000,0.000000000,0.000000000,0.000000000,1.000000000
1403715398.052143097,-0.153462000,-0.652972000,1.384440000,0.000000000,0.000000000,0.000000000,1.000000000
1403715398.057143211,-0.152592000,-0.649558000,1.384325000,0.000000000,0.000000000,0.000000000,1.000000000
1403715398.062143087,-0.151690000,-0.646290000,1.384218000,0.000000000,0.000000000,0.000000000,1.000000000
1403715398.067142963,-0.150782000,-0.643038000,1.384090000,0.000000000,0.000000000,0.000000000,1.000000000
1403715398.072143078,-0.149869000,-0.639804000,1.383942000,0.000000000,0.000000000,0.000000000,1.000000000
1403715398.077143192,-0.148952000,-0.636585000,1.383779000,0.000000000,0.000000000,0.000000000,1.000000000
1403715398.082143068,-0.148028000,-0.633377000,1.383601000,0.000000000,0.000000000,0.000000000,1.000000000
1403715398.087142944,-0.147099000,-0.630181000,1.383408000,0.000000000,0.000000000,0.000000000,1.000000000
1403715398.092143297,-0.146166000,-0.626999000,1.383208000,0.000000000,0.000000000,0.000000000,1.000000000
1403715398.097143173,-0.145233000,-0.623826000,1.383002000,0.000000000,0.000000000,0.000000000,1.000000000
1403715398.102143049,-0.144300000,-0.620655000,1.382811000,0.000000000,0.000000000,0.000000000,1.000000000
1403715398.107142925,-0.143392000,-0.617333000,1.382611000,0.000000000,0.000000000,0.000000000,1.000000000
1403715398.112143278,-0.142458000,-0.614155000,1.382441000,0.000000000,0.000000000,0.000000000,1.000000000
1403715398.117143154,-0.141522000,-0.610986000,1.382269000,0.000000000,0.000000000,0.000000000,1.000000000
1403715398.122143030,-0.140584000,-0.607825000,1.382085000,0.000000000,0.000000000,0.000000000,1.000000000
1403715398.127142906,-0.139647000,-0.604674000,1.381886000,0.000000000,0.000000000,0.000000000,1.000000000
1403715398.132143259,-0.138708000,-0.601539000,1.381667000,0.000000000,0.000000000,0.000000000,1.000000000
1403715398.137142897,-0.137772000,-0.598423000,1.381435000,0.000000000,0.000000000,0.000000000,1.000000000
1403715398.142143011,-0.136840000,-0.595322000,1.381198000,0.000000000,0.000000000,0.000000000,1.000000000
1403715398.147142887,-0.135906000,-0.592243000,1.380960000,0.000000000,0.000000000,0.000000000,1.000000000
1403715398.152143240,-0.134968000,-0.589186000,1.380717000,0.000000000,0.000000000,0.000000000,1.000000000
1403715398.157143116,-0.134043000,-0.585988000,1.380422000,0.000000000,0.000000000,0.000000000,1.000000000
1403715398.162142992,-0.133098000,-0.582938000,1.380150000,0.000000000,0.000000000,0.000000000,1.000000000
1403715398.167143345,-0.132152000,-0.579908000,1.379860000,0.000000000,0.000000000,0.000000000,1.000000000
1403715398.172143221,-0.131206000,-0.576898000,1.379569000,0.000000000,0.000000000,0.000000000,1.000000000
1403715398.177143097,-0.130257000,-0.573906000,1.379282000,0.000000000,0.000000000,0.000000000,1.000000000
1403715398.182142973,-0.129306000,-0.570929000,1.378990000,0.000000000,0.000000000,0.000000000,1.000000000
1403715398.187143326,-0.128352000,-0.567966000,1.378687000,0.000000000,0.000000000,0.000000000,1.000000000
1403715398.192142963,-0.127401000,-0.565020000,1.378371000,0.000000000,0.000000000,0.000000000,1.000000000
1403715398.197143078,-0.126455000,-0.562096000,1.378033000,0.000000000,0.000000000,0.000000000,1.000000000
1403715398.202142954,-0.125514000,-0.559197000,1.377679000,0.000000000,0.000000000,0.000000000,1.000000000
1403715398.207143307,-0.124590000,-0.556168000,1.377269000,0.000000000,0.000000000,0.000000000,1.000000000
1403715398.212142944,-0.123648000,-0.553290000,1.376874000,0.000000000,0.000000000,0.000000000,1.000000000
1403715398.217143059,-0.122697000,-0.550434000,1.376466000,0.000000000,0.000000000,0.000000000,1.000000000
1403715398.222143173,-0.121746000,-0.547602000,1.376046000,0.000000000,0.000000000,0.000000000,1.000000000
1403715398.227143288,-0.120798000,-0.544792000,1.375614000,0.000000000,0.000000000,0.000000000,1.000000000
1403715398.232142925,-0.119855000,-0.542001000,1.375182000,0.000000000,0.000000000,0.000000000,1.000000000
1403715398.237143040,-0.118914000,-0.539227000,1.374753000,0.000000000,0.000000000,0.000000000,1.000000000
1403715398.242143154,-0.117971000,-0.536466000,1.374322000,0.000000000,0.000000000,0.000000000,1.000000000
1403715398.247143030,-0.117020000,-0.533723000,1.373884000,0.000000000,0.000000000,0.000000000,1.000000000
1403715398.252142906,-0.116060000,-0.531004000,1.373431000,0.000000000,0.000000000,0.000000000,1.000000000
1403715398.257143021,-0.115111000,-0.528149000,1.372939000,0.000000000,0.000000000,0.000000000,1.000000000
1403715398.262143135,-0.114148000,-0.525447000,1.372469000,0.000000000,0.000000000,0.000000000,1.000000000
1403715398.267143011,-0.113184000,-0.522765000,1.371986000,0.000000000,0.000000000,0.000000000,1.000000000
1403715398.272142887,-0.112223000,-0.520101000,1.371495000,0.000000000,0.000000000,0.000000000,1.000000000
1403715398.277143240,-0.111265000,-0.517454000,1.370999000,0.000000000,0.000000000,0.000000000,1.000000000
1403715398.282143354,-0.110308000,-0.514827000,1.370499000,0.000000000,0.000000000,0.000000000,1.000000000
1403715398.287142992,-0.109348000,-0.512219000,1.369987000,0.000000000,0.000000000,0.000000000,1.000000000
1403715398.292143106,-0.108384000,-0.509631000,1.369462000,0.000000000,0.000000000,0.000000000,1.000000000
1403715398.297143221,-0.107416000,-0.507065000,1.368932000,0.000000000,0.000000000,0.000000000,1.000000000
1403715398.302143097,-0.106444000,-0.504517000,1.368400000,0.000000000,0.000000000,0.000000000,1.000000000
1403715398.307142973,-0.105486000,-0.501826000,1.367826000,0.000000000,0.000000000,0.000000000,1.000000000
1403715398.312143087,-0.104516000,-0.499283000,1.367279000,0.000000000,0.000000000,0.000000000,1.000000000
1403715398.317143202,-0.103548000,-0.496764000,1.366726000,0.000000000,0.000000000,0.000000000,1.000000000
1403715398.322143078,-0.102580000,-0.494270000,1.366169000,0.000000000,0.000000000,0.000000000,1.000000000
1403715398.327142954,-0.101610000,-0.491793000,1.365611000,0.000000000,0.000000000,0.000000000,1.000000000
1403715398.332143307,-0.100633000,-0.489331000,1.365061000,0.000000000,0.000000000,0.000000000,1.000000000
1403715398.337143183,-0.099653000,-0.486885000,1.364520000,0.000000000,0.000000000,0.000000000,1.000000000
1403715398.342143059,-0.098677000,-0.484456000,1.363983000,0.000000000,0.000000000,0.000000000,1.000000000
1403715398.347142935,-0.097703000,-0.482046000,1.363441000,0.000000000,0.000000000,0.000000000,1.000000000
1403715398.352143288,-0.096731000,-0.479647000,1.362888000,0.000000000,0.000000000,0.000000000,1.000000000
1403715398.357143164,-0.095783000,-0.477100000,1.362291000,0.000000000,0.000000000,0.000000000,1.000000000
1403715398.362143040,-0.094823000,-0.474699000,1.361717000,0.000000000,0.000000000,0.000000000,1.000000000
1403715398.367142916,-0.093864000,-0.472316000,1.361137000,0.000000000,0.000000000,0.000000000,1.000000000
1403715398.372143269,-0.092908000,-0.469943000,1.360565000,0.000000000,0.000000000,0.000000000,1.000000000
1403715398.377142906,-0.091950000,-0.467581000,1.360010000,0.000000000,0.000000000,0.000000000,1.000000000
1403715398.382143021,-0.090986000,-0.465233000,1.359462000,0.000000000,0.000000000,0.000000000,1.000000000
1403715398.387142897,-0.090018000,-0.462897000,1.358922000,0.000000000,0.000000000,0.000000000,1.000000000
1403715398.392143250,-0.089053000,-0.460575000,1.358389000,0.000000000,0.000000000,0.000000000,1.000000000
1403715398.397142887,-0.088096000,-0.458265000,1.357852000,0.000000000,0.000000000,0.000000000,1.000000000
1403715398.402143002,-0.087147000,-0.455967000,1.357298000,0.000000000,0.000000000,0.000000000,1.000000000
1403715398.407143354,-0.086218000,-0.453525000,1.356685000,0.000000000,0.000000000,0.000000000,1.000000000
1403715398.412143230,-0.085269000,-0.451230000,1.356077000,0.000000000,0.000000000,0.000000000,1.000000000
1403715398.417143106,-0.084307000,-0.448959000,1.355452000,0.000000000,0.000000000,0.000000000,1.000000000
1403715398.422142982,-0.083333000,-0.446708000,1.354818000,0.000000000,0.000000000,0.000000000,1.000000000
1403715398.427143335,-0.082346000,-0.444471000,1.354187000,0.000000000,0.000000000,0.000000000,1.000000000
1403715398.432142973,-0.081359000,-0.442246000,1.353570000,0.000000000,0.000000000,0.000000000,1.000000000
1403715398.437143087,-0.080390000,-0.440034000,1.352979000,0.000000000,0.000000000,0.000000000,1.000000000
1403715398.442142963,-0.079438000,-0.437837000,1.352416000,0.000000000,0.000000000,0.000000000,1.000000000
1403715398.447143316,-0.078491000,-0.435654000,1.351879000,0.000000000,0.000000000,0.000000000,1.000000000
1403715398.452142954,-0.077535000,-0.433486000,1.351356000,0.000000000,0.000000000,0.000000000,1.000000000
1403715398.457143068,-0.076579000,-0.431171000,1.350796000,0.000000000,0.000000000,0.000000000,1.000000000
1403715398.462142944,-0.075600000,-0.428989000,1.350246000,0.000000000,0.000000000,0.000000000,1.000000000
1403715398.467143297,-0.074618000,-0.426821000,1.349678000,0.000000000,0.000000000,0.000000000,1.000000000
1403715398.472142935,-0.073645000,-0.424678000,1.349090000,0.000000000,0.000000000,0.000000000,1.000000000
1403715398.477143049,-0.072679000,-0.422567000,1.348483000,0.000000000,0.000000000,0.000000000,1.000000000
1403715398.482143164,-0.071718000,-0.420477000,1.347874000,0.000000000,0.000000000,0.000000000,1.000000000
1403715398.487143040,-0.070759000,-0.418397000,1.347282000,0.000000000,0.000000000,0.000000000,1.000000000
1403715398.492142916,-0.069796000,-0.416326000,1.346715000,0.000000000,0.000000000,0.000000000,1.000000000
1403715398.497143030,-0.068827000,-0.414264000,1.346169000,0.000000000,0.000000000,0.000000000,1.000000000
1403715398.502143145,-0.067858000,-0.412215000,1.345632000,0.000000000,0.000000000,0.000000000,1.000000000
1403715398.507143021,-0.066906000,-0.410030000,1.345068000,0.000000000,0.000000000,0.000000000,1.000000000
1403715398.512142897,-0.065951000,-0.407983000,1.344515000,0.000000000,0.000000000,0.000000000,1.000000000
1403715398.517143011,-0.065003000,-0.405954000,1.343948000,0.000000000,0.000000000,0.000000000,1.000000000
1403715398.522143126,-0.064058000,-0.403938000,1.343377000,0.000000000,0.000000000,0.000000000,1.000000000
1403715398.527143002,-0.063111000,-0.401935000,1.342810000,0.000000000,0.000000000,0.000000000,1.000000000
1403715398.532143116,-0.062162000,-0.399942000,1.342252000,0.000000000,0.000000000,0.000000000,1.000000000
1403715398.537143230,-0.061214000,-0.397956000,1.341712000,0.000000000,0.000000000,0.000000000,1.000000000
1403715398.542143345,-0.060272000,-0.395988000,1.341190000,0.000000000,0.000000000,0.000000000,1.000000000
1403715398.547142982,-0.059338000,-0.394041000,1.340690000,0.000000000,0.000000000,0.000000000,1.000000000
1403715398.552143097,-0.058415000,-0.392105000,1.340213000,0.000000000,0.000000000,0.000000000,1.000000000
1403715398.557143211,-0.057508000,-0.390037000,1.339728000,0.000000000,0.000000000,0.000000000,1.000000000
1403715398.562143087,-0.056597000,-0.388100000,1.339259000,0.000000000,0.000000000,0.000000000,1.000000000
1403715398.567142963,-0.055683000,-0.386176000,1.338783000,0.000000000,0.000000000,0.000000000,1.000000000
1403715398.572143078,-0.054767000,-0.384268000,1.338308000,0.000000000,0.000000000,0.000000000,1.000000000
1403715398.577143192,-0.053851000,-0.382378000,1.337841000,0.000000000,0.000000000,0.000000000,1.000000000
1403715398.582143068,-0.052937000,-0.380508000,1.337386000,0.000000000,0.000000000,0.000000000,1.000000000
1403715398.587142944,-0.052028000,-0.378652000,1.336950000,0.000000000,0.000000000,0.000000000,1.000000000
1403715398.592143297,-0.051122000,-0.376808000,1.336530000,0.000000000,0.000000000,0.000000000,1.000000000
1403715398.597143173,-0.050217000,-0.374975000,1.336121000,0.000000000,0.000000000,0.000000000,1.000000000
1403715398.602143049,-0.049317000,-0.373153000,1.335726000,0.000000000,0.000000000,0.000000000,1.000000000
1403715398.607142925,-0.048427000,-0.371212000,1.335321000,0.000000000,0.000000000,0.000000000,1.000000000
1403715398.612143278,-0.047533000,-0.369393000,1.334941000,0.000000000,0.000000000,0.000000000,1.000000000
1403715398.617143154,-0.046640000,-0.367592000,1.334560000,0.000000000,0.000000000,0.000000000,1.000000000
1403715398.622143030,-0.045748000,-0.365810000,1.334172000,0.000000000,0.000000000,0.000000000,1.000000000
1403715398.627142906,-0.044861000,-0.364042000,1.333781000,0.000000000,0.000000000,0.000000000,1.000000000
1403715398.632143259,-0.043979000,-0.362290000,1.333395000,0.000000000,0.000000000,0.000000000,1.000000000
1403715398.637142897,-0.043105000,-0.360557000,1.333012000,0.000000000,0.000000000,0.000000000,1.000000000
1403715398.642143011,-0.042237000,-0.358836000,1.332632000,0.000000000,0.000000000,0.000000000,1.000000000
1403715398.647142887,-0.041373000,-0.357131000,1.332258000,0.000000000,0.000000000,0.000000000,1.000000000
1403715398.652143240,-0.040513000,-0.355447000,1.331892000,0.000000000,0.000000000,0.000000000,1.000000000
1403715398.657143116,-0.039662000,-0.353665000,1.331528000,0.000000000,0.000000000,0.000000000,1.000000000
1403715398.662142992,-0.038810000,-0.351995000,1.331184000,0.000000000,0.000000000,0.000000000,1.000000000
1403715398.667143345,-0.037967000,-0.350339000,1.330845000,0.000000000,0.000000000,0.000000000,1.000000000
1403715398.672143221,-0.037132000,-0.348696000,1.330504000,0.000000000,0.000000000,0.000000000,1.000000000
1403715398.677143097,-0.036299000,-0.347068000,1.330164000,0.000000000,0.000000000,0.000000000,1.000000000
1403715398.682142973,-0.035464000,-0.345455000,1.329823000,0.000000000,0.000000000,0.000000000,1.000000000
1403715398.687143326,-0.034628000,-0.343857000,1.329490000,0.000000000,0.000000000,0.000000000,1.000000000
1403715398.692142963,-0.033793000,-0.342275000,1.329165000,0.000000000,0.000000000,0.000000000,1.000000000
1403715398.697143078,-0.032962000,-0.340711000,1.328847000,0.000000000,0.000000000,0.000000000,1.000000000
1403715398.702142954,-0.032136000,-0.339158000,1.328537000,0.000000000,0.000000000,0.000000000,1.000000000
1403715398.707143307,-0.031319000,-0.337515000,1.328222000,0.000000000,0.000000000,0.000000000,1.000000000
1403715398.712142944,-0.030505000,-0.335982000,1.327909000,0.000000000,0.000000000,0.000000000,1.000000000
1403715398.717143059,-0.029698000,-0.334471000,1.327601000,0.000000000,0.000000000,0.000000000,1.000000000
1403715398.722143173,-0.028900000,-0.332978000,1.327300000,0.000000000,0.000000000,0.000000000,1.000000000
1403715398.727143288,-0.028113000,-0.331500000,1.327002000,0.000000000,0.000000000,0.000000000,1.000000000
1403715398.732142925,-0.027334000,-0.330035000,1.326708000,0.000000000,0.000000000,0.000000000,1.000000000
1403715398.737143040,-0.026562000,-0.328594000,1.326423000,0.000000000,0.000000000,0.000000000,1.000000000
1403715398.742143154,-0.025797000,-0.327176000,1.326145000,0.000000000,0.000000000,0.000000000,1.000000000
1403715398.747143030,-0.025039000,-0.325774000,1.325866000,0.000000000,0.000000000,0.000000000,1.000000000
1403715398.752142906,-0.024290000,-0.324389000,1.325581000,0.000000000,0.000000000,0.000000000,1.000000000
1403715398.757143021,-0.023550000,-0.322929000,1.325280000,0.000000000,0.000000000,0.000000000,1.000000000
1403715398.762143135,-0.022822000,-0.321569000,1.324983000,0.000000000,0.000000000,0.000000000,1.000000000
1403715398.767143011,-0.022104000,-0.320227000,1.324685000,0.000000000,0.000000000,0.000000000,1.000000000
1403715398.772142887,-0.021396000,-0.318908000,1.324386000,0.000000000,0.000000000,0.000000000,1.000000000
1403715398.777143240,-0.020694000,-0.317615000,1.324086000,0.000000000,0.000000000,0.000000000,1.000000000
1403715398.782143354,-0.019997000,-0.316348000,1.323788000,0.000000000,0.000000000,0.000000000,1.000000000
1403715398.787142992,-0.019309000,-0.315107000,1.323499000,0.000000000,0.000000000,0.000000000,1.000000000
1403715398.792143106,-0.018635000,-0.313889000,1.323223000,0.000000000,0.000000000,0.000000000,1.000000000
1403715398.797143221,-0.017977000,-0.312686000,1.322951000,0.000000000,0.000000000,0.000000000,1.000000000
1403715398.802143097,-0.017335000,-0.311501000,1.322676000,0.000000000,0.000000000,0.000000000,1.000000000
1403715398.807142973,-0.016697000,-0.310257000,1.322393000,0.000000000,0.000000000,0.000000000,1.000000000
1403715398.812143087,-0.016079000,-0.309102000,1.322113000,0.000000000,0.000000000,0.000000000,1.000000000
1403715398.817143202,-0.015474000,-0.307961000,1.321836000,0.000000000,0.000000000,0.000000000,1.000000000
1403715398.822143078,-0.014882000,-0.306837000,1.321550000,0.000000000,0.000000000,0.000000000,1.000000000
1403715398.827142954,-0.014304000,-0.305737000,1.321255000,0.000000000,0.000000000,0.000000000,1.000000000
1403715398.832143307,-0.013743000,-0.304660000,1.320963000,0.000000000,0.000000000,0.000000000,1.000000000
1403715398.837143183,-0.013203000,-0.303607000,1.320677000,0.000000000,0.000000000,0.000000000,1.000000000
1403715398.842143059,-0.012687000,-0.302576000,1.320393000,0.000000000,0.000000000,0.000000000,1.000000000
1403715398.847142935,-0.012195000,-0.301565000,1.320111000,0.000000000,0.000000000,0.000000000,1.000000000
1403715398.852143288,-0.011719000,-0.300572000,1.319828000,0.000000000,0.000000000,0.000000000,1.000000000
1403715398.857143164,-0.011241000,-0.299518000,1.319538000,0.000000000,0.000000000,0.000000000,1.000000000
1403715398.862143040,-0.010780000,-0.298545000,1.319243000,0.000000000,0.000000000,0.000000000,1.000000000
1403715398.867142916,-0.010328000,-0.297590000,1.318946000,0.000000000,0.000000000,0.000000000,1.000000000
1403715398.872143269,-0.009894000,-0.296657000,1.318651000,0.000000000,0.000000000,0.000000000,1.000000000
1403715398.877142906,-0.009482000,-0.295749000,1.318357000,0.000000000,0.000000000,0.000000000,1.000000000
1403715398.882143021,-0.009090000,-0.294865000,1.318062000,0.000000000,0.000000000,0.000000000,1.000000000
1403715398.887142897,-0.008718000,-0.293998000,1.317778000,0.000000000,0.000000000,0.000000000,1.000000000
1403715398.892143250,-0.008363000,-0.293145000,1.317504000,0.000000000,0.000000000,0.000000000,1.000000000
1403715398.897142887,-0.008026000,-0.292310000,1.317234000,0.000000000,0.000000000,0.000000000,1.000000000
1403715398.902143002,-0.007709000,-0.291492000,1.316965000,0.000000000,0.000000000,0.000000000,1.000000000
1403715398.907143354,-0.007388000,-0.290614000,1.316693000,0.000000000,0.000000000,0.000000000,1.000000000
1403715398.912143230,-0.007092000,-0.289812000,1.316435000,0.000000000,0.000000000,0.000000000,1.000000000
1403715398.917143106,-0.006813000,-0.289033000,1.316173000,0.000000000,0.000000000,0.000000000,1.000000000
1403715398.922142982,-0.006551000,-0.288276000,1.315903000,0.000000000,0.000000000,0.000000000,1.000000000
1403715398.927143335,-0.006308000,-0.287539000,1.315628000,0.000000000,0.000000000,0.000000000,1.000000000
1403715398.932142973,-0.006084000,-0.286820000,1.315356000,0.000000000,0.000000000,0.000000000,1.000000000
1403715398.937143087,-0.005883000,-0.286119000,1.315089000,0.000000000,0.000000000,0.000000000,1.000000000
1403715398.942142963,-0.005704000,-0.285436000,1.314819000,0.000000000,0.000000000,0.000000000,1.000000000
1403715398.947143316,-0.005545000,-0.284769000,1.314548000,0.000000000,0.000000000,0.000000000,1.000000000
1403715398.952142954,-0.005403000,-0.284130000,1.314281000,0.000000000,0.000000000,0.000000000,1.000000000
1403715398.957143068,-0.005255000,-0.283455000,1.314014000,0.000000000,0.000000000,0.000000000,1.000000000
1403715398.962142944,-0.005129000,-0.282854000,1.313772000,0.000000000,0.000000000,0.000000000,1.000000000
1403715398.967143297,-0.005015000,-0.282270000,1.313549000,0.000000000,0.000000000,0.000000000,1.000000000
1403715398.972142935,-0.004913000,-0.281711000,1.313337000,0.000000000,0.000000000,0.000000000,1.000000000
1403715398.977143049,-0.004829000,-0.281178000,1.313133000,0.000000000,0.000000000,0.000000000,1.000000000
1403715398.982143164,-0.004761000,-0.280667000,1.312941000,0.000000000,0.000000000,0.000000000,1.000000000
1403715398.987143040,-0.004706000,-0.280176000,1.312752000,0.000000000,0.000000000,0.000000000,1.000000000
1403715398.992142916,-0.004668000,-0.279706000,1.312556000,0.000000000,0.000000000,0.000000000,1.000000000
1403715398.997143030,-0.004642000,-0.279263000,1.312351000,0.000000000,0.000000000,0.000000000,1.000000000
1403715399.002143145,-0.004629000,-0.278851000,1.312140000,0.000000000,0.000000000,0.000000000,1.000000000
1403715399.007143021,-0.004609000,-0.278398000,1.311917000,0.000000000,0.000000000,0.000000000,1.000000000
1403715399.012142897,-0.004620000,-0.278023000,1.311706000,0.000000000,0.000000000,0.000000000,1.000000000
1403715399.017143011,-0.004651000,-0.277664000,1.311487000,0.000000000,0.000000000,0.000000000,1.000000000
1403715399.022143126,-0.004699000,-0.277329000,1.311268000,0.000000000,0.000000000,0.000000000,1.000000000
1403715399.027143002,-0.004766000,-0.277028000,1.311064000,0.000000000,0.000000000,0.000000000,1.000000000
1403715399.032143116,-0.004849000,-0.276754000,1.310880000,0.000000000,0.000000000,0.000000000,1.000000000
1403715399.037143230,-0.004948000,-0.276493000,1.310714000,0.000000000,0.000000000,0.000000000,1.000000000
1403715399.042143345,-0.005064000,-0.276244000,1.310553000,0.000000000,0.000000000,0.000000000,1.000000000
1403715399.047142982,-0.005191000,-0.276019000,1.310383000,0.000000000,0.000000000,0.000000000,1.000000000
1403715399.052143097,-0.005331000,-0.275818000,1.310204000,0.000000000,0.000000000,0.000000000,1.000000000
1403715399.057143211,-0.005479000,-0.275567000,1.310008000,0.000000000,0.000000000,0.000000000,1.000000000
1403715399.062143087,-0.005658000,-0.275400000,1.309816000,0.000000000,0.000000000,0.000000000,1.000000000
1403715399.067142963,-0.005856000,-0.275255000,1.309605000,0.000000000,0.000000000,0.000000000,1.000000000
1403715399.072143078,-0.006071000,-0.275129000,1.309381000,0.000000000,0.000000000,0.000000000,1.000000000
1403715399.077143192,-0.006305000,-0.275022000,1.309150000,0.000000000,0.000000000,0.000000000,1.000000000
1403715399.082143068,-0.006556000,-0.274939000,1.308916000,0.000000000,0.000000000,0.000000000,1.000000000
1403715399.087142944,-0.006822000,-0.274880000,1.308683000,0.000000000,0.000000000,0.000000000,1.000000000
1403715399.092143297,-0.007102000,-0.274846000,1.308459000,0.000000000,0.000000000,0.000000000,1.000000000
1403715399.097143173,-0.007394000,-0.274838000,1.308246000,0.000000000,0.000000000,0.000000000,1.000000000
1403715399.102143049,-0.007695000,-0.274846000,1.308035000,0.000000000,0.000000000,0.000000000,1.000000000
1403715399.107142925,-0.008003000,-0.274789000,1.307814000,0.000000000,0.000000000,0.000000000,1.000000000
1403715399.112143278,-0.008331000,-0.274814000,1.307602000,0.000000000,0.000000000,0.000000000,1.000000000
1403715399.117143154,-0.008680000,-0.274860000,1.307387000,0.000000000,0.000000000,0.000000000,1.000000000
1403715399.122143030,-0.009050000,-0.274925000,1.307169000,0.000000000,0.000000000,0.000000000,1.000000000
1403715399.127142906,-0.009437000,-0.275006000,1.306947000,0.000000000,0.000000000,0.000000000,1.000000000
1403715399.132143259,-0.009845000,-0.275101000,1.306726000,0.000000000,0.000000000,0.000000000,1.000000000
1403715399.137142897,-0.010271000,-0.275216000,1.306501000,0.000000000,0.000000000,0.000000000,1.000000000
1403715399.142143011,-0.010709000,-0.275356000,1.306266000,0.000000000,0.000000000,0.000000000,1.000000000
1403715399.147142887,-0.011161000,-0.275517000,1.306040000,0.000000000,0.000000000,0.000000000,1.000000000
1403715399.152143240,-0.011627000,-0.275704000,1.305832000,0.000000000,0.000000000,0.000000000,1.000000000
1403715399.157143116,-0.012109000,-0.275826000,1.305626000,0.000000000,0.000000000,0.000000000,1.000000000
1403715399.162142992,-0.012596000,-0.276025000,1.305433000,0.000000000,0.000000000,0.000000000,1.000000000
1403715399.167143345,-0.013089000,-0.276239000,1.305241000,0.000000000,0.000000000,0.000000000,1.000000000
1403715399.172143221,-0.013593000,-0.276474000,1.305047000,0.000000000,0.000000000,0.000000000,1.000000000
1403715399.177143097,-0.014110000,-0.276730000,1.304863000,0.000000000,0.000000000,0.000000000,1.000000000
1403715399.182142973,-0.014638000,-0.277011000,1.304701000,0.000000000,0.000000000,0.000000000,1.000000000
1403715399.187143326,-0.015178000,-0.277319000,1.304552000,0.000000000,0.000000000,0.000000000,1.000000000
1403715399.192142963,-0.015729000,-0.277650000,1.304405000,0.000000000,0.000000000,0.000000000,1.000000000
1403715399.197143078,-0.016296000,-0.278002000,1.304254000,0.000000000,0.000000000,0.000000000,1.000000000
1403715399.202142954,-0.016877000,-0.278381000,1.304101000,0.000000000,0.000000000,0.000000000,1.000000000
1403715399.207143307,-0.017479000,-0.278700000,1.303938000,0.000000000,0.000000000,0.000000000,1.000000000
1403715399.212142944,-0.018079000,-0.279119000,1.303787000,0.000000000,0.000000000,0.000000000,1.000000000
1403715399.217143059,-0.018685000,-0.279564000,1.303639000,0.000000000,0.000000000,0.000000000,1.000000000
1403715399.222143173,-0.019298000,-0.280045000,1.303492000,0.000000000,0.000000000,0.000000000,1.000000000
1403715399.227143288,-0.019920000,-0.280553000,1.303354000,0.000000000,0.000000000,0.000000000,1.000000000
1403715399.232142925,-0.020557000,-0.281076000,1.303247000,0.000000000,0.000000000,0.000000000,1.000000000
1403715399.237143040,-0.021208000,-0.281617000,1.303161000,0.000000000,0.000000000,0.000000000,1.000000000
1403715399.242143154,-0.021869000,-0.282179000,1.303075000,0.000000000,0.000000000,0.000000000,1.000000000
1403715399.247143030,-0.022535000,-0.282759000,1.302988000,0.000000000,0.000000000,0.000000000,1.000000000
1403715399.252142906,-0.023208000,-0.283360000,1.302899000,0.000000000,0.000000000,0.000000000,1.000000000
1403715399.257143021,-0.023909000,-0.283884000,1.302805000,0.000000000,0.000000000,0.000000000,1.000000000
1403715399.262143135,-0.024598000,-0.284503000,1.302709000,0.000000000,0.000000000,0.000000000,1.000000000
1403715399.267143011,-0.025294000,-0.285136000,1.302609000,0.000000000,0.000000000,0.000000000,1.000000000
1403715399.272142887,-0.025999000,-0.285786000,1.302501000,0.000000000,0.000000000,0.000000000,1.000000000
1403715399.277143240,-0.026712000,-0.286457000,1.302385000,0.000000000,0.000000000,0.000000000,1.000000000
1403715399.282143354,-0.027430000,-0.287150000,1.302259000,0.000000000,0.000000000,0.000000000,1.000000000
1403715399.287142992,-0.028154000,-0.287866000,1.302125000,0.000000000,0.000000000,0.000000000,1.000000000
1403715399.292143106,-0.028890000,-0.288604000,1.301987000,0.000000000,0.000000000,0.000000000,1.000000000
1403715399.297143221,-0.029638000,-0.289361000,1.301851000,0.000000000,0.000000000,0.000000000,1.000000000
1403715399.302143097,-0.030397000,-0.290139000,1.301717000,0.000000000,0.000000000,0.000000000,1.000000000
1403715399.307142973,-0.031193000,-0.290840000,1.301571000,0.000000000,0.000000000,0.000000000,1.000000000
1403715399.312143087,-0.031968000,-0.291643000,1.301420000,0.000000000,0.000000000,0.000000000,1.000000000
1403715399.317143202,-0.032745000,-0.292465000,1.301265000,0.000000000,0.000000000,0.000000000,1.000000000
1403715399.322143078,-0.033526000,-0.293309000,1.301111000,0.000000000,0.000000000,0.000000000,1.000000000
1403715399.327142954,-0.034314000,-0.294171000,1.300960000,0.000000000,0.000000000,0.000000000,1.000000000
1403715399.332143307,-0.035113000,-0.295047000,1.300816000,0.000000000,0.000000000,0.000000000,1.000000000
1403715399.337143183,-0.035924000,-0.295933000,1.300685000,0.000000000,0.000000000,0.000000000,1.000000000
1403715399.342143059,-0.036747000,-0.296833000,1.300568000,0.000000000,0.000000000,0.000000000,1.000000000
1403715399.347142935,-0.037575000,-0.297752000,1.300451000,0.000000000,0.000000000,0.000000000,1.000000000
1403715399.352143288,-0.038399000,-0.298690000,1.300335000,0.000000000,0.000000000,0.000000000,1.000000000
1403715399.357143164,-0.039262000,-0.299539000,1.300217000,0.000000000,0.000000000,0.000000000,1.000000000
1403715399.362143040,-0.040089000,-0.300491000,1.300095000,0.000000000,0.000000000,0.000000000,1.000000000
1403715399.367142916,-0.040927000,-0.301463000,1.299959000,0.000000000,0.000000000,0.000000000,1.000000000
1403715399.372143269,-0.041787000,-0.302459000,1.299810000,0.000000000,0.000000000,0.000000000,1.000000000
1403715399.377142906,-0.042674000,-0.303476000,1.299658000,0.000000000,0.000000000,0.000000000,1.000000000
1403715399.382143021,-0.043579000,-0.304506000,1.299510000,0.000000000,0.000000000,0.000000000,1.000000000
1403715399.387142897,-0.044485000,-0.305545000,1.299371000,0.000000000,0.000000000,0.000000000,1.000000000
1403715399.392143250,-0.045386000,-0.306593000,1.299240000,0.000000000,0.000000000,0.000000000,1.000000000
1403715399.397142887,-0.046289000,-0.307655000,1.299107000,0.000000000,0.000000000,0.000000000,1.000000000
1403715399.402143002,-0.047201000,-0.308730000,1.298968000,0.000000000,0.000000000,0.000000000,1.000000000
1403715399.407143354,-0.048187000,-0.309710000,1.298818000,0.000000000,0.000000000,0.000000000,1.000000000
1403715399.412143230,-0.049148000,-0.310801000,1.298678000,0.000000000,0.000000000,0.000000000,1.000000000
1403715399.417143106,-0.050120000,-0.311909000,1.298551000,0.000000000,0.000000000,0.000000000,1.000000000
1403715399.422142982,-0.051089000,-0.313036000,1.298435000,0.000000000,0.000000000,0.000000000,1.000000000
1403715399.427143335,-0.052053000,-0.314177000,1.298329000,0.000000000,0.000000000,0.000000000,1.000000000
1403715399.432142973,-0.053014000,-0.315327000,1.298236000,0.000000000,0.000000000,0.000000000,1.000000000
1403715399.437143087,-0.053983000,-0.316494000,1.298151000,0.000000000,0.000000000,0.000000000,1.000000000
1403715399.442142963,-0.054971000,-0.317686000,1.298060000,0.000000000,0.000000000,0.000000000,1.000000000
1403715399.447143316,-0.055978000,-0.318894000,1.297959000,0.000000000,0.000000000,0.000000000,1.000000000
1403715399.452142954,-0.057003000,-0.320102000,1.297864000,0.000000000,0.000000000,0.000000000,1.000000000
1403715399.457143068,-0.058099000,-0.321199000,1.297769000,0.000000000,0.000000000,0.000000000,1.000000000
1403715399.462142944,-0.059137000,-0.322414000,1.297674000,0.000000000,0.000000000,0.000000000,1.000000000
1403715399.467143297,-0.060178000,-0.323635000,1.297578000,0.000000000,0.000000000,0.000000000,1.000000000
1403715399.472142935,-0.061229000,-0.324857000,1.297498000,0.000000000,0.000000000,0.000000000,1.000000000
1403715399.477143049,-0.062291000,-0.326089000,1.297444000,0.000000000,0.000000000,0.000000000,1.000000000
1403715399.482143164,-0.063366000,-0.327334000,1.297413000,0.000000000,0.000000000,0.000000000,1.000000000
1403715399.487143040,-0.064453000,-0.328593000,1.297393000,0.000000000,0.000000000,0.000000000,1.000000000
1403715399.492142916,-0.065549000,-0.329879000,1.297377000,0.000000000,0.000000000,0.000000000,1.000000000
1403715399.497143030,-0.066642000,-0.331193000,1.297346000,0.000000000,0.000000000,0.000000000,1.000000000
1403715399.502143145,-0.067733000,-0.332524000,1.297290000,0.000000000,0.000000000,0.000000000,1.000000000
1403715399.507143021,-0.068916000,-0.333739000,1.297191000,0.000000000,0.000000000,0.000000000,1.000000000
1403715399.512142897,-0.070043000,-0.335074000,1.297070000,0.000000000,0.000000000,0.000000000,1.000000000
1403715399.517143011,-0.071184000,-0.336433000,1.296931000,0.000000000,0.000000000,0.000000000,1.000000000
1403715399.522143126,-0.072340000,-0.337809000,1.296789000,0.000000000,0.000000000,0.000000000,1.000000000
1403715399.527143002,-0.073511000,-0.339195000,1.296651000,0.000000000,0.000000000,0.000000000,1.000000000
1403715399.532143116,-0.074700000,-0.340589000,1.296508000,0.000000000,0.000000000,0.000000000,1.000000000
1403715399.537143230,-0.075904000,-0.341994000,1.296352000,0.000000000,0.000000000,0.000000000,1.000000000
1403715399.542143345,-0.077118000,-0.343422000,1.296177000,0.000000000,0.000000000,0.000000000,1.000000000
1403715399.547142982,-0.078333000,-0.344867000,1.295997000,0.000000000,0.000000000,0.000000000,1.000000000
1403715399.552143097,-0.079555000,-0.346322000,1.295837000,0.000000000,0.000000000,0.000000000,1.000000000
1403715399.557143211,-0.080881000,-0.347651000,1.295686000,0.000000000,0.000000000,0.000000000,1.000000000
1403715399.562143087,-0.082154000,-0.349090000,1.295532000,0.000000000,0.000000000,0.000000000,1.000000000
1403715399.567142963,-0.083449000,-0.350534000,1.295366000,0.000000000,0.000000000,0.000000000,1.000000000
1403715399.572143078,-0.084755000,-0.351989000,1.295181000,0.000000000,0.000000000,0.000000000,1.000000000
1403715399.577143192,-0.086068000,-0.353462000,1.294978000,0.000000000,0.000000000,0.000000000,1.000000000
1403715399.582143068,-0.087390000,-0.354953000,1.294764000,0.000000000,0.000000000,0.000000000,1.000000000
1403715399.587142944,-0.088722000,-0.356454000,1.294542000,0.000000000,0.000000000,0.000000000,1.000000000
1403715399.592143297,-0.090069000,-0.357961000,1.294318000,0.000000000,0.000000000,0.000000000,1.000000000
1403715399.597143173,-0.091436000,-0.359476000,1.294088000,0.000000000,0.000000000,0.000000000,1.000000000
1403715399.602143049,-0.092814000,-0.360996000,1.293851000,0.000000000,0.000000000,0.000000000,1.000000000
1403715399.607142925,-0.094294000,-0.362383000,1.293591000,0.000000000,0.000000000,0.000000000,1.000000000
1403715399.612143278,-0.095695000,-0.363902000,1.293351000,0.000000000,0.000000000,0.000000000,1.000000000
1403715399.617143154,-0.097108000,-0.365430000,1.293135000,0.000000000,0.000000000,0.000000000,1.000000000
1403715399.622143030,-0.098535000,-0.366963000,1.292942000,0.000000000,0.000000000,0.000000000,1.000000000
1403715399.627142906,-0.099969000,-0.368498000,1.292761000,0.000000000,0.000000000,0.000000000,1.000000000
1403715399.632143259,-0.101409000,-0.370034000,1.292588000,0.000000000,0.000000000,0.000000000,1.000000000
1403715399.637142897,-0.102854000,-0.371575000,1.292421000,0.000000000,0.000000000,0.000000000,1.000000000
1403715399.642143011,-0.104311000,-0.373120000,1.292251000,0.000000000,0.000000000,0.000000000,1.000000000
1403715399.647142887,-0.105783000,-0.374672000,1.292073000,0.000000000,0.000000000,0.000000000,1.000000000
1403715399.652143240,-0.107270000,-0.376237000,1.291896000,0.000000000,0.000000000,0.000000000,1.000000000
1403715399.657143116,-0.108882000,-0.377667000,1.291700000,0.000000000,0.000000000,0.000000000,1.000000000
1403715399.662142992,-0.110404000,-0.379223000,1.291500000,0.000000000,0.000000000,0.000000000,1.000000000
1403715399.667143345,-0.111934000,-0.380778000,1.291295000,0.000000000,0.000000000,0.000000000,1.000000000
1403715399.672143221,-0.113477000,-0.382332000,1.291096000,0.000000000,0.000000000,0.000000000,1.000000000
1403715399.677143097,-0.115033000,-0.383881000,1.290911000,0.000000000,0.000000000,0.000000000,1.000000000
1403715399.682142973,-0.116597000,-0.385426000,1.290744000,0.000000000,0.000000000,0.000000000,1.000000000
1403715399.687143326,-0.118166000,-0.386974000,1.290596000,0.000000000,0.000000000,0.000000000,1.000000000
1403715399.692142963,-0.119742000,-0.388510000,1.290469000,0.000000000,0.000000000,0.000000000,1.000000000
1403715399.697143078,-0.121327000,-0.390025000,1.290360000,0.000000000,0.000000000,0.000000000,1.000000000
1403715399.702142954,-0.122922000,-0.391532000,1.290254000,0.000000000,0.000000000,0.000000000,1.000000000
1403715399.707143307,-0.124643000,-0.392890000,1.290131000,0.000000000,0.000000000,0.000000000,1.000000000
1403715399.712142944,-0.126267000,-0.394369000,1.290029000,0.000000000,0.000000000,0.000000000,1.000000000
1403715399.717143059,-0.127895000,-0.395857000,1.289956000,0.000000000,0.000000000,0.000000000,1.000000000
1403715399.722143173,-0.129530000,-0.397341000,1.289898000,0.000000000,0.000000000,0.000000000,1.000000000
1403715399.727143288,-0.131169000,-0.398813000,1.289852000,0.000000000,0.000000000,0.000000000,1.000000000
1403715399.732142925,-0.132807000,-0.400272000,1.289811000,0.000000000,0.000000000,0.000000000,1.000000000
1403715399.737143040,-0.134444000,-0.401720000,1.289774000,0.000000000,0.000000000,0.000000000,1.000000000
1403715399.742143154,-0.136084000,-0.403171000,1.289745000,0.000000000,0.000000000,0.000000000,1.000000000
1403715399.747143030,-0.137734000,-0.404627000,1.289728000,0.000000000,0.000000000,0.000000000,1.000000000
1403715399.752142906,-0.139398000,-0.406077000,1.289729000,0.000000000,0.000000000,0.000000000,1.000000000
1403715399.757143021,-0.141202000,-0.407376000,1.289738000,0.000000000,0.000000000,0.000000000,1.000000000
1403715399.762143135,-0.142890000,-0.408791000,1.289757000,0.000000000,0.000000000,0.000000000,1.000000000
1403715399.767143011,-0.144574000,-0.410195000,1.289794000,0.000000000,0.000000000,0.000000000,1.000000000
1403715399.772142887,-0.146259000,-0.411597000,1.289840000,0.000000000,0.000000000,0.000000000,1.000000000
1403715399.777143240,-0.147954000,-0.412994000,1.289898000,0.000000000,0.000000000,0.000000000,1.000000000
1403715399.782143354,-0.149660000,-0.414384000,1.289972000,0.000000000,0.000000000,0.000000000,1.000000000
1403715399.787142992,-0.151374000,-0.415766000,1.290052000,0.000000000,0.000000000,0.000000000,1.000000000
1403715399.792143106,-0.153092000,-0.417140000,1.290131000,0.000000000,0.000000000,0.000000000,1.000000000
1403715399.797143221,-0.154806000,-0.418516000,1.290202000,0.000000000,0.000000000,0.000000000,1.000000000
1403715399.802143097,-0.156514000,-0.419897000,1.290271000,0.000000000,0.000000000,0.000000000,1.000000000
1403715399.807142973,-0.158363000,-0.421132000,1.290352000,0.000000000,0.000000000,0.000000000,1.000000000
1403715399.812143087,-0.160102000,-0.422481000,1.290450000,0.000000000,0.000000000,0.000000000,1.000000000
1403715399.817143202,-0.161849000,-0.423829000,1.290555000,0.000000000,0.000000000,0.000000000,1.000000000
1403715399.822143078,-0.163604000,-0.425174000,1.290656000,0.000000000,0.000000000,0.000000000,1.000000000
1403715399.827142954,-0.165368000,-0.426513000,1.290762000,0.000000000,0.000000000,0.000000000,1.000000000
1403715399.832143307,-0.167137000,-0.427851000,1.290873000,0.000000000,0.000000000,0.000000000,1.000000000
1403715399.837143183,-0.168906000,-0.429190000,1.290980000,0.000000000,0.000000000,0.000000000,1.000000000
1403715399.842143059,-0.170676000,-0.430525000,1.291091000,0.000000000,0.000000000,0.000000000,1.000000000
1403715399.847142935,-0.172446000,-0.431861000,1.291214000,0.000000000,0.000000000,0.000000000,1.000000000
1403715399.852143288,-0.174220000,-0.433194000,1.291345000,0.000000000,0.000000000,0.000000000,1.000000000
1403715399.857143164,-0.176149000,-0.434379000,1.291500000,0.000000000,0.000000000,0.000000000,1.000000000
1403715399.862143040,-0.177961000,-0.435673000,1.291655000,0.000000000,0.000000000,0.000000000,1.000000000
1403715399.867142916,-0.179782000,-0.436965000,1.291810000,0.000000000,0.000000000,0.000000000,1.000000000
1403715399.872143269,-0.181612000,-0.438246000,1.291981000,0.000000000,0.000000000,0.000000000,1.000000000
1403715399.877142906,-0.183445000,-0.439520000,1.292164000,0.000000000,0.000000000,0.000000000,1.000000000
1403715399.882143021,-0.185278000,-0.440785000,1.292343000,0.000000000,0.000000000,0.000000000,1.000000000
1403715399.887142897,-0.187110000,-0.442037000,1.292527000,0.000000000,0.000000000,0.000000000,1.000000000
1403715399.892143250,-0.188937000,-0.443280000,1.292717000,0.000000000,0.000000000,0.000000000,1.000000000
1403715399.897142887,-0.190760000,-0.444514000,1.292903000,0.000000000,0.000000000,0.000000000,1.000000000
1403715399.902143002,-0.192587000,-0.445737000,1.293082000,0.000000000,0.000000000,0.000000000,1.000000000
1403715399.907143354,-0.194571000,-0.446831000,1.293274000,0.000000000,0.000000000,0.000000000,1.000000000
1403715399.912143230,-0.196443000,-0.448022000,1.293444000,0.000000000,0.000000000,0.000000000,1.000000000
1403715399.917143106,-0.198319000,-0.449202000,1.293621000,0.000000000,0.000000000,0.000000000,1.000000000
1403715399.922142982,-0.200192000,-0.450370000,1.293811000,0.000000000,0.000000000,0.000000000,1.000000000
1403715399.927143335,-0.202061000,-0.451527000,1.294008000,0.000000000,0.000000000,0.000000000,1.000000000
1403715399.932142973,-0.203929000,-0.452671000,1.294212000,0.000000000,0.000000000,0.000000000,1.000000000
1403715399.937143087,-0.205804000,-0.453799000,1.294432000,0.000000000,0.000000000,0.000000000,1.000000000
1403715399.942142963,-0.207688000,-0.454912000,1.294665000,0.000000000,0.000000000,0.000000000,1.000000000
1403715399.947143316,-0.209581000,-0.456014000,1.294907000,0.000000000,0.000000000,0.000000000,1.000000000
1403715399.952142954,-0.211477000,-0.457111000,1.295163000,0.000000000,0.000000000,0.000000000,1.000000000
1403715399.957143068,-0.213515000,-0.458089000,1.295460000,0.000000000,0.000000000,0.000000000,1.000000000
1403715399.962142944,-0.215429000,-0.459152000,1.295755000,0.000000000,0.000000000,0.000000000,1.000000000
1403715399.967143297,-0.217339000,-0.460202000,1.296065000,0.000000000,0.000000000,0.000000000,1.000000000
1403715399.972142935,-0.219252000,-0.461244000,1.296381000,0.000000000,0.000000000,0.000000000,1.000000000
1403715399.977143049,-0.221177000,-0.462282000,1.296689000,0.000000000,0.000000000,0.000000000,1.000000000
1403715399.982143164,-0.223115000,-0.463314000,1.296989000,0.000000000,0.000000000,0.000000000,1.000000000
1403715399.987143040,-0.225060000,-0.464339000,1.297295000,0.000000000,0.000000000,0.000000000,1.000000000
1403715399.992142916,-0.227005000,-0.465359000,1.297606000,0.000000000,0.000000000,0.000000000,1.000000000
1403715399.997143030,-0.228947000,-0.466371000,1.297921000,0.000000000,0.000000000,0.000000000,1.000000000
1403715400.002143145,-0.230886000,-0.467363000,1.298251000,0.000000000,0.000000000,0.000000000,1.000000000
1403715400.007143021,-0.232968000,-0.468232000,1.298636000,0.000000000,0.000000000,0.000000000,1.000000000
1403715400.012142897,-0.234944000,-0.469177000,1.299000000,0.000000000,0.000000000,0.000000000,1.000000000
1403715400.017143011,-0.236935000,-0.470111000,1.299374000,0.000000000,0.000000000,0.000000000,1.000000000
1403715400.022143126,-0.238937000,-0.471033000,1.299754000,0.000000000,0.000000000,0.000000000,1.000000000
1403715400.027143002,-0.240946000,-0.471949000,1.300135000,0.000000000,0.000000000,0.000000000,1.000000000
1403715400.032143116,-0.242950000,-0.472858000,1.300510000,0.000000000,0.000000000,0.000000000,1.000000000
1403715400.037143230,-0.244951000,-0.473758000,1.300882000,0.000000000,0.000000000,0.000000000,1.000000000
1403715400.042143345,-0.246952000,-0.474643000,1.301263000,0.000000000,0.000000000,0.000000000,1.000000000
1403715400.047142982,-0.248960000,-0.475513000,1.301659000,0.000000000,0.000000000,0.000000000,1.000000000
1403715400.052143097,-0.250982000,-0.476372000,1.302069000,0.000000000,0.000000000,0.000000000,1.000000000
1403715400.057143211,-0.253155000,-0.477127000,1.302529000,0.000000000,0.000000000,0.000000000,1.000000000
1403715400.062143087,-0.255235000,-0.477939000,1.302963000,0.000000000,0.000000000,0.000000000,1.000000000
1403715400.067142963,-0.257330000,-0.478732000,1.303401000,0.000000000,0.000000000,0.000000000,1.000000000
1403715400.072143078,-0.259432000,-0.479508000,1.303829000,0.000000000,0.000000000,0.000000000,1.000000000
1403715400.077143192,-0.261530000,-0.480276000,1.304240000,0.000000000,0.000000000,0.000000000,1.000000000
1403715400.082143068,-0.263618000,-0.481038000,1.304636000,0.000000000,0.000000000,0.000000000,1.000000000
1403715400.087142944,-0.265705000,-0.481790000,1.305028000,0.000000000,0.000000000,0.000000000,1.000000000
1403715400.092143297,-0.267806000,-0.482527000,1.305420000,0.000000000,0.000000000,0.000000000,1.000000000
1403715400.097143173,-0.269922000,-0.483258000,1.305810000,0.000000000,0.000000000,0.000000000,1.000000000
1403715400.102143049,-0.272051000,-0.483986000,1.306203000,0.000000000,0.000000000,0.000000000,1.000000000
1403715400.107142925,-0.274320000,-0.484627000,1.306664000,0.000000000,0.000000000,0.000000000,1.000000000
1403715400.112143278,-0.276485000,-0.485326000,1.307086000,0.000000000,0.000000000,0.000000000,1.000000000
1403715400.117143154,-0.278649000,-0.486019000,1.307509000,0.000000000,0.000000000,0.000000000,1.000000000
1403715400.122143030,-0.280812000,-0.486707000,1.307932000,0.000000000,0.000000000,0.000000000,1.000000000
1403715400.127142906,-0.282979000,-0.487386000,1.308355000,0.000000000,0.000000000,0.000000000,1.000000000
1403715400.132143259,-0.285151000,-0.488054000,1.308776000,0.000000000,0.000000000,0.000000000,1.000000000
1403715400.137142897,-0.287330000,-0.488710000,1.309195000,0.000000000,0.000000000,0.000000000,1.000000000
1403715400.142143011,-0.289517000,-0.489360000,1.309606000,0.000000000,0.000000000,0.000000000,1.000000000
1403715400.147142887,-0.291717000,-0.490009000,1.309998000,0.000000000,0.000000000,0.000000000,1.000000000
1403715400.152143240,-0.293928000,-0.490654000,1.310373000,0.000000000,0.000000000,0.000000000,1.000000000
1403715400.157143116,-0.296264000,-0.491220000,1.310802000,0.000000000,0.000000000,0.000000000,1.000000000
1403715400.162142992,-0.298497000,-0.491834000,1.311194000,0.000000000,0.000000000,0.000000000,1.000000000
1403715400.167143345,-0.300731000,-0.492439000,1.311593000,0.000000000,0.000000000,0.000000000,1.000000000
1403715400.172143221,-0.302971000,-0.493037000,1.312001000,0.000000000,0.000000000,0.000000000,1.000000000
1403715400.177143097,-0.305225000,-0.493625000,1.312417000,0.000000000,0.000000000,0.000000000,1.000000000
1403715400.182142973,-0.307499000,-0.494200000,1.312840000,0.000000000,0.000000000,0.000000000,1.000000000
1403715400.187143326,-0.309790000,-0.494762000,1.313267000,0.000000000,0.000000000,0.000000000,1.000000000
1403715400.192142963,-0.312096000,-0.495304000,1.313696000,0.000000000,0.000000000,0.000000000,1.000000000
1403715400.197143078,-0.314407000,-0.495828000,1.314133000,0.000000000,0.000000000,0.000000000,1.000000000
1403715400.202142954,-0.316715000,-0.496343000,1.314581000,0.000000000,0.000000000,0.000000000,1.000000000
1403715400.207143307,-0.319145000,-0.496796000,1.315115000,0.000000000,0.000000000,0.000000000,1.000000000
1403715400.212142944,-0.321491000,-0.497299000,1.315616000,0.000000000,0.000000000,0.000000000,1.000000000
1403715400.217143059,-0.323851000,-0.497798000,1.316120000,0.000000000,0.000000000,0.000000000,1.000000000
1403715400.222143173,-0.326225000,-0.498284000,1.316619000,0.000000000,0.000000000,0.000000000,1.000000000
1403715400.227143288,-0.328608000,-0.498755000,1.317109000,0.000000000,0.000000000,0.000000000,1.000000000
1403715400.232142925,-0.330996000,-0.499214000,1.317582000,0.000000000,0.000000000,0.000000000,1.000000000
1403715400.237143040,-0.333388000,-0.499662000,1.318038000,0.000000000,0.000000000,0.000000000,1.000000000
1403715400.242143154,-0.335783000,-0.500103000,1.318494000,0.000000000,0.000000000,0.000000000,1.000000000
1403715400.247143030,-0.338189000,-0.500535000,1.318949000,0.000000000,0.000000000,0.000000000,1.000000000
1403715400.252142906,-0.340610000,-0.500955000,1.319408000,0.000000000,0.000000000,0.000000000,1.000000000
1403715400.257143021,-0.343161000,-0.501311000,1.319945000,0.000000000,0.000000000,0.000000000,1.000000000
1403715400.262143135,-0.345638000,-0.501712000,1.320441000,0.000000000,0.000000000,0.000000000,1.000000000
1403715400.267143011,-0.348122000,-0.502107000,1.320937000,0.000000000,0.000000000,0.000000000,1.000000000
1403715400.272142887,-0.350606000,-0.502488000,1.321431000,0.000000000,0.000000000,0.000000000,1.000000000
1403715400.277143240,-0.353091000,-0.502857000,1.321922000,0.000000000,0.000000000,0.000000000,1.000000000
1403715400.282143354,-0.355583000,-0.503213000,1.322409000,0.000000000,0.000000000,0.000000000,1.000000000
1403715400.287142992,-0.358087000,-0.503563000,1.322892000,0.000000000,0.000000000,0.000000000,1.000000000
1403715400.292143106,-0.360609000,-0.503902000,1.323369000,0.000000000,0.000000000,0.000000000,1.000000000
1403715400.297143221,-0.363156000,-0.504236000,1.323840000,0.000000000,0.000000000,0.000000000,1.000000000
1403715400.302143097,-0.365728000,-0.504576000,1.324298000,0.000000000,0.000000000,0.000000000,1.000000000
1403715400.307142973,-0.368421000,-0.504862000,1.324811000,0.000000000,0.000000000,0.000000000,1.000000000
1403715400.312143087,-0.371044000,-0.505184000,1.325281000,0.000000000,0.000000000,0.000000000,1.000000000
1403715400.317143202,-0.373674000,-0.505494000,1.325754000,0.000000000,0.000000000,0.000000000,1.000000000
1403715400.322143078,-0.376309000,-0.505792000,1.326225000,0.000000000,0.000000000,0.000000000,1.000000000
1403715400.327142954,-0.378953000,-0.506077000,1.326683000,0.000000000,0.000000000,0.000000000,1.000000000
1403715400.332143307,-0.381612000,-0.506355000,1.327127000,0.000000000,0.000000000,0.000000000,1.000000000
1403715400.337143183,-0.384289000,-0.506629000,1.327565000,0.000000000,0.000000000,0.000000000,1.000000000
1403715400.342143059,-0.386982000,-0.506897000,1.327997000,0.000000000,0.000000000,0.000000000,1.000000000
1403715400.347142935,-0.389688000,-0.507154000,1.328420000,0.000000000,0.000000000,0.000000000,1.000000000
1403715400.352143288,-0.392406000,-0.507395000,1.328830000,0.000000000,0.000000000,0.000000000,1.000000000
1403715400.357143164,-0.395234000,-0.507575000,1.329294000,0.000000000,0.000000000,0.000000000,1.000000000
1403715400.362143040,-0.397993000,-0.507798000,1.329703000,0.000000000,0.000000000,0.000000000,1.000000000
1403715400.367142916,-0.400767000,-0.508016000,1.330108000,0.000000000,0.000000000,0.000000000,1.000000000
1403715400.372143269,-0.403550000,-0.508228000,1.330504000,0.000000000,0.000000000,0.000000000,1.000000000
1403715400.377142906,-0.406343000,-0.508433000,1.330899000,0.000000000,0.000000000,0.000000000,1.000000000
1403715400.382143021,-0.409148000,-0.508631000,1.331293000,0.000000000,0.000000000,0.000000000,1.000000000
1403715400.387142897,-0.411972000,-0.508824000,1.331677000,0.000000000,0.000000000,0.000000000,1.000000000
1403715400.392143250,-0.414816000,-0.509013000,1.332049000,0.000000000,0.000000000,0.000000000,1.000000000
1403715400.397142887,-0.417684000,-0.509205000,1.332415000,0.000000000,0.000000000,0.000000000,1.000000000
1403715400.402143002,-0.420571000,-0.509401000,1.332772000,0.000000000,0.000000000,0.000000000,1.000000000
1403715400.407143354,-0.423567000,-0.509534000,1.333165000,0.000000000,0.000000000,0.000000000,1.000000000
1403715400.412143230,-0.426493000,-0.509700000,1.333510000,0.000000000,0.000000000,0.000000000,1.000000000
1403715400.417143106,-0.429430000,-0.509860000,1.333860000,0.000000000,0.000000000,0.000000000,1.000000000
1403715400.422142982,-0.432381000,-0.510005000,1.334216000,0.000000000,0.000000000,0.000000000,1.000000000
1403715400.427143335,-0.435348000,-0.510135000,1.334582000,0.000000000,0.000000000,0.000000000,1.000000000
1403715400.432142973,-0.438333000,-0.510251000,1.334951000,0.000000000,0.000000000,0.000000000,1.000000000
1403715400.437143087,-0.441333000,-0.510356000,1.335328000,0.000000000,0.000000000,0.000000000,1.000000000
1403715400.442142963,-0.444342000,-0.510448000,1.335704000,0.000000000,0.000000000,0.000000000,1.000000000
1403715400.447143316,-0.447360000,-0.510530000,1.336066000,0.000000000,0.000000000,0.000000000,1.000000000
1403715400.452142954,-0.450392000,-0.510599000,1.336404000,0.000000000,0.000000000,0.000000000,1.000000000
1403715400.457143068,-0.453544000,-0.510605000,1.336770000,0.000000000,0.000000000,0.000000000,1.000000000
1403715400.462142944,-0.456630000,-0.510653000,1.337086000,0.000000000,0.000000000,0.000000000,1.000000000
1403715400.467143297,-0.459731000,-0.510693000,1.337405000,0.000000000,0.000000000,0.000000000,1.000000000
1403715400.472142935,-0.462845000,-0.510726000,1.337738000,0.000000000,0.000000000,0.000000000,1.000000000
1403715400.477143049,-0.465970000,-0.510750000,1.338071000,0.000000000,0.000000000,0.000000000,1.000000000
1403715400.482143164,-0.469111000,-0.510765000,1.338400000,0.000000000,0.000000000,0.000000000,1.000000000
1403715400.487143040,-0.472270000,-0.510770000,1.338725000,0.000000000,0.000000000,0.000000000,1.000000000
1403715400.492142916,-0.475442000,-0.510765000,1.339038000,0.000000000,0.000000000,0.000000000,1.000000000
1403715400.497143030,-0.478623000,-0.510750000,1.339342000,0.000000000,0.000000000,0.000000000,1.000000000
1403715400.502143145,-0.481813000,-0.510730000,1.339640000,0.000000000,0.000000000,0.000000000,1.000000000
1403715400.507143021,-0.485112000,-0.510642000,1.339971000,0.000000000,0.000000000,0.000000000,1.000000000
1403715400.512142897,-0.488354000,-0.510588000,1.340270000,0.000000000,0.000000000,0.000000000,1.000000000
1403715400.517143011,-0.491620000,-0.510524000,1.340563000,0.000000000,0.000000000,0.000000000,1.000000000
1403715400.522143126,-0.494900000,-0.510446000,1.340849000,0.000000000,0.000000000,0.000000000,1.000000000
1403715400.527143002,-0.498186000,-0.510352000,1.341138000,0.000000000,0.000000000,0.000000000,1.000000000
1403715400.532143116,-0.501472000,-0.510252000,1.341422000,0.000000000,0.000000000,0.000000000,1.000000000
1403715400.537143230,-0.504764000,-0.510149000,1.341689000,0.000000000,0.000000000,0.000000000,1.000000000
1403715400.542143345,-0.508070000,-0.510042000,1.341931000,0.000000000,0.000000000,0.000000000,1.000000000
1403715400.547142982,-0.511392000,-0.509929000,1.342150000,0.000000000,0.000000000,0.000000000,1.000000000
1403715400.552143097,-0.514732000,-0.509805000,1.342363000,0.000000000,0.000000000,0.000000000,1.000000000
1403715400.557143211,-0.518184000,-0.509602000,1.342593000,0.000000000,0.000000000,0.000000000,1.000000000
1403715400.562143087,-0.521570000,-0.509448000,1.342800000,0.000000000,0.000000000,0.000000000,1.000000000
1403715400.567142963,-0.524960000,-0.509291000,1.342999000,0.000000000,0.000000000,0.000000000,1.000000000
1403715400.572143078,-0.528349000,-0.509130000,1.343198000,0.000000000,0.000000000,0.000000000,1.000000000
1403715400.577143192,-0.531743000,-0.508963000,1.343400000,0.000000000,0.000000000,0.000000000,1.000000000
1403715400.582143068,-0.535147000,-0.508789000,1.343606000,0.000000000,0.000000000,0.000000000,1.000000000
1403715400.587142944,-0.538563000,-0.508604000,1.343811000,0.000000000,0.000000000,0.000000000,1.000000000
1403715400.592143297,-0.541992000,-0.508410000,1.344016000,0.000000000,0.000000000,0.000000000,1.000000000
1403715400.597143173,-0.545429000,-0.508208000,1.344216000,0.000000000,0.000000000,0.000000000,1.000000000
1403715400.602143049,-0.548873000,-0.507994000,1.344409000,0.000000000,0.000000000,0.000000000,1.000000000
1403715400.607142925,-0.552424000,-0.507695000,1.344618000,0.000000000,0.000000000,0.000000000,1.000000000
1403715400.612143278,-0.555901000,-0.507442000,1.344818000,0.000000000,0.000000000,0.000000000,1.000000000
1403715400.617143154,-0.559380000,-0.507189000,1.345023000,0.000000000,0.000000000,0.000000000,1.000000000
1403715400.622143030,-0.562859000,-0.506942000,1.345208000,0.000000000,0.000000000,0.000000000,1.000000000
1403715400.627142906,-0.566341000,-0.506692000,1.345365000,0.000000000,0.000000000,0.000000000,1.000000000
1403715400.632143259,-0.569832000,-0.506432000,1.345505000,0.000000000,0.000000000,0.000000000,1.000000000
1403715400.637142897,-0.573333000,-0.506158000,1.345638000,0.000000000,0.000000000,0.000000000,1.000000000
1403715400.642143011,-0.576845000,-0.505867000,1.345767000,0.000000000,0.000000000,0.000000000,1.000000000
1403715400.647142887,-0.580365000,-0.505568000,1.345883000,0.000000000,0.000000000,0.000000000,1.000000000
1403715400.652143240,-0.583885000,-0.505270000,1.345977000,0.000000000,0.000000000,0.000000000,1.000000000
1403715400.657143116,-0.587505000,-0.504886000,1.346066000,0.000000000,0.000000000,0.000000000,1.000000000
1403715400.662142992,-0.591045000,-0.504556000,1.346165000,0.000000000,0.000000000,0.000000000,1.000000000
1403715400.667143345,-0.594585000,-0.504215000,1.346267000,0.000000000,0.000000000,0.000000000,1.000000000
1403715400.672143221,-0.598135000,-0.503861000,1.346366000,0.000000000,0.000000000,0.000000000,1.000000000
1403715400.677143097,-0.601698000,-0.503496000,1.346466000,0.000000000,0.000000000,0.000000000,1.000000000
1403715400.682142973,-0.605269000,-0.503117000,1.346570000,0.000000000,0.000000000,0.000000000,1.000000000
1403715400.687143326,-0.608843000,-0.502716000,1.346668000,0.000000000,0.000000000,0.000000000,1.000000000
1403715400.692142963,-0.612417000,-0.502295000,1.346760000,0.000000000,0.000000000,0.000000000,1.000000000
1403715400.697143078,-0.615992000,-0.501866000,1.346845000,0.000000000,0.000000000,0.000000000,1.000000000
1403715400.702142954,-0.619562000,-0.501434000,1.346915000,0.000000000,0.000000000,0.000000000,1.000000000
1403715400.707143307,-0.623226000,-0.500911000,1.346967000,0.000000000,0.000000000,0.000000000,1.000000000
1403715400.712142944,-0.626807000,-0.500447000,1.347014000,0.000000000,0.000000000,0.000000000,1.000000000
1403715400.717143059,-0.630397000,-0.499970000,1.347048000,0.000000000,0.000000000,0.000000000,1.000000000
1403715400.722143173,-0.634000000,-0.499483000,1.347076000,0.000000000,0.000000000,0.000000000,1.000000000
1403715400.727143288,-0.637608000,-0.498983000,1.347109000,0.000000000,0.000000000,0.000000000,1.000000000
1403715400.732142925,-0.641214000,-0.498470000,1.347138000,0.000000000,0.000000000,0.000000000,1.000000000
1403715400.737143040,-0.644813000,-0.497943000,1.347161000,0.000000000,0.000000000,0.000000000,1.000000000
1403715400.742143154,-0.648411000,-0.497413000,1.347184000,0.000000000,0.000000000,0.000000000,1.000000000
1403715400.747143030,-0.652012000,-0.496877000,1.347207000,0.000000000,0.000000000,0.000000000,1.000000000
1403715400.752142906,-0.655620000,-0.496322000,1.347240000,0.000000000,0.000000000,0.000000000,1.000000000
1403715400.757143021,-0.659346000,-0.495650000,1.347269000,0.000000000,0.000000000,0.000000000,1.000000000
1403715400.762143135,-0.662997000,-0.495046000,1.347300000,0.000000000,0.000000000,0.000000000,1.000000000
1403715400.767143011,-0.666652000,-0.494434000,1.347323000,0.000000000,0.000000000,0.000000000,1.000000000
1403715400.772142887,-0.670302000,-0.493816000,1.347335000,0.000000000,0.000000000,0.000000000,1.000000000
1403715400.777143240,-0.673945000,-0.493186000,1.347340000,0.000000000,0.000000000,0.000000000,1.000000000
1403715400.782143354,-0.677588000,-0.492550000,1.347330000,0.000000000,0.000000000,0.000000000,1.000000000
1403715400.787142992,-0.681235000,-0.491903000,1.347304000,0.000000000,0.000000000,0.000000000,1.000000000
1403715400.792143106,-0.684889000,-0.491237000,1.347281000,0.000000000,0.000000000,0.000000000,1.000000000
1403715400.797143221,-0.688544000,-0.490562000,1.347270000,0.000000000,0.000000000,0.000000000,1.000000000
1403715400.802143097,-0.692196000,-0.489878000,1.347270000,0.000000000,0.000000000,0.000000000,1.000000000
1403715400.807142973,-0.695941000,-0.489066000,1.347258000,0.000000000,0.000000000,0.000000000,1.000000000
1403715400.812143087,-0.699591000,-0.488322000,1.347259000,0.000000000,0.000000000,0.000000000,1.000000000
1403715400.817143202,-0.703240000,-0.487568000,1.347248000,0.000000000,0.000000000,0.000000000,1.000000000
1403715400.822143078,-0.706891000,-0.486806000,1.347217000,0.000000000,0.000000000,0.000000000,1.000000000
1403715400.827142954,-0.710543000,-0.486025000,1.347178000,0.000000000,0.000000000,0.000000000,1.000000000
1403715400.832143307,-0.714196000,-0.485239000,1.347135000,0.000000000,0.000000000,0.000000000,1.000000000
1403715400.837143183,-0.717847000,-0.484458000,1.347072000,0.000000000,0.000000000,0.000000000,1.000000000
1403715400.842143059,-0.721496000,-0.483676000,1.347004000,0.000000000,0.000000000,0.000000000,1.000000000
1403715400.847142935,-0.725146000,-0.482891000,1.346942000,0.000000000,0.000000000,0.000000000,1.000000000
1403715400.852143288,-0.728795000,-0.482092000,1.346879000,0.000000000,0.000000000,0.000000000,1.000000000
1403715400.857143164,-0.732539000,-0.481152000,1.346786000,0.000000000,0.000000000,0.000000000,1.000000000
1403715400.862143040,-0.736192000,-0.480293000,1.346696000,0.000000000,0.000000000,0.000000000,1.000000000
1403715400.867142916,-0.739839000,-0.479425000,1.346592000,0.000000000,0.000000000,0.000000000,1.000000000
1403715400.872143269,-0.743487000,-0.478547000,1.346481000,0.000000000,0.000000000,0.000000000,1.000000000
1403715400.877142906,-0.747140000,-0.477652000,1.346355000,0.000000000,0.000000000,0.000000000,1.000000000
1403715400.882143021,-0.750798000,-0.476731000,1.346217000,0.000000000,0.000000000,0.000000000,1.000000000
1403715400.887142897,-0.754460000,-0.475790000,1.346073000,0.000000000,0.000000000,0.000000000,1.000000000
1403715400.892143250,-0.758121000,-0.474836000,1.345915000,0.000000000,0.000000000,0.000000000,1.000000000
1403715400.897142887,-0.761772000,-0.473879000,1.345749000,0.000000000,0.000000000,0.000000000,1.000000000
1403715400.902143002,-0.765413000,-0.472920000,1.345582000,0.000000000,0.000000000,0.000000000,1.000000000
1403715400.907143354,-0.769147000,-0.471823000,1.345374000,0.000000000,0.000000000,0.000000000,1.000000000
1403715400.912143230,-0.772797000,-0.470808000,1.345179000,0.000000000,0.000000000,0.000000000,1.000000000
1403715400.917143106,-0.776449000,-0.469775000,1.344966000,0.000000000,0.000000000,0.000000000,1.000000000
1403715400.922142982,-0.780101000,-0.468728000,1.344742000,0.000000000,0.000000000,0.000000000,1.000000000
1403715400.927143335,-0.783746000,-0.467668000,1.344516000,0.000000000,0.000000000,0.000000000,1.000000000
1403715400.932142973,-0.787379000,-0.466595000,1.344293000,0.000000000,0.000000000,0.000000000,1.000000000
1403715400.937143087,-0.790997000,-0.465509000,1.344087000,0.000000000,0.000000000,0.000000000,1.000000000
1403715400.942142963,-0.794603000,-0.464415000,1.343898000,0.000000000,0.000000000,0.000000000,1.000000000
1403715400.947143316,-0.798207000,-0.463310000,1.343724000,0.000000000,0.000000000,0.000000000,1.000000000
1403715400.952142954,-0.801813000,-0.462188000,1.343559000,0.000000000,0.000000000,0.000000000,1.000000000
1403715400.957143068,-0.805513000,-0.460918000,1.343355000,0.000000000,0.000000000,0.000000000,1.000000000
1403715400.962142944,-0.809113000,-0.459750000,1.343190000,0.000000000,0.000000000,0.000000000,1.000000000
1403715400.967143297,-0.812698000,-0.458574000,1.343021000,0.000000000,0.000000000,0.000000000,1.000000000
1403715400.972142935,-0.816274000,-0.457387000,1.342838000,0.000000000,0.000000000,0.000000000,1.000000000
1403715400.977143049,-0.819849000,-0.456191000,1.342651000,0.000000000,0.000000000,0.000000000,1.000000000
1403715400.982143164,-0.823424000,-0.454991000,1.342472000,0.000000000,0.000000000,0.000000000,1.000000000
1403715400.987143040,-0.826993000,-0.453782000,1.342296000,0.000000000,0.000000000,0.000000000,1.000000000
1403715400.992142916,-0.830538000,-0.452556000,1.342122000,0.000000000,0.000000000,0.000000000,1.000000000
1403715400.997143030,-0.834052000,-0.451308000,1.341960000,0.000000000,0.000000000,0.000000000,1.000000000
1403715401.002143145,-0.837538000,-0.450051000,1.341804000,0.000000000,0.000000000,0.000000000,1.000000000
1403715401.007143021,-0.841113000,-0.448660000,1.341587000,0.000000000,0.000000000,0.000000000,1.000000000
1403715401.012142897,-0.844601000,-0.447366000,1.341408000,0.000000000,0.000000000,0.000000000,1.000000000
1403715401.017143011,-0.848090000,-0.446052000,1.341241000,0.000000000,0.000000000,0.000000000,1.000000000
1403715401.022143126,-0.851570000,-0.444715000,1.341090000,0.000000000,0.000000000,0.000000000,1.000000000
1403715401.027143002,-0.855031000,-0.443359000,1.340952000,0.000000000,0.000000000,0.000000000,1.000000000
1403715401.032143116,-0.858471000,-0.441995000,1.340822000,0.000000000,0.000000000,0.000000000,1.000000000
1403715401.037143230,-0.861893000,-0.440629000,1.340696000,0.000000000,0.000000000,0.000000000,1.000000000
1403715401.042143345,-0.865300000,-0.439262000,1.340561000,0.000000000,0.000000000,0.000000000,1.000000000
1403715401.047142982,-0.868693000,-0.437892000,1.340431000,0.000000000,0.000000000,0.000000000,1.000000000
1403715401.052143097,-0.872073000,-0.436511000,1.340316000,0.000000000,0.000000000,0.000000000,1.000000000
1403715401.057143211,-0.875542000,-0.434976000,1.340161000,0.000000000,0.000000000,0.000000000,1.000000000
1403715401.062143087,-0.878913000,-0.433540000,1.340058000,0.000000000,0.000000000,0.000000000,1.000000000
1403715401.067142963,-0.882267000,-0.432098000,1.339959000,0.000000000,0.000000000,0.000000000,1.000000000
1403715401.072143078,-0.885598000,-0.430653000,1.339871000,0.000000000,0.000000000,0.000000000,1.000000000
1403715401.077143192,-0.888904000,-0.429200000,1.339798000,0.000000000,0.000000000,0.000000000,1.000000000
1403715401.082143068,-0.892189000,-0.427735000,1.339737000,0.000000000,0.000000000,0.000000000,1.000000000
1403715401.087142944,-0.895461000,-0.426254000,1.339687000,0.000000000,0.000000000,0.000000000,1.000000000
1403715401.092143297,-0.898725000,-0.424760000,1.339649000,0.000000000,0.000000000,0.000000000,1.000000000
1403715401.097143173,-0.901974000,-0.423255000,1.339624000,0.000000000,0.000000000,0.000000000,1.000000000
1403715401.102143049,-0.905212000,-0.421731000,1.339612000,0.000000000,0.000000000,0.000000000,1.000000000
1403715401.107142925,-0.908540000,-0.420063000,1.339552000,0.000000000,0.000000000,0.000000000,1.000000000
1403715401.112143278,-0.911761000,-0.418482000,1.339542000,0.000000000,0.000000000,0.000000000,1.000000000
1403715401.117143154,-0.914956000,-0.416893000,1.339554000,0.000000000,0.000000000,0.000000000,1.000000000
1403715401.122143030,-0.918130000,-0.415297000,1.339577000,0.000000000,0.000000000,0.000000000,1.000000000
1403715401.127142906,-0.921287000,-0.413689000,1.339596000,0.000000000,0.000000000,0.000000000,1.000000000
1403715401.132143259,-0.924443000,-0.412055000,1.339619000,0.000000000,0.000000000,0.000000000,1.000000000
1403715401.137142897,-0.927607000,-0.410402000,1.339646000,0.000000000,0.000000000,0.000000000,1.000000000
1403715401.142143011,-0.930766000,-0.408739000,1.339673000,0.000000000,0.000000000,0.000000000,1.000000000
1403715401.147142887,-0.933903000,-0.407067000,1.339691000,0.000000000,0.000000000,0.000000000,1.000000000
1403715401.152143240,-0.937003000,-0.405381000,1.339702000,0.000000000,0.000000000,0.000000000,1.000000000
1403715401.157143116,-0.940169000,-0.403566000,1.339662000,0.000000000,0.000000000,0.000000000,1.000000000
1403715401.162142992,-0.943236000,-0.401824000,1.339682000,0.000000000,0.000000000,0.000000000,1.000000000
1403715401.167143345,-0.946293000,-0.400073000,1.339712000,0.000000000,0.000000000,0.000000000,1.000000000
1403715401.172143221,-0.949344000,-0.398306000,1.339751000,0.000000000,0.000000000,0.000000000,1.000000000
1403715401.177143097,-0.952388000,-0.396516000,1.339804000,0.000000000,0.000000000,0.000000000,1.000000000
1403715401.182142973,-0.955412000,-0.394712000,1.339874000,0.000000000,0.000000000,0.000000000,1.000000000
1403715401.187143326,-0.958405000,-0.392906000,1.339960000,0.000000000,0.000000000,0.000000000,1.000000000
1403715401.192142963,-0.961371000,-0.391094000,1.340054000,0.000000000,0.000000000,0.000000000,1.000000000
1403715401.197143078,-0.964313000,-0.389269000,1.340161000,0.000000000,0.000000000,0.000000000,1.000000000
1403715401.202142954,-0.967237000,-0.387429000,1.340281000,0.000000000,0.000000000,0.000000000,1.000000000
1403715401.207143307,-0.970252000,-0.385467000,1.340360000,0.000000000,0.000000000,0.000000000,1.000000000
1403715401.212142944,-0.973176000,-0.383546000,1.340499000,0.000000000,0.000000000,0.000000000,1.000000000
1403715401.217143059,-0.976081000,-0.381602000,1.340648000,0.000000000,0.000000000,0.000000000,1.000000000
1403715401.222143173,-0.978959000,-0.379645000,1.340790000,0.000000000,0.000000000,0.000000000,1.000000000
1403715401.227143288,-0.981806000,-0.377669000,1.340928000,0.000000000,0.000000000,0.000000000,1.000000000
1403715401.232142925,-0.984627000,-0.375676000,1.341069000,0.000000000,0.000000000,0.000000000,1.000000000
1403715401.237143040,-0.987434000,-0.373662000,1.341208000,0.000000000,0.000000000,0.000000000,1.000000000
1403715401.242143154,-0.990241000,-0.371627000,1.341336000,0.000000000,0.000000000,0.000000000,1.000000000
1403715401.247143030,-0.993046000,-0.369572000,1.341464000,0.000000000,0.000000000,0.000000000,1.000000000
1403715401.252142906,-0.995846000,-0.367494000,1.341600000,0.000000000,0.000000000,0.000000000,1.000000000
1403715401.257143021,-0.998723000,-0.365322000,1.341680000,0.000000000,0.000000000,0.000000000,1.000000000
1403715401.262143135,-1.001502000,-0.363200000,1.341800000,0.000000000,0.000000000,0.000000000,1.000000000
1403715401.267143011,-1.004264000,-0.361072000,1.341910000,0.000000000,0.000000000,0.000000000,1.000000000
1403715401.272142887,-1.007015000,-0.358935000,1.342024000,0.000000000,0.000000000,0.000000000,1.000000000
1403715401.277143240,-1.009764000,-0.356774000,1.342151000,0.000000000,0.000000000,0.000000000,1.000000000
1403715401.282143354,-1.012515000,-0.354575000,1.342292000,0.000000000,0.000000000,0.000000000,1.000000000
1403715401.287142992,-1.015259000,-0.352343000,1.342444000,0.000000000,0.000000000,0.000000000,1.000000000
1403715401.292143106,-1.017990000,-0.350094000,1.342603000,0.000000000,0.000000000,0.000000000,1.000000000
1403715401.297143221,-1.020701000,-0.347838000,1.342783000,0.000000000,0.000000000,0.000000000,1.000000000
1403715401.302143097,-1.023391000,-0.345566000,1.342985000,0.000000000,0.000000000,0.000000000,1.000000000
1403715401.307142973,-1.026158000,-0.343217000,1.343155000,0.000000000,0.000000000,0.000000000,1.000000000
1403715401.312143087,-1.028841000,-0.340899000,1.343376000,0.000000000,0.000000000,0.000000000,1.000000000
1403715401.317143202,-1.031520000,-0.338553000,1.343585000,0.000000000,0.000000000,0.000000000,1.000000000
1403715401.322143078,-1.034196000,-0.336167000,1.343795000,0.000000000,0.000000000,0.000000000,1.000000000
1403715401.327142954,-1.036865000,-0.333743000,1.344022000,0.000000000,0.000000000,0.000000000,1.000000000
1403715401.332143307,-1.039519000,-0.331292000,1.344259000,0.000000000,0.000000000,0.000000000,1.000000000
1403715401.337143183,-1.042160000,-0.328827000,1.344502000,0.000000000,0.000000000,0.000000000,1.000000000
1403715401.342143059,-1.044781000,-0.326355000,1.344751000,0.000000000,0.000000000,0.000000000,1.000000000
1403715401.347142935,-1.047383000,-0.323870000,1.345016000,0.000000000,0.000000000,0.000000000,1.000000000
1403715401.352143288,-1.049980000,-0.321353000,1.345294000,0.000000000,0.000000000,0.000000000,1.000000000
1403715401.357143164,-1.052679000,-0.318748000,1.345531000,0.000000000,0.000000000,0.000000000,1.000000000
1403715401.362143040,-1.055311000,-0.316161000,1.345822000,0.000000000,0.000000000,0.000000000,1.000000000
1403715401.367142916,-1.057931000,-0.313552000,1.346117000,0.000000000,0.000000000,0.000000000,1.000000000
1403715401.372143269,-1.060531000,-0.310906000,1.346430000,0.000000000,0.000000000,0.000000000,1.000000000
1403715401.377142906,-1.063107000,-0.308232000,1.346751000,0.000000000,0.000000000,0.000000000,1.000000000
1403715401.382143021,-1.065656000,-0.305536000,1.347062000,0.000000000,0.000000000,0.000000000,1.000000000
1403715401.387142897,-1.068200000,-0.302811000,1.347387000,0.000000000,0.000000000,0.000000000,1.000000000
1403715401.392143250,-1.070745000,-0.300067000,1.347741000,0.000000000,0.000000000,0.000000000,1.000000000
1403715401.397142887,-1.073287000,-0.297316000,1.348100000,0.000000000,0.000000000,0.000000000,1.000000000
1403715401.402143002,-1.075820000,-0.294549000,1.348457000,0.000000000,0.000000000,0.000000000,1.000000000
1403715401.407143354,-1.078426000,-0.291726000,1.348786000,0.000000000,0.000000000,0.000000000,1.000000000
1403715401.412143230,-1.080941000,-0.288924000,1.349160000,0.000000000,0.000000000,0.000000000,1.000000000
1403715401.417143106,-1.083434000,-0.286112000,1.349515000,0.000000000,0.000000000,0.000000000,1.000000000
1403715401.422142982,-1.085900000,-0.283287000,1.349849000,0.000000000,0.000000000,0.000000000,1.000000000
1403715401.427143335,-1.088349000,-0.280440000,1.350193000,0.000000000,0.000000000,0.000000000,1.000000000
1403715401.432142973,-1.090795000,-0.277567000,1.350557000,0.000000000,0.000000000,0.000000000,1.000000000
1403715401.437143087,-1.093241000,-0.274671000,1.350919000,0.000000000,0.000000000,0.000000000,1.000000000
1403715401.442142963,-1.095673000,-0.271759000,1.351286000,0.000000000,0.000000000,0.000000000,1.000000000
1403715401.447143316,-1.098083000,-0.268827000,1.351669000,0.000000000,0.000000000,0.000000000,1.000000000
1403715401.452142954,-1.100472000,-0.265876000,1.352050000,0.000000000,0.000000000,0.000000000,1.000000000
1403715401.457143068,-1.102943000,-0.262867000,1.352401000,0.000000000,0.000000000,0.000000000,1.000000000
1403715401.462142944,-1.105324000,-0.259869000,1.352786000,0.000000000,0.000000000,0.000000000,1.000000000
1403715401.467143297,-1.107688000,-0.256859000,1.353166000,0.000000000,0.000000000,0.000000000,1.000000000
1403715401.472142935,-1.110040000,-0.253843000,1.353542000,0.000000000,0.000000000,0.000000000,1.000000000
1403715401.477143049,-1.112379000,-0.250820000,1.353919000,0.000000000,0.000000000,0.000000000,1.000000000
1403715401.482143164,-1.114703000,-0.247782000,1.354308000,0.000000000,0.000000000,0.000000000,1.000000000
1403715401.487143040,-1.117013000,-0.244725000,1.354722000,0.000000000,0.000000000,0.000000000,1.000000000
1403715401.492142916,-1.119306000,-0.241656000,1.355152000,0.000000000,0.000000000,0.000000000,1.000000000
1403715401.497143030,-1.121583000,-0.238573000,1.355587000,0.000000000,0.000000000,0.000000000,1.000000000
1403715401.502143145,-1.123844000,-0.235472000,1.356030000,0.000000000,0.000000000,0.000000000,1.000000000
1403715401.507143021,-1.126178000,-0.232323000,1.356460000,0.000000000,0.000000000,0.000000000,1.000000000
1403715401.512142897,-1.128433000,-0.229197000,1.356912000,0.000000000,0.000000000,0.000000000,1.000000000
1403715401.517143011,-1.130683000,-0.226070000,1.357343000,0.000000000,0.000000000,0.000000000,1.000000000
1403715401.522143126,-1.132927000,-0.222932000,1.357760000,0.000000000,0.000000000,0.000000000,1.000000000
1403715401.527143002,-1.135172000,-0.219788000,1.358187000,0.000000000,0.000000000,0.000000000,1.000000000
1403715401.532143116,-1.137413000,-0.216654000,1.358611000,0.000000000,0.000000000,0.000000000,1.000000000
1403715401.537143230,-1.139637000,-0.213523000,1.359031000,0.000000000,0.000000000,0.000000000,1.000000000
1403715401.542143345,-1.141835000,-0.210392000,1.359474000,0.000000000,0.000000000,0.000000000,1.000000000
1403715401.547142982,-1.144011000,-0.207258000,1.359942000,0.000000000,0.000000000,0.000000000,1.000000000
1403715401.552143097,-1.146164000,-0.204105000,1.360421000,0.000000000,0.000000000,0.000000000,1.000000000
1403715401.557143211,-1.148384000,-0.200902000,1.360908000,0.000000000,0.000000000,0.000000000,1.000000000
1403715401.562143087,-1.150523000,-0.197711000,1.361424000,0.000000000,0.000000000,0.000000000,1.000000000
1403715401.567142963,-1.152658000,-0.194507000,1.361953000,0.000000000,0.000000000,0.000000000,1.000000000
1403715401.572143078,-1.154785000,-0.191293000,1.362487000,0.000000000,0.000000000,0.000000000,1.000000000
1403715401.577143192,-1.156895000,-0.188075000,1.363038000,0.000000000,0.000000000,0.000000000,1.000000000
1403715401.582143068,-1.158989000,-0.184848000,1.363607000,0.000000000,0.000000000,0.000000000,1.000000000
1403715401.587142944,-1.161065000,-0.181610000,1.364170000,0.000000000,0.000000000,0.000000000,1.000000000
1403715401.592143297,-1.163123000,-0.178364000,1.364736000,0.000000000,0.000000000,0.000000000,1.000000000
1403715401.597143173,-1.165175000,-0.175116000,1.365304000,0.000000000,0.000000000,0.000000000,1.000000000
1403715401.602143049,-1.167225000,-0.171873000,1.365863000,0.000000000,0.000000000,0.000000000,1.000000000
1403715401.607142925,-1.169332000,-0.168623000,1.366415000,0.000000000,0.000000000,0.000000000,1.000000000
1403715401.612143278,-1.171381000,-0.165389000,1.366977000,0.000000000,0.000000000,0.000000000,1.000000000
1403715401.617143154,-1.173414000,-0.162158000,1.367531000,0.000000000,0.000000000,0.000000000,1.000000000
1403715401.622143030,-1.175430000,-0.158928000,1.368069000,0.000000000,0.000000000,0.000000000,1.000000000
1403715401.627142906,-1.177434000,-0.155690000,1.368610000,0.000000000,0.000000000,0.000000000,1.000000000
1403715401.632143259,-1.179430000,-0.152439000,1.369152000,0.000000000,0.000000000,0.000000000,1.000000000
1403715401.637142897,-1.181409000,-0.149160000,1.369701000,0.000000000,0.000000000,0.000000000,1.000000000
1403715401.642143011,-1.183371000,-0.145853000,1.370276000,0.000000000,0.000000000,0.000000000,1.000000000
1403715401.647142887,-1.185309000,-0.142530000,1.370870000,0.000000000,0.000000000,0.000000000,1.000000000
1403715401.652143240,-1.187222000,-0.139203000,1.371474000,0.000000000,0.000000000,0.000000000,1.000000000
1403715401.657143116,-1.189174000,-0.135859000,1.372096000,0.000000000,0.000000000,0.000000000,1.000000000
1403715401.662142992,-1.191084000,-0.132510000,1.372694000,0.000000000,0.000000000,0.000000000,1.000000000
1403715401.667143345,-1.192985000,-0.129152000,1.373286000,0.000000000,0.000000000,0.000000000,1.000000000
1403715401.672143221,-1.194884000,-0.125787000,1.373889000,0.000000000,0.000000000,0.000000000,1.000000000
1403715401.677143097,-1.196767000,-0.122421000,1.374502000,0.000000000,0.000000000,0.000000000,1.000000000
1403715401.682142973,-1.198622000,-0.119055000,1.375110000,0.000000000,0.000000000,0.000000000,1.000000000
1403715401.687143326,-1.200453000,-0.115686000,1.375710000,0.000000000,0.000000000,0.000000000,1.000000000
1403715401.692142963,-1.202273000,-0.112324000,1.376302000,0.000000000,0.000000000,0.000000000,1.000000000
1403715401.697143078,-1.204089000,-0.108964000,1.376882000,0.000000000,0.000000000,0.000000000,1.000000000
1403715401.702142954,-1.205899000,-0.105590000,1.377454000,0.000000000,0.000000000,0.000000000,1.000000000
1403715401.707143307,-1.207728000,-0.102200000,1.378046000,0.000000000,0.000000000,0.000000000,1.000000000
1403715401.712142944,-1.209536000,-0.098789000,1.378610000,0.000000000,0.000000000,0.000000000,1.000000000
1403715401.717143059,-1.211333000,-0.095377000,1.379175000,0.000000000,0.000000000,0.000000000,1.000000000
1403715401.722143173,-1.213112000,-0.091975000,1.379721000,0.000000000,0.000000000,0.000000000,1.000000000
1403715401.727143288,-1.214873000,-0.088583000,1.380241000,0.000000000,0.000000000,0.000000000,1.000000000
1403715401.732142925,-1.216618000,-0.085191000,1.380755000,0.000000000,0.000000000,0.000000000,1.000000000
1403715401.737143040,-1.218352000,-0.081789000,1.381272000,0.000000000,0.000000000,0.000000000,1.000000000
1403715401.742143154,-1.220077000,-0.078369000,1.381784000,0.000000000,0.000000000,0.000000000,1.000000000
1403715401.747143030,-1.221786000,-0.074940000,1.382305000,0.000000000,0.000000000,0.000000000,1.000000000
1403715401.752142906,-1.223470000,-0.071508000,1.382842000,0.000000000,0.000000000,0.000000000,1.000000000
1403715401.757143021,-1.225127000,-0.068092000,1.383442000,0.000000000,0.000000000,0.000000000,1.000000000
1403715401.762143135,-1.226760000,-0.064668000,1.383999000,0.000000000,0.000000000,0.000000000,1.000000000
1403715401.767143011,-1.228379000,-0.061245000,1.384561000,0.000000000,0.000000000,0.000000000,1.000000000
1403715401.772142887,-1.229988000,-0.057818000,1.385133000,0.000000000,0.000000000,0.000000000,1.000000000
1403715401.777143240,-1.231590000,-0.054396000,1.385700000,0.000000000,0.000000000,0.000000000,1.000000000
1403715401.782143354,-1.233173000,-0.050989000,1.386246000,0.000000000,0.000000000,0.000000000,1.000000000
1403715401.787142992,-1.234733000,-0.047594000,1.386780000,0.000000000,0.000000000,0.000000000,1.000000000
1403715401.792143106,-1.236276000,-0.044209000,1.387315000,0.000000000,0.000000000,0.000000000,1.000000000
1403715401.797143221,-1.237810000,-0.040831000,1.387850000,0.000000000,0.000000000,0.000000000,1.000000000
1403715401.802143097,-1.239347000,-0.037451000,1.388388000,0.000000000,0.000000000,0.000000000,1.000000000
1403715401.807142973,-1.240857000,-0.034090000,1.389006000,0.000000000,0.000000000,0.000000000,1.000000000
1403715401.812143087,-1.242361000,-0.030721000,1.389569000,0.000000000,0.000000000,0.000000000,1.000000000
1403715401.817143202,-1.243837000,-0.027366000,1.390126000,0.000000000,0.000000000,0.000000000,1.000000000
1403715401.822143078,-1.245290000,-0.024033000,1.390681000,0.000000000,0.000000000,0.000000000,1.000000000
1403715401.827142954,-1.246728000,-0.020716000,1.391239000,0.000000000,0.000000000,0.000000000,1.000000000
1403715401.832143307,-1.248162000,-0.017403000,1.391807000,0.000000000,0.000000000,0.000000000,1.000000000
1403715401.837143183,-1.249594000,-0.014095000,1.392385000,0.000000000,0.000000000,0.000000000,1.000000000
1403715401.842143059,-1.251016000,-0.010798000,1.392959000,0.000000000,0.000000000,0.000000000,1.000000000
1403715401.847142935,-1.252423000,-0.007520000,1.393521000,0.000000000,0.000000000,0.000000000,1.000000000
1403715401.852143288,-1.253815000,-0.004253000,1.394069000,0.000000000,0.000000000,0.000000000,1.000000000
1403715401.857143164,-1.255144000,-0.001016000,1.394706000,0.000000000,0.000000000,0.000000000,1.000000000
1403715401.862143040,-1.256501000,0.002230000,1.395263000,0.000000000,0.000000000,0.000000000,1.000000000
1403715401.867142916,-1.257858000,0.005479000,1.395814000,0.000000000,0.000000000,0.000000000,1.000000000
1403715401.872143269,-1.259216000,0.008734000,1.396370000,0.000000000,0.000000000,0.000000000,1.000000000
1403715401.877142906,-1.260568000,0.011984000,1.396929000,0.000000000,0.000000000,0.000000000,1.000000000
1403715401.882143021,-1.261902000,0.015228000,1.397488000,0.000000000,0.000000000,0.000000000,1.000000000
1403715401.887142897,-1.263213000,0.018464000,1.398047000,0.000000000,0.000000000,0.000000000,1.000000000
1403715401.892143250,-1.264505000,0.021688000,1.398600000,0.000000000,0.000000000,0.000000000,1.000000000
1403715401.897142887,-1.265786000,0.024899000,1.399135000,0.000000000,0.000000000,0.000000000,1.000000000
1403715401.902143002,-1.267062000,0.028109000,1.399654000,0.000000000,0.000000000,0.000000000,1.000000000
1403715401.907143354,-1.268269000,0.031310000,1.400264000,0.000000000,0.000000000,0.000000000,1.000000000
1403715401.912143230,-1.269516000,0.034531000,1.400764000,0.000000000,0.000000000,0.000000000,1.000000000
1403715401.917143106,-1.270744000,0.037753000,1.401248000,0.000000000,0.000000000,0.000000000,1.000000000
1403715401.922142982,-1.271954000,0.040963000,1.401734000,0.000000000,0.000000000,0.000000000,1.000000000
1403715401.927143335,-1.273152000,0.044151000,1.402220000,0.000000000,0.000000000,0.000000000,1.000000000
1403715401.932142973,-1.274336000,0.047323000,1.402705000,0.000000000,0.000000000,0.000000000,1.000000000
1403715401.937143087,-1.275509000,0.050485000,1.403194000,0.000000000,0.000000000,0.000000000,1.000000000
1403715401.942142963,-1.276667000,0.053647000,1.403687000,0.000000000,0.000000000,0.000000000,1.000000000
1403715401.947143316,-1.277819000,0.056808000,1.404186000,0.000000000,0.000000000,0.000000000,1.000000000
1403715401.952142954,-1.278968000,0.059958000,1.404682000,0.000000000,0.000000000,0.000000000,1.000000000
1403715401.957143068,-1.280045000,0.063077000,1.405294000,0.000000000,0.000000000,0.000000000,1.000000000
1403715401.962142944,-1.281188000,0.066191000,1.405788000,0.000000000,0.000000000,0.000000000,1.000000000
1403715401.967143297,-1.282325000,0.069293000,1.406255000,0.000000000,0.000000000,0.000000000,1.000000000
1403715401.972142935,-1.283452000,0.072381000,1.406694000,0.000000000,0.000000000,0.000000000,1.000000000
1403715401.977143049,-1.284572000,0.075462000,1.407117000,0.000000000,0.000000000,0.000000000,1.000000000
1403715401.982143164,-1.285688000,0.078543000,1.407538000,0.000000000,0.000000000,0.000000000,1.000000000
1403715401.987143040,-1.286803000,0.081623000,1.407961000,0.000000000,0.000000000,0.000000000,1.000000000
1403715401.992142916,-1.287918000,0.084698000,1.408384000,0.000000000,0.000000000,0.000000000,1.000000000
1403715401.997143030,-1.289027000,0.087767000,1.408816000,0.000000000,0.000000000,0.000000000,1.000000000
1403715402.002143145,-1.290120000,0.090834000,1.409261000,0.000000000,0.000000000,0.000000000,1.000000000
1403715402.007143021,-1.291111000,0.093893000,1.409853000,0.000000000,0.000000000,0.000000000,1.000000000
1403715402.012142897,-1.292163000,0.096962000,1.410354000,0.000000000,0.000000000,0.000000000,1.000000000
1403715402.017143011,-1.293218000,0.100044000,1.410862000,0.000000000,0.000000000,0.000000000,1.000000000
1403715402.022143126,-1.294274000,0.103130000,1.411359000,0.000000000,0.000000000,0.000000000,1.000000000
1403715402.027143002,-1.295329000,0.106212000,1.411835000,0.000000000,0.000000000,0.000000000,1.000000000
1403715402.032143116,-1.296376000,0.109285000,1.412289000,0.000000000,0.000000000,0.000000000,1.000000000
1403715402.037143230,-1.297410000,0.112352000,1.412730000,0.000000000,0.000000000,0.000000000,1.000000000
1403715402.042143345,-1.298435000,0.115415000,1.413168000,0.000000000,0.000000000,0.000000000,1.000000000
1403715402.047142982,-1.299458000,0.118481000,1.413600000,0.000000000,0.000000000,0.000000000,1.000000000
1403715402.052143097,-1.300475000,0.121557000,1.414030000,0.000000000,0.000000000,0.000000000,1.000000000
1403715402.057143211,-1.301403000,0.124634000,1.414600000,0.000000000,0.000000000,0.000000000,1.000000000
1403715402.062143087,-1.302395000,0.127729000,1.415069000,0.000000000,0.000000000,0.000000000,1.000000000
1403715402.067142963,-1.303377000,0.130838000,1.415541000,0.000000000,0.000000000,0.000000000,1.000000000
1403715402.072143078,-1.304349000,0.133951000,1.416008000,0.000000000,0.000000000,0.000000000,1.000000000
1403715402.077143192,-1.305312000,0.137060000,1.416473000,0.000000000,0.000000000,0.000000000,1.000000000
1403715402.082143068,-1.306277000,0.140152000,1.416937000,0.000000000,0.000000000,0.000000000,1.000000000
1403715402.087142944,-1.307249000,0.143226000,1.417395000,0.000000000,0.000000000,0.000000000,1.000000000
1403715402.092143297,-1.308222000,0.146298000,1.417843000,0.000000000,0.000000000,0.000000000,1.000000000
1403715402.097143173,-1.309196000,0.149375000,1.418284000,0.000000000,0.000000000,0.000000000,1.000000000
1403715402.102143049,-1.310168000,0.152447000,1.418724000,0.000000000,0.000000000,0.000000000,1.000000000
1403715402.107142925,-1.311046000,0.155501000,1.419306000,0.000000000,0.000000000,0.000000000,1.000000000
1403715402.112143278,-1.311985000,0.158545000,1.419784000,0.000000000,0.000000000,0.000000000,1.000000000
1403715402.117143154,-1.312920000,0.161573000,1.420263000,0.000000000,0.000000000,0.000000000,1.000000000
1403715402.122143030,-1.313854000,0.164589000,1.420741000,0.000000000,0.000000000,0.000000000,1.000000000
1403715402.127142906,-1.314792000,0.167598000,1.421216000,0.000000000,0.000000000,0.000000000,1.000000000
1403715402.132143259,-1.315732000,0.170605000,1.421703000,0.000000000,0.000000000,0.000000000,1.000000000
1403715402.137142897,-1.316665000,0.173605000,1.422204000,0.000000000,0.000000000,0.000000000,1.000000000
1403715402.142143011,-1.317593000,0.176595000,1.422706000,0.000000000,0.000000000,0.000000000,1.000000000
1403715402.147142887,-1.318518000,0.179576000,1.423209000,0.000000000,0.000000000,0.000000000,1.000000000
1403715402.152143240,-1.319442000,0.182548000,1.423710000,0.000000000,0.000000000,0.000000000,1.000000000
1403715402.157143116,-1.320282000,0.185515000,1.424338000,0.000000000,0.000000000,0.000000000,1.000000000
1403715402.162142992,-1.321189000,0.188484000,1.424849000,0.000000000,0.000000000,0.000000000,1.000000000
1403715402.167143345,-1.322095000,0.191443000,1.425342000,0.000000000,0.000000000,0.000000000,1.000000000
1403715402.172143221,-1.323011000,0.194391000,1.425819000,0.000000000,0.000000000,0.000000000,1.000000000
1403715402.177143097,-1.323937000,0.197331000,1.426279000,0.000000000,0.000000000,0.000000000,1.000000000
1403715402.182142973,-1.324867000,0.200260000,1.426718000,0.000000000,0.000000000,0.000000000,1.000000000
1403715402.187143326,-1.325805000,0.203183000,1.427138000,0.000000000,0.000000000,0.000000000,1.000000000
1403715402.192142963,-1.326749000,0.206097000,1.427544000,0.000000000,0.000000000,0.000000000,1.000000000
1403715402.197143078,-1.327697000,0.208992000,1.427936000,0.000000000,0.000000000,0.000000000,1.000000000
1403715402.202142954,-1.328637000,0.211868000,1.428320000,0.000000000,0.000000000,0.000000000,1.000000000
1403715402.207143307,-1.329489000,0.214728000,1.428829000,0.000000000,0.000000000,0.000000000,1.000000000
1403715402.212142944,-1.330392000,0.217572000,1.429250000,0.000000000,0.000000000,0.000000000,1.000000000
1403715402.217143059,-1.331296000,0.220414000,1.429660000,0.000000000,0.000000000,0.000000000,1.000000000
1403715402.222143173,-1.332217000,0.223249000,1.430058000,0.000000000,0.000000000,0.000000000,1.000000000
1403715402.227143288,-1.333158000,0.226063000,1.430439000,0.000000000,0.000000000,0.000000000,1.000000000
1403715402.232142925,-1.334104000,0.228862000,1.430798000,0.000000000,0.000000000,0.000000000,1.000000000
1403715402.237143040,-1.335047000,0.231647000,1.431139000,0.000000000,0.000000000,0.000000000,1.000000000
1403715402.242143154,-1.335989000,0.234408000,1.431464000,0.000000000,0.000000000,0.000000000,1.000000000
1403715402.247143030,-1.336930000,0.237144000,1.431779000,0.000000000,0.000000000,0.000000000,1.000000000
1403715402.252142906,-1.337869000,0.239860000,1.432084000,0.000000000,0.000000000,0.000000000,1.000000000
1403715402.257143021,-1.338746000,0.242554000,1.432473000,0.000000000,0.000000000,0.000000000,1.000000000
1403715402.262143135,-1.339676000,0.245233000,1.432773000,0.000000000,0.000000000,0.000000000,1.000000000
1403715402.267143011,-1.340614000,0.247892000,1.433060000,0.000000000,0.000000000,0.000000000,1.000000000
1403715402.272142887,-1.341560000,0.250535000,1.433330000,0.000000000,0.000000000,0.000000000,1.000000000
1403715402.277143240,-1.342511000,0.253170000,1.433583000,0.000000000,0.000000000,0.000000000,1.000000000
1403715402.282143354,-1.343462000,0.255801000,1.433817000,0.000000000,0.000000000,0.000000000,1.000000000
1403715402.287142992,-1.344412000,0.258426000,1.434036000,0.000000000,0.000000000,0.000000000,1.000000000
1403715402.292143106,-1.345365000,0.261035000,1.434236000,0.000000000,0.000000000,0.000000000,1.000000000
1403715402.297143221,-1.346321000,0.263624000,1.434415000,0.000000000,0.000000000,0.000000000,1.000000000
1403715402.302143097,-1.347283000,0.266190000,1.434578000,0.000000000,0.000000000,0.000000000,1.000000000
1403715402.307142973,-1.348196000,0.268728000,1.434819000,0.000000000,0.000000000,0.000000000,1.000000000
1403715402.312143087,-1.349161000,0.271258000,1.434987000,0.000000000,0.000000000,0.000000000,1.000000000
1403715402.317143202,-1.350129000,0.273778000,1.435143000,0.000000000,0.000000000,0.000000000,1.000000000
1403715402.322143078,-1.351099000,0.276290000,1.435290000,0.000000000,0.000000000,0.000000000,1.000000000
1403715402.327142954,-1.352073000,0.278790000,1.435431000,0.000000000,0.000000000,0.000000000,1.000000000
1403715402.332143307,-1.353049000,0.281278000,1.435566000,0.000000000,0.000000000,0.000000000,1.000000000
1403715402.337143183,-1.354020000,0.283748000,1.435698000,0.000000000,0.000000000,0.000000000,1.000000000
1403715402.342143059,-1.354988000,0.286198000,1.435829000,0.000000000,0.000000000,0.000000000,1.000000000
1403715402.347142935,-1.355952000,0.288630000,1.435966000,0.000000000,0.000000000,0.000000000,1.000000000
1403715402.352143288,-1.356917000,0.291051000,1.436117000,0.000000000,0.000000000,0.000000000,1.000000000
1403715402.357143164,-1.357845000,0.293444000,1.436340000,0.000000000,0.000000000,0.000000000,1.000000000
1403715402.362143040,-1.358818000,0.295849000,1.436509000,0.000000000,0.000000000,0.000000000,1.000000000
1403715402.367142916,-1.359798000,0.298245000,1.436680000,0.000000000,0.000000000,0.000000000,1.000000000
1403715402.372143269,-1.360783000,0.300631000,1.436851000,0.000000000,0.000000000,0.000000000,1.000000000
1403715402.377142906,-1.361762000,0.303008000,1.437019000,0.000000000,0.000000000,0.000000000,1.000000000
1403715402.382143021,-1.362733000,0.305373000,1.437183000,0.000000000,0.000000000,0.000000000,1.000000000
1403715402.387142897,-1.363702000,0.307719000,1.437339000,0.000000000,0.000000000,0.000000000,1.000000000
1403715402.392143250,-1.364676000,0.310052000,1.437488000,0.000000000,0.000000000,0.000000000,1.000000000
1403715402.397142887,-1.365664000,0.312378000,1.437629000,0.000000000,0.000000000,0.000000000,1.000000000
1403715402.402143002,-1.366666000,0.314701000,1.437762000,0.000000000,0.000000000,0.000000000,1.000000000
1403715402.407143354,-1.367637000,0.316989000,1.437931000,0.000000000,0.000000000,0.000000000,1.000000000
1403715402.412143230,-1.368645000,0.319288000,1.438064000,0.000000000,0.000000000,0.000000000,1.000000000
1403715402.417143106,-1.369656000,0.321569000,1.438194000,0.000000000,0.000000000,0.000000000,1.000000000
1403715402.422142982,-1.370668000,0.323832000,1.438321000,0.000000000,0.000000000,0.000000000,1.000000000
1403715402.427143335,-1.371680000,0.326086000,1.438447000,0.000000000,0.000000000,0.000000000,1.000000000
1403715402.432142973,-1.372694000,0.328333000,1.438577000,0.000000000,0.000000000,0.000000000,1.000000000
1403715402.437143087,-1.373715000,0.330574000,1.438702000,0.000000000,0.000000000,0.000000000,1.000000000
1403715402.442142963,-1.374746000,0.332812000,1.438812000,0.000000000,0.000000000,0.000000000,1.000000000
1403715402.447143316,-1.375786000,0.335042000,1.438915000,0.000000000,0.000000000,0.000000000,1.000000000
1403715402.452142954,-1.376832000,0.337267000,1.439015000,0.000000000,0.000000000,0.000000000,1.000000000
1403715402.457143068,-1.377859000,0.339449000,1.439149000,0.000000000,0.000000000,0.000000000,1.000000000
1403715402.462142944,-1.378912000,0.341663000,1.439265000,0.000000000,0.000000000,0.000000000,1.000000000
1403715402.467143297,-1.379973000,0.343878000,1.439390000,0.000000000,0.000000000,0.000000000,1.000000000
1403715402.472142935,-1.381046000,0.346091000,1.439520000,0.000000000,0.000000000,0.000000000,1.000000000
1403715402.477143049,-1.382135000,0.348305000,1.439660000,0.000000000,0.000000000,0.000000000,1.000000000
1403715402.482143164,-1.383237000,0.350525000,1.439809000,0.000000000,0.000000000,0.000000000,1.000000000
1403715402.487143040,-1.384347000,0.352752000,1.439964000,0.000000000,0.000000000,0.000000000,1.000000000
1403715402.492142916,-1.385467000,0.354980000,1.440114000,0.000000000,0.000000000,0.000000000,1.000000000
1403715402.497143030,-1.386597000,0.357203000,1.440255000,0.000000000,0.000000000,0.000000000,1.000000000
1403715402.502143145,-1.387738000,0.359416000,1.440396000,0.000000000,0.000000000,0.000000000,1.000000000
1403715402.507143021,-1.388865000,0.361583000,1.440553000,0.000000000,0.000000000,0.000000000,1.000000000
1403715402.512142897,-1.390017000,0.363801000,1.440710000,0.000000000,0.000000000,0.000000000,1.000000000
1403715402.517143011,-1.391180000,0.366033000,1.440873000,0.000000000,0.000000000,0.000000000,1.000000000
1403715402.522143126,-1.392357000,0.368269000,1.441034000,0.000000000,0.000000000,0.000000000,1.000000000
1403715402.527143002,-1.393550000,0.370499000,1.441192000,0.000000000,0.000000000,0.000000000,1.000000000
1403715402.532143116,-1.394761000,0.372718000,1.441337000,0.000000000,0.000000000,0.000000000,1.000000000
1403715402.537143230,-1.395988000,0.374935000,1.441474000,0.000000000,0.000000000,0.000000000,1.000000000
1403715402.542143345,-1.397224000,0.377153000,1.441607000,0.000000000,0.000000000,0.000000000,1.000000000
1403715402.547142982,-1.398462000,0.379370000,1.441723000,0.000000000,0.000000000,0.000000000,1.000000000
1403715402.552143097,-1.399704000,0.381582000,1.441827000,0.000000000,0.000000000,0.000000000,1.000000000
1403715402.557143211,-1.400951000,0.383744000,1.441926000,0.000000000,0.000000000,0.000000000,1.000000000
1403715402.562143087,-1.402222000,0.385950000,1.442041000,0.000000000,0.000000000,0.000000000,1.000000000
1403715402.567142963,-1.403506000,0.388160000,1.442173000,0.000000000,0.000000000,0.000000000,1.000000000
1403715402.572143078,-1.404799000,0.390367000,1.442316000,0.000000000,0.000000000,0.000000000,1.000000000
1403715402.577143192,-1.406099000,0.392575000,1.442473000,0.000000000,0.000000000,0.000000000,1.000000000
1403715402.582143068,-1.407412000,0.394787000,1.442643000,0.000000000,0.000000000,0.000000000,1.000000000
1403715402.587142944,-1.408743000,0.396997000,1.442818000,0.000000000,0.000000000,0.000000000,1.000000000
1403715402.592143297,-1.410097000,0.399208000,1.442989000,0.000000000,0.000000000,0.000000000,1.000000000
1403715402.597143173,-1.411472000,0.401413000,1.443154000,0.000000000,0.000000000,0.000000000,1.000000000
1403715402.602143049,-1.412861000,0.403616000,1.443315000,0.000000000,0.000000000,0.000000000,1.000000000
1403715402.607142925,-1.414247000,0.405778000,1.443456000,0.000000000,0.000000000,0.000000000,1.000000000
1403715402.612143278,-1.415652000,0.407989000,1.443605000,0.000000000,0.000000000,0.000000000,1.000000000
1403715402.617143154,-1.417071000,0.410208000,1.443739000,0.000000000,0.000000000,0.000000000,1.000000000
1403715402.622143030,-1.418504000,0.412435000,1.443861000,0.000000000,0.000000000,0.000000000,1.000000000
1403715402.627142906,-1.419958000,0.414659000,1.443980000,0.000000000,0.000000000,0.000000000,1.000000000
1403715402.632143259,-1.421435000,0.416878000,1.444090000,0.000000000,0.000000000,0.000000000,1.000000000
1403715402.637142897,-1.422928000,0.419095000,1.444181000,0.000000000,0.000000000,0.000000000,1.000000000
1403715402.642143011,-1.424434000,0.421308000,1.444258000,0.000000000,0.000000000,0.000000000,1.000000000
1403715402.647142887,-1.425957000,0.423505000,1.444332000,0.000000000,0.000000000,0.000000000,1.000000000
1403715402.652143240,-1.427496000,0.425692000,1.444420000,0.000000000,0.000000000,0.000000000,1.000000000
1403715402.657143116,-1.429044000,0.427835000,1.444487000,0.000000000,0.000000000,0.000000000,1.000000000
1403715402.662142992,-1.430619000,0.430027000,1.444582000,0.000000000,0.000000000,0.000000000,1.000000000
1403715402.667143345,-1.432226000,0.432228000,1.444675000,0.000000000,0.000000000,0.000000000,1.000000000
1403715402.672143221,-1.433863000,0.434434000,1.444760000,0.000000000,0.000000000,0.000000000,1.000000000
1403715402.677143097,-1.435515000,0.436641000,1.444846000,0.000000000,0.000000000,0.000000000,1.000000000
1403715402.682142973,-1.437177000,0.438849000,1.444927000,0.000000000,0.000000000,0.000000000,1.000000000
1403715402.687143326,-1.438845000,0.441064000,1.444991000,0.000000000,0.000000000,0.000000000,1.000000000
1403715402.692142963,-1.440527000,0.443282000,1.445044000,0.000000000,0.000000000,0.000000000,1.000000000
1403715402.697143078,-1.442236000,0.445499000,1.445092000,0.000000000,0.000000000,0.000000000,1.000000000
1403715402.702142954,-1.443967000,0.447718000,1.445141000,0.000000000,0.000000000,0.000000000,1.000000000
1403715402.707143307,-1.445711000,0.449900000,1.445159000,0.000000000,0.000000000,0.000000000,1.000000000
1403715402.712142944,-1.447479000,0.452116000,1.445183000,0.000000000,0.000000000,0.000000000,1.000000000
1403715402.717143059,-1.449265000,0.454325000,1.445186000,0.000000000,0.000000000,0.000000000,1.000000000
1403715402.722143173,-1.451072000,0.456524000,1.445177000,0.000000000,0.000000000,0.000000000,1.000000000
1403715402.727143288,-1.452898000,0.458723000,1.445159000,0.000000000,0.000000000,0.000000000,1.000000000
1403715402.732142925,-1.454745000,0.460930000,1.445118000,0.000000000,0.000000000,0.000000000,1.000000000
1403715402.737143040,-1.456618000,0.463146000,1.445055000,0.000000000,0.000000000,0.000000000,1.000000000
1403715402.742143154,-1.458520000,0.465363000,1.444985000,0.000000000,0.000000000,0.000000000,1.000000000
1403715402.747143030,-1.460446000,0.467570000,1.444920000,0.000000000,0.000000000,0.000000000,1.000000000
1403715402.752142906,-1.462393000,0.469758000,1.444873000,0.000000000,0.000000000,0.000000000,1.000000000
1403715402.757143021,-1.464348000,0.471888000,1.444809000,0.000000000,0.000000000,0.000000000,1.000000000
1403715402.762143135,-1.466330000,0.474038000,1.444791000,0.000000000,0.000000000,0.000000000,1.000000000
1403715402.767143011,-1.468329000,0.476186000,1.444778000,0.000000000,0.000000000,0.000000000,1.000000000
1403715402.772142887,-1.470348000,0.478341000,1.444759000,0.000000000,0.000000000,0.000000000,1.000000000
1403715402.777143240,-1.472387000,0.480505000,1.444734000,0.000000000,0.000000000,0.000000000,1.000000000
1403715402.782143354,-1.474445000,0.482667000,1.444704000,0.000000000,0.000000000,0.000000000,1.000000000
1403715402.787142992,-1.476514000,0.484817000,1.444668000,0.000000000,0.000000000,0.000000000,1.000000000
1403715402.792143106,-1.478586000,0.486951000,1.444623000,0.000000000,0.000000000,0.000000000,1.000000000
1403715402.797143221,-1.480659000,0.489074000,1.444571000,0.000000000,0.000000000,0.000000000,1.000000000
1403715402.802143097,-1.482741000,0.491189000,1.444512000,0.000000000,0.000000000,0.000000000,1.000000000
1403715402.807142973,-1.484827000,0.493274000,1.444408000,0.000000000,0.000000000,0.000000000,1.000000000
1403715402.812143087,-1.486948000,0.495389000,1.444339000,0.000000000,0.000000000,0.000000000,1.000000000
1403715402.817143202,-1.489092000,0.497509000,1.444277000,0.000000000,0.000000000,0.000000000,1.000000000
1403715402.822143078,-1.491252000,0.499626000,1.444224000,0.000000000,0.000000000,0.000000000,1.000000000
1403715402.827142954,-1.493418000,0.501734000,1.444169000,0.000000000,0.000000000,0.000000000,1.000000000
1403715402.832143307,-1.495585000,0.503835000,1.444114000,0.000000000,0.000000000,0.000000000,1.000000000
1403715402.837143183,-1.497757000,0.505925000,1.444061000,0.000000000,0.000000000,0.000000000,1.000000000
1403715402.842143059,-1.499940000,0.508009000,1.444004000,0.000000000,0.000000000,0.000000000,1.000000000
1403715402.847142935,-1.502143000,0.510089000,1.443946000,0.000000000,0.000000000,0.000000000,1.000000000
1403715402.852143288,-1.504367000,0.512170000,1.443887000,0.000000000,0.000000000,0.000000000,1.000000000
1403715402.857143164,-1.506595000,0.514231000,1.443801000,0.000000000,0.000000000,0.000000000,1.000000000
1403715402.862143040,-1.508841000,0.516313000,1.443743000,0.000000000,0.000000000,0.000000000,1.000000000
1403715402.867142916,-1.511079000,0.518394000,1.443681000,0.000000000,0.000000000,0.000000000,1.000000000
1403715402.872143269,-1.513310000,0.520473000,1.443614000,0.000000000,0.000000000,0.000000000,1.000000000
1403715402.877142906,-1.515549000,0.522546000,1.443546000,0.000000000,0.000000000,0.000000000,1.000000000
1403715402.882143021,-1.517804000,0.524609000,1.443479000,0.000000000,0.000000000,0.000000000,1.000000000
1403715402.887142897,-1.520074000,0.526670000,1.443410000,0.000000000,0.000000000,0.000000000,1.000000000
1403715402.892143250,-1.522354000,0.528735000,1.443330000,0.000000000,0.000000000,0.000000000,1.000000000
1403715402.897142887,-1.524638000,0.530802000,1.443246000,0.000000000,0.000000000,0.000000000,1.000000000
1403715402.902143002,-1.526931000,0.532866000,1.443157000,0.000000000,0.000000000,0.000000000,1.000000000
1403715402.907143354,-1.529215000,0.534899000,1.443016000,0.000000000,0.000000000,0.000000000,1.000000000
1403715402.912143230,-1.531508000,0.536949000,1.442895000,0.000000000,0.000000000,0.000000000,1.000000000
1403715402.917143106,-1.533806000,0.539006000,1.442789000,0.000000000,0.000000000,0.000000000,1.000000000
1403715402.922142982,-1.536113000,0.541064000,1.442703000,0.000000000,0.000000000,0.000000000,1.000000000
1403715402.927143335,-1.538429000,0.543120000,1.442626000,0.000000000,0.000000000,0.000000000,1.000000000
1403715402.932142973,-1.540746000,0.545179000,1.442547000,0.000000000,0.000000000,0.000000000,1.000000000
1403715402.937143087,-1.543056000,0.547242000,1.442476000,0.000000000,0.000000000,0.000000000,1.000000000
1403715402.942142963,-1.545362000,0.549302000,1.442413000,0.000000000,0.000000000,0.000000000,1.000000000
1403715402.947143316,-1.547666000,0.551349000,1.442342000,0.000000000,0.000000000,0.000000000,1.000000000
1403715402.952142954,-1.549969000,0.553384000,1.442258000,0.000000000,0.000000000,0.000000000,1.000000000
1403715402.957143068,-1.552258000,0.555402000,1.442147000,0.000000000,0.000000000,0.000000000,1.000000000
1403715402.962142944,-1.554573000,0.557432000,1.442043000,0.000000000,0.000000000,0.000000000,1.000000000
1403715402.967143297,-1.556899000,0.559464000,1.441928000,0.000000000,0.000000000,0.000000000,1.000000000
1403715402.972142935,-1.559224000,0.561501000,1.441816000,0.000000000,0.000000000,0.000000000,1.000000000
1403715402.977143049,-1.561532000,0.563542000,1.441715000,0.000000000,0.000000000,0.000000000,1.000000000
1403715402.982143164,-1.563816000,0.565578000,1.441630000,0.000000000,0.000000000,0.000000000,1.000000000
1403715402.987143040,-1.566086000,0.567609000,1.441560000,0.000000000,0.000000000,0.000000000,1.000000000
1403715402.992142916,-1.568358000,0.569636000,1.441501000,0.000000000,0.000000000,0.000000000,1.000000000
1403715402.997143030,-1.570641000,0.571667000,1.441441000,0.000000000,0.000000000,0.000000000,1.000000000
1403715403.002143145,-1.572926000,0.573708000,1.441387000,0.000000000,0.000000000,0.000000000,1.000000000
1403715403.007143021,-1.575187000,0.575735000,1.441317000,0.000000000,0.000000000,0.000000000,1.000000000
1403715403.012142897,-1.577459000,0.577759000,1.441253000,0.000000000,0.000000000,0.000000000,1.000000000
1403715403.017143011,-1.579720000,0.579769000,1.441185000,0.000000000,0.000000000,0.000000000,1.000000000
1403715403.022143126,-1.581969000,0.581770000,1.441128000,0.000000000,0.000000000,0.000000000,1.000000000
1403715403.027143002,-1.584205000,0.583754000,1.441085000,0.000000000,0.000000000,0.000000000,1.000000000
1403715403.032143116,-1.586434000,0.585724000,1.441044000,0.000000000,0.000000000,0.000000000,1.000000000
1403715403.037143230,-1.588660000,0.587698000,1.441000000,0.000000000,0.000000000,0.000000000,1.000000000
1403715403.042143345,-1.590880000,0.589677000,1.440953000,0.000000000,0.000000000,0.000000000,1.000000000
1403715403.047142982,-1.593088000,0.591653000,1.440905000,0.000000000,0.000000000,0.000000000,1.000000000
1403715403.052143097,-1.595282000,0.593620000,1.440862000,0.000000000,0.000000000,0.000000000,1.000000000
1403715403.057143211,-1.597437000,0.595579000,1.440809000,0.000000000,0.000000000,0.000000000,1.000000000
1403715403.062143087,-1.599598000,0.597542000,1.440780000,0.000000000,0.000000000,0.000000000,1.000000000
1403715403.067142963,-1.601744000,0.599510000,1.440766000,0.000000000,0.000000000,0.000000000,1.000000000
1403715403.072143078,-1.603875000,0.601481000,1.440770000,0.000000000,0.000000000,0.000000000,1.000000000
1403715403.077143192,-1.605994000,0.603445000,1.440782000,0.000000000,0.000000000,0.000000000,1.000000000
1403715403.082143068,-1.608106000,0.605404000,1.440790000,0.000000000,0.000000000,0.000000000,1.000000000
1403715403.087142944,-1.610209000,0.607356000,1.440802000,0.000000000,0.000000000,0.000000000,1.000000000
1403715403.092143297,-1.612301000,0.609304000,1.440815000,0.000000000,0.000000000,0.000000000,1.000000000
1403715403.097143173,-1.614379000,0.611252000,1.440822000,0.000000000,0.000000000,0.000000000,1.000000000
1403715403.102143049,-1.616445000,0.613198000,1.440830000,0.000000000,0.000000000,0.000000000,1.000000000
1403715403.107142925,-1.618470000,0.615138000,1.440830000,0.000000000,0.000000000,0.000000000,1.000000000
1403715403.112143278,-1.620512000,0.617078000,1.440835000,0.000000000,0.000000000,0.000000000,1.000000000
1403715403.117143154,-1.622541000,0.619019000,1.440850000,0.000000000,0.000000000,0.000000000,1.000000000
1403715403.122143030,-1.624555000,0.620951000,1.440869000,0.000000000,0.000000000,0.000000000,1.000000000
1403715403.127142906,-1.626548000,0.622870000,1.440895000,0.000000000,0.000000000,0.000000000,1.000000000
1403715403.132143259,-1.628521000,0.624786000,1.440935000,0.000000000,0.000000000,0.000000000,1.000000000
1403715403.137142897,-1.630482000,0.626701000,1.440992000,0.000000000,0.000000000,0.000000000,1.000000000
1403715403.142143011,-1.632433000,0.628620000,1.441058000,0.000000000,0.000000000,0.000000000,1.000000000
1403715403.147142887,-1.634372000,0.630546000,1.441129000,0.000000000,0.000000000,0.000000000,1.000000000
1403715403.152143240,-1.636292000,0.632475000,1.441207000,0.000000000,0.000000000,0.000000000,1.000000000
1403715403.157143116,-1.638149000,0.634405000,1.441281000,0.000000000,0.000000000,0.000000000,1.000000000
1403715403.162142992,-1.640013000,0.636325000,1.441355000,0.000000000,0.000000000,0.000000000,1.000000000
1403715403.167143345,-1.641860000,0.638242000,1.441449000,0.000000000,0.000000000,0.000000000,1.000000000
1403715403.172143221,-1.643695000,0.640157000,1.441563000,0.000000000,0.000000000,0.000000000,1.000000000
1403715403.177143097,-1.645523000,0.642080000,1.441695000,0.000000000,0.000000000,0.000000000,1.000000000
1403715403.182142973,-1.647342000,0.644024000,1.441857000,0.000000000,0.000000000,0.000000000,1.000000000
1403715403.187143326,-1.649142000,0.645980000,1.442049000,0.000000000,0.000000000,0.000000000,1.000000000
1403715403.192142963,-1.650916000,0.647940000,1.442256000,0.000000000,0.000000000,0.000000000,1.000000000
1403715403.197143078,-1.652662000,0.649899000,1.442477000,0.000000000,0.000000000,0.000000000,1.000000000
1403715403.202142954,-1.654382000,0.651854000,1.442709000,0.000000000,0.000000000,0.000000000,1.000000000
1403715403.207143307,-1.656037000,0.653822000,1.442955000,0.000000000,0.000000000,0.000000000,1.000000000
1403715403.212142944,-1.657717000,0.655786000,1.443200000,0.000000000,0.000000000,0.000000000,1.000000000
1403715403.217143059,-1.659385000,0.657757000,1.443455000,0.000000000,0.000000000,0.000000000,1.000000000
1403715403.222143173,-1.661035000,0.659735000,1.443710000,0.000000000,0.000000000,0.000000000,1.000000000
1403715403.227143288,-1.662657000,0.661715000,1.443964000,0.000000000,0.000000000,0.000000000,1.000000000
1403715403.232142925,-1.664249000,0.663691000,1.444219000,0.000000000,0.000000000,0.000000000,1.000000000
1403715403.237143040,-1.665816000,0.665661000,1.444473000,0.000000000,0.000000000,0.000000000,1.000000000
1403715403.242143154,-1.667361000,0.667632000,1.444717000,0.000000000,0.000000000,0.000000000,1.000000000
1403715403.247143030,-1.668895000,0.669614000,1.444944000,0.000000000,0.000000000,0.000000000,1.000000000
1403715403.252142906,-1.670426000,0.671604000,1.445168000,0.000000000,0.000000000,0.000000000,1.000000000
1403715403.257143021,-1.671895000,0.673621000,1.445410000,0.000000000,0.000000000,0.000000000,1.000000000
1403715403.262143135,-1.673382000,0.675642000,1.445653000,0.000000000,0.000000000,0.000000000,1.000000000
1403715403.267143011,-1.674845000,0.677665000,1.445895000,0.000000000,0.000000000,0.000000000,1.000000000
1403715403.272142887,-1.676290000,0.679681000,1.446122000,0.000000000,0.000000000,0.000000000,1.000000000
1403715403.277143240,-1.677722000,0.681693000,1.446346000,0.000000000,0.000000000,0.000000000,1.000000000
1403715403.282143354,-1.679140000,0.683705000,1.446589000,0.000000000,0.000000000,0.000000000,1.000000000
1403715403.287142992,-1.680547000,0.685726000,1.446857000,0.000000000,0.000000000,0.000000000,1.000000000
1403715403.292143106,-1.681946000,0.687762000,1.447139000,0.000000000,0.000000000,0.000000000,1.000000000
1403715403.297143221,-1.683324000,0.689806000,1.447437000,0.000000000,0.000000000,0.000000000,1.000000000
1403715403.302143097,-1.684677000,0.691846000,1.447754000,0.000000000,0.000000000,0.000000000,1.000000000
1403715403.307142973,-1.685956000,0.693899000,1.448086000,0.000000000,0.000000000,0.000000000,1.000000000
1403715403.312143087,-1.687271000,0.695928000,1.448398000,0.000000000,0.000000000,0.000000000,1.000000000
1403715403.317143202,-1.688580000,0.697950000,1.448695000,0.000000000,0.000000000,0.000000000,1.000000000
1403715403.322143078,-1.689881000,0.699974000,1.448982000,0.000000000,0.000000000,0.000000000,1.000000000
1403715403.327142954,-1.691170000,0.702004000,1.449281000,0.000000000,0.000000000,0.000000000,1.000000000
1403715403.332143307,-1.692439000,0.704039000,1.449595000,0.000000000,0.000000000,0.000000000,1.000000000
1403715403.337143183,-1.693682000,0.706080000,1.449914000,0.000000000,0.000000000,0.000000000,1.000000000
1403715403.342143059,-1.694900000,0.708123000,1.450231000,0.000000000,0.000000000,0.000000000,1.000000000
1403715403.347142935,-1.696093000,0.710163000,1.450547000,0.000000000,0.000000000,0.000000000,1.000000000
1403715403.352143288,-1.697263000,0.712198000,1.450869000,0.000000000,0.000000000,0.000000000,1.000000000
1403715403.357143164,-1.698353000,0.714261000,1.451204000,0.000000000,0.000000000,0.000000000,1.000000000
1403715403.362143040,-1.699474000,0.716313000,1.451527000,0.000000000,0.000000000,0.000000000,1.000000000
1403715403.367142916,-1.700580000,0.718370000,1.451852000,0.000000000,0.000000000,0.000000000,1.000000000
1403715403.372143269,-1.701672000,0.720427000,1.452174000,0.000000000,0.000000000,0.000000000,1.000000000
1403715403.377142906,-1.702746000,0.722485000,1.452495000,0.000000000,0.000000000,0.000000000,1.000000000
1403715403.382143021,-1.703800000,0.724547000,1.452820000,0.000000000,0.000000000,0.000000000,1.000000000
1403715403.387142897,-1.704838000,0.726613000,1.453144000,0.000000000,0.000000000,0.000000000,1.000000000
1403715403.392143250,-1.705865000,0.728686000,1.453461000,0.000000000,0.000000000,0.000000000,1.000000000
1403715403.397142887,-1.706879000,0.730766000,1.453782000,0.000000000,0.000000000,0.000000000,1.000000000
1403715403.402143002,-1.707876000,0.732855000,1.454109000,0.000000000,0.000000000,0.000000000,1.000000000
1403715403.407143354,-1.708792000,0.734989000,1.454459000,0.000000000,0.000000000,0.000000000,1.000000000
1403715403.412143230,-1.709735000,0.737106000,1.454806000,0.000000000,0.000000000,0.000000000,1.000000000
1403715403.417143106,-1.710663000,0.739225000,1.455156000,0.000000000,0.000000000,0.000000000,1.000000000
1403715403.422142982,-1.711576000,0.741342000,1.455509000,0.000000000,0.000000000,0.000000000,1.000000000
1403715403.427143335,-1.712469000,0.743456000,1.455863000,0.000000000,0.000000000,0.000000000,1.000000000
1403715403.432142973,-1.713339000,0.745570000,1.456217000,0.000000000,0.000000000,0.000000000,1.000000000
1403715403.437143087,-1.714193000,0.747682000,1.456572000,0.000000000,0.000000000,0.000000000,1.000000000
1403715403.442142963,-1.715035000,0.749795000,1.456924000,0.000000000,0.000000000,0.000000000,1.000000000
1403715403.447143316,-1.715863000,0.751917000,1.457273000,0.000000000,0.000000000,0.000000000,1.000000000
1403715403.452142954,-1.716676000,0.754047000,1.457625000,0.000000000,0.000000000,0.000000000,1.000000000
1403715403.457143068,-1.717408000,0.756217000,1.457990000,0.000000000,0.000000000,0.000000000,1.000000000
1403715403.462142944,-1.718160000,0.758368000,1.458360000,0.000000000,0.000000000,0.000000000,1.000000000
1403715403.467143297,-1.718893000,0.760517000,1.458731000,0.000000000,0.000000000,0.000000000,1.000000000
1403715403.472142935,-1.719614000,0.762665000,1.459103000,0.000000000,0.000000000,0.000000000,1.000000000
1403715403.477143049,-1.720322000,0.764820000,1.459482000,0.000000000,0.000000000,0.000000000,1.000000000
1403715403.482143164,-1.721018000,0.766983000,1.459859000,0.000000000,0.000000000,0.000000000,1.000000000
1403715403.487143040,-1.721701000,0.769150000,1.460223000,0.000000000,0.000000000,0.000000000,1.000000000
1403715403.492142916,-1.722368000,0.771323000,1.460580000,0.000000000,0.000000000,0.000000000,1.000000000
1403715403.497143030,-1.723019000,0.773503000,1.460931000,0.000000000,0.000000000,0.000000000,1.000000000
1403715403.502143145,-1.723654000,0.775686000,1.461272000,0.000000000,0.000000000,0.000000000,1.000000000
1403715403.507143021,-1.724226000,0.777900000,1.461616000,0.000000000,0.000000000,0.000000000,1.000000000
1403715403.512142897,-1.724842000,0.780081000,1.461945000,0.000000000,0.000000000,0.000000000,1.000000000
1403715403.517143011,-1.725451000,0.782267000,1.462277000,0.000000000,0.000000000,0.000000000,1.000000000
1403715403.522143126,-1.726042000,0.784463000,1.462616000,0.000000000,0.000000000,0.000000000,1.000000000
1403715403.527143002,-1.726611000,0.786664000,1.462958000,0.000000000,0.000000000,0.000000000,1.000000000
1403715403.532143116,-1.727161000,0.788872000,1.463291000,0.000000000,0.000000000,0.000000000,1.000000000
1403715403.537143230,-1.727699000,0.791090000,1.463613000,0.000000000,0.000000000,0.000000000,1.000000000
1403715403.542143345,-1.728230000,0.793316000,1.463925000,0.000000000,0.000000000,0.000000000,1.000000000
1403715403.547142982,-1.728754000,0.795549000,1.464227000,0.000000000,0.000000000,0.000000000,1.000000000
1403715403.552143097,-1.729270000,0.797782000,1.464517000,0.000000000,0.000000000,0.000000000,1.000000000
1403715403.557143211,-1.729713000,0.800051000,1.464797000,0.000000000,0.000000000,0.000000000,1.000000000
1403715403.562143087,-1.730194000,0.802290000,1.465050000,0.000000000,0.000000000,0.000000000,1.000000000
1403715403.567142963,-1.730666000,0.804538000,1.465286000,0.000000000,0.000000000,0.000000000,1.000000000
1403715403.572143078,-1.731133000,0.806792000,1.465511000,0.000000000,0.000000000,0.000000000,1.000000000
1403715403.577143192,-1.731598000,0.809051000,1.465729000,0.000000000,0.000000000,0.000000000,1.000000000
1403715403.582143068,-1.732054000,0.811309000,1.465952000,0.000000000,0.000000000,0.000000000,1.000000000
1403715403.587142944,-1.732494000,0.813561000,1.466186000,0.000000000,0.000000000,0.000000000,1.000000000
1403715403.592143297,-1.732915000,0.815805000,1.466427000,0.000000000,0.000000000,0.000000000,1.000000000
1403715403.597143173,-1.733320000,0.818048000,1.466670000,0.000000000,0.000000000,0.000000000,1.000000000
1403715403.602143049,-1.733713000,0.820299000,1.466917000,0.000000000,0.000000000,0.000000000,1.000000000
1403715403.607142925,-1.734043000,0.822601000,1.467179000,0.000000000,0.000000000,0.000000000,1.000000000
1403715403.612143278,-1.734416000,0.824871000,1.467423000,0.000000000,0.000000000,0.000000000,1.000000000
1403715403.617143154,-1.734784000,0.827144000,1.467660000,0.000000000,0.000000000,0.000000000,1.000000000
1403715403.622143030,-1.735147000,0.829412000,1.467882000,0.000000000,0.000000000,0.000000000,1.000000000
1403715403.627142906,-1.735502000,0.831672000,1.468086000,0.000000000,0.000000000,0.000000000,1.000000000
1403715403.632143259,-1.735847000,0.833934000,1.468279000,0.000000000,0.000000000,0.000000000,1.000000000
1403715403.637142897,-1.736184000,0.836206000,1.468470000,0.000000000,0.000000000,0.000000000,1.000000000
1403715403.642143011,-1.736516000,0.838483000,1.468655000,0.000000000,0.000000000,0.000000000,1.000000000
1403715403.647142887,-1.736841000,0.840762000,1.468839000,0.000000000,0.000000000,0.000000000,1.000000000
1403715403.652143240,-1.737154000,0.843042000,1.469021000,0.000000000,0.000000000,0.000000000,1.000000000
1403715403.657143116,-1.737399000,0.845377000,1.469202000,0.000000000,0.000000000,0.000000000,1.000000000
1403715403.662142992,-1.737684000,0.847671000,1.469361000,0.000000000,0.000000000,0.000000000,1.000000000
1403715403.667143345,-1.737961000,0.849968000,1.469500000,0.000000000,0.000000000,0.000000000,1.000000000
1403715403.672143221,-1.738227000,0.852267000,1.469619000,0.000000000,0.000000000,0.000000000,1.000000000
1403715403.677143097,-1.738482000,0.854567000,1.469721000,0.000000000,0.000000000,0.000000000,1.000000000
1403715403.682142973,-1.738723000,0.856868000,1.469817000,0.000000000,0.000000000,0.000000000,1.000000000
1403715403.687143326,-1.738950000,0.859169000,1.469914000,0.000000000,0.000000000,0.000000000,1.000000000
1403715403.692142963,-1.739166000,0.861475000,1.470008000,0.000000000,0.000000000,0.000000000,1.000000000
1403715403.697143078,-1.739377000,0.863791000,1.470101000,0.000000000,0.000000000,0.000000000,1.000000000
1403715403.702142954,-1.739579000,0.866116000,1.470195000,0.000000000,0.000000000,0.000000000,1.000000000
1403715403.707143307,-1.739721000,0.868508000,1.470313000,0.000000000,0.000000000,0.000000000,1.000000000
1403715403.712142944,-1.739890000,0.870849000,1.470422000,0.000000000,0.000000000,0.000000000,1.000000000
1403715403.717143059,-1.740043000,0.873180000,1.470533000,0.000000000,0.000000000,0.000000000,1.000000000
1403715403.722143173,-1.740179000,0.875506000,1.470645000,0.000000000,0.000000000,0.000000000,1.000000000
1403715403.727143288,-1.740301000,0.877841000,1.470746000,0.000000000,0.000000000,0.000000000,1.000000000
1403715403.732142925,-1.740413000,0.880189000,1.470836000,0.000000000,0.000000000,0.000000000,1.000000000
1403715403.737143040,-1.740517000,0.882546000,1.470928000,0.000000000,0.000000000,0.000000000,1.000000000
1403715403.742143154,-1.740613000,0.884908000,1.471024000,0.000000000,0.000000000,0.000000000,1.000000000
1403715403.747143030,-1.740693000,0.887274000,1.471120000,0.000000000,0.000000000,0.000000000,1.000000000
1403715403.752142906,-1.740756000,0.889638000,1.471221000,0.000000000,0.000000000,0.000000000,1.000000000
1403715403.757143021,-1.740751000,0.892063000,1.471328000,0.000000000,0.000000000,0.000000000,1.000000000
1403715403.762143135,-1.740773000,0.894439000,1.471426000,0.000000000,0.000000000,0.000000000,1.000000000
1403715403.767143011,-1.740778000,0.896828000,1.471526000,0.000000000,0.000000000,0.000000000,1.000000000
1403715403.772142887,-1.740764000,0.899230000,1.471632000,0.000000000,0.000000000,0.000000000,1.000000000
1403715403.777143240,-1.740730000,0.901638000,1.471745000,0.000000000,0.000000000,0.000000000,1.000000000
1403715403.782143354,-1.740679000,0.904052000,1.471862000,0.000000000,0.000000000,0.000000000,1.000000000
1403715403.787142992,-1.740612000,0.906471000,1.471979000,0.000000000,0.000000000,0.000000000,1.000000000
1403715403.792143106,-1.740526000,0.908896000,1.472097000,0.000000000,0.000000000,0.000000000,1.000000000
1403715403.797143221,-1.740419000,0.911328000,1.472235000,0.000000000,0.000000000,0.000000000,1.000000000
1403715403.802143097,-1.740289000,0.913763000,1.472403000,0.000000000,0.000000000,0.000000000,1.000000000
1403715403.807142973,-1.740085000,0.916272000,1.472602000,0.000000000,0.000000000,0.000000000,1.000000000
1403715403.812143087,-1.739903000,0.918728000,1.472802000,0.000000000,0.000000000,0.000000000,1.000000000
1403715403.817143202,-1.739710000,0.921189000,1.473006000,0.000000000,0.000000000,0.000000000,1.000000000
1403715403.822143078,-1.739509000,0.923651000,1.473212000,0.000000000,0.000000000,0.000000000,1.000000000
1403715403.827142954,-1.739296000,0.926111000,1.473414000,0.000000000,0.000000000,0.000000000,1.000000000
1403715403.832143307,-1.739062000,0.928563000,1.473600000,0.000000000,0.000000000,0.000000000,1.000000000
1403715403.837143183,-1.738805000,0.931015000,1.473775000,0.000000000,0.000000000,0.000000000,1.000000000
1403715403.842143059,-1.738525000,0.933479000,1.473962000,0.000000000,0.000000000,0.000000000,1.000000000
1403715403.847142935,-1.738225000,0.935955000,1.474172000,0.000000000,0.000000000,0.000000000,1.000000000
1403715403.852143288,-1.737909000,0.938441000,1.474399000,0.000000000,0.000000000,0.000000000,1.000000000
1403715403.857143164,-1.737522000,0.941003000,1.474636000,0.000000000,0.000000000,0.000000000,1.000000000
1403715403.862143040,-1.737165000,0.943504000,1.474864000,0.000000000,0.000000000,0.000000000,1.000000000
1403715403.867142916,-1.736789000,0.945998000,1.475072000,0.000000000,0.000000000,0.000000000,1.000000000
1403715403.872143269,-1.736395000,0.948487000,1.475266000,0.000000000,0.000000000,0.000000000,1.000000000
1403715403.877142906,-1.735991000,0.950969000,1.475457000,0.000000000,0.000000000,0.000000000,1.000000000
1403715403.882143021,-1.735570000,0.953454000,1.475657000,0.000000000,0.000000000,0.000000000,1.000000000
1403715403.887142897,-1.735123000,0.955950000,1.475878000,0.000000000,0.000000000,0.000000000,1.000000000
1403715403.892143250,-1.734656000,0.958444000,1.476104000,0.000000000,0.000000000,0.000000000,1.000000000
1403715403.897142887,-1.734169000,0.960933000,1.476329000,0.000000000,0.000000000,0.000000000,1.000000000
1403715403.902143002,-1.733661000,0.963433000,1.476557000,0.000000000,0.000000000,0.000000000,1.000000000
1403715403.907143354,-1.733072000,0.966018000,1.476797000,0.000000000,0.000000000,0.000000000,1.000000000
1403715403.912143230,-1.732511000,0.968562000,1.477039000,0.000000000,0.000000000,0.000000000,1.000000000
1403715403.917143106,-1.731933000,0.971109000,1.477287000,0.000000000,0.000000000,0.000000000,1.000000000
1403715403.922142982,-1.731336000,0.973647000,1.477531000,0.000000000,0.000000000,0.000000000,1.000000000
1403715403.927143335,-1.730718000,0.976180000,1.477767000,0.000000000,0.000000000,0.000000000,1.000000000
1403715403.932142973,-1.730081000,0.978715000,1.478000000,0.000000000,0.000000000,0.000000000,1.000000000
1403715403.937143087,-1.729428000,0.981260000,1.478235000,0.000000000,0.000000000,0.000000000,1.000000000
1403715403.942142963,-1.728761000,0.983817000,1.478475000,0.000000000,0.000000000,0.000000000,1.000000000
1403715403.947143316,-1.728074000,0.986381000,1.478721000,0.000000000,0.000000000,0.000000000,1.000000000
1403715403.952142954,-1.727365000,0.988943000,1.478981000,0.000000000,0.000000000,0.000000000,1.000000000
1403715403.957143068,-1.726576000,0.991559000,1.479256000,0.000000000,0.000000000,0.000000000,1.000000000
1403715403.962142944,-1.725824000,0.994126000,1.479528000,0.000000000,0.000000000,0.000000000,1.000000000
1403715403.967143297,-1.725053000,0.996699000,1.479802000,0.000000000,0.000000000,0.000000000,1.000000000
1403715403.972142935,-1.724268000,0.999272000,1.480084000,0.000000000,0.000000000,0.000000000,1.000000000
1403715403.977143049,-1.723472000,1.001845000,1.480376000,0.000000000,0.000000000,0.000000000,1.000000000
1403715403.982143164,-1.722672000,1.004417000,1.480667000,0.000000000,0.000000000,0.000000000,1.000000000
1403715403.987143040,-1.721868000,1.006985000,1.480952000,0.000000000,0.000000000,0.000000000,1.000000000
1403715403.992142916,-1.721044000,1.009545000,1.481237000,0.000000000,0.000000000,0.000000000,1.000000000
1403715403.997143030,-1.720187000,1.012103000,1.481538000,0.000000000,0.000000000,0.000000000,1.000000000
1403715404.002143145,-1.719304000,1.014667000,1.481856000,0.000000000,0.000000000,0.000000000,1.000000000
1403715404.007143021,-1.718326000,1.017286000,1.482188000,0.000000000,0.000000000,0.000000000,1.000000000
1403715404.012142897,-1.717401000,1.019855000,1.482531000,0.000000000,0.000000000,0.000000000,1.000000000
1403715404.017143011,-1.716462000,1.022418000,1.482891000,0.000000000,0.000000000,0.000000000,1.000000000
1403715404.022143126,-1.715501000,1.024982000,1.483265000,0.000000000,0.000000000,0.000000000,1.000000000
1403715404.027143002,-1.714523000,1.027544000,1.483652000,0.000000000,0.000000000,0.000000000,1.000000000
1403715404.032143116,-1.713540000,1.030099000,1.484048000,0.000000000,0.000000000,0.000000000,1.000000000
1403715404.037143230,-1.712546000,1.032652000,1.484451000,0.000000000,0.000000000,0.000000000,1.000000000
1403715404.042143345,-1.711534000,1.035216000,1.484870000,0.000000000,0.000000000,0.000000000,1.000000000
1403715404.047142982,-1.710503000,1.037781000,1.485300000,0.000000000,0.000000000,0.000000000,1.000000000
1403715404.052143097,-1.709462000,1.040334000,1.485728000,0.000000000,0.000000000,0.000000000,1.000000000
1403715404.057143211,-1.708328000,1.042922000,1.486147000,0.000000000,0.000000000,0.000000000,1.000000000
1403715404.062143087,-1.707245000,1.045478000,1.486571000,0.000000000,0.000000000,0.000000000,1.000000000
1403715404.067142963,-1.706148000,1.048039000,1.487005000,0.000000000,0.000000000,0.000000000,1.000000000
1403715404.072143078,-1.705036000,1.050608000,1.487436000,0.000000000,0.000000000,0.000000000,1.000000000
1403715404.077143192,-1.703909000,1.053183000,1.487863000,0.000000000,0.000000000,0.000000000,1.000000000
1403715404.082143068,-1.702766000,1.055762000,1.488290000,0.000000000,0.000000000,0.000000000,1.000000000
1403715404.087142944,-1.701610000,1.058339000,1.488717000,0.000000000,0.000000000,0.000000000,1.000000000
1403715404.092143297,-1.700438000,1.060920000,1.489149000,0.000000000,0.000000000,0.000000000,1.000000000
1403715404.097143173,-1.699251000,1.063508000,1.489591000,0.000000000,0.000000000,0.000000000,1.000000000
1403715404.102143049,-1.698052000,1.066097000,1.490028000,0.000000000,0.000000000,0.000000000,1.000000000
1403715404.107142925,-1.696751000,1.068710000,1.490458000,0.000000000,0.000000000,0.000000000,1.000000000
1403715404.112143278,-1.695510000,1.071299000,1.490893000,0.000000000,0.000000000,0.000000000,1.000000000
1403715404.117143154,-1.694259000,1.073886000,1.491333000,0.000000000,0.000000000,0.000000000,1.000000000
1403715404.122143030,-1.692994000,1.076474000,1.491779000,0.000000000,0.000000000,0.000000000,1.000000000
1403715404.127142906,-1.691720000,1.079067000,1.492234000,0.000000000,0.000000000,0.000000000,1.000000000
1403715404.132143259,-1.690438000,1.081663000,1.492695000,0.000000000,0.000000000,0.000000000,1.000000000
1403715404.137142897,-1.689144000,1.084263000,1.493159000,0.000000000,0.000000000,0.000000000,1.000000000
1403715404.142143011,-1.687836000,1.086869000,1.493624000,0.000000000,0.000000000,0.000000000,1.000000000
1403715404.147142887,-1.686515000,1.089480000,1.494090000,0.000000000,0.000000000,0.000000000,1.000000000
1403715404.152143240,-1.685184000,1.092091000,1.494557000,0.000000000,0.000000000,0.000000000,1.000000000
1403715404.157143116,-1.683741000,1.094714000,1.495012000,0.000000000,0.000000000,0.000000000,1.000000000
1403715404.162142992,-1.682357000,1.097333000,1.495468000,0.000000000,0.000000000,0.000000000,1.000000000
1403715404.167143345,-1.680959000,1.099956000,1.495914000,0.000000000,0.000000000,0.000000000,1.000000000
1403715404.172143221,-1.679558000,1.102579000,1.496354000,0.000000000,0.000000000,0.000000000,1.000000000
1403715404.177143097,-1.678156000,1.105197000,1.496789000,0.000000000,0.000000000,0.000000000,1.000000000
1403715404.182142973,-1.676752000,1.107814000,1.497219000,0.000000000,0.000000000,0.000000000,1.000000000
1403715404.187143326,-1.675344000,1.110437000,1.497651000,0.000000000,0.000000000,0.000000000,1.000000000
1403715404.192142963,-1.673929000,1.113068000,1.498081000,0.000000000,0.000000000,0.000000000,1.000000000
1403715404.197143078,-1.672504000,1.115713000,1.498503000,0.000000000,0.000000000,0.000000000,1.000000000
1403715404.202142954,-1.671082000,1.118367000,1.498913000,0.000000000,0.000000000,0.000000000,1.000000000
1403715404.207143307,-1.669568000,1.121020000,1.499299000,0.000000000,0.000000000,0.000000000,1.000000000
1403715404.212142944,-1.668138000,1.123684000,1.499698000,0.000000000,0.000000000,0.000000000,1.000000000
1403715404.217143059,-1.666709000,1.126354000,1.500099000,0.000000000,0.000000000,0.000000000,1.000000000
1403715404.222143173,-1.665271000,1.129035000,1.500495000,0.000000000,0.000000000,0.000000000,1.000000000
1403715404.227143288,-1.663824000,1.131728000,1.500892000,0.000000000,0.000000000,0.000000000,1.000000000
1403715404.232142925,-1.662372000,1.134430000,1.501290000,0.000000000,0.000000000,0.000000000,1.000000000
1403715404.237143040,-1.660910000,1.137145000,1.501687000,0.000000000,0.000000000,0.000000000,1.000000000
1403715404.242143154,-1.659439000,1.139867000,1.502079000,0.000000000,0.000000000,0.000000000,1.000000000
1403715404.247143030,-1.657962000,1.142596000,1.502455000,0.000000000,0.000000000,0.000000000,1.000000000
1403715404.252142906,-1.656483000,1.145331000,1.502815000,0.000000000,0.000000000,0.000000000,1.000000000
1403715404.257143021,-1.654904000,1.148050000,1.503148000,0.000000000,0.000000000,0.000000000,1.000000000
1403715404.262143135,-1.653411000,1.150790000,1.503485000,0.000000000,0.000000000,0.000000000,1.000000000
1403715404.267143011,-1.651911000,1.153543000,1.503812000,0.000000000,0.000000000,0.000000000,1.000000000
1403715404.272142887,-1.650406000,1.156312000,1.504132000,0.000000000,0.000000000,0.000000000,1.000000000
1403715404.277143240,-1.648899000,1.159096000,1.504440000,0.000000000,0.000000000,0.000000000,1.000000000
1403715404.282143354,-1.647389000,1.161896000,1.504739000,0.000000000,0.000000000,0.000000000,1.000000000
1403715404.287142992,-1.645877000,1.164704000,1.505033000,0.000000000,0.000000000,0.000000000,1.000000000
1403715404.292143106,-1.644361000,1.167520000,1.505318000,0.000000000,0.000000000,0.000000000,1.000000000
1403715404.297143221,-1.642841000,1.170344000,1.505591000,0.000000000,0.000000000,0.000000000,1.000000000
1403715404.302143097,-1.641322000,1.173182000,1.505845000,0.000000000,0.000000000,0.000000000,1.000000000
1403715404.307142973,-1.639705000,1.176004000,1.506054000,0.000000000,0.000000000,0.000000000,1.000000000
1403715404.312143087,-1.638193000,1.178864000,1.506275000,0.000000000,0.000000000,0.000000000,1.000000000
1403715404.317143202,-1.636687000,1.181743000,1.506489000,0.000000000,0.000000000,0.000000000,1.000000000
1403715404.322143078,-1.635187000,1.184640000,1.506706000,0.000000000,0.000000000,0.000000000,1.000000000
1403715404.327142954,-1.633688000,1.187544000,1.506922000,0.000000000,0.000000000,0.000000000,1.000000000
1403715404.332143307,-1.632181000,1.190451000,1.507144000,0.000000000,0.000000000,0.000000000,1.000000000
1403715404.337143183,-1.630668000,1.193357000,1.507372000,0.000000000,0.000000000,0.000000000,1.000000000
1403715404.342143059,-1.629153000,1.196269000,1.507601000,0.000000000,0.000000000,0.000000000,1.000000000
1403715404.347142935,-1.627644000,1.199193000,1.507831000,0.000000000,0.000000000,0.000000000,1.000000000
1403715404.352143288,-1.626140000,1.202134000,1.508058000,0.000000000,0.000000000,0.000000000,1.000000000
1403715404.357143164,-1.624532000,1.205052000,1.508235000,0.000000000,0.000000000,0.000000000,1.000000000
1403715404.362143040,-1.623015000,1.208014000,1.508443000,0.000000000,0.000000000,0.000000000,1.000000000
1403715404.367142916,-1.621495000,1.210974000,1.508650000,0.000000000,0.000000000,0.000000000,1.000000000
1403715404.372143269,-1.619969000,1.213930000,1.508858000,0.000000000,0.000000000,0.000000000,1.000000000
1403715404.377142906,-1.618444000,1.216898000,1.509064000,0.000000000,0.000000000,0.000000000,1.000000000
1403715404.382143021,-1.616930000,1.219885000,1.509251000,0.000000000,0.000000000,0.000000000,1.000000000
1403715404.387142897,-1.615426000,1.222894000,1.509426000,0.000000000,0.000000000,0.000000000,1.000000000
1403715404.392143250,-1.613930000,1.225927000,1.509596000,0.000000000,0.000000000,0.000000000,1.000000000
1403715404.397142887,-1.612444000,1.228971000,1.509761000,0.000000000,0.000000000,0.000000000,1.000000000
1403715404.402143002,-1.610964000,1.232020000,1.509929000,0.000000000,0.000000000,0.000000000,1.000000000
1403715404.407143354,-1.609379000,1.235029000,1.510067000,0.000000000,0.000000000,0.000000000,1.000000000
1403715404.412143230,-1.607875000,1.238095000,1.510261000,0.000000000,0.000000000,0.000000000,1.000000000
1403715404.417143106,-1.606366000,1.241182000,1.510456000,0.000000000,0.000000000,0.000000000,1.000000000
1403715404.422142982,-1.604854000,1.244282000,1.510645000,0.000000000,0.000000000,0.000000000,1.000000000
1403715404.427143335,-1.603343000,1.247393000,1.510830000,0.000000000,0.000000000,0.000000000,1.000000000
1403715404.432142973,-1.601839000,1.250516000,1.511009000,0.000000000,0.000000000,0.000000000,1.000000000
1403715404.437143087,-1.600347000,1.253649000,1.511176000,0.000000000,0.000000000,0.000000000,1.000000000
1403715404.442142963,-1.598860000,1.256790000,1.511328000,0.000000000,0.000000000,0.000000000,1.000000000
1403715404.447143316,-1.597376000,1.259941000,1.511473000,0.000000000,0.000000000,0.000000000,1.000000000
1403715404.452142954,-1.595893000,1.263098000,1.511613000,0.000000000,0.000000000,0.000000000,1.000000000
1403715404.457143068,-1.594315000,1.266200000,1.511696000,0.000000000,0.000000000,0.000000000,1.000000000
1403715404.462142944,-1.592822000,1.269369000,1.511832000,0.000000000,0.000000000,0.000000000,1.000000000
1403715404.467143297,-1.591332000,1.272566000,1.511974000,0.000000000,0.000000000,0.000000000,1.000000000
1403715404.472142935,-1.589849000,1.275785000,1.512118000,0.000000000,0.000000000,0.000000000,1.000000000
1403715404.477143049,-1.588369000,1.279019000,1.512255000,0.000000000,0.000000000,0.000000000,1.000000000
1403715404.482143164,-1.586886000,1.282260000,1.512383000,0.000000000,0.000000000,0.000000000,1.000000000
1403715404.487143040,-1.585399000,1.285504000,1.512503000,0.000000000,0.000000000,0.000000000,1.000000000
1403715404.492142916,-1.583909000,1.288751000,1.512607000,0.000000000,0.000000000,0.000000000,1.000000000
1403715404.497143030,-1.582422000,1.292004000,1.512701000,0.000000000,0.000000000,0.000000000,1.000000000
1403715404.502143145,-1.580949000,1.295273000,1.512790000,0.000000000,0.000000000,0.000000000,1.000000000
1403715404.507143021,-1.579391000,1.298494000,1.512823000,0.000000000,0.000000000,0.000000000,1.000000000
1403715404.512142897,-1.577921000,1.301788000,1.512908000,0.000000000,0.000000000,0.000000000,1.000000000
1403715404.517143011,-1.576457000,1.305096000,1.512998000,0.000000000,0.000000000,0.000000000,1.000000000
1403715404.522143126,-1.575001000,1.308408000,1.513086000,0.000000000,0.000000000,0.000000000,1.000000000
1403715404.527143002,-1.573553000,1.311724000,1.513159000,0.000000000,0.000000000,0.000000000,1.000000000
1403715404.532143116,-1.572111000,1.315052000,1.513221000,0.000000000,0.000000000,0.000000000,1.000000000
1403715404.537143230,-1.570676000,1.318391000,1.513280000,0.000000000,0.000000000,0.000000000,1.000000000
1403715404.542143345,-1.569248000,1.321742000,1.513319000,0.000000000,0.000000000,0.000000000,1.000000000
1403715404.547142982,-1.567821000,1.325112000,1.513334000,0.000000000,0.000000000,0.000000000,1.000000000
1403715404.552143097,-1.566394000,1.328503000,1.513328000,0.000000000,0.000000000,0.000000000,1.000000000
1403715404.557143211,-1.564883000,1.331822000,1.513250000,0.000000000,0.000000000,0.000000000,1.000000000
1403715404.562143087,-1.563449000,1.335219000,1.513206000,0.000000000,0.000000000,0.000000000,1.000000000
1403715404.567142963,-1.562029000,1.338617000,1.513157000,0.000000000,0.000000000,0.000000000,1.000000000
1403715404.572143078,-1.560627000,1.342020000,1.513094000,0.000000000,0.000000000,0.000000000,1.000000000
1403715404.577143192,-1.559252000,1.345430000,1.513014000,0.000000000,0.000000000,0.000000000,1.000000000
1403715404.582143068,-1.557906000,1.348852000,1.512921000,0.000000000,0.000000000,0.000000000,1.000000000
1403715404.587142944,-1.556574000,1.352288000,1.512827000,0.000000000,0.000000000,0.000000000,1.000000000
1403715404.592143297,-1.555248000,1.355734000,1.512741000,0.000000000,0.000000000,0.000000000,1.000000000
1403715404.597143173,-1.553923000,1.359193000,1.512658000,0.000000000,0.000000000,0.000000000,1.000000000
1403715404.602143049,-1.552594000,1.362664000,1.512572000,0.000000000,0.000000000,0.000000000,1.000000000
1403715404.607142925,-1.551190000,1.366055000,1.512420000,0.000000000,0.000000000,0.000000000,1.000000000
1403715404.612143278,-1.549855000,1.369544000,1.512298000,0.000000000,0.000000000,0.000000000,1.000000000
1403715404.617143154,-1.548526000,1.373054000,1.512169000,0.000000000,0.000000000,0.000000000,1.000000000
1403715404.622143030,-1.547204000,1.376582000,1.512036000,0.000000000,0.000000000,0.000000000,1.000000000
1403715404.627142906,-1.545883000,1.380123000,1.511897000,0.000000000,0.000000000,0.000000000,1.000000000
1403715404.632143259,-1.544558000,1.383669000,1.511743000,0.000000000,0.000000000,0.000000000,1.000000000
1403715404.637142897,-1.543240000,1.387229000,1.511570000,0.000000000,0.000000000,0.000000000,1.000000000
1403715404.642143011,-1.541932000,1.390808000,1.511380000,0.000000000,0.000000000,0.000000000,1.000000000
1403715404.647142887,-1.540631000,1.394402000,1.511188000,0.000000000,0.000000000,0.000000000,1.000000000
1403715404.652143240,-1.539333000,1.398012000,1.510993000,0.000000000,0.000000000,0.000000000,1.000000000
1403715404.657143116,-1.537976000,1.401529000,1.510732000,0.000000000,0.000000000,0.000000000,1.000000000
1403715404.662142992,-1.536678000,1.405134000,1.510502000,0.000000000,0.000000000,0.000000000,1.000000000
1403715404.667143345,-1.535395000,1.408737000,1.510277000,0.000000000,0.000000000,0.000000000,1.000000000
1403715404.672143221,-1.534130000,1.412336000,1.510058000,0.000000000,0.000000000,0.000000000,1.000000000
1403715404.677143097,-1.532879000,1.415934000,1.509842000,0.000000000,0.000000000,0.000000000,1.000000000
1403715404.682142973,-1.531632000,1.419534000,1.509623000,0.000000000,0.000000000,0.000000000,1.000000000
1403715404.687143326,-1.530385000,1.423138000,1.509399000,0.000000000,0.000000000,0.000000000,1.000000000
1403715404.692142963,-1.529145000,1.426753000,1.509176000,0.000000000,0.000000000,0.000000000,1.000000000
1403715404.697143078,-1.527911000,1.430392000,1.508959000,0.000000000,0.000000000,0.000000000,1.000000000
1403715404.702142954,-1.526680000,1.434055000,1.508751000,0.000000000,0.000000000,0.000000000,1.000000000
1403715404.707143307,-1.525403000,1.437620000,1.508498000,0.000000000,0.000000000,0.000000000,1.000000000
1403715404.712142944,-1.524169000,1.441281000,1.508274000,0.000000000,0.000000000,0.000000000,1.000000000
1403715404.717143059,-1.522948000,1.444939000,1.508044000,0.000000000,0.000000000,0.000000000,1.000000000
1403715404.722143173,-1.521737000,1.448599000,1.507811000,0.000000000,0.000000000,0.000000000,1.000000000
1403715404.727143288,-1.520533000,1.452271000,1.507573000,0.000000000,0.000000000,0.000000000,1.000000000
1403715404.732142925,-1.519333000,1.455962000,1.507336000,0.000000000,0.000000000,0.000000000,1.000000000
1403715404.737143040,-1.518142000,1.459665000,1.507100000,0.000000000,0.000000000,0.000000000,1.000000000
1403715404.742143154,-1.516961000,1.463371000,1.506860000,0.000000000,0.000000000,0.000000000,1.000000000
1403715404.747143030,-1.515780000,1.467075000,1.506619000,0.000000000,0.000000000,0.000000000,1.000000000
1403715404.752142906,-1.514591000,1.470774000,1.506377000,0.000000000,0.000000000,0.000000000,1.000000000
1403715404.757143021,-1.513358000,1.474342000,1.506075000,0.000000000,0.000000000,0.000000000,1.000000000
1403715404.762143135,-1.512149000,1.478022000,1.505798000,0.000000000,0.000000000,0.000000000,1.000000000
1403715404.767143011,-1.510953000,1.481712000,1.505518000,0.000000000,0.000000000,0.000000000,1.000000000
1403715404.772142887,-1.509776000,1.485410000,1.505245000,0.000000000,0.000000000,0.000000000,1.000000000
1403715404.777143240,-1.508607000,1.489110000,1.504976000,0.000000000,0.000000000,0.000000000,1.000000000
1403715404.782143354,-1.507437000,1.492806000,1.504700000,0.000000000,0.000000000,0.000000000,1.000000000
1403715404.787142992,-1.506274000,1.496498000,1.504406000,0.000000000,0.000000000,0.000000000,1.000000000
1403715404.792143106,-1.505126000,1.500188000,1.504090000,0.000000000,0.000000000,0.000000000,1.000000000
1403715404.797143221,-1.503984000,1.503883000,1.503766000,0.000000000,0.000000000,0.000000000,1.000000000
1403715404.802143097,-1.502845000,1.507582000,1.503451000,0.000000000,0.000000000,0.000000000,1.000000000
1403715404.807142973,-1.501683000,1.511131000,1.503106000,0.000000000,0.000000000,0.000000000,1.000000000
1403715404.812143087,-1.500535000,1.514794000,1.502795000,0.000000000,0.000000000,0.000000000,1.000000000
1403715404.817143202,-1.499379000,1.518456000,1.502484000,0.000000000,0.000000000,0.000000000,1.000000000
1403715404.822143078,-1.498219000,1.522122000,1.502176000,0.000000000,0.000000000,0.000000000,1.000000000
1403715404.827142954,-1.497062000,1.525797000,1.501862000,0.000000000,0.000000000,0.000000000,1.000000000
1403715404.832143307,-1.495905000,1.529482000,1.501543000,0.000000000,0.000000000,0.000000000,1.000000000
1403715404.837143183,-1.494757000,1.533169000,1.501222000,0.000000000,0.000000000,0.000000000,1.000000000
1403715404.842143059,-1.493618000,1.536850000,1.500893000,0.000000000,0.000000000,0.000000000,1.000000000
1403715404.847142935,-1.492482000,1.540523000,1.500564000,0.000000000,0.000000000,0.000000000,1.000000000
1403715404.852143288,-1.491344000,1.544196000,1.500237000,0.000000000,0.000000000,0.000000000,1.000000000
1403715404.857143164,-1.490183000,1.547723000,1.499874000,0.000000000,0.000000000,0.000000000,1.000000000
1403715404.862143040,-1.489036000,1.551382000,1.499521000,0.000000000,0.000000000,0.000000000,1.000000000
1403715404.867142916,-1.487898000,1.555047000,1.499155000,0.000000000,0.000000000,0.000000000,1.000000000
1403715404.872143269,-1.486773000,1.558714000,1.498785000,0.000000000,0.000000000,0.000000000,1.000000000
1403715404.877142906,-1.485661000,1.562380000,1.498415000,0.000000000,0.000000000,0.000000000,1.000000000
1403715404.882143021,-1.484563000,1.566045000,1.498055000,0.000000000,0.000000000,0.000000000,1.000000000
1403715404.887142897,-1.483473000,1.569709000,1.497713000,0.000000000,0.000000000,0.000000000,1.000000000
1403715404.892143250,-1.482385000,1.573371000,1.497386000,0.000000000,0.000000000,0.000000000,1.000000000
1403715404.897142887,-1.481288000,1.577034000,1.497065000,0.000000000,0.000000000,0.000000000,1.000000000
1403715404.902143002,-1.480182000,1.580701000,1.496738000,0.000000000,0.000000000,0.000000000,1.000000000
1403715404.907143354,-1.479067000,1.584208000,1.496379000,0.000000000,0.000000000,0.000000000,1.000000000
1403715404.912143230,-1.477985000,1.587839000,1.496017000,0.000000000,0.000000000,0.000000000,1.000000000
1403715404.917143106,-1.476913000,1.591468000,1.495655000,0.000000000,0.000000000,0.000000000,1.000000000
1403715404.922142982,-1.475841000,1.595101000,1.495300000,0.000000000,0.000000000,0.000000000,1.000000000
1403715404.927143335,-1.474769000,1.598739000,1.494949000,0.000000000,0.000000000,0.000000000,1.000000000
1403715404.932142973,-1.473700000,1.602378000,1.494589000,0.000000000,0.000000000,0.000000000,1.000000000
1403715404.937143087,-1.472631000,1.606009000,1.494218000,0.000000000,0.000000000,0.000000000,1.000000000
1403715404.942142963,-1.471568000,1.609626000,1.493846000,0.000000000,0.000000000,0.000000000,1.000000000
1403715404.947143316,-1.470515000,1.613232000,1.493469000,0.000000000,0.000000000,0.000000000,1.000000000
1403715404.952142954,-1.469466000,1.616834000,1.493078000,0.000000000,0.000000000,0.000000000,1.000000000
1403715404.957143068,-1.468386000,1.620282000,1.492673000,0.000000000,0.000000000,0.000000000,1.000000000
1403715404.962142944,-1.467324000,1.623865000,1.492278000,0.000000000,0.000000000,0.000000000,1.000000000
1403715404.967143297,-1.466266000,1.627444000,1.491883000,0.000000000,0.000000000,0.000000000,1.000000000
1403715404.972142935,-1.465215000,1.631011000,1.491492000,0.000000000,0.000000000,0.000000000,1.000000000
1403715404.977143049,-1.464162000,1.634567000,1.491112000,0.000000000,0.000000000,0.000000000,1.000000000
1403715404.982143164,-1.463102000,1.638115000,1.490745000,0.000000000,0.000000000,0.000000000,1.000000000
1403715404.987143040,-1.462042000,1.641660000,1.490380000,0.000000000,0.000000000,0.000000000,1.000000000
1403715404.992142916,-1.460990000,1.645204000,1.490008000,0.000000000,0.000000000,0.000000000,1.000000000
1403715404.997143030,-1.459944000,1.648747000,1.489621000,0.000000000,0.000000000,0.000000000,1.000000000
1403715405.002143145,-1.458899000,1.652281000,1.489222000,0.000000000,0.000000000,0.000000000,1.000000000
1403715405.007143021,-1.457824000,1.655650000,1.488821000,0.000000000,0.000000000,0.000000000,1.000000000
1403715405.012142897,-1.456779000,1.659142000,1.488414000,0.000000000,0.000000000,0.000000000,1.000000000
1403715405.017143011,-1.455739000,1.662631000,1.487998000,0.000000000,0.000000000,0.000000000,1.000000000
1403715405.022143126,-1.454707000,1.666119000,1.487580000,0.000000000,0.000000000,0.000000000,1.000000000
1403715405.027143002,-1.453687000,1.669599000,1.487165000,0.000000000,0.000000000,0.000000000,1.000000000
1403715405.032143116,-1.452675000,1.673073000,1.486758000,0.000000000,0.000000000,0.000000000,1.000000000
1403715405.037143230,-1.451673000,1.676540000,1.486367000,0.000000000,0.000000000,0.000000000,1.000000000
1403715405.042143345,-1.450690000,1.679994000,1.485981000,0.000000000,0.000000000,0.000000000,1.000000000
1403715405.047142982,-1.449719000,1.683431000,1.485588000,0.000000000,0.000000000,0.000000000,1.000000000
1403715405.052143097,-1.448749000,1.686856000,1.485187000,0.000000000,0.000000000,0.000000000,1.000000000
1403715405.057143211,-1.447743000,1.690121000,1.484812000,0.000000000,0.000000000,0.000000000,1.000000000
1403715405.062143087,-1.446776000,1.693509000,1.484439000,0.000000000,0.000000000,0.000000000,1.000000000
1403715405.067142963,-1.445811000,1.696893000,1.484068000,0.000000000,0.000000000,0.000000000,1.000000000
1403715405.072143078,-1.444858000,1.700272000,1.483686000,0.000000000,0.000000000,0.000000000,1.000000000
1403715405.077143192,-1.443918000,1.703643000,1.483291000,0.000000000,0.000000000,0.000000000,1.000000000
1403715405.082143068,-1.442994000,1.707005000,1.482880000,0.000000000,0.000000000,0.000000000,1.000000000
1403715405.087142944,-1.442084000,1.710360000,1.482451000,0.000000000,0.000000000,0.000000000,1.000000000
1403715405.092143297,-1.441189000,1.713716000,1.482012000,0.000000000,0.000000000,0.000000000,1.000000000
1403715405.097143173,-1.440306000,1.717068000,1.481571000,0.000000000,0.000000000,0.000000000,1.000000000
1403715405.102143049,-1.439430000,1.720411000,1.481127000,0.000000000,0.000000000,0.000000000,1.000000000
1403715405.107142925,-1.438507000,1.723583000,1.480701000,0.000000000,0.000000000,0.000000000,1.000000000
1403715405.112143278,-1.437637000,1.726860000,1.480250000,0.000000000,0.000000000,0.000000000,1.000000000
1403715405.117143154,-1.436768000,1.730116000,1.479793000,0.000000000,0.000000000,0.000000000,1.000000000
1403715405.122143030,-1.435903000,1.733354000,1.479342000,0.000000000,0.000000000,0.000000000,1.000000000
1403715405.127142906,-1.435045000,1.736583000,1.478895000,0.000000000,0.000000000,0.000000000,1.000000000
1403715405.132143259,-1.434192000,1.739808000,1.478449000,0.000000000,0.000000000,0.000000000,1.000000000
1403715405.137142897,-1.433346000,1.743026000,1.478011000,0.000000000,0.000000000,0.000000000,1.000000000
1403715405.142143011,-1.432511000,1.746233000,1.477573000,0.000000000,0.000000000,0.000000000,1.000000000
1403715405.147142887,-1.431684000,1.749424000,1.477127000,0.000000000,0.000000000,0.000000000,1.000000000
1403715405.152143240,-1.430864000,1.752594000,1.476667000,0.000000000,0.000000000,0.000000000,1.000000000
1403715405.157143116,-1.429988000,1.755599000,1.476233000,0.000000000,0.000000000,0.000000000,1.000000000
1403715405.162142992,-1.429171000,1.758705000,1.475767000,0.000000000,0.000000000,0.000000000,1.000000000
1403715405.167143345,-1.428363000,1.761798000,1.475300000,0.000000000,0.000000000,0.000000000,1.000000000
1403715405.172143221,-1.427562000,1.764877000,1.474838000,0.000000000,0.000000000,0.000000000,1.000000000
1403715405.177143097,-1.426765000,1.767947000,1.474393000,0.000000000,0.000000000,0.000000000,1.000000000
1403715405.182142973,-1.425974000,1.771006000,1.473956000,0.000000000,0.000000000,0.000000000,1.000000000
1403715405.187143326,-1.425191000,1.774046000,1.473515000,0.000000000,0.000000000,0.000000000,1.000000000
1403715405.192142963,-1.424423000,1.777064000,1.473072000,0.000000000,0.000000000,0.000000000,1.000000000
1403715405.197143078,-1.423664000,1.780068000,1.472615000,0.000000000,0.000000000,0.000000000,1.000000000
1403715405.202142954,-1.422909000,1.783067000,1.472144000,0.000000000,0.000000000,0.000000000,1.000000000
1403715405.207143307,-1.422096000,1.785925000,1.471710000,0.000000000,0.000000000,0.000000000,1.000000000
1403715405.212142944,-1.421347000,1.788879000,1.471229000,0.000000000,0.000000000,0.000000000,1.000000000
1403715405.217143059,-1.420594000,1.791819000,1.470750000,0.000000000,0.000000000,0.000000000,1.000000000
1403715405.222143173,-1.419842000,1.794746000,1.470275000,0.000000000,0.000000000,0.000000000,1.000000000
1403715405.227143288,-1.419102000,1.797657000,1.469792000,0.000000000,0.000000000,0.000000000,1.000000000
1403715405.232142925,-1.418373000,1.800557000,1.469296000,0.000000000,0.000000000,0.000000000,1.000000000
1403715405.237143040,-1.417647000,1.803455000,1.468798000,0.000000000,0.000000000,0.000000000,1.000000000
1403715405.242143154,-1.416922000,1.806347000,1.468302000,0.000000000,0.000000000,0.000000000,1.000000000
1403715405.247143030,-1.416196000,1.809224000,1.467812000,0.000000000,0.000000000,0.000000000,1.000000000
1403715405.252142906,-1.415468000,1.812085000,1.467328000,0.000000000,0.000000000,0.000000000,1.000000000
1403715405.257143021,-1.414666000,1.814796000,1.466906000,0.000000000,0.000000000,0.000000000,1.000000000
1403715405.262143135,-1.413922000,1.817600000,1.466445000,0.000000000,0.000000000,0.000000000,1.000000000
1403715405.267143011,-1.413180000,1.820390000,1.465985000,0.000000000,0.000000000,0.000000000,1.000000000
1403715405.272142887,-1.412443000,1.823167000,1.465517000,0.000000000,0.000000000,0.000000000,1.000000000
1403715405.277143240,-1.411712000,1.825927000,1.465037000,0.000000000,0.000000000,0.000000000,1.000000000
1403715405.282143354,-1.410988000,1.828672000,1.464555000,0.000000000,0.000000000,0.000000000,1.000000000
1403715405.287142992,-1.410268000,1.831401000,1.464077000,0.000000000,0.000000000,0.000000000,1.000000000
1403715405.292143106,-1.409552000,1.834114000,1.463602000,0.000000000,0.000000000,0.000000000,1.000000000
1403715405.297143221,-1.408838000,1.836810000,1.463124000,0.000000000,0.000000000,0.000000000,1.000000000
1403715405.302143097,-1.408122000,1.839495000,1.462642000,0.000000000,0.000000000,0.000000000,1.000000000
1403715405.307142973,-1.407339000,1.842039000,1.462220000,0.000000000,0.000000000,0.000000000,1.000000000
1403715405.312143087,-1.406618000,1.844678000,1.461750000,0.000000000,0.000000000,0.000000000,1.000000000
1403715405.317143202,-1.405897000,1.847312000,1.461268000,0.000000000,0.000000000,0.000000000,1.000000000
1403715405.322143078,-1.405171000,1.849937000,1.460770000,0.000000000,0.000000000,0.000000000,1.000000000
1403715405.327142954,-1.404443000,1.852546000,1.460264000,0.000000000,0.000000000,0.000000000,1.000000000
1403715405.332143307,-1.403716000,1.855140000,1.459772000,0.000000000,0.000000000,0.000000000,1.000000000
1403715405.337143183,-1.402996000,1.857717000,1.459307000,0.000000000,0.000000000,0.000000000,1.000000000
1403715405.342143059,-1.402275000,1.860282000,1.458853000,0.000000000,0.000000000,0.000000000,1.000000000
1403715405.347142935,-1.401545000,1.862837000,1.458398000,0.000000000,0.000000000,0.000000000,1.000000000
1403715405.352143288,-1.400815000,1.865389000,1.457953000,0.000000000,0.000000000,0.000000000,1.000000000
1403715405.357143164,-1.400027000,1.867806000,1.457571000,0.000000000,0.000000000,0.000000000,1.000000000
1403715405.362143040,-1.399308000,1.870312000,1.457131000,0.000000000,0.000000000,0.000000000,1.000000000
1403715405.367142916,-1.398594000,1.872802000,1.456676000,0.000000000,0.000000000,0.000000000,1.000000000
1403715405.372143269,-1.397878000,1.875270000,1.456207000,0.000000000,0.000000000,0.000000000,1.000000000
1403715405.377142906,-1.397163000,1.877720000,1.455740000,0.000000000,0.000000000,0.000000000,1.000000000
1403715405.382143021,-1.396457000,1.880152000,1.455276000,0.000000000,0.000000000,0.000000000,1.000000000
1403715405.387142897,-1.395755000,1.882571000,1.454812000,0.000000000,0.000000000,0.000000000,1.000000000
1403715405.392143250,-1.395054000,1.884989000,1.454352000,0.000000000,0.000000000,0.000000000,1.000000000
1403715405.397142887,-1.394350000,1.887401000,1.453890000,0.000000000,0.000000000,0.000000000,1.000000000
1403715405.402143002,-1.393641000,1.889805000,1.453425000,0.000000000,0.000000000,0.000000000,1.000000000
1403715405.407143354,-1.392871000,1.892070000,1.453015000,0.000000000,0.000000000,0.000000000,1.000000000
1403715405.412143230,-1.392162000,1.894428000,1.452547000,0.000000000,0.000000000,0.000000000,1.000000000
1403715405.417143106,-1.391454000,1.896779000,1.452072000,0.000000000,0.000000000,0.000000000,1.000000000
1403715405.422142982,-1.390742000,1.899123000,1.451600000,0.000000000,0.000000000,0.000000000,1.000000000
1403715405.427143335,-1.390029000,1.901459000,1.451130000,0.000000000,0.000000000,0.000000000,1.000000000
1403715405.432142973,-1.389319000,1.903785000,1.450659000,0.000000000,0.000000000,0.000000000,1.000000000
1403715405.437143087,-1.388611000,1.906101000,1.450181000,0.000000000,0.000000000,0.000000000,1.000000000
1403715405.442142963,-1.387903000,1.908407000,1.449699000,0.000000000,0.000000000,0.000000000,1.000000000
1403715405.447143316,-1.387196000,1.910706000,1.449223000,0.000000000,0.000000000,0.000000000,1.000000000
1403715405.452142954,-1.386493000,1.912997000,1.448751000,0.000000000,0.000000000,0.000000000,1.000000000
1403715405.457143068,-1.385736000,1.915151000,1.448346000,0.000000000,0.000000000,0.000000000,1.000000000
1403715405.462142944,-1.385022000,1.917394000,1.447893000,0.000000000,0.000000000,0.000000000,1.000000000
1403715405.467143297,-1.384309000,1.919615000,1.447446000,0.000000000,0.000000000,0.000000000,1.000000000
1403715405.472142935,-1.383596000,1.921817000,1.447002000,0.000000000,0.000000000,0.000000000,1.000000000
1403715405.477143049,-1.382879000,1.924011000,1.446565000,0.000000000,0.000000000,0.000000000,1.000000000
1403715405.482143164,-1.382165000,1.926204000,1.446130000,0.000000000,0.000000000,0.000000000,1.000000000
1403715405.487143040,-1.381453000,1.928394000,1.445692000,0.000000000,0.000000000,0.000000000,1.000000000
1403715405.492142916,-1.380743000,1.930575000,1.445251000,0.000000000,0.000000000,0.000000000,1.000000000
1403715405.497143030,-1.380035000,1.932740000,1.444809000,0.000000000,0.000000000,0.000000000,1.000000000
1403715405.502143145,-1.379327000,1.934890000,1.444361000,0.000000000,0.000000000,0.000000000,1.000000000
1403715405.507143021,-1.378568000,1.936898000,1.443970000,0.000000000,0.000000000,0.000000000,1.000000000
1403715405.512142897,-1.377850000,1.939006000,1.443536000,0.000000000,0.000000000,0.000000000,1.000000000
1403715405.517143011,-1.377131000,1.941108000,1.443103000,0.000000000,0.000000000,0.000000000,1.000000000
1403715405.522143126,-1.376409000,1.943202000,1.442673000,0.000000000,0.000000000,0.000000000,1.000000000
1403715405.527143002,-1.375685000,1.945289000,1.442247000,0.000000000,0.000000000,0.000000000,1.000000000
1403715405.532143116,-1.374961000,1.947369000,1.441820000,0.000000000,0.000000000,0.000000000,1.000000000
1403715405.537143230,-1.374238000,1.949440000,1.441389000,0.000000000,0.000000000,0.000000000,1.000000000
1403715405.542143345,-1.373518000,1.951497000,1.440963000,0.000000000,0.000000000,0.000000000,1.000000000
1403715405.547142982,-1.372804000,1.953544000,1.440545000,0.000000000,0.000000000,0.000000000,1.000000000
1403715405.552143097,-1.372095000,1.955584000,1.440129000,0.000000000,0.000000000,0.000000000,1.000000000
1403715405.557143211,-1.371352000,1.957487000,1.439780000,0.000000000,0.000000000,0.000000000,1.000000000
1403715405.562143087,-1.370635000,1.959489000,1.439379000,0.000000000,0.000000000,0.000000000,1.000000000
1403715405.567142963,-1.369924000,1.961476000,1.438976000,0.000000000,0.000000000,0.000000000,1.000000000
1403715405.572143078,-1.369212000,1.963448000,1.438570000,0.000000000,0.000000000,0.000000000,1.000000000
1403715405.577143192,-1.368494000,1.965403000,1.438160000,0.000000000,0.000000000,0.000000000,1.000000000
1403715405.582143068,-1.367773000,1.967342000,1.437745000,0.000000000,0.000000000,0.000000000,1.000000000
1403715405.587142944,-1.367055000,1.969269000,1.437323000,0.000000000,0.000000000,0.000000000,1.000000000
1403715405.592143297,-1.366333000,1.971194000,1.436906000,0.000000000,0.000000000,0.000000000,1.000000000
1403715405.597143173,-1.365608000,1.973117000,1.436501000,0.000000000,0.000000000,0.000000000,1.000000000
1403715405.602143049,-1.364881000,1.975035000,1.436100000,0.000000000,0.000000000,0.000000000,1.000000000
1403715405.607142925,-1.364130000,1.976817000,1.435763000,0.000000000,0.000000000,0.000000000,1.000000000
1403715405.612143278,-1.363397000,1.978690000,1.435365000,0.000000000,0.000000000,0.000000000,1.000000000
1403715405.617143154,-1.362663000,1.980548000,1.434959000,0.000000000,0.000000000,0.000000000,1.000000000
1403715405.622143030,-1.361922000,1.982400000,1.434551000,0.000000000,0.000000000,0.000000000,1.000000000
1403715405.627142906,-1.361174000,1.984254000,1.434138000,0.000000000,0.000000000,0.000000000,1.000000000
1403715405.632143259,-1.360417000,1.986117000,1.433709000,0.000000000,0.000000000,0.000000000,1.000000000
1403715405.637142897,-1.359650000,1.987988000,1.433272000,0.000000000,0.000000000,0.000000000,1.000000000
1403715405.642143011,-1.358879000,1.989856000,1.432838000,0.000000000,0.000000000,0.000000000,1.000000000
1403715405.647142887,-1.358114000,1.991715000,1.432411000,0.000000000,0.000000000,0.000000000,1.000000000
1403715405.652143240,-1.357343000,1.993567000,1.431982000,0.000000000,0.000000000,0.000000000,1.000000000
1403715405.657143116,-1.356550000,1.995282000,1.431611000,0.000000000,0.000000000,0.000000000,1.000000000
1403715405.662142992,-1.355751000,1.997101000,1.431186000,0.000000000,0.000000000,0.000000000,1.000000000
1403715405.667143345,-1.354953000,1.998924000,1.430754000,0.000000000,0.000000000,0.000000000,1.000000000
1403715405.672143221,-1.354157000,2.000754000,1.430315000,0.000000000,0.000000000,0.000000000,1.000000000
1403715405.677143097,-1.353354000,2.002595000,1.429882000,0.000000000,0.000000000,0.000000000,1.000000000
1403715405.682142973,-1.352546000,2.004434000,1.429459000,0.000000000,0.000000000,0.000000000,1.000000000
1403715405.687143326,-1.351734000,2.006260000,1.429046000,0.000000000,0.000000000,0.000000000,1.000000000
1403715405.692142963,-1.350914000,2.008070000,1.428633000,0.000000000,0.000000000,0.000000000,1.000000000
1403715405.697143078,-1.350080000,2.009865000,1.428210000,0.000000000,0.000000000,0.000000000,1.000000000
1403715405.702142954,-1.349233000,2.011656000,1.427791000,0.000000000,0.000000000,0.000000000,1.000000000
1403715405.707143307,-1.348394000,2.013332000,1.427439000,0.000000000,0.000000000,0.000000000,1.000000000
1403715405.712142944,-1.347536000,2.015129000,1.427040000,0.000000000,0.000000000,0.000000000,1.000000000
1403715405.717143059,-1.346660000,2.016932000,1.426635000,0.000000000,0.000000000,0.000000000,1.000000000
1403715405.722143173,-1.345774000,2.018732000,1.426227000,0.000000000,0.000000000,0.000000000,1.000000000
1403715405.727143288,-1.344893000,2.020522000,1.425828000,0.000000000,0.000000000,0.000000000,1.000000000
1403715405.732142925,-1.344013000,2.022299000,1.425436000,0.000000000,0.000000000,0.000000000,1.000000000
1403715405.737143040,-1.343128000,2.024063000,1.425048000,0.000000000,0.000000000,0.000000000,1.000000000
1403715405.742143154,-1.342233000,2.025823000,1.424666000,0.000000000,0.000000000,0.000000000,1.000000000
1403715405.747143030,-1.341325000,2.027590000,1.424287000,0.000000000,0.000000000,0.000000000,1.000000000
1403715405.752142906,-1.340417000,2.029365000,1.423895000,0.000000000,0.000000000,0.000000000,1.000000000
1403715405.757143021,-1.339541000,2.031018000,1.423534000,0.000000000,0.000000000,0.000000000,1.000000000
1403715405.762143135,-1.338639000,2.032780000,1.423108000,0.000000000,0.000000000,0.000000000,1.000000000
1403715405.767143011,-1.337739000,2.034539000,1.422670000,0.000000000,0.000000000,0.000000000,1.000000000
1403715405.772142887,-1.336839000,2.036297000,1.422224000,0.000000000,0.000000000,0.000000000,1.000000000
1403715405.777143240,-1.335932000,2.038057000,1.421770000,0.000000000,0.000000000,0.000000000,1.000000000
1403715405.782143354,-1.335013000,2.039820000,1.421321000,0.000000000,0.000000000,0.000000000,1.000000000
1403715405.787142992,-1.334080000,2.041590000,1.420882000,0.000000000,0.000000000,0.000000000,1.000000000
1403715405.792143106,-1.333138000,2.043362000,1.420438000,0.000000000,0.000000000,0.000000000,1.000000000
1403715405.797143221,-1.332191000,2.045126000,1.419987000,0.000000000,0.000000000,0.000000000,1.000000000
1403715405.802143097,-1.331241000,2.046886000,1.419537000,0.000000000,0.000000000,0.000000000,1.000000000
1403715405.807142973,-1.330329000,2.048520000,1.419142000,0.000000000,0.000000000,0.000000000,1.000000000
1403715405.812143087,-1.329350000,2.050260000,1.418733000,0.000000000,0.000000000,0.000000000,1.000000000
1403715405.817143202,-1.328349000,2.051997000,1.418354000,0.000000000,0.000000000,0.000000000,1.000000000
1403715405.822143078,-1.327339000,2.053732000,1.417984000,0.000000000,0.000000000,0.000000000,1.000000000
1403715405.827142954,-1.326321000,2.055463000,1.417606000,0.000000000,0.000000000,0.000000000,1.000000000
1403715405.832143307,-1.325297000,2.057191000,1.417211000,0.000000000,0.000000000,0.000000000,1.000000000
1403715405.837143183,-1.324270000,2.058918000,1.416800000,0.000000000,0.000000000,0.000000000,1.000000000
1403715405.842143059,-1.323241000,2.060649000,1.416367000,0.000000000,0.000000000,0.000000000,1.000000000
1403715405.847142935,-1.322204000,2.062388000,1.415911000,0.000000000,0.000000000,0.000000000,1.000000000
1403715405.852143288,-1.321159000,2.064143000,1.415427000,0.000000000,0.000000000,0.000000000,1.000000000
1403715405.857143164,-1.320175000,2.065774000,1.414953000,0.000000000,0.000000000,0.000000000,1.000000000
1403715405.862143040,-1.319137000,2.067505000,1.414444000,0.000000000,0.000000000,0.000000000,1.000000000
1403715405.867142916,-1.318100000,2.069227000,1.413942000,0.000000000,0.000000000,0.000000000,1.000000000
1403715405.872143269,-1.317058000,2.070948000,1.413446000,0.000000000,0.000000000,0.000000000,1.000000000
1403715405.877142906,-1.316000000,2.072678000,1.412961000,0.000000000,0.000000000,0.000000000,1.000000000
1403715405.882143021,-1.314924000,2.074427000,1.412494000,0.000000000,0.000000000,0.000000000,1.000000000
1403715405.887142897,-1.313831000,2.076190000,1.412052000,0.000000000,0.000000000,0.000000000,1.000000000
1403715405.892143250,-1.312729000,2.077954000,1.411622000,0.000000000,0.000000000,0.000000000,1.000000000
1403715405.897142887,-1.311620000,2.079710000,1.411184000,0.000000000,0.000000000,0.000000000,1.000000000
1403715405.902143002,-1.310506000,2.081451000,1.410732000,0.000000000,0.000000000,0.000000000,1.000000000
1403715405.907143354,-1.309469000,2.083054000,1.410289000,0.000000000,0.000000000,0.000000000,1.000000000
1403715405.912143230,-1.308343000,2.084763000,1.409808000,0.000000000,0.000000000,0.000000000,1.000000000
1403715405.917143106,-1.307193000,2.086480000,1.409314000,0.000000000,0.000000000,0.000000000,1.000000000
1403715405.922142982,-1.306029000,2.088209000,1.408811000,0.000000000,0.000000000,0.000000000,1.000000000
1403715405.927143335,-1.304852000,2.089942000,1.408310000,0.000000000,0.000000000,0.000000000,1.000000000
1403715405.932142973,-1.303658000,2.091665000,1.407820000,0.000000000,0.000000000,0.000000000,1.000000000
1403715405.937143087,-1.302451000,2.093378000,1.407345000,0.000000000,0.000000000,0.000000000,1.000000000
1403715405.942142963,-1.301236000,2.095085000,1.406884000,0.000000000,0.000000000,0.000000000,1.000000000
1403715405.947143316,-1.300015000,2.096793000,1.406434000,0.000000000,0.000000000,0.000000000,1.000000000
1403715405.952142954,-1.298784000,2.098505000,1.405986000,0.000000000,0.000000000,0.000000000,1.000000000
1403715405.957143068,-1.297643000,2.100095000,1.405544000,0.000000000,0.000000000,0.000000000,1.000000000
1403715405.962142944,-1.296409000,2.101781000,1.405095000,0.000000000,0.000000000,0.000000000,1.000000000
1403715405.967143297,-1.295170000,2.103459000,1.404643000,0.000000000,0.000000000,0.000000000,1.000000000
1403715405.972142935,-1.293923000,2.105131000,1.404194000,0.000000000,0.000000000,0.000000000,1.000000000
1403715405.977143049,-1.292659000,2.106804000,1.403753000,0.000000000,0.000000000,0.000000000,1.000000000
1403715405.982143164,-1.291369000,2.108481000,1.403304000,0.000000000,0.000000000,0.000000000,1.000000000
1403715405.987143040,-1.290052000,2.110164000,1.402848000,0.000000000,0.000000000,0.000000000,1.000000000
1403715405.992142916,-1.288723000,2.111849000,1.402396000,0.000000000,0.000000000,0.000000000,1.000000000
1403715405.997143030,-1.287382000,2.113539000,1.401941000,0.000000000,0.000000000,0.000000000,1.000000000
1403715406.002143145,-1.286023000,2.115230000,1.401483000,0.000000000,0.000000000,0.000000000,1.000000000
1403715406.007143021,-1.284768000,2.116807000,1.401021000,0.000000000,0.000000000,0.000000000,1.000000000
1403715406.012142897,-1.283411000,2.118478000,1.400545000,0.000000000,0.000000000,0.000000000,1.000000000
1403715406.017143011,-1.282061000,2.120154000,1.400056000,0.000000000,0.000000000,0.000000000,1.000000000
1403715406.022143126,-1.280717000,2.121833000,1.399555000,0.000000000,0.000000000,0.000000000,1.000000000
1403715406.027143002,-1.279368000,2.123522000,1.399051000,0.000000000,0.000000000,0.000000000,1.000000000
1403715406.032143116,-1.278010000,2.125221000,1.398548000,0.000000000,0.000000000,0.000000000,1.000000000
1403715406.037143230,-1.276640000,2.126923000,1.398039000,0.000000000,0.000000000,0.000000000,1.000000000
1403715406.042143345,-1.275262000,2.128620000,1.397520000,0.000000000,0.000000000,0.000000000,1.000000000
1403715406.047142982,-1.273881000,2.130308000,1.396990000,0.000000000,0.000000000,0.000000000,1.000000000
1403715406.052143097,-1.272497000,2.131987000,1.396451000,0.000000000,0.000000000,0.000000000,1.000000000
1403715406.057143211,-1.271246000,2.133556000,1.395902000,0.000000000,0.000000000,0.000000000,1.000000000
1403715406.062143087,-1.269871000,2.135212000,1.395345000,0.000000000,0.000000000,0.000000000,1.000000000
1403715406.067142963,-1.268488000,2.136872000,1.394774000,0.000000000,0.000000000,0.000000000,1.000000000
1403715406.072143078,-1.267099000,2.138530000,1.394190000,0.000000000,0.000000000,0.000000000,1.000000000
1403715406.077143192,-1.265708000,2.140179000,1.393593000,0.000000000,0.000000000,0.000000000,1.000000000
1403715406.082143068,-1.264309000,2.141817000,1.392998000,0.000000000,0.000000000,0.000000000,1.000000000
1403715406.087142944,-1.262901000,2.143446000,1.392410000,0.000000000,0.000000000,0.000000000,1.000000000
1403715406.092143297,-1.261488000,2.145074000,1.391813000,0.000000000,0.000000000,0.000000000,1.000000000
1403715406.097143173,-1.260066000,2.146708000,1.391208000,0.000000000,0.000000000,0.000000000,1.000000000
1403715406.102143049,-1.258635000,2.148350000,1.390606000,0.000000000,0.000000000,0.000000000,1.000000000
1403715406.107142925,-1.257344000,2.149908000,1.389993000,0.000000000,0.000000000,0.000000000,1.000000000
1403715406.112143278,-1.255927000,2.151531000,1.389380000,0.000000000,0.000000000,0.000000000,1.000000000
1403715406.117143154,-1.254509000,2.153145000,1.388754000,0.000000000,0.000000000,0.000000000,1.000000000
1403715406.122143030,-1.253091000,2.154758000,1.388099000,0.000000000,0.000000000,0.000000000,1.000000000
1403715406.127142906,-1.251671000,2.156376000,1.387414000,0.000000000,0.000000000,0.000000000,1.000000000
1403715406.132143259,-1.250252000,2.158009000,1.386717000,0.000000000,0.000000000,0.000000000,1.000000000
1403715406.137142897,-1.248836000,2.159655000,1.386016000,0.000000000,0.000000000,0.000000000,1.000000000
1403715406.142143011,-1.247417000,2.161305000,1.385306000,0.000000000,0.000000000,0.000000000,1.000000000
1403715406.147142887,-1.245988000,2.162956000,1.384581000,0.000000000,0.000000000,0.000000000,1.000000000
1403715406.152143240,-1.244551000,2.164610000,1.383845000,0.000000000,0.000000000,0.000000000,1.000000000
1403715406.157143116,-1.243263000,2.166179000,1.383095000,0.000000000,0.000000000,0.000000000,1.000000000
1403715406.162142992,-1.241851000,2.167809000,1.382359000,0.000000000,0.000000000,0.000000000,1.000000000
1403715406.167143345,-1.240429000,2.169437000,1.381631000,0.000000000,0.000000000,0.000000000,1.000000000
1403715406.172143221,-1.238993000,2.171061000,1.380913000,0.000000000,0.000000000,0.000000000,1.000000000
1403715406.177143097,-1.237552000,2.172679000,1.380193000,0.000000000,0.000000000,0.000000000,1.000000000
1403715406.182142973,-1.236107000,2.174283000,1.379460000,0.000000000,0.000000000,0.000000000,1.000000000
1403715406.187143326,-1.234654000,2.175875000,1.378711000,0.000000000,0.000000000,0.000000000,1.000000000
1403715406.192142963,-1.233198000,2.177469000,1.377949000,0.000000000,0.000000000,0.000000000,1.000000000
1403715406.197143078,-1.231742000,2.179069000,1.377171000,0.000000000,0.000000000,0.000000000,1.000000000
1403715406.202142954,-1.230286000,2.180673000,1.376386000,0.000000000,0.000000000,0.000000000,1.000000000
1403715406.207143307,-1.228979000,2.182209000,1.375580000,0.000000000,0.000000000,0.000000000,1.000000000
1403715406.212142944,-1.227543000,2.183799000,1.374802000,0.000000000,0.000000000,0.000000000,1.000000000
1403715406.217143059,-1.226106000,2.185386000,1.374025000,0.000000000,0.000000000,0.000000000,1.000000000
1403715406.222143173,-1.224663000,2.186966000,1.373241000,0.000000000,0.000000000,0.000000000,1.000000000
1403715406.227143288,-1.223215000,2.188542000,1.372451000,0.000000000,0.000000000,0.000000000,1.000000000
1403715406.232142925,-1.221766000,2.190120000,1.371651000,0.000000000,0.000000000,0.000000000,1.000000000
1403715406.237143040,-1.220314000,2.191701000,1.370840000,0.000000000,0.000000000,0.000000000,1.000000000
1403715406.242143154,-1.218864000,2.193286000,1.370017000,0.000000000,0.000000000,0.000000000,1.000000000
1403715406.247143030,-1.217423000,2.194879000,1.369177000,0.000000000,0.000000000,0.000000000,1.000000000
1403715406.252142906,-1.215992000,2.196482000,1.368327000,0.000000000,0.000000000,0.000000000,1.000000000
1403715406.257143021,-1.214712000,2.198020000,1.367459000,0.000000000,0.000000000,0.000000000,1.000000000
1403715406.262143135,-1.213292000,2.199606000,1.366648000,0.000000000,0.000000000,0.000000000,1.000000000
1403715406.267143011,-1.211854000,2.201186000,1.365847000,0.000000000,0.000000000,0.000000000,1.000000000
1403715406.272142887,-1.210402000,2.202758000,1.365033000,0.000000000,0.000000000,0.000000000,1.000000000
1403715406.277143240,-1.208944000,2.204324000,1.364201000,0.000000000,0.000000000,0.000000000,1.000000000
1403715406.282143354,-1.207481000,2.205886000,1.363361000,0.000000000,0.000000000,0.000000000,1.000000000
1403715406.287142992,-1.206013000,2.207449000,1.362523000,0.000000000,0.000000000,0.000000000,1.000000000
1403715406.292143106,-1.204542000,2.209021000,1.361680000,0.000000000,0.000000000,0.000000000,1.000000000
1403715406.297143221,-1.203068000,2.210598000,1.360821000,0.000000000,0.000000000,0.000000000,1.000000000
1403715406.302143097,-1.201591000,2.212172000,1.359955000,0.000000000,0.000000000,0.000000000,1.000000000
1403715406.307142973,-1.200272000,2.213691000,1.359047000,0.000000000,0.000000000,0.000000000,1.000000000
1403715406.312143087,-1.198825000,2.215257000,1.358161000,0.000000000,0.000000000,0.000000000,1.000000000
1403715406.317143202,-1.197377000,2.216824000,1.357262000,0.000000000,0.000000000,0.000000000,1.000000000
1403715406.322143078,-1.195928000,2.218393000,1.356345000,0.000000000,0.000000000,0.000000000,1.000000000
1403715406.327142954,-1.194487000,2.219963000,1.355418000,0.000000000,0.000000000,0.000000000,1.000000000
1403715406.332143307,-1.193058000,2.221537000,1.354484000,0.000000000,0.000000000,0.000000000,1.000000000
1403715406.337143183,-1.191632000,2.223108000,1.353558000,0.000000000,0.000000000,0.000000000,1.000000000
1403715406.342143059,-1.190199000,2.224672000,1.352655000,0.000000000,0.000000000,0.000000000,1.000000000
1403715406.347142935,-1.188751000,2.226232000,1.351756000,0.000000000,0.000000000,0.000000000,1.000000000
1403715406.352143288,-1.187290000,2.227792000,1.350856000,0.000000000,0.000000000,0.000000000,1.000000000
1403715406.357143164,-1.185976000,2.229292000,1.349921000,0.000000000,0.000000000,0.000000000,1.000000000
1403715406.362143040,-1.184535000,2.230829000,1.349022000,0.000000000,0.000000000,0.000000000,1.000000000
1403715406.367142916,-1.183095000,2.232354000,1.348125000,0.000000000,0.000000000,0.000000000,1.000000000
1403715406.372143269,-1.181648000,2.233865000,1.347227000,0.000000000,0.000000000,0.000000000,1.000000000
1403715406.377142906,-1.180197000,2.235369000,1.346318000,0.000000000,0.000000000,0.000000000,1.000000000
1403715406.382143021,-1.178740000,2.236871000,1.345389000,0.000000000,0.000000000,0.000000000,1.000000000
1403715406.387142897,-1.177269000,2.238371000,1.344444000,0.000000000,0.000000000,0.000000000,1.000000000
1403715406.392143250,-1.175789000,2.239870000,1.343489000,0.000000000,0.000000000,0.000000000,1.000000000
1403715406.397142887,-1.174303000,2.241367000,1.342520000,0.000000000,0.000000000,0.000000000,1.000000000
1403715406.402143002,-1.172807000,2.242853000,1.341545000,0.000000000,0.000000000,0.000000000,1.000000000
1403715406.407143354,-1.171455000,2.244272000,1.340541000,0.000000000,0.000000000,0.000000000,1.000000000
1403715406.412143230,-1.169974000,2.245722000,1.339555000,0.000000000,0.000000000,0.000000000,1.000000000
1403715406.417143106,-1.168493000,2.247162000,1.338562000,0.000000000,0.000000000,0.000000000,1.000000000
1403715406.422142982,-1.167009000,2.248595000,1.337569000,0.000000000,0.000000000,0.000000000,1.000000000
1403715406.427143335,-1.165516000,2.250030000,1.336585000,0.000000000,0.000000000,0.000000000,1.000000000
1403715406.432142973,-1.164018000,2.251468000,1.335608000,0.000000000,0.000000000,0.000000000,1.000000000
1403715406.437143087,-1.162512000,2.252907000,1.334629000,0.000000000,0.000000000,0.000000000,1.000000000
1403715406.442142963,-1.161002000,2.254336000,1.333641000,0.000000000,0.000000000,0.000000000,1.000000000
1403715406.447143316,-1.159489000,2.255745000,1.332651000,0.000000000,0.000000000,0.000000000,1.000000000
1403715406.452142954,-1.157980000,2.257142000,1.331670000,0.000000000,0.000000000,0.000000000,1.000000000
1403715406.457143068,-1.156625000,2.258492000,1.330661000,0.000000000,0.000000000,0.000000000,1.000000000
1403715406.462142944,-1.155146000,2.259891000,1.329664000,0.000000000,0.000000000,0.000000000,1.000000000
1403715406.467143297,-1.153661000,2.261283000,1.328664000,0.000000000,0.000000000,0.000000000,1.000000000
1403715406.472142935,-1.152171000,2.262659000,1.327670000,0.000000000,0.000000000,0.000000000,1.000000000
1403715406.477143049,-1.150676000,2.264020000,1.326680000,0.000000000,0.000000000,0.000000000,1.000000000
1403715406.482143164,-1.149179000,2.265372000,1.325691000,0.000000000,0.000000000,0.000000000,1.000000000
1403715406.487143040,-1.147685000,2.266724000,1.324697000,0.000000000,0.000000000,0.000000000,1.000000000
1403715406.492142916,-1.146188000,2.268078000,1.323702000,0.000000000,0.000000000,0.000000000,1.000000000
1403715406.497143030,-1.144686000,2.269434000,1.322709000,0.000000000,0.000000000,0.000000000,1.000000000
1403715406.502143145,-1.143180000,2.270790000,1.321714000,0.000000000,0.000000000,0.000000000,1.000000000
1403715406.507143021,-1.141814000,2.272094000,1.320677000,0.000000000,0.000000000,0.000000000,1.000000000
1403715406.512142897,-1.140337000,2.273445000,1.319627000,0.000000000,0.000000000,0.000000000,1.000000000
1403715406.517143011,-1.138859000,2.274790000,1.318567000,0.000000000,0.000000000,0.000000000,1.000000000
1403715406.522143126,-1.137376000,2.276121000,1.317515000,0.000000000,0.000000000,0.000000000,1.000000000
1403715406.527143002,-1.135885000,2.277435000,1.316472000,0.000000000,0.000000000,0.000000000,1.000000000
1403715406.532143116,-1.134390000,2.278730000,1.315433000,0.000000000,0.000000000,0.000000000,1.000000000
1403715406.537143230,-1.132888000,2.280016000,1.314387000,0.000000000,0.000000000,0.000000000,1.000000000
1403715406.542143345,-1.131382000,2.281294000,1.313342000,0.000000000,0.000000000,0.000000000,1.000000000
1403715406.547142982,-1.129874000,2.282562000,1.312304000,0.000000000,0.000000000,0.000000000,1.000000000
1403715406.552143097,-1.128361000,2.283824000,1.311271000,0.000000000,0.000000000,0.000000000,1.000000000
1403715406.557143211,-1.126976000,2.285030000,1.310225000,0.000000000,0.000000000,0.000000000,1.000000000
1403715406.562143087,-1.125493000,2.286262000,1.309184000,0.000000000,0.000000000,0.000000000,1.000000000
1403715406.567142963,-1.124017000,2.287482000,1.308127000,0.000000000,0.000000000,0.000000000,1.000000000
1403715406.572143078,-1.122547000,2.288695000,1.307062000,0.000000000,0.000000000,0.000000000,1.000000000
1403715406.577143192,-1.121081000,2.289902000,1.306001000,0.000000000,0.000000000,0.000000000,1.000000000
1403715406.582143068,-1.119615000,2.291103000,1.304946000,0.000000000,0.000000000,0.000000000,1.000000000
1403715406.587142944,-1.118142000,2.292296000,1.303902000,0.000000000,0.000000000,0.000000000,1.000000000
1403715406.592143297,-1.116661000,2.293480000,1.302876000,0.000000000,0.000000000,0.000000000,1.000000000
1403715406.597143173,-1.115175000,2.294649000,1.301866000,0.000000000,0.000000000,0.000000000,1.000000000
1403715406.602143049,-1.113683000,2.295800000,1.300868000,0.000000000,0.000000000,0.000000000,1.000000000
1403715406.607142925,-1.112317000,2.296892000,1.299857000,0.000000000,0.000000000,0.000000000,1.000000000
1403715406.612143278,-1.110851000,2.298006000,1.298856000,0.000000000,0.000000000,0.000000000,1.000000000
1403715406.617143154,-1.109381000,2.299111000,1.297856000,0.000000000,0.000000000,0.000000000,1.000000000
1403715406.622143030,-1.107907000,2.300209000,1.296858000,0.000000000,0.000000000,0.000000000,1.000000000
1403715406.627142906,-1.106430000,2.301298000,1.295865000,0.000000000,0.000000000,0.000000000,1.000000000
1403715406.632143259,-1.104956000,2.302375000,1.294877000,0.000000000,0.000000000,0.000000000,1.000000000
1403715406.637142897,-1.103491000,2.303436000,1.293887000,0.000000000,0.000000000,0.000000000,1.000000000
1403715406.642143011,-1.102026000,2.304480000,1.292898000,0.000000000,0.000000000,0.000000000,1.000000000
1403715406.647142887,-1.100559000,2.305513000,1.291909000,0.000000000,0.000000000,0.000000000,1.000000000
1403715406.652143240,-1.099091000,2.306534000,1.290921000,0.000000000,0.000000000,0.000000000,1.000000000
1403715406.657143116,-1.097737000,2.307505000,1.289919000,0.000000000,0.000000000,0.000000000,1.000000000
1403715406.662142992,-1.096281000,2.308496000,1.288923000,0.000000000,0.000000000,0.000000000,1.000000000
1403715406.667143345,-1.094823000,2.309470000,1.287918000,0.000000000,0.000000000,0.000000000,1.000000000
1403715406.672143221,-1.093363000,2.310426000,1.286914000,0.000000000,0.000000000,0.000000000,1.000000000
1403715406.677143097,-1.091901000,2.311367000,1.285909000,0.000000000,0.000000000,0.000000000,1.000000000
1403715406.682142973,-1.090435000,2.312293000,1.284899000,0.000000000,0.000000000,0.000000000,1.000000000
1403715406.687143326,-1.088960000,2.313205000,1.283887000,0.000000000,0.000000000,0.000000000,1.000000000
1403715406.692142963,-1.087477000,2.314101000,1.282877000,0.000000000,0.000000000,0.000000000,1.000000000
1403715406.697143078,-1.085990000,2.314982000,1.281862000,0.000000000,0.000000000,0.000000000,1.000000000
1403715406.702142954,-1.084502000,2.315846000,1.280837000,0.000000000,0.000000000,0.000000000,1.000000000
1403715406.707143307,-1.083132000,2.316667000,1.279798000,0.000000000,0.000000000,0.000000000,1.000000000
1403715406.712142944,-1.081662000,2.317501000,1.278766000,0.000000000,0.000000000,0.000000000,1.000000000
1403715406.717143059,-1.080191000,2.318319000,1.277735000,0.000000000,0.000000000,0.000000000,1.000000000
1403715406.722143173,-1.078719000,2.319121000,1.276702000,0.000000000,0.000000000,0.000000000,1.000000000
1403715406.727143288,-1.077247000,2.319904000,1.275673000,0.000000000,0.000000000,0.000000000,1.000000000
1403715406.732142925,-1.075766000,2.320669000,1.274646000,0.000000000,0.000000000,0.000000000,1.000000000
1403715406.737143040,-1.074281000,2.321421000,1.273615000,0.000000000,0.000000000,0.000000000,1.000000000
1403715406.742143154,-1.072797000,2.322167000,1.272578000,0.000000000,0.000000000,0.000000000,1.000000000
1403715406.747143030,-1.071313000,2.322906000,1.271537000,0.000000000,0.000000000,0.000000000,1.000000000
1403715406.752142906,-1.069828000,2.323636000,1.270494000,0.000000000,0.000000000,0.000000000,1.000000000
1403715406.757143021,-1.068459000,2.324332000,1.269429000,0.000000000,0.000000000,0.000000000,1.000000000
1403715406.762143135,-1.066992000,2.325043000,1.268379000,0.000000000,0.000000000,0.000000000,1.000000000
1403715406.767143011,-1.065524000,2.325745000,1.267336000,0.000000000,0.000000000,0.000000000,1.000000000
1403715406.772142887,-1.064061000,2.326435000,1.266307000,0.000000000,0.000000000,0.000000000,1.000000000
1403715406.777143240,-1.062605000,2.327116000,1.265294000,0.000000000,0.000000000,0.000000000,1.000000000
1403715406.782143354,-1.061152000,2.327784000,1.264291000,0.000000000,0.000000000,0.000000000,1.000000000
1403715406.787142992,-1.059699000,2.328438000,1.263290000,0.000000000,0.000000000,0.000000000,1.000000000
1403715406.792143106,-1.058245000,2.329080000,1.262278000,0.000000000,0.000000000,0.000000000,1.000000000
1403715406.797143221,-1.056792000,2.329712000,1.261259000,0.000000000,0.000000000,0.000000000,1.000000000
1403715406.802143097,-1.055344000,2.330330000,1.260234000,0.000000000,0.000000000,0.000000000,1.000000000
1403715406.807142973,-1.054023000,2.330917000,1.259192000,0.000000000,0.000000000,0.000000000,1.000000000
1403715406.812143087,-1.052603000,2.331512000,1.258149000,0.000000000,0.000000000,0.000000000,1.000000000
1403715406.817143202,-1.051173000,2.332095000,1.257107000,0.000000000,0.000000000,0.000000000,1.000000000
1403715406.822143078,-1.049734000,2.332666000,1.256077000,0.000000000,0.000000000,0.000000000,1.000000000
1403715406.827142954,-1.048288000,2.333226000,1.255063000,0.000000000,0.000000000,0.000000000,1.000000000
1403715406.832143307,-1.046839000,2.333772000,1.254075000,0.000000000,0.000000000,0.000000000,1.000000000
1403715406.837143183,-1.045388000,2.334306000,1.253111000,0.000000000,0.000000000,0.000000000,1.000000000
1403715406.842143059,-1.043935000,2.334834000,1.252158000,0.000000000,0.000000000,0.000000000,1.000000000
1403715406.847142935,-1.042484000,2.335360000,1.251202000,0.000000000,0.000000000,0.000000000,1.000000000
1403715406.852143288,-1.041036000,2.335877000,1.250244000,0.000000000,0.000000000,0.000000000,1.000000000
1403715406.857143164,-1.039706000,2.336365000,1.249277000,0.000000000,0.000000000,0.000000000,1.000000000
1403715406.862143040,-1.038279000,2.336850000,1.248307000,0.000000000,0.000000000,0.000000000,1.000000000
1403715406.867142916,-1.036843000,2.337326000,1.247327000,0.000000000,0.000000000,0.000000000,1.000000000
1403715406.872143269,-1.035403000,2.337802000,1.246351000,0.000000000,0.000000000,0.000000000,1.000000000
1403715406.877142906,-1.033953000,2.338278000,1.245381000,0.000000000,0.000000000,0.000000000,1.000000000
1403715406.882143021,-1.032498000,2.338740000,1.244418000,0.000000000,0.000000000,0.000000000,1.000000000
1403715406.887142897,-1.031046000,2.339189000,1.243467000,0.000000000,0.000000000,0.000000000,1.000000000
1403715406.892143250,-1.029602000,2.339636000,1.242528000,0.000000000,0.000000000,0.000000000,1.000000000
1403715406.897142887,-1.028166000,2.340081000,1.241592000,0.000000000,0.000000000,0.000000000,1.000000000
1403715406.902143002,-1.026726000,2.340515000,1.240664000,0.000000000,0.000000000,0.000000000,1.000000000
1403715406.907143354,-1.025389000,2.340928000,1.239742000,0.000000000,0.000000000,0.000000000,1.000000000
1403715406.912143230,-1.023948000,2.341336000,1.238849000,0.000000000,0.000000000,0.000000000,1.000000000
1403715406.917143106,-1.022504000,2.341731000,1.237961000,0.000000000,0.000000000,0.000000000,1.000000000
1403715406.922142982,-1.021064000,2.342115000,1.237079000,0.000000000,0.000000000,0.000000000,1.000000000
1403715406.927143335,-1.019628000,2.342493000,1.236196000,0.000000000,0.000000000,0.000000000,1.000000000
1403715406.932142973,-1.018196000,2.342867000,1.235312000,0.000000000,0.000000000,0.000000000,1.000000000
1403715406.937143087,-1.016766000,2.343243000,1.234423000,0.000000000,0.000000000,0.000000000,1.000000000
1403715406.942142963,-1.015334000,2.343614000,1.233535000,0.000000000,0.000000000,0.000000000,1.000000000
1403715406.947143316,-1.013894000,2.343971000,1.232662000,0.000000000,0.000000000,0.000000000,1.000000000
1403715406.952142954,-1.012449000,2.344316000,1.231804000,0.000000000,0.000000000,0.000000000,1.000000000
1403715406.957143068,-1.011113000,2.344652000,1.230936000,0.000000000,0.000000000,0.000000000,1.000000000
1403715406.962142944,-1.009691000,2.344992000,1.230093000,0.000000000,0.000000000,0.000000000,1.000000000
1403715406.967143297,-1.008269000,2.345328000,1.229253000,0.000000000,0.000000000,0.000000000,1.000000000
1403715406.972142935,-1.006846000,2.345659000,1.228417000,0.000000000,0.000000000,0.000000000,1.000000000
1403715406.977143049,-1.005418000,2.345978000,1.227588000,0.000000000,0.000000000,0.000000000,1.000000000
1403715406.982143164,-1.003986000,2.346279000,1.226768000,0.000000000,0.000000000,0.000000000,1.000000000
1403715406.987143040,-1.002549000,2.346575000,1.225948000,0.000000000,0.000000000,0.000000000,1.000000000
1403715406.992142916,-1.001096000,2.346864000,1.225118000,0.000000000,0.000000000,0.000000000,1.000000000
1403715406.997143030,-0.999628000,2.347138000,1.224281000,0.000000000,0.000000000,0.000000000,1.000000000
1403715407.002143145,-0.998152000,2.347404000,1.223442000,0.000000000,0.000000000,0.000000000,1.000000000
1403715407.007143021,-0.996776000,2.347658000,1.222578000,0.000000000,0.000000000,0.000000000,1.000000000
1403715407.012142897,-0.995310000,2.347908000,1.221742000,0.000000000,0.000000000,0.000000000,1.000000000
1403715407.017143011,-0.993839000,2.348150000,1.220920000,0.000000000,0.000000000,0.000000000,1.000000000
1403715407.022143126,-0.992362000,2.348380000,1.220107000,0.000000000,0.000000000,0.000000000,1.000000000
1403715407.027143002,-0.990885000,2.348597000,1.219296000,0.000000000,0.000000000,0.000000000,1.000000000
1403715407.032143116,-0.989412000,2.348804000,1.218487000,0.000000000,0.000000000,0.000000000,1.000000000
1403715407.037143230,-0.987944000,2.349007000,1.217690000,0.000000000,0.000000000,0.000000000,1.000000000
1403715407.042143345,-0.986475000,2.349198000,1.216898000,0.000000000,0.000000000,0.000000000,1.000000000
1403715407.047142982,-0.984990000,2.349366000,1.216115000,0.000000000,0.000000000,0.000000000,1.000000000
1403715407.052143097,-0.983495000,2.349513000,1.215342000,0.000000000,0.000000000,0.000000000,1.000000000
1403715407.057143211,-0.982105000,2.349640000,1.214541000,0.000000000,0.000000000,0.000000000,1.000000000
1403715407.062143087,-0.980633000,2.349757000,1.213762000,0.000000000,0.000000000,0.000000000,1.000000000
1403715407.067142963,-0.979164000,2.349863000,1.212990000,0.000000000,0.000000000,0.000000000,1.000000000
1403715407.072143078,-0.977694000,2.349967000,1.212227000,0.000000000,0.000000000,0.000000000,1.000000000
1403715407.077143192,-0.976224000,2.350074000,1.211470000,0.000000000,0.000000000,0.000000000,1.000000000
1403715407.082143068,-0.974761000,2.350189000,1.210706000,0.000000000,0.000000000,0.000000000,1.000000000
1403715407.087142944,-0.973307000,2.350308000,1.209925000,0.000000000,0.000000000,0.000000000,1.000000000
1403715407.092143297,-0.971863000,2.350420000,1.209127000,0.000000000,0.000000000,0.000000000,1.000000000
1403715407.097143173,-0.970428000,2.350523000,1.208308000,0.000000000,0.000000000,0.000000000,1.000000000
1403715407.102143049,-0.968993000,2.350626000,1.207468000,0.000000000,0.000000000,0.000000000,1.000000000
1403715407.107142925,-0.967649000,2.350721000,1.206594000,0.000000000,0.000000000,0.000000000,1.000000000
1403715407.112143278,-0.966216000,2.350813000,1.205746000,0.000000000,0.000000000,0.000000000,1.000000000
1403715407.117143154,-0.964776000,2.350898000,1.204914000,0.000000000,0.000000000,0.000000000,1.000000000
1403715407.122143030,-0.963331000,2.350974000,1.204090000,0.000000000,0.000000000,0.000000000,1.000000000
1403715407.127142906,-0.961885000,2.351036000,1.203276000,0.000000000,0.000000000,0.000000000,1.000000000
1403715407.132143259,-0.960438000,2.351081000,1.202477000,0.000000000,0.000000000,0.000000000,1.000000000
1403715407.137142897,-0.958989000,2.351110000,1.201678000,0.000000000,0.000000000,0.000000000,1.000000000
1403715407.142143011,-0.957540000,2.351128000,1.200868000,0.000000000,0.000000000,0.000000000,1.000000000
1403715407.147142887,-0.956089000,2.351149000,1.200053000,0.000000000,0.000000000,0.000000000,1.000000000
1403715407.152143240,-0.954635000,2.351184000,1.199241000,0.000000000,0.000000000,0.000000000,1.000000000
1403715407.157143116,-0.953275000,2.351216000,1.198426000,0.000000000,0.000000000,0.000000000,1.000000000
1403715407.162142992,-0.951839000,2.351254000,1.197638000,0.000000000,0.000000000,0.000000000,1.000000000
1403715407.167143345,-0.950411000,2.351279000,1.196849000,0.000000000,0.000000000,0.000000000,1.000000000
1403715407.172143221,-0.948987000,2.351292000,1.196069000,0.000000000,0.000000000,0.000000000,1.000000000
1403715407.177143097,-0.947560000,2.351297000,1.195297000,0.000000000,0.000000000,0.000000000,1.000000000
1403715407.182142973,-0.946123000,2.351291000,1.194526000,0.000000000,0.000000000,0.000000000,1.000000000
1403715407.187143326,-0.944673000,2.351280000,1.193752000,0.000000000,0.000000000,0.000000000,1.000000000
1403715407.192142963,-0.943213000,2.351272000,1.192976000,0.000000000,0.000000000,0.000000000,1.000000000
1403715407.197143078,-0.941748000,2.351267000,1.192194000,0.000000000,0.000000000,0.000000000,1.000000000
1403715407.202142954,-0.940277000,2.351252000,1.191399000,0.000000000,0.000000000,0.000000000,1.000000000
1403715407.207143307,-0.938894000,2.351213000,1.190579000,0.000000000,0.000000000,0.000000000,1.000000000
1403715407.212142944,-0.937431000,2.351166000,1.189799000,0.000000000,0.000000000,0.000000000,1.000000000
1403715407.217143059,-0.935962000,2.351096000,1.189039000,0.000000000,0.000000000,0.000000000,1.000000000
1403715407.222143173,-0.934485000,2.351004000,1.188296000,0.000000000,0.000000000,0.000000000,1.000000000
1403715407.227143288,-0.932996000,2.350902000,1.187566000,0.000000000,0.000000000,0.000000000,1.000000000
1403715407.232142925,-0.931493000,2.350795000,1.186856000,0.000000000,0.000000000,0.000000000,1.000000000
1403715407.237143040,-0.929980000,2.350674000,1.186164000,0.000000000,0.000000000,0.000000000,1.000000000
1403715407.242143154,-0.928466000,2.350536000,1.185480000,0.000000000,0.000000000,0.000000000,1.000000000
1403715407.247143030,-0.926958000,2.350381000,1.184795000,0.000000000,0.000000000,0.000000000,1.000000000
1403715407.252142906,-0.925450000,2.350204000,1.184093000,0.000000000,0.000000000,0.000000000,1.000000000
1403715407.257143021,-0.924019000,2.350007000,1.183360000,0.000000000,0.000000000,0.000000000,1.000000000
1403715407.262143135,-0.922484000,2.349818000,1.182620000,0.000000000,0.000000000,0.000000000,1.000000000
1403715407.267143011,-0.920940000,2.349630000,1.181872000,0.000000000,0.000000000,0.000000000,1.000000000
1403715407.272142887,-0.919394000,2.349432000,1.181134000,0.000000000,0.000000000,0.000000000,1.000000000
1403715407.277143240,-0.917856000,2.349216000,1.180416000,0.000000000,0.000000000,0.000000000,1.000000000
1403715407.282143354,-0.916322000,2.348976000,1.179723000,0.000000000,0.000000000,0.000000000,1.000000000
1403715407.287142992,-0.914779000,2.348717000,1.179052000,0.000000000,0.000000000,0.000000000,1.000000000
1403715407.292143106,-0.913216000,2.348451000,1.178381000,0.000000000,0.000000000,0.000000000,1.000000000
1403715407.297143221,-0.911633000,2.348189000,1.177697000,0.000000000,0.000000000,0.000000000,1.000000000
1403715407.302143097,-0.910033000,2.347930000,1.176996000,0.000000000,0.000000000,0.000000000,1.000000000
1403715407.307142973,-0.908524000,2.347655000,1.176296000,0.000000000,0.000000000,0.000000000,1.000000000
1403715407.312143087,-0.906910000,2.347352000,1.175639000,0.000000000,0.000000000,0.000000000,1.000000000
1403715407.317143202,-0.905282000,2.347027000,1.175007000,0.000000000,0.000000000,0.000000000,1.000000000
1403715407.322143078,-0.903638000,2.346684000,1.174396000,0.000000000,0.000000000,0.000000000,1.000000000
1403715407.327142954,-0.901975000,2.346327000,1.173817000,0.000000000,0.000000000,0.000000000,1.000000000
1403715407.332143307,-0.900303000,2.345954000,1.173252000,0.000000000,0.000000000,0.000000000,1.000000000
1403715407.337143183,-0.898629000,2.345551000,1.172687000,0.000000000,0.000000000,0.000000000,1.000000000
1403715407.342143059,-0.896956000,2.345122000,1.172119000,0.000000000,0.000000000,0.000000000,1.000000000
1403715407.347142935,-0.895284000,2.344674000,1.171561000,0.000000000,0.000000000,0.000000000,1.000000000
1403715407.352143288,-0.893601000,2.344204000,1.171011000,0.000000000,0.000000000,0.000000000,1.000000000
1403715407.357143164,-0.892021000,2.343718000,1.170472000,0.000000000,0.000000000,0.000000000,1.000000000
1403715407.362143040,-0.890329000,2.343216000,1.169950000,0.000000000,0.000000000,0.000000000,1.000000000
1403715407.367142916,-0.888624000,2.342708000,1.169416000,0.000000000,0.000000000,0.000000000,1.000000000
1403715407.372143269,-0.886905000,2.342184000,1.168878000,0.000000000,0.000000000,0.000000000,1.000000000
1403715407.377142906,-0.885162000,2.341632000,1.168358000,0.000000000,0.000000000,0.000000000,1.000000000
1403715407.382143021,-0.883396000,2.341047000,1.167861000,0.000000000,0.000000000,0.000000000,1.000000000
1403715407.387142897,-0.881617000,2.340435000,1.167378000,0.000000000,0.000000000,0.000000000,1.000000000
1403715407.392143250,-0.879825000,2.339803000,1.166895000,0.000000000,0.000000000,0.000000000,1.000000000
1403715407.397142887,-0.878019000,2.339148000,1.166418000,0.000000000,0.000000000,0.000000000,1.000000000
1403715407.402143002,-0.876198000,2.338462000,1.165951000,0.000000000,0.000000000,0.000000000,1.000000000
1403715407.407143354,-0.874487000,2.337757000,1.165521000,0.000000000,0.000000000,0.000000000,1.000000000
1403715407.412143230,-0.872653000,2.337022000,1.165113000,0.000000000,0.000000000,0.000000000,1.000000000
1403715407.417143106,-0.870800000,2.336275000,1.164704000,0.000000000,0.000000000,0.000000000,1.000000000
1403715407.422142982,-0.868931000,2.335513000,1.164300000,0.000000000,0.000000000,0.000000000,1.000000000
1403715407.427143335,-0.867045000,2.334739000,1.163906000,0.000000000,0.000000000,0.000000000,1.000000000
1403715407.432142973,-0.865145000,2.333949000,1.163517000,0.000000000,0.000000000,0.000000000,1.000000000
1403715407.437143087,-0.863235000,2.333136000,1.163127000,0.000000000,0.000000000,0.000000000,1.000000000
1403715407.442142963,-0.861319000,2.332305000,1.162740000,0.000000000,0.000000000,0.000000000,1.000000000
1403715407.447143316,-0.859395000,2.331464000,1.162369000,0.000000000,0.000000000,0.000000000,1.000000000
1403715407.452142954,-0.857460000,2.330613000,1.162005000,0.000000000,0.000000000,0.000000000,1.000000000
1403715407.457143068,-0.855653000,2.329769000,1.161669000,0.000000000,0.000000000,0.000000000,1.000000000
1403715407.462142944,-0.853730000,2.328888000,1.161337000,0.000000000,0.000000000,0.000000000,1.000000000
1403715407.467143297,-0.851800000,2.327965000,1.161006000,0.000000000,0.000000000,0.000000000,1.000000000
1403715407.472142935,-0.849856000,2.326999000,1.160689000,0.000000000,0.000000000,0.000000000,1.000000000
1403715407.477143049,-0.847897000,2.326011000,1.160396000,0.000000000,0.000000000,0.000000000,1.000000000
1403715407.482143164,-0.845927000,2.325009000,1.160107000,0.000000000,0.000000000,0.000000000,1.000000000
1403715407.487143040,-0.843942000,2.323998000,1.159811000,0.000000000,0.000000000,0.000000000,1.000000000
1403715407.492142916,-0.841943000,2.322971000,1.159515000,0.000000000,0.000000000,0.000000000,1.000000000
1403715407.497143030,-0.839933000,2.321924000,1.159231000,0.000000000,0.000000000,0.000000000,1.000000000
1403715407.502143145,-0.837908000,2.320865000,1.158946000,0.000000000,0.000000000,0.000000000,1.000000000
1403715407.507143021,-0.836020000,2.319817000,1.158682000,0.000000000,0.000000000,0.000000000,1.000000000
1403715407.512142897,-0.834000000,2.318739000,1.158392000,0.000000000,0.000000000,0.000000000,1.000000000
1403715407.517143011,-0.831965000,2.317645000,1.158101000,0.000000000,0.000000000,0.000000000,1.000000000
1403715407.522143126,-0.829904000,2.316541000,1.157813000,0.000000000,0.000000000,0.000000000,1.000000000
1403715407.527143002,-0.827819000,2.315427000,1.157539000,0.000000000,0.000000000,0.000000000,1.000000000
1403715407.532143116,-0.825728000,2.314298000,1.157279000,0.000000000,0.000000000,0.000000000,1.000000000
1403715407.537143230,-0.823630000,2.313147000,1.157018000,0.000000000,0.000000000,0.000000000,1.000000000
1403715407.542143345,-0.821522000,2.311967000,1.156774000,0.000000000,0.000000000,0.000000000,1.000000000
1403715407.547142982,-0.819404000,2.310760000,1.156556000,0.000000000,0.000000000,0.000000000,1.000000000
1403715407.552143097,-0.817268000,2.309540000,1.156338000,0.000000000,0.000000000,0.000000000,1.000000000
1403715407.557143211,-0.815266000,2.308346000,1.156166000,0.000000000,0.000000000,0.000000000,1.000000000
1403715407.562143087,-0.813117000,2.307119000,1.155962000,0.000000000,0.000000000,0.000000000,1.000000000
1403715407.567142963,-0.810964000,2.305884000,1.155771000,0.000000000,0.000000000,0.000000000,1.000000000
1403715407.572143078,-0.808814000,2.304636000,1.155587000,0.000000000,0.000000000,0.000000000,1.000000000
1403715407.577143192,-0.806660000,2.303371000,1.155414000,0.000000000,0.000000000,0.000000000,1.000000000
1403715407.582143068,-0.804503000,2.302091000,1.155257000,0.000000000,0.000000000,0.000000000,1.000000000
1403715407.587142944,-0.802339000,2.300806000,1.155092000,0.000000000,0.000000000,0.000000000,1.000000000
1403715407.592143297,-0.800159000,2.299515000,1.154934000,0.000000000,0.000000000,0.000000000,1.000000000
1403715407.597143173,-0.797954000,2.298213000,1.154796000,0.000000000,0.000000000,0.000000000,1.000000000
1403715407.602143049,-0.795727000,2.296888000,1.154675000,0.000000000,0.000000000,0.000000000,1.000000000
1403715407.607142925,-0.793658000,2.295570000,1.154655000,0.000000000,0.000000000,0.000000000,1.000000000
1403715407.612143278,-0.791452000,2.294201000,1.154608000,0.000000000,0.000000000,0.000000000,1.000000000
1403715407.617143154,-0.789245000,2.292813000,1.154565000,0.000000000,0.000000000,0.000000000,1.000000000
1403715407.622143030,-0.787024000,2.291403000,1.154529000,0.000000000,0.000000000,0.000000000,1.000000000
1403715407.627142906,-0.784788000,2.289988000,1.154497000,0.000000000,0.000000000,0.000000000,1.000000000
1403715407.632143259,-0.782538000,2.288577000,1.154467000,0.000000000,0.000000000,0.000000000,1.000000000
1403715407.637142897,-0.780272000,2.287162000,1.154433000,0.000000000,0.000000000,0.000000000,1.000000000
1403715407.642143011,-0.777994000,2.285735000,1.154403000,0.000000000,0.000000000,0.000000000,1.000000000
1403715407.647142887,-0.775705000,2.284306000,1.154382000,0.000000000,0.000000000,0.000000000,1.000000000
1403715407.652143240,-0.773409000,2.282874000,1.154370000,0.000000000,0.000000000,0.000000000,1.000000000
1403715407.657143116,-0.771285000,2.281474000,1.154453000,0.000000000,0.000000000,0.000000000,1.000000000
1403715407.662142992,-0.769006000,2.280020000,1.154490000,0.000000000,0.000000000,0.000000000,1.000000000
1403715407.667143345,-0.766716000,2.278553000,1.154541000,0.000000000,0.000000000,0.000000000,1.000000000
1403715407.672143221,-0.764411000,2.277079000,1.154600000,0.000000000,0.000000000,0.000000000,1.000000000
1403715407.677143097,-0.762094000,2.275601000,1.154665000,0.000000000,0.000000000,0.000000000,1.000000000
1403715407.682142973,-0.759768000,2.274106000,1.154740000,0.000000000,0.000000000,0.000000000,1.000000000
1403715407.687143326,-0.757420000,2.272587000,1.154826000,0.000000000,0.000000000,0.000000000,1.000000000
1403715407.692142963,-0.755050000,2.271056000,1.154928000,0.000000000,0.000000000,0.000000000,1.000000000
1403715407.697143078,-0.752664000,2.269523000,1.155036000,0.000000000,0.000000000,0.000000000,1.000000000
1403715407.702142954,-0.750266000,2.267982000,1.155142000,0.000000000,0.000000000,0.000000000,1.000000000
1403715407.707143307,-0.748039000,2.266491000,1.155342000,0.000000000,0.000000000,0.000000000,1.000000000
1403715407.712142944,-0.745657000,2.264941000,1.155462000,0.000000000,0.000000000,0.000000000,1.000000000
1403715407.717143059,-0.743261000,2.263387000,1.155590000,0.000000000,0.000000000,0.000000000,1.000000000
1403715407.722143173,-0.740840000,2.261831000,1.155726000,0.000000000,0.000000000,0.000000000,1.000000000
1403715407.727143288,-0.738405000,2.260269000,1.155874000,0.000000000,0.000000000,0.000000000,1.000000000
1403715407.732142925,-0.735965000,2.258694000,1.156015000,0.000000000,0.000000000,0.000000000,1.000000000
1403715407.737143040,-0.733504000,2.257107000,1.156157000,0.000000000,0.000000000,0.000000000,1.000000000
1403715407.742143154,-0.731022000,2.255517000,1.156327000,0.000000000,0.000000000,0.000000000,1.000000000
1403715407.747143030,-0.728530000,2.253921000,1.156518000,0.000000000,0.000000000,0.000000000,1.000000000
1403715407.752142906,-0.726033000,2.252309000,1.156717000,0.000000000,0.000000000,0.000000000,1.000000000
1403715407.757143021,-0.723704000,2.250762000,1.157029000,0.000000000,0.000000000,0.000000000,1.000000000
1403715407.762143135,-0.721218000,2.249152000,1.157244000,0.000000000,0.000000000,0.000000000,1.000000000
1403715407.767143011,-0.718716000,2.247545000,1.157460000,0.000000000,0.000000000,0.000000000,1.000000000
1403715407.772142887,-0.716197000,2.245938000,1.157657000,0.000000000,0.000000000,0.000000000,1.000000000
1403715407.777143240,-0.713667000,2.244326000,1.157839000,0.000000000,0.000000000,0.000000000,1.000000000
1403715407.782143354,-0.711124000,2.242708000,1.158004000,0.000000000,0.000000000,0.000000000,1.000000000
1403715407.787142992,-0.708575000,2.241076000,1.158161000,0.000000000,0.000000000,0.000000000,1.000000000
1403715407.792143106,-0.706020000,2.239433000,1.158336000,0.000000000,0.000000000,0.000000000,1.000000000
1403715407.797143221,-0.703453000,2.237790000,1.158500000,0.000000000,0.000000000,0.000000000,1.000000000
1403715407.802143097,-0.700886000,2.236151000,1.158652000,0.000000000,0.000000000,0.000000000,1.000000000
1403715407.807142973,-0.698499000,2.234610000,1.158923000,0.000000000,0.000000000,0.000000000,1.000000000
1403715407.812143087,-0.695947000,2.233004000,1.159081000,0.000000000,0.000000000,0.000000000,1.000000000
1403715407.817143202,-0.693376000,2.231398000,1.159242000,0.000000000,0.000000000,0.000000000,1.000000000
1403715407.822143078,-0.690788000,2.229782000,1.159401000,0.000000000,0.000000000,0.000000000,1.000000000
1403715407.827142954,-0.688184000,2.228158000,1.159555000,0.000000000,0.000000000,0.000000000,1.000000000
1403715407.832143307,-0.685568000,2.226530000,1.159709000,0.000000000,0.000000000,0.000000000,1.000000000
1403715407.837143183,-0.682944000,2.224893000,1.159864000,0.000000000,0.000000000,0.000000000,1.000000000
1403715407.842143059,-0.680312000,2.223253000,1.160016000,0.000000000,0.000000000,0.000000000,1.000000000
1403715407.847142935,-0.677663000,2.221613000,1.160148000,0.000000000,0.000000000,0.000000000,1.000000000
1403715407.852143288,-0.674992000,2.219970000,1.160267000,0.000000000,0.000000000,0.000000000,1.000000000
1403715407.857143164,-0.672476000,2.218424000,1.160506000,0.000000000,0.000000000,0.000000000,1.000000000
1403715407.862143040,-0.669799000,2.216787000,1.160628000,0.000000000,0.000000000,0.000000000,1.000000000
1403715407.867142916,-0.667106000,2.215149000,1.160741000,0.000000000,0.000000000,0.000000000,1.000000000
1403715407.872143269,-0.664391000,2.213511000,1.160855000,0.000000000,0.000000000,0.000000000,1.000000000
1403715407.877142906,-0.661660000,2.211871000,1.160981000,0.000000000,0.000000000,0.000000000,1.000000000
1403715407.882143021,-0.658916000,2.210228000,1.161117000,0.000000000,0.000000000,0.000000000,1.000000000
1403715407.887142897,-0.656165000,2.208581000,1.161257000,0.000000000,0.000000000,0.000000000,1.000000000
1403715407.892143250,-0.653400000,2.206935000,1.161399000,0.000000000,0.000000000,0.000000000,1.000000000
1403715407.897142887,-0.650608000,2.205298000,1.161531000,0.000000000,0.000000000,0.000000000,1.000000000
1403715407.902143002,-0.647807000,2.203674000,1.161651000,0.000000000,0.000000000,0.000000000,1.000000000
1403715407.907143354,-0.645180000,2.202173000,1.161890000,0.000000000,0.000000000,0.000000000,1.000000000
1403715407.912143230,-0.642407000,2.200579000,1.162034000,0.000000000,0.000000000,0.000000000,1.000000000
1403715407.917143106,-0.639633000,2.198983000,1.162193000,0.000000000,0.000000000,0.000000000,1.000000000
1403715407.922142982,-0.636857000,2.197377000,1.162370000,0.000000000,0.000000000,0.000000000,1.000000000
1403715407.927143335,-0.634067000,2.195762000,1.162578000,0.000000000,0.000000000,0.000000000,1.000000000
1403715407.932142973,-0.631253000,2.194139000,1.162815000,0.000000000,0.000000000,0.000000000,1.000000000
1403715407.937143087,-0.628414000,2.192510000,1.163076000,0.000000000,0.000000000,0.000000000,1.000000000
1403715407.942142963,-0.625559000,2.190882000,1.163357000,0.000000000,0.000000000,0.000000000,1.000000000
1403715407.947143316,-0.622689000,2.189242000,1.163652000,0.000000000,0.000000000,0.000000000,1.000000000
1403715407.952142954,-0.619815000,2.187581000,1.163961000,0.000000000,0.000000000,0.000000000,1.000000000
1403715407.957143068,-0.617103000,2.186030000,1.164408000,0.000000000,0.000000000,0.000000000,1.000000000
1403715407.962142944,-0.614252000,2.184381000,1.164770000,0.000000000,0.000000000,0.000000000,1.000000000
1403715407.967143297,-0.611386000,2.182739000,1.165159000,0.000000000,0.000000000,0.000000000,1.000000000
1403715407.972142935,-0.608498000,2.181102000,1.165581000,0.000000000,0.000000000,0.000000000,1.000000000
1403715407.977143049,-0.605593000,2.179473000,1.166035000,0.000000000,0.000000000,0.000000000,1.000000000
1403715407.982143164,-0.602676000,2.177845000,1.166509000,0.000000000,0.000000000,0.000000000,1.000000000
1403715407.987143040,-0.599754000,2.176211000,1.167002000,0.000000000,0.000000000,0.000000000,1.000000000
1403715407.992142916,-0.596830000,2.174569000,1.167503000,0.000000000,0.000000000,0.000000000,1.000000000
1403715407.997143030,-0.593900000,2.172921000,1.168006000,0.000000000,0.000000000,0.000000000,1.000000000
1403715408.002143145,-0.590967000,2.171273000,1.168517000,0.000000000,0.000000000,0.000000000,1.000000000
1403715408.007143021,-0.588189000,2.169756000,1.169161000,0.000000000,0.000000000,0.000000000,1.000000000
1403715408.012142897,-0.585270000,2.168143000,1.169716000,0.000000000,0.000000000,0.000000000,1.000000000
1403715408.017143011,-0.582332000,2.166531000,1.170285000,0.000000000,0.000000000,0.000000000,1.000000000
1403715408.022143126,-0.579386000,2.164921000,1.170886000,0.000000000,0.000000000,0.000000000,1.000000000
1403715408.027143002,-0.576444000,2.163311000,1.171534000,0.000000000,0.000000000,0.000000000,1.000000000
1403715408.032143116,-0.573507000,2.161701000,1.172214000,0.000000000,0.000000000,0.000000000,1.000000000
1403715408.037143230,-0.570568000,2.160087000,1.172921000,0.000000000,0.000000000,0.000000000,1.000000000
1403715408.042143345,-0.567622000,2.158469000,1.173661000,0.000000000,0.000000000,0.000000000,1.000000000
1403715408.047142982,-0.564660000,2.156848000,1.174428000,0.000000000,0.000000000,0.000000000,1.000000000
1403715408.052143097,-0.561687000,2.155228000,1.175222000,0.000000000,0.000000000,0.000000000,1.000000000
1403715408.057143211,-0.558870000,2.153730000,1.176152000,0.000000000,0.000000000,0.000000000,1.000000000
1403715408.062143087,-0.555928000,2.152137000,1.177025000,0.000000000,0.000000000,0.000000000,1.000000000
1403715408.067142963,-0.552984000,2.150545000,1.177944000,0.000000000,0.000000000,0.000000000,1.000000000
1403715408.072143078,-0.550029000,2.148955000,1.178891000,0.000000000,0.000000000,0.000000000,1.000000000
1403715408.077143192,-0.547059000,2.147368000,1.179859000,0.000000000,0.000000000,0.000000000,1.000000000
1403715408.082143068,-0.544072000,2.145782000,1.180863000,0.000000000,0.000000000,0.000000000,1.000000000
1403715408.087142944,-0.541072000,2.144183000,1.181907000,0.000000000,0.000000000,0.000000000,1.000000000
1403715408.092143297,-0.538058000,2.142572000,1.182988000,0.000000000,0.000000000,0.000000000,1.000000000
1403715408.097143173,-0.535034000,2.140953000,1.184105000,0.000000000,0.000000000,0.000000000,1.000000000
1403715408.102143049,-0.532003000,2.139326000,1.185262000,0.000000000,0.000000000,0.000000000,1.000000000
1403715408.107142925,-0.529127000,2.137808000,1.186553000,0.000000000,0.000000000,0.000000000,1.000000000
1403715408.112143278,-0.526127000,2.136194000,1.187797000,0.000000000,0.000000000,0.000000000,1.000000000
1403715408.117143154,-0.523125000,2.134577000,1.189066000,0.000000000,0.000000000,0.000000000,1.000000000
1403715408.122143030,-0.520120000,2.132956000,1.190363000,0.000000000,0.000000000,0.000000000,1.000000000
1403715408.127142906,-0.517111000,2.131327000,1.191682000,0.000000000,0.000000000,0.000000000,1.000000000
1403715408.132143259,-0.514093000,2.129686000,1.193035000,0.000000000,0.000000000,0.000000000,1.000000000
1403715408.137142897,-0.511074000,2.128035000,1.194428000,0.000000000,0.000000000,0.000000000,1.000000000
1403715408.142143011,-0.508051000,2.126375000,1.195866000,0.000000000,0.000000000,0.000000000,1.000000000
1403715408.147142887,-0.505016000,2.124714000,1.197341000,0.000000000,0.000000000,0.000000000,1.000000000
1403715408.152143240,-0.501972000,2.123055000,1.198845000,0.000000000,0.000000000,0.000000000,1.000000000
1403715408.157143116,-0.499077000,2.121494000,1.200457000,0.000000000,0.000000000,0.000000000,1.000000000
1403715408.162142992,-0.496049000,2.119843000,1.202052000,0.000000000,0.000000000,0.000000000,1.000000000
1403715408.167143345,-0.493015000,2.118182000,1.203696000,0.000000000,0.000000000,0.000000000,1.000000000
1403715408.172143221,-0.489975000,2.116514000,1.205373000,0.000000000,0.000000000,0.000000000,1.000000000
1403715408.177143097,-0.486930000,2.114841000,1.207062000,0.000000000,0.000000000,0.000000000,1.000000000
1403715408.182142973,-0.483872000,2.113169000,1.208764000,0.000000000,0.000000000,0.000000000,1.000000000
1403715408.187143326,-0.480806000,2.111499000,1.210473000,0.000000000,0.000000000,0.000000000,1.000000000
1403715408.192142963,-0.477742000,2.109827000,1.212189000,0.000000000,0.000000000,0.000000000,1.000000000
1403715408.197143078,-0.474685000,2.108150000,1.213915000,0.000000000,0.000000000,0.000000000,1.000000000
1403715408.202142954,-0.471633000,2.106471000,1.215638000,0.000000000,0.000000000,0.000000000,1.000000000
1403715408.207143307,-0.468745000,2.104877000,1.217406000,0.000000000,0.000000000,0.000000000,1.000000000
1403715408.212142944,-0.465716000,2.103199000,1.219123000,0.000000000,0.000000000,0.000000000,1.000000000
1403715408.217143059,-0.462671000,2.101508000,1.220851000,0.000000000,0.000000000,0.000000000,1.000000000
1403715408.222143173,-0.459614000,2.099810000,1.222600000,0.000000000,0.000000000,0.000000000,1.000000000
1403715408.227143288,-0.456554000,2.098100000,1.224354000,0.000000000,0.000000000,0.000000000,1.000000000
1403715408.232142925,-0.453492000,2.096383000,1.226115000,0.000000000,0.000000000,0.000000000,1.000000000
1403715408.237143040,-0.450429000,2.094669000,1.227889000,0.000000000,0.000000000,0.000000000,1.000000000
1403715408.242143154,-0.447366000,2.092961000,1.229667000,0.000000000,0.000000000,0.000000000,1.000000000
1403715408.247143030,-0.444300000,2.091255000,1.231443000,0.000000000,0.000000000,0.000000000,1.000000000
1403715408.252142906,-0.441234000,2.089555000,1.233216000,0.000000000,0.000000000,0.000000000,1.000000000
1403715408.257143021,-0.438334000,2.087925000,1.235031000,0.000000000,0.000000000,0.000000000,1.000000000
1403715408.262143135,-0.435290000,2.086240000,1.236819000,0.000000000,0.000000000,0.000000000,1.000000000
1403715408.267143011,-0.432237000,2.084552000,1.238600000,0.000000000,0.000000000,0.000000000,1.000000000
1403715408.272142887,-0.429186000,2.082861000,1.240363000,0.000000000,0.000000000,0.000000000,1.000000000
1403715408.277143240,-0.426134000,2.081164000,1.242098000,0.000000000,0.000000000,0.000000000,1.000000000
1403715408.282143354,-0.423078000,2.079465000,1.243811000,0.000000000,0.000000000,0.000000000,1.000000000
1403715408.287142992,-0.420020000,2.077764000,1.245500000,0.000000000,0.000000000,0.000000000,1.000000000
1403715408.292143106,-0.416953000,2.076057000,1.247167000,0.000000000,0.000000000,0.000000000,1.000000000
1403715408.297143221,-0.413873000,2.074348000,1.248823000,0.000000000,0.000000000,0.000000000,1.000000000
1403715408.302143097,-0.410781000,2.072634000,1.250461000,0.000000000,0.000000000,0.000000000,1.000000000
1403715408.307142973,-0.407848000,2.070959000,1.252090000,0.000000000,0.000000000,0.000000000,1.000000000
1403715408.312143087,-0.404772000,2.069250000,1.253697000,0.000000000,0.000000000,0.000000000,1.000000000
1403715408.317143202,-0.401699000,2.067540000,1.255281000,0.000000000,0.000000000,0.000000000,1.000000000
1403715408.322143078,-0.398624000,2.065829000,1.256845000,0.000000000,0.000000000,0.000000000,1.000000000
1403715408.327142954,-0.395537000,2.064112000,1.258395000,0.000000000,0.000000000,0.000000000,1.000000000
1403715408.332143307,-0.392435000,2.062387000,1.259941000,0.000000000,0.000000000,0.000000000,1.000000000
1403715408.337143183,-0.389326000,2.060659000,1.261468000,0.000000000,0.000000000,0.000000000,1.000000000
1403715408.342143059,-0.386210000,2.058931000,1.262962000,0.000000000,0.000000000,0.000000000,1.000000000
1403715408.347142935,-0.383085000,2.057206000,1.264430000,0.000000000,0.000000000,0.000000000,1.000000000
1403715408.352143288,-0.379966000,2.055477000,1.265871000,0.000000000,0.000000000,0.000000000,1.000000000
1403715408.357143164,-0.377024000,2.053764000,1.267276000,0.000000000,0.000000000,0.000000000,1.000000000
1403715408.362143040,-0.373937000,2.052026000,1.268671000,0.000000000,0.000000000,0.000000000,1.000000000
1403715408.367142916,-0.370844000,2.050283000,1.270048000,0.000000000,0.000000000,0.000000000,1.000000000
1403715408.372143269,-0.367734000,2.048533000,1.271412000,0.000000000,0.000000000,0.000000000,1.000000000
1403715408.377142906,-0.364602000,2.046783000,1.272759000,0.000000000,0.000000000,0.000000000,1.000000000
1403715408.382143021,-0.361456000,2.045035000,1.274067000,0.000000000,0.000000000,0.000000000,1.000000000
1403715408.387142897,-0.358311000,2.043286000,1.275332000,0.000000000,0.000000000,0.000000000,1.000000000
1403715408.392143250,-0.355163000,2.041536000,1.276555000,0.000000000,0.000000000,0.000000000,1.000000000
1403715408.397142887,-0.352003000,2.039792000,1.277742000,0.000000000,0.000000000,0.000000000,1.000000000
1403715408.402143002,-0.348833000,2.038051000,1.278891000,0.000000000,0.000000000,0.000000000,1.000000000
1403715408.407143354,-0.345830000,2.036318000,1.279972000,0.000000000,0.000000000,0.000000000,1.000000000
1403715408.412143230,-0.342696000,2.034581000,1.281044000,0.000000000,0.000000000,0.000000000,1.000000000
1403715408.417143106,-0.339570000,2.032850000,1.282092000,0.000000000,0.000000000,0.000000000,1.000000000
1403715408.422142982,-0.336452000,2.031121000,1.283107000,0.000000000,0.000000000,0.000000000,1.000000000
1403715408.427143335,-0.333326000,2.029398000,1.284089000,0.000000000,0.000000000,0.000000000,1.000000000
1403715408.432142973,-0.330181000,2.027686000,1.285039000,0.000000000,0.000000000,0.000000000,1.000000000
1403715408.437143087,-0.327024000,2.025983000,1.285948000,0.000000000,0.000000000,0.000000000,1.000000000
1403715408.442142963,-0.323865000,2.024284000,1.286818000,0.000000000,0.000000000,0.000000000,1.000000000
1403715408.447143316,-0.320712000,2.022580000,1.287649000,0.000000000,0.000000000,0.000000000,1.000000000
1403715408.452142954,-0.317558000,2.020872000,1.288444000,0.000000000,0.000000000,0.000000000,1.000000000
1403715408.457143068,-0.314552000,2.019156000,1.289166000,0.000000000,0.000000000,0.000000000,1.000000000
1403715408.462142944,-0.311396000,2.017459000,1.289885000,0.000000000,0.000000000,0.000000000,1.000000000
1403715408.467143297,-0.308237000,2.015767000,1.290571000,0.000000000,0.000000000,0.000000000,1.000000000
1403715408.472142935,-0.305081000,2.014076000,1.291226000,0.000000000,0.000000000,0.000000000,1.000000000
1403715408.477143049,-0.301930000,2.012388000,1.291857000,0.000000000,0.000000000,0.000000000,1.000000000
1403715408.482143164,-0.298778000,2.010702000,1.292455000,0.000000000,0.000000000,0.000000000,1.000000000
1403715408.487143040,-0.295627000,2.009018000,1.293011000,0.000000000,0.000000000,0.000000000,1.000000000
1403715408.492142916,-0.292479000,2.007335000,1.293532000,0.000000000,0.000000000,0.000000000,1.000000000
1403715408.497143030,-0.289328000,2.005648000,1.294032000,0.000000000,0.000000000,0.000000000,1.000000000
1403715408.502143145,-0.286170000,2.003962000,1.294503000,0.000000000,0.000000000,0.000000000,1.000000000
1403715408.507143021,-0.283159000,2.002255000,1.294881000,0.000000000,0.000000000,0.000000000,1.000000000
1403715408.512142897,-0.280018000,2.000573000,1.295257000,0.000000000,0.000000000,0.000000000,1.000000000
1403715408.517143011,-0.276877000,1.998898000,1.295590000,0.000000000,0.000000000,0.000000000,1.000000000
1403715408.522143126,-0.273736000,1.997236000,1.295883000,0.000000000,0.000000000,0.000000000,1.000000000
1403715408.527143002,-0.270597000,1.995587000,1.296134000,0.000000000,0.000000000,0.000000000,1.000000000
1403715408.532143116,-0.267467000,1.993945000,1.296348000,0.000000000,0.000000000,0.000000000,1.000000000
1403715408.537143230,-0.264337000,1.992307000,1.296529000,0.000000000,0.000000000,0.000000000,1.000000000
1403715408.542143345,-0.261203000,1.990679000,1.296682000,0.000000000,0.000000000,0.000000000,1.000000000
1403715408.547142982,-0.258065000,1.989059000,1.296801000,0.000000000,0.000000000,0.000000000,1.000000000
1403715408.552143097,-0.254924000,1.987447000,1.296891000,0.000000000,0.000000000,0.000000000,1.000000000
1403715408.557143211,-0.251924000,1.985815000,1.296909000,0.000000000,0.000000000,0.000000000,1.000000000
1403715408.562143087,-0.248815000,1.984204000,1.296952000,0.000000000,0.000000000,0.000000000,1.000000000
1403715408.567142963,-0.245711000,1.982594000,1.296976000,0.000000000,0.000000000,0.000000000,1.000000000
1403715408.572143078,-0.242599000,1.980987000,1.296977000,0.000000000,0.000000000,0.000000000,1.000000000
1403715408.577143192,-0.239482000,1.979383000,1.296954000,0.000000000,0.000000000,0.000000000,1.000000000
1403715408.582143068,-0.236362000,1.977781000,1.296895000,0.000000000,0.000000000,0.000000000,1.000000000
1403715408.587142944,-0.233238000,1.976183000,1.296794000,0.000000000,0.000000000,0.000000000,1.000000000
1403715408.592143297,-0.230105000,1.974591000,1.296655000,0.000000000,0.000000000,0.000000000,1.000000000
1403715408.597143173,-0.226969000,1.973010000,1.296482000,0.000000000,0.000000000,0.000000000,1.000000000
1403715408.602143049,-0.223835000,1.971442000,1.296289000,0.000000000,0.000000000,0.000000000,1.000000000
1403715408.607142925,-0.220837000,1.969843000,1.296012000,0.000000000,0.000000000,0.000000000,1.000000000
1403715408.612143278,-0.217738000,1.968267000,1.295779000,0.000000000,0.000000000,0.000000000,1.000000000
1403715408.617143154,-0.214638000,1.966695000,1.295536000,0.000000000,0.000000000,0.000000000,1.000000000
1403715408.622143030,-0.211540000,1.965133000,1.295292000,0.000000000,0.000000000,0.000000000,1.000000000
1403715408.627142906,-0.208450000,1.963576000,1.295040000,0.000000000,0.000000000,0.000000000,1.000000000
1403715408.632143259,-0.205364000,1.962028000,1.294771000,0.000000000,0.000000000,0.000000000,1.000000000
1403715408.637142897,-0.202281000,1.960493000,1.294482000,0.000000000,0.000000000,0.000000000,1.000000000
1403715408.642143011,-0.199195000,1.958966000,1.294165000,0.000000000,0.000000000,0.000000000,1.000000000
1403715408.647142887,-0.196117000,1.957444000,1.293833000,0.000000000,0.000000000,0.000000000,1.000000000
1403715408.652143240,-0.193054000,1.955929000,1.293489000,0.000000000,0.000000000,0.000000000,1.000000000
1403715408.657143116,-0.190124000,1.954392000,1.293077000,0.000000000,0.000000000,0.000000000,1.000000000
1403715408.662142992,-0.187098000,1.952895000,1.292718000,0.000000000,0.000000000,0.000000000,1.000000000
1403715408.667143345,-0.184075000,1.951412000,1.292366000,0.000000000,0.000000000,0.000000000,1.000000000
1403715408.672143221,-0.181053000,1.949942000,1.292012000,0.000000000,0.000000000,0.000000000,1.000000000
1403715408.677143097,-0.178032000,1.948490000,1.291657000,0.000000000,0.000000000,0.000000000,1.000000000
1403715408.682142973,-0.175024000,1.947051000,1.291297000,0.000000000,0.000000000,0.000000000,1.000000000
1403715408.687143326,-0.172027000,1.945623000,1.290932000,0.000000000,0.000000000,0.000000000,1.000000000
1403715408.692142963,-0.169038000,1.944210000,1.290587000,0.000000000,0.000000000,0.000000000,1.000000000
1403715408.697143078,-0.166060000,1.942815000,1.290256000,0.000000000,0.000000000,0.000000000,1.000000000
1403715408.702142954,-0.163096000,1.941438000,1.289905000,0.000000000,0.000000000,0.000000000,1.000000000
1403715408.707143307,-0.160260000,1.940038000,1.289477000,0.000000000,0.000000000,0.000000000,1.000000000
1403715408.712142944,-0.157336000,1.938680000,1.289114000,0.000000000,0.000000000,0.000000000,1.000000000
1403715408.717143059,-0.154417000,1.937336000,1.288761000,0.000000000,0.000000000,0.000000000,1.000000000
1403715408.722143173,-0.151500000,1.936001000,1.288403000,0.000000000,0.000000000,0.000000000,1.000000000
1403715408.727143288,-0.148584000,1.934674000,1.288030000,0.000000000,0.000000000,0.000000000,1.000000000
1403715408.732142925,-0.145681000,1.933363000,1.287653000,0.000000000,0.000000000,0.000000000,1.000000000
1403715408.737143040,-0.142786000,1.932068000,1.287272000,0.000000000,0.000000000,0.000000000,1.000000000
1403715408.742143154,-0.139895000,1.930792000,1.286900000,0.000000000,0.000000000,0.000000000,1.000000000
1403715408.747143030,-0.137008000,1.929535000,1.286540000,0.000000000,0.000000000,0.000000000,1.000000000
1403715408.752142906,-0.134128000,1.928279000,1.286189000,0.000000000,0.000000000,0.000000000,1.000000000
1403715408.757143021,-0.131363000,1.926986000,1.285809000,0.000000000,0.000000000,0.000000000,1.000000000
1403715408.762143135,-0.128520000,1.925717000,1.285489000,0.000000000,0.000000000,0.000000000,1.000000000
1403715408.767143011,-0.125685000,1.924458000,1.285174000,0.000000000,0.000000000,0.000000000,1.000000000
1403715408.772142887,-0.122853000,1.923212000,1.284861000,0.000000000,0.000000000,0.000000000,1.000000000
1403715408.777143240,-0.120022000,1.921981000,1.284559000,0.000000000,0.000000000,0.000000000,1.000000000
1403715408.782143354,-0.117205000,1.920764000,1.284266000,0.000000000,0.000000000,0.000000000,1.000000000
1403715408.787142992,-0.114398000,1.919561000,1.283978000,0.000000000,0.000000000,0.000000000,1.000000000
1403715408.792143106,-0.111596000,1.918372000,1.283699000,0.000000000,0.000000000,0.000000000,1.000000000
1403715408.797143221,-0.108805000,1.917202000,1.283425000,0.000000000,0.000000000,0.000000000,1.000000000
1403715408.802143097,-0.106017000,1.916048000,1.283161000,0.000000000,0.000000000,0.000000000,1.000000000
1403715408.807142973,-0.103329000,1.914878000,1.282859000,0.000000000,0.000000000,0.000000000,1.000000000
1403715408.812143087,-0.100565000,1.913732000,1.282593000,0.000000000,0.000000000,0.000000000,1.000000000
1403715408.817143202,-0.097809000,1.912598000,1.282329000,0.000000000,0.000000000,0.000000000,1.000000000
1403715408.822143078,-0.095052000,1.911482000,1.282075000,0.000000000,0.000000000,0.000000000,1.000000000
1403715408.827142954,-0.092292000,1.910385000,1.281837000,0.000000000,0.000000000,0.000000000,1.000000000
1403715408.832143307,-0.089536000,1.909304000,1.281607000,0.000000000,0.000000000,0.000000000,1.000000000
1403715408.837143183,-0.086790000,1.908239000,1.281378000,0.000000000,0.000000000,0.000000000,1.000000000
1403715408.842143059,-0.084058000,1.907184000,1.281148000,0.000000000,0.000000000,0.000000000,1.000000000
1403715408.847142935,-0.081342000,1.906135000,1.280916000,0.000000000,0.000000000,0.000000000,1.000000000
1403715408.852143288,-0.078633000,1.905100000,1.280684000,0.000000000,0.000000000,0.000000000,1.000000000
1403715408.857143164,-0.076025000,1.904062000,1.280418000,0.000000000,0.000000000,0.000000000,1.000000000
1403715408.862143040,-0.073353000,1.903047000,1.280177000,0.000000000,0.000000000,0.000000000,1.000000000
1403715408.867142916,-0.070692000,1.902042000,1.279953000,0.000000000,0.000000000,0.000000000,1.000000000
1403715408.872143269,-0.068039000,1.901055000,1.279754000,0.000000000,0.000000000,0.000000000,1.000000000
1403715408.877142906,-0.065400000,1.900080000,1.279572000,0.000000000,0.000000000,0.000000000,1.000000000
1403715408.882143021,-0.062771000,1.899109000,1.279397000,0.000000000,0.000000000,0.000000000,1.000000000
1403715408.887142897,-0.060149000,1.898145000,1.279237000,0.000000000,0.000000000,0.000000000,1.000000000
1403715408.892143250,-0.057538000,1.897196000,1.279106000,0.000000000,0.000000000,0.000000000,1.000000000
1403715408.897142887,-0.054938000,1.896265000,1.278994000,0.000000000,0.000000000,0.000000000,1.000000000
1403715408.902143002,-0.052342000,1.895347000,1.278875000,0.000000000,0.000000000,0.000000000,1.000000000
1403715408.907143354,-0.049834000,1.894427000,1.278730000,0.000000000,0.000000000,0.000000000,1.000000000
1403715408.912143230,-0.047268000,1.893542000,1.278587000,0.000000000,0.000000000,0.000000000,1.000000000
1403715408.917143106,-0.044709000,1.892677000,1.278443000,0.000000000,0.000000000,0.000000000,1.000000000
1403715408.922142982,-0.042156000,1.891830000,1.278301000,0.000000000,0.000000000,0.000000000,1.000000000
1403715408.927143335,-0.039605000,1.890996000,1.278168000,0.000000000,0.000000000,0.000000000,1.000000000
1403715408.932142973,-0.037055000,1.890178000,1.278062000,0.000000000,0.000000000,0.000000000,1.000000000
1403715408.937143087,-0.034518000,1.889372000,1.277976000,0.000000000,0.000000000,0.000000000,1.000000000
1403715408.942142963,-0.031997000,1.888574000,1.277893000,0.000000000,0.000000000,0.000000000,1.000000000
1403715408.947143316,-0.029485000,1.887789000,1.277822000,0.000000000,0.000000000,0.000000000,1.000000000
1403715408.952142954,-0.026974000,1.887019000,1.277759000,0.000000000,0.000000000,0.000000000,1.000000000
1403715408.957143068,-0.024541000,1.886248000,1.277707000,0.000000000,0.000000000,0.000000000,1.000000000
1403715408.962142944,-0.022055000,1.885503000,1.277648000,0.000000000,0.000000000,0.000000000,1.000000000
1403715408.967143297,-0.019583000,1.884767000,1.277592000,0.000000000,0.000000000,0.000000000,1.000000000
1403715408.972142935,-0.017126000,1.884029000,1.277567000,0.000000000,0.000000000,0.000000000,1.000000000
1403715408.977143049,-0.014678000,1.883295000,1.277567000,0.000000000,0.000000000,0.000000000,1.000000000
1403715408.982143164,-0.012239000,1.882569000,1.277559000,0.000000000,0.000000000,0.000000000,1.000000000
1403715408.987143040,-0.009815000,1.881853000,1.277542000,0.000000000,0.000000000,0.000000000,1.000000000
1403715408.992142916,-0.007408000,1.881153000,1.277532000,0.000000000,0.000000000,0.000000000,1.000000000
1403715408.997143030,-0.005014000,1.880465000,1.277532000,0.000000000,0.000000000,0.000000000,1.000000000
1403715409.002143145,-0.002630000,1.879796000,1.277534000,0.000000000,0.000000000,0.000000000,1.000000000
1403715409.007143021,-0.000328000,1.879125000,1.277545000,0.000000000,0.000000000,0.000000000,1.000000000
1403715409.012142897,0.002022000,1.878481000,1.277569000,0.000000000,0.000000000,0.000000000,1.000000000
1403715409.017143011,0.004361000,1.877850000,1.277613000,0.000000000,0.000000000,0.000000000,1.000000000
1403715409.022143126,0.006683000,1.877232000,1.277662000,0.000000000,0.000000000,0.000000000,1.000000000
1403715409.027143002,0.008992000,1.876630000,1.277706000,0.000000000,0.000000000,0.000000000,1.000000000
1403715409.032143116,0.011302000,1.876046000,1.277751000,0.000000000,0.000000000,0.000000000,1.000000000
1403715409.037143230,0.013607000,1.875475000,1.277815000,0.000000000,0.000000000,0.000000000,1.000000000
1403715409.042143345,0.015899000,1.874907000,1.277899000,0.000000000,0.000000000,0.000000000,1.000000000
1403715409.047142982,0.018169000,1.874342000,1.277999000,0.000000000,0.000000000,0.000000000,1.000000000
1403715409.052143097,0.020421000,1.873787000,1.278107000,0.000000000,0.000000000,0.000000000,1.000000000
1403715409.057143211,0.022611000,1.873231000,1.278249000,0.000000000,0.000000000,0.000000000,1.000000000
1403715409.062143087,0.024846000,1.872703000,1.278395000,0.000000000,0.000000000,0.000000000,1.000000000
1403715409.067142963,0.027076000,1.872191000,1.278563000,0.000000000,0.000000000,0.000000000,1.000000000
1403715409.072143078,0.029290000,1.871700000,1.278765000,0.000000000,0.000000000,0.000000000,1.000000000
1403715409.077143192,0.031472000,1.871215000,1.278971000,0.000000000,0.000000000,0.000000000,1.000000000
1403715409.082143068,0.033626000,1.870726000,1.279165000,0.000000000,0.000000000,0.000000000,1.000000000
1403715409.087142944,0.035763000,1.870248000,1.279377000,0.000000000,0.000000000,0.000000000,1.000000000
1403715409.092143297,0.037890000,1.869784000,1.279609000,0.000000000,0.000000000,0.000000000,1.000000000
1403715409.097143173,0.040009000,1.869334000,1.279854000,0.000000000,0.000000000,0.000000000,1.000000000
1403715409.102143049,0.042118000,1.868897000,1.280110000,0.000000000,0.000000000,0.000000000,1.000000000
1403715409.107142925,0.044161000,1.868449000,1.280379000,0.000000000,0.000000000,0.000000000,1.000000000
1403715409.112143278,0.046234000,1.868013000,1.280620000,0.000000000,0.000000000,0.000000000,1.000000000
1403715409.117143154,0.048285000,1.867576000,1.280855000,0.000000000,0.000000000,0.000000000,1.000000000
1403715409.122143030,0.050317000,1.867142000,1.281077000,0.000000000,0.000000000,0.000000000,1.000000000
1403715409.127142906,0.052335000,1.866719000,1.281303000,0.000000000,0.000000000,0.000000000,1.000000000
1403715409.132143259,0.054336000,1.866314000,1.281529000,0.000000000,0.000000000,0.000000000,1.000000000
1403715409.137142897,0.056323000,1.865918000,1.281751000,0.000000000,0.000000000,0.000000000,1.000000000
1403715409.142143011,0.058294000,1.865527000,1.281993000,0.000000000,0.000000000,0.000000000,1.000000000
1403715409.147142887,0.060236000,1.865138000,1.282255000,0.000000000,0.000000000,0.000000000,1.000000000
1403715409.152143240,0.062145000,1.864746000,1.282542000,0.000000000,0.000000000,0.000000000,1.000000000
1403715409.157143116,0.063981000,1.864335000,1.282891000,0.000000000,0.000000000,0.000000000,1.000000000
1403715409.162142992,0.065841000,1.863944000,1.283212000,0.000000000,0.000000000,0.000000000,1.000000000
1403715409.167143345,0.067692000,1.863566000,1.283531000,0.000000000,0.000000000,0.000000000,1.000000000
1403715409.172143221,0.069533000,1.863210000,1.283847000,0.000000000,0.000000000,0.000000000,1.000000000
1403715409.177143097,0.071363000,1.862870000,1.284158000,0.000000000,0.000000000,0.000000000,1.000000000
1403715409.182142973,0.073175000,1.862522000,1.284465000,0.000000000,0.000000000,0.000000000,1.000000000
1403715409.187143326,0.074968000,1.862159000,1.284780000,0.000000000,0.000000000,0.000000000,1.000000000
1403715409.192142963,0.076750000,1.861793000,1.285110000,0.000000000,0.000000000,0.000000000,1.000000000
1403715409.197143078,0.078521000,1.861439000,1.285450000,0.000000000,0.000000000,0.000000000,1.000000000
1403715409.202142954,0.080285000,1.861098000,1.285799000,0.000000000,0.000000000,0.000000000,1.000000000
1403715409.207143307,0.081988000,1.860745000,1.286195000,0.000000000,0.000000000,0.000000000,1.000000000
1403715409.212142944,0.083707000,1.860408000,1.286570000,0.000000000,0.000000000,0.000000000,1.000000000
1403715409.217143059,0.085400000,1.860067000,1.286954000,0.000000000,0.000000000,0.000000000,1.000000000
1403715409.222143173,0.087066000,1.859729000,1.287341000,0.000000000,0.000000000,0.000000000,1.000000000
1403715409.227143288,0.088722000,1.859397000,1.287731000,0.000000000,0.000000000,0.000000000,1.000000000
1403715409.232142925,0.090369000,1.859077000,1.288133000,0.000000000,0.000000000,0.000000000,1.000000000
1403715409.237143040,0.092002000,1.858771000,1.288535000,0.000000000,0.000000000,0.000000000,1.000000000
1403715409.242143154,0.093626000,1.858472000,1.288936000,0.000000000,0.000000000,0.000000000,1.000000000
1403715409.247143030,0.095238000,1.858179000,1.289343000,0.000000000,0.000000000,0.000000000,1.000000000
1403715409.252142906,0.096832000,1.857890000,1.289756000,0.000000000,0.000000000,0.000000000,1.000000000
1403715409.257143021,0.098363000,1.857574000,1.290224000,0.000000000,0.000000000,0.000000000,1.000000000
1403715409.262143135,0.099913000,1.857282000,1.290668000,0.000000000,0.000000000,0.000000000,1.000000000
1403715409.267143011,0.101443000,1.856995000,1.291135000,0.000000000,0.000000000,0.000000000,1.000000000
1403715409.272142887,0.102962000,1.856713000,1.291626000,0.000000000,0.000000000,0.000000000,1.000000000
1403715409.277143240,0.104473000,1.856435000,1.292140000,0.000000000,0.000000000,0.000000000,1.000000000
1403715409.282143354,0.105979000,1.856160000,1.292670000,0.000000000,0.000000000,0.000000000,1.000000000
1403715409.287142992,0.107479000,1.855878000,1.293208000,0.000000000,0.000000000,0.000000000,1.000000000
1403715409.292143106,0.108962000,1.855587000,1.293751000,0.000000000,0.000000000,0.000000000,1.000000000
1403715409.297143221,0.110422000,1.855298000,1.294300000,0.000000000,0.000000000,0.000000000,1.000000000
1403715409.302143097,0.111868000,1.855013000,1.294853000,0.000000000,0.000000000,0.000000000,1.000000000
1403715409.307142973,0.113265000,1.854703000,1.295466000,0.000000000,0.000000000,0.000000000,1.000000000
1403715409.312143087,0.114692000,1.854432000,1.296058000,0.000000000,0.000000000,0.000000000,1.000000000
1403715409.317143202,0.116109000,1.854163000,1.296663000,0.000000000,0.000000000,0.000000000,1.000000000
1403715409.322143078,0.117513000,1.853888000,1.297288000,0.000000000,0.000000000,0.000000000,1.000000000
1403715409.327142954,0.118898000,1.853604000,1.297932000,0.000000000,0.000000000,0.000000000,1.000000000
1403715409.332143307,0.120258000,1.853315000,1.298579000,0.000000000,0.000000000,0.000000000,1.000000000
1403715409.337143183,0.121599000,1.853028000,1.299217000,0.000000000,0.000000000,0.000000000,1.000000000
1403715409.342143059,0.122930000,1.852743000,1.299857000,0.000000000,0.000000000,0.000000000,1.000000000
1403715409.347142935,0.124245000,1.852465000,1.300501000,0.000000000,0.000000000,0.000000000,1.000000000
1403715409.352143288,0.125541000,1.852191000,1.301140000,0.000000000,0.000000000,0.000000000,1.000000000
1403715409.357143164,0.126778000,1.851874000,1.301830000,0.000000000,0.000000000,0.000000000,1.000000000
1403715409.362143040,0.128035000,1.851585000,1.302487000,0.000000000,0.000000000,0.000000000,1.000000000
1403715409.367142916,0.129276000,1.851296000,1.303156000,0.000000000,0.000000000,0.000000000,1.000000000
1403715409.372143269,0.130502000,1.851007000,1.303846000,0.000000000,0.000000000,0.000000000,1.000000000
1403715409.377142906,0.131714000,1.850720000,1.304550000,0.000000000,0.000000000,0.000000000,1.000000000
1403715409.382143021,0.132915000,1.850434000,1.305267000,0.000000000,0.000000000,0.000000000,1.000000000
1403715409.387142897,0.134101000,1.850144000,1.305998000,0.000000000,0.000000000,0.000000000,1.000000000
1403715409.392143250,0.135266000,1.849848000,1.306740000,0.000000000,0.000000000,0.000000000,1.000000000
1403715409.397142887,0.136408000,1.849547000,1.307489000,0.000000000,0.000000000,0.000000000,1.000000000
1403715409.402143002,0.137528000,1.849243000,1.308248000,0.000000000,0.000000000,0.000000000,1.000000000
1403715409.407143354,0.138587000,1.848903000,1.309049000,0.000000000,0.000000000,0.000000000,1.000000000
1403715409.412143230,0.139673000,1.848596000,1.309808000,0.000000000,0.000000000,0.000000000,1.000000000
1403715409.417143106,0.140747000,1.848292000,1.310569000,0.000000000,0.000000000,0.000000000,1.000000000
1403715409.422142982,0.141802000,1.847993000,1.311341000,0.000000000,0.000000000,0.000000000,1.000000000
1403715409.427143335,0.142844000,1.847696000,1.312134000,0.000000000,0.000000000,0.000000000,1.000000000
1403715409.432142973,0.143872000,1.847401000,1.312948000,0.000000000,0.000000000,0.000000000,1.000000000
1403715409.437143087,0.144888000,1.847107000,1.313772000,0.000000000,0.000000000,0.000000000,1.000000000
1403715409.442142963,0.145892000,1.846812000,1.314603000,0.000000000,0.000000000,0.000000000,1.000000000
1403715409.447143316,0.146881000,1.846517000,1.315439000,0.000000000,0.000000000,0.000000000,1.000000000
1403715409.452142954,0.147860000,1.846226000,1.316287000,0.000000000,0.000000000,0.000000000,1.000000000
1403715409.457143068,0.148790000,1.845901000,1.317187000,0.000000000,0.000000000,0.000000000,1.000000000
1403715409.462142944,0.149737000,1.845611000,1.318071000,0.000000000,0.000000000,0.000000000,1.000000000
1403715409.467143297,0.150674000,1.845323000,1.318966000,0.000000000,0.000000000,0.000000000,1.000000000
1403715409.472142935,0.151602000,1.845035000,1.319869000,0.000000000,0.000000000,0.000000000,1.000000000
1403715409.477143049,0.152521000,1.844751000,1.320779000,0.000000000,0.000000000,0.000000000,1.000000000
1403715409.482143164,0.153428000,1.844469000,1.321699000,0.000000000,0.000000000,0.000000000,1.000000000
1403715409.487143040,0.154319000,1.844186000,1.322632000,0.000000000,0.000000000,0.000000000,1.000000000
1403715409.492142916,0.155191000,1.843903000,1.323571000,0.000000000,0.000000000,0.000000000,1.000000000
1403715409.497143030,0.156049000,1.843618000,1.324513000,0.000000000,0.000000000,0.000000000,1.000000000
1403715409.502143145,0.156898000,1.843330000,1.325456000,0.000000000,0.000000000,0.000000000,1.000000000
1403715409.507143021,0.157690000,1.843011000,1.326418000,0.000000000,0.000000000,0.000000000,1.000000000
1403715409.512142897,0.158495000,1.842722000,1.327351000,0.000000000,0.000000000,0.000000000,1.000000000
1403715409.517143011,0.159285000,1.842433000,1.328282000,0.000000000,0.000000000,0.000000000,1.000000000
1403715409.522143126,0.160059000,1.842142000,1.329216000,0.000000000,0.000000000,0.000000000,1.000000000
1403715409.527143002,0.160813000,1.841850000,1.330144000,0.000000000,0.000000000,0.000000000,1.000000000
1403715409.532143116,0.161548000,1.841556000,1.331065000,0.000000000,0.000000000,0.000000000,1.000000000
1403715409.537143230,0.162268000,1.841262000,1.331989000,0.000000000,0.000000000,0.000000000,1.000000000
1403715409.542143345,0.162980000,1.840971000,1.332925000,0.000000000,0.000000000,0.000000000,1.000000000
1403715409.547142982,0.163688000,1.840691000,1.333868000,0.000000000,0.000000000,0.000000000,1.000000000
1403715409.552143097,0.164393000,1.840419000,1.334814000,0.000000000,0.000000000,0.000000000,1.000000000
1403715409.557143211,0.165057000,1.840123000,1.335782000,0.000000000,0.000000000,0.000000000,1.000000000
1403715409.562143087,0.165735000,1.839849000,1.336734000,0.000000000,0.000000000,0.000000000,1.000000000
1403715409.567142963,0.166402000,1.839569000,1.337675000,0.000000000,0.000000000,0.000000000,1.000000000
1403715409.572143078,0.167060000,1.839286000,1.338603000,0.000000000,0.000000000,0.000000000,1.000000000
1403715409.577143192,0.167709000,1.839010000,1.339518000,0.000000000,0.000000000,0.000000000,1.000000000
1403715409.582143068,0.168350000,1.838747000,1.340424000,0.000000000,0.000000000,0.000000000,1.000000000
1403715409.587142944,0.168984000,1.838499000,1.341325000,0.000000000,0.000000000,0.000000000,1.000000000
1403715409.592143297,0.169613000,1.838269000,1.342228000,0.000000000,0.000000000,0.000000000,1.000000000
1403715409.597143173,0.170232000,1.838052000,1.343136000,0.000000000,0.000000000,0.000000000,1.000000000
1403715409.602143049,0.170841000,1.837839000,1.344060000,0.000000000,0.000000000,0.000000000,1.000000000
1403715409.607142925,0.171412000,1.837599000,1.345004000,0.000000000,0.000000000,0.000000000,1.000000000
1403715409.612143278,0.172010000,1.837378000,1.345951000,0.000000000,0.000000000,0.000000000,1.000000000
1403715409.617143154,0.172610000,1.837166000,1.346898000,0.000000000,0.000000000,0.000000000,1.000000000
1403715409.622143030,0.173206000,1.836962000,1.347846000,0.000000000,0.000000000,0.000000000,1.000000000
1403715409.627142906,0.173794000,1.836769000,1.348798000,0.000000000,0.000000000,0.000000000,1.000000000
1403715409.632143259,0.174369000,1.836585000,1.349749000,0.000000000,0.000000000,0.000000000,1.000000000
1403715409.637142897,0.174933000,1.836404000,1.350696000,0.000000000,0.000000000,0.000000000,1.000000000
1403715409.642143011,0.175492000,1.836224000,1.351643000,0.000000000,0.000000000,0.000000000,1.000000000
1403715409.647142887,0.176042000,1.836049000,1.352597000,0.000000000,0.000000000,0.000000000,1.000000000
1403715409.652143240,0.176583000,1.835882000,1.353553000,0.000000000,0.000000000,0.000000000,1.000000000
1403715409.657143116,0.177090000,1.835706000,1.354504000,0.000000000,0.000000000,0.000000000,1.000000000
1403715409.662142992,0.177617000,1.835538000,1.355462000,0.000000000,0.000000000,0.000000000,1.000000000
1403715409.667143345,0.178142000,1.835362000,1.356433000,0.000000000,0.000000000,0.000000000,1.000000000
1403715409.672143221,0.178663000,1.835186000,1.357406000,0.000000000,0.000000000,0.000000000,1.000000000
1403715409.677143097,0.179176000,1.835012000,1.358368000,0.000000000,0.000000000,0.000000000,1.000000000
1403715409.682142973,0.179682000,1.834845000,1.359326000,0.000000000,0.000000000,0.000000000,1.000000000
1403715409.687143326,0.180181000,1.834685000,1.360277000,0.000000000,0.000000000,0.000000000,1.000000000
1403715409.692142963,0.180675000,1.834529000,1.361215000,0.000000000,0.000000000,0.000000000,1.000000000
1403715409.697143078,0.181166000,1.834378000,1.362148000,0.000000000,0.000000000,0.000000000,1.000000000
1403715409.702142954,0.181652000,1.834226000,1.363088000,0.000000000,0.000000000,0.000000000,1.000000000
1403715409.707143307,0.182115000,1.834050000,1.364014000,0.000000000,0.000000000,0.000000000,1.000000000
1403715409.712142944,0.182588000,1.833882000,1.364965000,0.000000000,0.000000000,0.000000000,1.000000000
1403715409.717143059,0.183056000,1.833708000,1.365929000,0.000000000,0.000000000,0.000000000,1.000000000
1403715409.722143173,0.183518000,1.833536000,1.366914000,0.000000000,0.000000000,0.000000000,1.000000000
1403715409.727143288,0.183978000,1.833373000,1.367908000,0.000000000,0.000000000,0.000000000,1.000000000
1403715409.732142925,0.184439000,1.833216000,1.368906000,0.000000000,0.000000000,0.000000000,1.000000000
1403715409.737143040,0.184897000,1.833064000,1.369902000,0.000000000,0.000000000,0.000000000,1.000000000
1403715409.742143154,0.185344000,1.832915000,1.370892000,0.000000000,0.000000000,0.000000000,1.000000000
1403715409.747143030,0.185783000,1.832764000,1.371873000,0.000000000,0.000000000,0.000000000,1.000000000
1403715409.752142906,0.186220000,1.832610000,1.372851000,0.000000000,0.000000000,0.000000000,1.000000000
1403715409.757143021,0.186645000,1.832446000,1.373798000,0.000000000,0.000000000,0.000000000,1.000000000
1403715409.762143135,0.187090000,1.832297000,1.374774000,0.000000000,0.000000000,0.000000000,1.000000000
1403715409.767143011,0.187543000,1.832149000,1.375752000,0.000000000,0.000000000,0.000000000,1.000000000
1403715409.772142887,0.188000000,1.832000000,1.376743000,0.000000000,0.000000000,0.000000000,1.000000000
1403715409.777143240,0.188458000,1.831844000,1.377748000,0.000000000,0.000000000,0.000000000,1.000000000
1403715409.782143354,0.188915000,1.831682000,1.378766000,0.000000000,0.000000000,0.000000000,1.000000000
1403715409.787142992,0.189373000,1.831516000,1.379792000,0.000000000,0.000000000,0.000000000,1.000000000
1403715409.792143106,0.189835000,1.831344000,1.380815000,0.000000000,0.000000000,0.000000000,1.000000000
1403715409.797143221,0.190299000,1.831171000,1.381836000,0.000000000,0.000000000,0.000000000,1.000000000
1403715409.802143097,0.190761000,1.831003000,1.382854000,0.000000000,0.000000000,0.000000000,1.000000000
1403715409.807142973,0.191210000,1.830822000,1.383834000,0.000000000,0.000000000,0.000000000,1.000000000
1403715409.812143087,0.191668000,1.830654000,1.384868000,0.000000000,0.000000000,0.000000000,1.000000000
1403715409.817143202,0.192125000,1.830486000,1.385922000,0.000000000,0.000000000,0.000000000,1.000000000
1403715409.822143078,0.192584000,1.830319000,1.386980000,0.000000000,0.000000000,0.000000000,1.000000000
1403715409.827142954,0.193045000,1.830154000,1.388050000,0.000000000,0.000000000,0.000000000,1.000000000
1403715409.832143307,0.193508000,1.829990000,1.389138000,0.000000000,0.000000000,0.000000000,1.000000000
1403715409.837143183,0.193976000,1.829825000,1.390244000,0.000000000,0.000000000,0.000000000,1.000000000
1403715409.842143059,0.194450000,1.829657000,1.391363000,0.000000000,0.000000000,0.000000000,1.000000000
1403715409.847142935,0.194926000,1.829489000,1.392476000,0.000000000,0.000000000,0.000000000,1.000000000
1403715409.852143288,0.195405000,1.829321000,1.393569000,0.000000000,0.000000000,0.000000000,1.000000000
1403715409.857143164,0.195886000,1.829139000,1.394590000,0.000000000,0.000000000,0.000000000,1.000000000
1403715409.862143040,0.196368000,1.828977000,1.395643000,0.000000000,0.000000000,0.000000000,1.000000000
1403715409.867142916,0.196854000,1.828816000,1.396693000,0.000000000,0.000000000,0.000000000,1.000000000
1403715409.872143269,0.197349000,1.828652000,1.397749000,0.000000000,0.000000000,0.000000000,1.000000000
1403715409.877142906,0.197850000,1.828478000,1.398806000,0.000000000,0.000000000,0.000000000,1.000000000
1403715409.882143021,0.198355000,1.828294000,1.399863000,0.000000000,0.000000000,0.000000000,1.000000000
1403715409.887142897,0.198863000,1.828107000,1.400925000,0.000000000,0.000000000,0.000000000,1.000000000
1403715409.892143250,0.199376000,1.827918000,1.401994000,0.000000000,0.000000000,0.000000000,1.000000000
1403715409.897142887,0.199898000,1.827726000,1.403067000,0.000000000,0.000000000,0.000000000,1.000000000
1403715409.902143002,0.200432000,1.827535000,1.404141000,0.000000000,0.000000000,0.000000000,1.000000000
1403715409.907143354,0.200984000,1.827332000,1.405154000,0.000000000,0.000000000,0.000000000,1.000000000
1403715409.912143230,0.201538000,1.827148000,1.406206000,0.000000000,0.000000000,0.000000000,1.000000000
1403715409.917143106,0.202097000,1.826959000,1.407257000,0.000000000,0.000000000,0.000000000,1.000000000
1403715409.922142982,0.202655000,1.826762000,1.408306000,0.000000000,0.000000000,0.000000000,1.000000000
1403715409.927143335,0.203217000,1.826549000,1.409356000,0.000000000,0.000000000,0.000000000,1.000000000
1403715409.932142973,0.203790000,1.826323000,1.410428000,0.000000000,0.000000000,0.000000000,1.000000000
1403715409.937143087,0.204373000,1.826094000,1.411527000,0.000000000,0.000000000,0.000000000,1.000000000
1403715409.942142963,0.204973000,1.825862000,1.412632000,0.000000000,0.000000000,0.000000000,1.000000000
1403715409.947143316,0.205590000,1.825624000,1.413733000,0.000000000,0.000000000,0.000000000,1.000000000
1403715409.952142954,0.206209000,1.825385000,1.414823000,0.000000000,0.000000000,0.000000000,1.000000000
1403715409.957143068,0.206831000,1.825122000,1.415860000,0.000000000,0.000000000,0.000000000,1.000000000
1403715409.962142944,0.207449000,1.824875000,1.416935000,0.000000000,0.000000000,0.000000000,1.000000000
1403715409.967143297,0.208077000,1.824619000,1.418005000,0.000000000,0.000000000,0.000000000,1.000000000
1403715409.972142935,0.208717000,1.824355000,1.419074000,0.000000000,0.000000000,0.000000000,1.000000000
1403715409.977143049,0.209368000,1.824090000,1.420146000,0.000000000,0.000000000,0.000000000,1.000000000
1403715409.982143164,0.210033000,1.823823000,1.421222000,0.000000000,0.000000000,0.000000000,1.000000000
1403715409.987143040,0.210715000,1.823547000,1.422306000,0.000000000,0.000000000,0.000000000,1.000000000
1403715409.992142916,0.211409000,1.823264000,1.423403000,0.000000000,0.000000000,0.000000000,1.000000000
1403715409.997143030,0.212109000,1.822972000,1.424508000,0.000000000,0.000000000,0.000000000,1.000000000
1403715410.002143145,0.212818000,1.822670000,1.425617000,0.000000000,0.000000000,0.000000000,1.000000000
1403715410.007143021,0.213550000,1.822331000,1.426673000,0.000000000,0.000000000,0.000000000,1.000000000
1403715410.012142897,0.214287000,1.822013000,1.427781000,0.000000000,0.000000000,0.000000000,1.000000000
1403715410.017143011,0.215036000,1.821691000,1.428885000,0.000000000,0.000000000,0.000000000,1.000000000
1403715410.022143126,0.215794000,1.821363000,1.429985000,0.000000000,0.000000000,0.000000000,1.000000000
1403715410.027143002,0.216557000,1.821025000,1.431087000,0.000000000,0.000000000,0.000000000,1.000000000
1403715410.032143116,0.217326000,1.820680000,1.432196000,0.000000000,0.000000000,0.000000000,1.000000000
1403715410.037143230,0.218108000,1.820327000,1.433315000,0.000000000,0.000000000,0.000000000,1.000000000
1403715410.042143345,0.218906000,1.819972000,1.434441000,0.000000000,0.000000000,0.000000000,1.000000000
1403715410.047142982,0.219729000,1.819616000,1.435579000,0.000000000,0.000000000,0.000000000,1.000000000
1403715410.052143097,0.220583000,1.819258000,1.436742000,0.000000000,0.000000000,0.000000000,1.000000000
1403715410.057143211,0.221464000,1.818857000,1.437860000,0.000000000,0.000000000,0.000000000,1.000000000
1403715410.062143087,0.222352000,1.818475000,1.439026000,0.000000000,0.000000000,0.000000000,1.000000000
1403715410.067142963,0.223243000,1.818080000,1.440190000,0.000000000,0.000000000,0.000000000,1.000000000
1403715410.072143078,0.224135000,1.817670000,1.441353000,0.000000000,0.000000000,0.000000000,1.000000000
1403715410.077143192,0.225037000,1.817250000,1.442513000,0.000000000,0.000000000,0.000000000,1.000000000
1403715410.082143068,0.225951000,1.816826000,1.443676000,0.000000000,0.000000000,0.000000000,1.000000000
1403715410.087142944,0.226887000,1.816398000,1.444842000,0.000000000,0.000000000,0.000000000,1.000000000
1403715410.092143297,0.227846000,1.815961000,1.446014000,0.000000000,0.000000000,0.000000000,1.000000000
1403715410.097143173,0.228811000,1.815507000,1.447206000,0.000000000,0.000000000,0.000000000,1.000000000
1403715410.102143049,0.229779000,1.815037000,1.448421000,0.000000000,0.000000000,0.000000000,1.000000000
1403715410.107142925,0.230764000,1.814502000,1.449605000,0.000000000,0.000000000,0.000000000,1.000000000
1403715410.112143278,0.231774000,1.813986000,1.450840000,0.000000000,0.000000000,0.000000000,1.000000000
1403715410.117143154,0.232800000,1.813463000,1.452068000,0.000000000,0.000000000,0.000000000,1.000000000
1403715410.122143030,0.233833000,1.812943000,1.453279000,0.000000000,0.000000000,0.000000000,1.000000000
1403715410.127142906,0.234874000,1.812427000,1.454469000,0.000000000,0.000000000,0.000000000,1.000000000
1403715410.132143259,0.235921000,1.811912000,1.455646000,0.000000000,0.000000000,0.000000000,1.000000000
1403715410.137142897,0.236966000,1.811393000,1.456807000,0.000000000,0.000000000,0.000000000,1.000000000
1403715410.142143011,0.238003000,1.810871000,1.457952000,0.000000000,0.000000000,0.000000000,1.000000000
1403715410.147142887,0.239039000,1.810349000,1.459088000,0.000000000,0.000000000,0.000000000,1.000000000
1403715410.152143240,0.240089000,1.809824000,1.460215000,0.000000000,0.000000000,0.000000000,1.000000000
1403715410.157143116,0.241146000,1.809237000,1.461286000,0.000000000,0.000000000,0.000000000,1.000000000
1403715410.162142992,0.242233000,1.808690000,1.462379000,0.000000000,0.000000000,0.000000000,1.000000000
1403715410.167143345,0.243329000,1.808137000,1.463451000,0.000000000,0.000000000,0.000000000,1.000000000
1403715410.172143221,0.244429000,1.807573000,1.464499000,0.000000000,0.000000000,0.000000000,1.000000000
1403715410.177143097,0.245530000,1.806997000,1.465518000,0.000000000,0.000000000,0.000000000,1.000000000
1403715410.182142973,0.246632000,1.806414000,1.466506000,0.000000000,0.000000000,0.000000000,1.000000000
1403715410.187143326,0.247739000,1.805832000,1.467459000,0.000000000,0.000000000,0.000000000,1.000000000
1403715410.192142963,0.248852000,1.805259000,1.468374000,0.000000000,0.000000000,0.000000000,1.000000000
1403715410.197143078,0.249976000,1.804702000,1.469246000,0.000000000,0.000000000,0.000000000,1.000000000
1403715410.202142954,0.251110000,1.804153000,1.470080000,0.000000000,0.000000000,0.000000000,1.000000000
1403715410.207143307,0.252222000,1.803533000,1.470841000,0.000000000,0.000000000,0.000000000,1.000000000
1403715410.212142944,0.253344000,1.802959000,1.471593000,0.000000000,0.000000000,0.000000000,1.000000000
1403715410.217143059,0.254465000,1.802384000,1.472311000,0.000000000,0.000000000,0.000000000,1.000000000
1403715410.222143173,0.255592000,1.801811000,1.472995000,0.000000000,0.000000000,0.000000000,1.000000000
1403715410.227143288,0.256737000,1.801240000,1.473651000,0.000000000,0.000000000,0.000000000,1.000000000
1403715410.232142925,0.257899000,1.800666000,1.474288000,0.000000000,0.000000000,0.000000000,1.000000000
1403715410.237143040,0.259070000,1.800088000,1.474903000,0.000000000,0.000000000,0.000000000,1.000000000
1403715410.242143154,0.260243000,1.799511000,1.475493000,0.000000000,0.000000000,0.000000000,1.000000000
1403715410.247143030,0.261421000,1.798934000,1.476050000,0.000000000,0.000000000,0.000000000,1.000000000
1403715410.252142906,0.262612000,1.798358000,1.476576000,0.000000000,0.000000000,0.000000000,1.000000000
1403715410.257143021,0.263784000,1.797716000,1.477045000,0.000000000,0.000000000,0.000000000,1.000000000
1403715410.262143135,0.264979000,1.797145000,1.477503000,0.000000000,0.000000000,0.000000000,1.000000000
1403715410.267143011,0.266180000,1.796574000,1.477918000,0.000000000,0.000000000,0.000000000,1.000000000
1403715410.272142887,0.267393000,1.795998000,1.478298000,0.000000000,0.000000000,0.000000000,1.000000000
1403715410.277143240,0.268610000,1.795420000,1.478639000,0.000000000,0.000000000,0.000000000,1.000000000
1403715410.282143354,0.269828000,1.794842000,1.478943000,0.000000000,0.000000000,0.000000000,1.000000000
1403715410.287142992,0.271054000,1.794265000,1.479216000,0.000000000,0.000000000,0.000000000,1.000000000
1403715410.292143106,0.272285000,1.793683000,1.479446000,0.000000000,0.000000000,0.000000000,1.000000000
1403715410.297143221,0.273520000,1.793100000,1.479643000,0.000000000,0.000000000,0.000000000,1.000000000
1403715410.302143097,0.274768000,1.792524000,1.479815000,0.000000000,0.000000000,0.000000000,1.000000000
1403715410.307142973,0.275988000,1.791880000,1.479932000,0.000000000,0.000000000,0.000000000,1.000000000
1403715410.312143087,0.277242000,1.791314000,1.480024000,0.000000000,0.000000000,0.000000000,1.000000000
1403715410.317143202,0.278499000,1.790764000,1.480090000,0.000000000,0.000000000,0.000000000,1.000000000
1403715410.322143078,0.279760000,1.790232000,1.480129000,0.000000000,0.000000000,0.000000000,1.000000000
1403715410.327142954,0.281026000,1.789707000,1.480133000,0.000000000,0.000000000,0.000000000,1.000000000
1403715410.332143307,0.282291000,1.789182000,1.480111000,0.000000000,0.000000000,0.000000000,1.000000000
1403715410.337143183,0.283547000,1.788648000,1.480069000,0.000000000,0.000000000,0.000000000,1.000000000
1403715410.342143059,0.284802000,1.788108000,1.480011000,0.000000000,0.000000000,0.000000000,1.000000000
1403715410.347142935,0.286061000,1.787569000,1.479937000,0.000000000,0.000000000,0.000000000,1.000000000
1403715410.352143288,0.287336000,1.787032000,1.479832000,0.000000000,0.000000000,0.000000000,1.000000000
1403715410.357143164,0.288585000,1.786421000,1.479709000,0.000000000,0.000000000,0.000000000,1.000000000
1403715410.362143040,0.289883000,1.785890000,1.479565000,0.000000000,0.000000000,0.000000000,1.000000000
1403715410.367142916,0.291186000,1.785358000,1.479401000,0.000000000,0.000000000,0.000000000,1.000000000
1403715410.372143269,0.292493000,1.784818000,1.479231000,0.000000000,0.000000000,0.000000000,1.000000000
1403715410.377142906,0.293804000,1.784274000,1.479052000,0.000000000,0.000000000,0.000000000,1.000000000
1403715410.382143021,0.295119000,1.783730000,1.478869000,0.000000000,0.000000000,0.000000000,1.000000000
1403715410.387142897,0.296440000,1.783193000,1.478686000,0.000000000,0.000000000,0.000000000,1.000000000
1403715410.392143250,0.297767000,1.782667000,1.478497000,0.000000000,0.000000000,0.000000000,1.000000000
1403715410.397142887,0.299101000,1.782150000,1.478302000,0.000000000,0.000000000,0.000000000,1.000000000
1403715410.402143002,0.300437000,1.781637000,1.478101000,0.000000000,0.000000000,0.000000000,1.000000000
1403715410.407143354,0.301713000,1.781048000,1.477903000,0.000000000,0.000000000,0.000000000,1.000000000
1403715410.412143230,0.303021000,1.780528000,1.477672000,0.000000000,0.000000000,0.000000000,1.000000000
1403715410.417143106,0.304327000,1.780016000,1.477404000,0.000000000,0.000000000,0.000000000,1.000000000
1403715410.422142982,0.305634000,1.779511000,1.477117000,0.000000000,0.000000000,0.000000000,1.000000000
1403715410.427143335,0.306943000,1.779016000,1.476822000,0.000000000,0.000000000,0.000000000,1.000000000
1403715410.432142973,0.308254000,1.778523000,1.476533000,0.000000000,0.000000000,0.000000000,1.000000000
1403715410.437143087,0.309567000,1.778022000,1.476256000,0.000000000,0.000000000,0.000000000,1.000000000
1403715410.442142963,0.310881000,1.777512000,1.475990000,0.000000000,0.000000000,0.000000000,1.000000000
1403715410.447143316,0.312191000,1.777000000,1.475721000,0.000000000,0.000000000,0.000000000,1.000000000
1403715410.452142954,0.313495000,1.776495000,1.475447000,0.000000000,0.000000000,0.000000000,1.000000000
1403715410.457143068,0.314740000,1.775932000,1.475181000,0.000000000,0.000000000,0.000000000,1.000000000
1403715410.462142944,0.316036000,1.775438000,1.474900000,0.000000000,0.000000000,0.000000000,1.000000000
1403715410.467143297,0.317341000,1.774949000,1.474620000,0.000000000,0.000000000,0.000000000,1.000000000
1403715410.472142935,0.318649000,1.774461000,1.474349000,0.000000000,0.000000000,0.000000000,1.000000000
1403715410.477143049,0.319956000,1.773975000,1.474085000,0.000000000,0.000000000,0.000000000,1.000000000
1403715410.482143164,0.321262000,1.773492000,1.473825000,0.000000000,0.000000000,0.000000000,1.000000000
1403715410.487143040,0.322570000,1.773012000,1.473556000,0.000000000,0.000000000,0.000000000,1.000000000
1403715410.492142916,0.323879000,1.772538000,1.473279000,0.000000000,0.000000000,0.000000000,1.000000000
1403715410.497143030,0.325187000,1.772075000,1.472991000,0.000000000,0.000000000,0.000000000,1.000000000
1403715410.502143145,0.326494000,1.771620000,1.472691000,0.000000000,0.000000000,0.000000000,1.000000000
1403715410.507143021,0.327747000,1.771113000,1.472400000,0.000000000,0.000000000,0.000000000,1.000000000
1403715410.512142897,0.329049000,1.770659000,1.472111000,0.000000000,0.000000000,0.000000000,1.000000000
1403715410.517143011,0.330365000,1.770213000,1.471851000,0.000000000,0.000000000,0.000000000,1.000000000
1403715410.522143126,0.331693000,1.769773000,1.471614000,0.000000000,0.000000000,0.000000000,1.000000000
1403715410.527143002,0.333027000,1.769337000,1.471385000,0.000000000,0.000000000,0.000000000,1.000000000
1403715410.532143116,0.334371000,1.768906000,1.471166000,0.000000000,0.000000000,0.000000000,1.000000000
1403715410.537143230,0.335723000,1.768480000,1.470956000,0.000000000,0.000000000,0.000000000,1.000000000
1403715410.542143345,0.337083000,1.768057000,1.470741000,0.000000000,0.000000000,0.000000000,1.000000000
1403715410.547142982,0.338448000,1.767637000,1.470513000,0.000000000,0.000000000,0.000000000,1.000000000
1403715410.552143097,0.339816000,1.767222000,1.470278000,0.000000000,0.000000000,0.000000000,1.000000000
1403715410.557143211,0.341124000,1.766780000,1.470049000,0.000000000,0.000000000,0.000000000,1.000000000
1403715410.562143087,0.342479000,1.766385000,1.469794000,0.000000000,0.000000000,0.000000000,1.000000000
1403715410.567142963,0.343853000,1.765997000,1.469523000,0.000000000,0.000000000,0.000000000,1.000000000
1403715410.572143078,0.345245000,1.765617000,1.469252000,0.000000000,0.000000000,0.000000000,1.000000000
1403715410.577143192,0.346644000,1.765250000,1.468970000,0.000000000,0.000000000,0.000000000,1.000000000
1403715410.582143068,0.348050000,1.764887000,1.468681000,0.000000000,0.000000000,0.000000000,1.000000000
1403715410.587142944,0.349464000,1.764526000,1.468400000,0.000000000,0.000000000,0.000000000,1.000000000
1403715410.592143297,0.350881000,1.764172000,1.468122000,0.000000000,0.000000000,0.000000000,1.000000000
1403715410.597143173,0.352307000,1.763823000,1.467848000,0.000000000,0.000000000,0.000000000,1.000000000
1403715410.602143049,0.353746000,1.763483000,1.467584000,0.000000000,0.000000000,0.000000000,1.000000000
1403715410.607142925,0.355146000,1.763136000,1.467344000,0.000000000,0.000000000,0.000000000,1.000000000
1403715410.612143278,0.356603000,1.762820000,1.467097000,0.000000000,0.000000000,0.000000000,1.000000000
1403715410.617143154,0.358072000,1.762512000,1.466845000,0.000000000,0.000000000,0.000000000,1.000000000
1403715410.622143030,0.359535000,1.762200000,1.466588000,0.000000000,0.000000000,0.000000000,1.000000000
1403715410.627142906,0.360986000,1.761882000,1.466327000,0.000000000,0.000000000,0.000000000,1.000000000
1403715410.632143259,0.362436000,1.761571000,1.466068000,0.000000000,0.000000000,0.000000000,1.000000000
1403715410.637142897,0.363898000,1.761269000,1.465814000,0.000000000,0.000000000,0.000000000,1.000000000
1403715410.642143011,0.365374000,1.760977000,1.465563000,0.000000000,0.000000000,0.000000000,1.000000000
1403715410.647142887,0.366859000,1.760695000,1.465320000,0.000000000,0.000000000,0.000000000,1.000000000
1403715410.652143240,0.368347000,1.760419000,1.465082000,0.000000000,0.000000000,0.000000000,1.000000000
1403715410.657143116,0.369786000,1.760135000,1.464847000,0.000000000,0.000000000,0.000000000,1.000000000
1403715410.662142992,0.371268000,1.759866000,1.464597000,0.000000000,0.000000000,0.000000000,1.000000000
1403715410.667143345,0.372758000,1.759606000,1.464339000,0.000000000,0.000000000,0.000000000,1.000000000
1403715410.672143221,0.374261000,1.759354000,1.464077000,0.000000000,0.000000000,0.000000000,1.000000000
1403715410.677143097,0.375773000,1.759107000,1.463819000,0.000000000,0.000000000,0.000000000,1.000000000
1403715410.682142973,0.377283000,1.758864000,1.463552000,0.000000000,0.000000000,0.000000000,1.000000000
1403715410.687143326,0.378791000,1.758625000,1.463273000,0.000000000,0.000000000,0.000000000,1.000000000
1403715410.692142963,0.380298000,1.758396000,1.462999000,0.000000000,0.000000000,0.000000000,1.000000000
1403715410.697143078,0.381808000,1.758175000,1.462734000,0.000000000,0.000000000,0.000000000,1.000000000
1403715410.702142954,0.383331000,1.757962000,1.462485000,0.000000000,0.000000000,0.000000000,1.000000000
1403715410.707143307,0.384830000,1.757752000,1.462243000,0.000000000,0.000000000,0.000000000,1.000000000
1403715410.712142944,0.386369000,1.757548000,1.462017000,0.000000000,0.000000000,0.000000000,1.000000000
1403715410.717143059,0.387909000,1.757345000,1.461795000,0.000000000,0.000000000,0.000000000,1.000000000
1403715410.722143173,0.389445000,1.757140000,1.461570000,0.000000000,0.000000000,0.000000000,1.000000000
1403715410.727143288,0.390976000,1.756937000,1.461347000,0.000000000,0.000000000,0.000000000,1.000000000
1403715410.732142925,0.392502000,1.756736000,1.461130000,0.000000000,0.000000000,0.000000000,1.000000000
1403715410.737143040,0.394036000,1.756534000,1.460940000,0.000000000,0.000000000,0.000000000,1.000000000
1403715410.742143154,0.395582000,1.756341000,1.460773000,0.000000000,0.000000000,0.000000000,1.000000000
1403715410.747143030,0.397138000,1.756158000,1.460618000,0.000000000,0.000000000,0.000000000,1.000000000
1403715410.752142906,0.398706000,1.755980000,1.460476000,0.000000000,0.000000000,0.000000000,1.000000000
1403715410.757143021,0.400252000,1.755810000,1.460324000,0.000000000,0.000000000,0.000000000,1.000000000
1403715410.762143135,0.401819000,1.755644000,1.460182000,0.000000000,0.000000000,0.000000000,1.000000000
1403715410.767143011,0.403380000,1.755485000,1.460037000,0.000000000,0.000000000,0.000000000,1.000000000
1403715410.772142887,0.404939000,1.755332000,1.459893000,0.000000000,0.000000000,0.000000000,1.000000000
1403715410.777143240,0.406501000,1.755187000,1.459753000,0.000000000,0.000000000,0.000000000,1.000000000
1403715410.782143354,0.408065000,1.755057000,1.459624000,0.000000000,0.000000000,0.000000000,1.000000000
1403715410.787142992,0.409620000,1.754936000,1.459506000,0.000000000,0.000000000,0.000000000,1.000000000
1403715410.792143106,0.411167000,1.754818000,1.459393000,0.000000000,0.000000000,0.000000000,1.000000000
1403715410.797143221,0.412714000,1.754707000,1.459283000,0.000000000,0.000000000,0.000000000,1.000000000
1403715410.802143097,0.414265000,1.754600000,1.459178000,0.000000000,0.000000000,0.000000000,1.000000000
1403715410.807142973,0.415799000,1.754505000,1.459056000,0.000000000,0.000000000,0.000000000,1.000000000
1403715410.812143087,0.417347000,1.754406000,1.458942000,0.000000000,0.000000000,0.000000000,1.000000000
1403715410.817143202,0.418890000,1.754312000,1.458821000,0.000000000,0.000000000,0.000000000,1.000000000
1403715410.822143078,0.420427000,1.754229000,1.458688000,0.000000000,0.000000000,0.000000000,1.000000000
1403715410.827142954,0.421957000,1.754159000,1.458541000,0.000000000,0.000000000,0.000000000,1.000000000
1403715410.832143307,0.423481000,1.754102000,1.458393000,0.000000000,0.000000000,0.000000000,1.000000000
1403715410.837143183,0.424995000,1.754049000,1.458253000,0.000000000,0.000000000,0.000000000,1.000000000
1403715410.842143059,0.426501000,1.753994000,1.458129000,0.000000000,0.000000000,0.000000000,1.000000000
1403715410.847142935,0.428002000,1.753944000,1.458010000,0.000000000,0.000000000,0.000000000,1.000000000
1403715410.852143288,0.429494000,1.753902000,1.457877000,0.000000000,0.000000000,0.000000000,1.000000000
1403715410.857143164,0.430971000,1.753871000,1.457708000,0.000000000,0.000000000,0.000000000,1.000000000
1403715410.862143040,0.432452000,1.753855000,1.457554000,0.000000000,0.000000000,0.000000000,1.000000000
1403715410.867142916,0.433928000,1.753854000,1.457392000,0.000000000,0.000000000,0.000000000,1.000000000
1403715410.872143269,0.435400000,1.753864000,1.457221000,0.000000000,0.000000000,0.000000000,1.000000000
1403715410.877142906,0.436862000,1.753884000,1.457037000,0.000000000,0.000000000,0.000000000,1.000000000
1403715410.882143021,0.438311000,1.753917000,1.456836000,0.000000000,0.000000000,0.000000000,1.000000000
1403715410.887142897,0.439749000,1.753960000,1.456617000,0.000000000,0.000000000,0.000000000,1.000000000
1403715410.892143250,0.441184000,1.754018000,1.456385000,0.000000000,0.000000000,0.000000000,1.000000000
1403715410.897142887,0.442616000,1.754092000,1.456146000,0.000000000,0.000000000,0.000000000,1.000000000
1403715410.902143002,0.444043000,1.754175000,1.455903000,0.000000000,0.000000000,0.000000000,1.000000000
1403715410.907143354,0.445460000,1.754248000,1.455619000,0.000000000,0.000000000,0.000000000,1.000000000
1403715410.912143230,0.446858000,1.754326000,1.455360000,0.000000000,0.000000000,0.000000000,1.000000000
1403715410.917143106,0.448240000,1.754410000,1.455094000,0.000000000,0.000000000,0.000000000,1.000000000
1403715410.922142982,0.449609000,1.754508000,1.454828000,0.000000000,0.000000000,0.000000000,1.000000000
1403715410.927143335,0.450970000,1.754626000,1.454559000,0.000000000,0.000000000,0.000000000,1.000000000
1403715410.932142973,0.452329000,1.754765000,1.454289000,0.000000000,0.000000000,0.000000000,1.000000000
1403715410.937143087,0.453686000,1.754921000,1.454014000,0.000000000,0.000000000,0.000000000,1.000000000
1403715410.942142963,0.455033000,1.755091000,1.453724000,0.000000000,0.000000000,0.000000000,1.000000000
1403715410.947143316,0.456370000,1.755263000,1.453422000,0.000000000,0.000000000,0.000000000,1.000000000
1403715410.952142954,0.457703000,1.755440000,1.453112000,0.000000000,0.000000000,0.000000000,1.000000000
1403715410.957143068,0.459038000,1.755618000,1.452743000,0.000000000,0.000000000,0.000000000,1.000000000
1403715410.962142944,0.460370000,1.755825000,1.452403000,0.000000000,0.000000000,0.000000000,1.000000000
1403715410.967143297,0.461697000,1.756047000,1.452055000,0.000000000,0.000000000,0.000000000,1.000000000
1403715410.972142935,0.463012000,1.756282000,1.451699000,0.000000000,0.000000000,0.000000000,1.000000000
1403715410.977143049,0.464307000,1.756526000,1.451337000,0.000000000,0.000000000,0.000000000,1.000000000
1403715410.982143164,0.465584000,1.756779000,1.450968000,0.000000000,0.000000000,0.000000000,1.000000000
1403715410.987143040,0.466852000,1.757044000,1.450592000,0.000000000,0.000000000,0.000000000,1.000000000
1403715410.992142916,0.468117000,1.757318000,1.450214000,0.000000000,0.000000000,0.000000000,1.000000000
1403715410.997143030,0.469384000,1.757607000,1.449828000,0.000000000,0.000000000,0.000000000,1.000000000
1403715411.002143145,0.470651000,1.757906000,1.449428000,0.000000000,0.000000000,0.000000000,1.000000000
1403715411.007143021,0.471912000,1.758186000,1.448975000,0.000000000,0.000000000,0.000000000,1.000000000
1403715411.012142897,0.473143000,1.758494000,1.448560000,0.000000000,0.000000000,0.000000000,1.000000000
1403715411.017143011,0.474361000,1.758818000,1.448142000,0.000000000,0.000000000,0.000000000,1.000000000
1403715411.022143126,0.475570000,1.759161000,1.447720000,0.000000000,0.000000000,0.000000000,1.000000000
1403715411.027143002,0.476771000,1.759522000,1.447292000,0.000000000,0.000000000,0.000000000,1.000000000
1403715411.032143116,0.477967000,1.759892000,1.446866000,0.000000000,0.000000000,0.000000000,1.000000000
1403715411.037143230,0.479157000,1.760264000,1.446450000,0.000000000,0.000000000,0.000000000,1.000000000
1403715411.042143345,0.480339000,1.760634000,1.446051000,0.000000000,0.000000000,0.000000000,1.000000000
1403715411.047142982,0.481513000,1.761004000,1.445663000,0.000000000,0.000000000,0.000000000,1.000000000
1403715411.052143097,0.482671000,1.761371000,1.445269000,0.000000000,0.000000000,0.000000000,1.000000000
1403715411.057143211,0.483823000,1.761708000,1.444816000,0.000000000,0.000000000,0.000000000,1.000000000
1403715411.062143087,0.484952000,1.762083000,1.444399000,0.000000000,0.000000000,0.000000000,1.000000000
1403715411.067142963,0.486076000,1.762471000,1.443987000,0.000000000,0.000000000,0.000000000,1.000000000
1403715411.072143078,0.487203000,1.762867000,1.443585000,0.000000000,0.000000000,0.000000000,1.000000000
1403715411.077143192,0.488336000,1.763272000,1.443188000,0.000000000,0.000000000,0.000000000,1.000000000
1403715411.082143068,0.489469000,1.763691000,1.442788000,0.000000000,0.000000000,0.000000000,1.000000000
1403715411.087142944,0.490596000,1.764116000,1.442378000,0.000000000,0.000000000,0.000000000,1.000000000
1403715411.092143297,0.491715000,1.764542000,1.441962000,0.000000000,0.000000000,0.000000000,1.000000000
1403715411.097143173,0.492818000,1.764968000,1.441537000,0.000000000,0.000000000,0.000000000,1.000000000
1403715411.102143049,0.493912000,1.765394000,1.441111000,0.000000000,0.000000000,0.000000000,1.000000000
1403715411.107142925,0.495028000,1.765786000,1.440650000,0.000000000,0.000000000,0.000000000,1.000000000
1403715411.112143278,0.496134000,1.766222000,1.440246000,0.000000000,0.000000000,0.000000000,1.000000000
1403715411.117143154,0.497254000,1.766662000,1.439852000,0.000000000,0.000000000,0.000000000,1.000000000
1403715411.122143030,0.498382000,1.767101000,1.439461000,0.000000000,0.000000000,0.000000000,1.000000000
1403715411.127142906,0.499504000,1.767536000,1.439057000,0.000000000,0.000000000,0.000000000,1.000000000
1403715411.132143259,0.500615000,1.767976000,1.438650000,0.000000000,0.000000000,0.000000000,1.000000000
1403715411.137142897,0.501713000,1.768428000,1.438255000,0.000000000,0.000000000,0.000000000,1.000000000
1403715411.142143011,0.502805000,1.768891000,1.437877000,0.000000000,0.000000000,0.000000000,1.000000000
1403715411.147142887,0.503898000,1.769357000,1.437516000,0.000000000,0.000000000,0.000000000,1.000000000
1403715411.152143240,0.504987000,1.769823000,1.437157000,0.000000000,0.000000000,0.000000000,1.000000000
1403715411.157143116,0.506091000,1.770233000,1.436735000,0.000000000,0.000000000,0.000000000,1.000000000
1403715411.162142992,0.507177000,1.770678000,1.436361000,0.000000000,0.000000000,0.000000000,1.000000000
1403715411.167143345,0.508252000,1.771126000,1.436004000,0.000000000,0.000000000,0.000000000,1.000000000
1403715411.172143221,0.509321000,1.771580000,1.435655000,0.000000000,0.000000000,0.000000000,1.000000000
1403715411.177143097,0.510390000,1.772034000,1.435322000,0.000000000,0.000000000,0.000000000,1.000000000
1403715411.182142973,0.511450000,1.772485000,1.435004000,0.000000000,0.000000000,0.000000000,1.000000000
1403715411.187143326,0.512501000,1.772933000,1.434699000,0.000000000,0.000000000,0.000000000,1.000000000
1403715411.192142963,0.513545000,1.773383000,1.434401000,0.000000000,0.000000000,0.000000000,1.000000000
1403715411.197143078,0.514587000,1.773835000,1.434105000,0.000000000,0.000000000,0.000000000,1.000000000
1403715411.202142954,0.515628000,1.774290000,1.433805000,0.000000000,0.000000000,0.000000000,1.000000000
1403715411.207143307,0.516691000,1.774691000,1.433467000,0.000000000,0.000000000,0.000000000,1.000000000
1403715411.212142944,0.517731000,1.775149000,1.433171000,0.000000000,0.000000000,0.000000000,1.000000000
1403715411.217143059,0.518771000,1.775612000,1.432886000,0.000000000,0.000000000,0.000000000,1.000000000
1403715411.222143173,0.519805000,1.776073000,1.432601000,0.000000000,0.000000000,0.000000000,1.000000000
1403715411.227143288,0.520833000,1.776531000,1.432319000,0.000000000,0.000000000,0.000000000,1.000000000
1403715411.232142925,0.521851000,1.776989000,1.432040000,0.000000000,0.000000000,0.000000000,1.000000000
1403715411.237143040,0.522862000,1.777448000,1.431766000,0.000000000,0.000000000,0.000000000,1.000000000
1403715411.242143154,0.523869000,1.777908000,1.431505000,0.000000000,0.000000000,0.000000000,1.000000000
1403715411.247143030,0.524873000,1.778366000,1.431260000,0.000000000,0.000000000,0.000000000,1.000000000
1403715411.252142906,0.525873000,1.778823000,1.431029000,0.000000000,0.000000000,0.000000000,1.000000000
1403715411.257143021,0.526896000,1.779208000,1.430761000,0.000000000,0.000000000,0.000000000,1.000000000
1403715411.262143135,0.527885000,1.779651000,1.430531000,0.000000000,0.000000000,0.000000000,1.000000000
1403715411.267143011,0.528857000,1.780095000,1.430308000,0.000000000,0.000000000,0.000000000,1.000000000
1403715411.272142887,0.529814000,1.780537000,1.430090000,0.000000000,0.000000000,0.000000000,1.000000000
1403715411.277143240,0.530764000,1.780979000,1.429875000,0.000000000,0.000000000,0.000000000,1.000000000
1403715411.282143354,0.531715000,1.781419000,1.429665000,0.000000000,0.000000000,0.000000000,1.000000000
1403715411.287142992,0.532666000,1.781861000,1.429452000,0.000000000,0.000000000,0.000000000,1.000000000
1403715411.292143106,0.533612000,1.782303000,1.429230000,0.000000000,0.000000000,0.000000000,1.000000000
1403715411.297143221,0.534549000,1.782748000,1.429003000,0.000000000,0.000000000,0.000000000,1.000000000
1403715411.302143097,0.535471000,1.783194000,1.428778000,0.000000000,0.000000000,0.000000000,1.000000000
1403715411.307142973,0.536406000,1.783562000,1.428525000,0.000000000,0.000000000,0.000000000,1.000000000
1403715411.312143087,0.537308000,1.783988000,1.428300000,0.000000000,0.000000000,0.000000000,1.000000000
1403715411.317143202,0.538206000,1.784421000,1.428084000,0.000000000,0.000000000,0.000000000,1.000000000
1403715411.322143078,0.539096000,1.784867000,1.427873000,0.000000000,0.000000000,0.000000000,1.000000000
1403715411.327142954,0.539980000,1.785319000,1.427671000,0.000000000,0.000000000,0.000000000,1.000000000
1403715411.332143307,0.540861000,1.785766000,1.427486000,0.000000000,0.000000000,0.000000000,1.000000000
1403715411.337143183,0.541737000,1.786205000,1.427315000,0.000000000,0.000000000,0.000000000,1.000000000
1403715411.342143059,0.542606000,1.786633000,1.427144000,0.000000000,0.000000000,0.000000000,1.000000000
1403715411.347142935,0.543472000,1.787053000,1.426965000,0.000000000,0.000000000,0.000000000,1.000000000
1403715411.352143288,0.544335000,1.787468000,1.426778000,0.000000000,0.000000000,0.000000000,1.000000000
1403715411.357143164,0.545192000,1.787883000,1.426584000,0.000000000,0.000000000,0.000000000,1.000000000
1403715411.362143040,0.546077000,1.788199000,1.426346000,0.000000000,0.000000000,0.000000000,1.000000000
1403715411.367142916,0.546923000,1.788602000,1.426130000,0.000000000,0.000000000,0.000000000,1.000000000
1403715411.372143269,0.547760000,1.789006000,1.425918000,0.000000000,0.000000000,0.000000000,1.000000000
1403715411.377142906,0.548580000,1.789412000,1.425700000,0.000000000,0.000000000,0.000000000,1.000000000
1403715411.382143021,0.549377000,1.789812000,1.425474000,0.000000000,0.000000000,0.000000000,1.000000000
1403715411.387142897,0.550160000,1.790205000,1.425254000,0.000000000,0.000000000,0.000000000,1.000000000
1403715411.392143250,0.550935000,1.790595000,1.425046000,0.000000000,0.000000000,0.000000000,1.000000000
1403715411.397142887,0.551707000,1.790985000,1.424843000,0.000000000,0.000000000,0.000000000,1.000000000
1403715411.402143002,0.552478000,1.791374000,1.424642000,0.000000000,0.000000000,0.000000000,1.000000000
1403715411.407143354,0.553261000,1.791692000,1.424424000,0.000000000,0.000000000,0.000000000,1.000000000
1403715411.412143230,0.554020000,1.792064000,1.424223000,0.000000000,0.000000000,0.000000000,1.000000000
1403715411.417143106,0.554772000,1.792432000,1.424025000,0.000000000,0.000000000,0.000000000,1.000000000
1403715411.422142982,0.555519000,1.792795000,1.423820000,0.000000000,0.000000000,0.000000000,1.000000000
1403715411.427143335,0.556260000,1.793155000,1.423610000,0.000000000,0.000000000,0.000000000,1.000000000
1403715411.432142973,0.556987000,1.793518000,1.423394000,0.000000000,0.000000000,0.000000000,1.000000000
1403715411.437143087,0.557701000,1.793883000,1.423168000,0.000000000,0.000000000,0.000000000,1.000000000
1403715411.442142963,0.558408000,1.794246000,1.422939000,0.000000000,0.000000000,0.000000000,1.000000000
1403715411.447143316,0.559103000,1.794607000,1.422714000,0.000000000,0.000000000,0.000000000,1.000000000
1403715411.452142954,0.559783000,1.794967000,1.422494000,0.000000000,0.000000000,0.000000000,1.000000000
1403715411.457143068,0.560474000,1.795233000,1.422257000,0.000000000,0.000000000,0.000000000,1.000000000
1403715411.462142944,0.561127000,1.795571000,1.422036000,0.000000000,0.000000000,0.000000000,1.000000000
1403715411.467143297,0.561764000,1.795904000,1.421817000,0.000000000,0.000000000,0.000000000,1.000000000
1403715411.472142935,0.562383000,1.796236000,1.421591000,0.000000000,0.000000000,0.000000000,1.000000000
1403715411.477143049,0.562993000,1.796570000,1.421354000,0.000000000,0.000000000,0.000000000,1.000000000
1403715411.482143164,0.563595000,1.796909000,1.421107000,0.000000000,0.000000000,0.000000000,1.000000000
1403715411.487143040,0.564186000,1.797252000,1.420848000,0.000000000,0.000000000,0.000000000,1.000000000
1403715411.492142916,0.564761000,1.797598000,1.420588000,0.000000000,0.000000000,0.000000000,1.000000000
1403715411.497143030,0.565316000,1.797946000,1.420324000,0.000000000,0.000000000,0.000000000,1.000000000
1403715411.502143145,0.565851000,1.798292000,1.420055000,0.000000000,0.000000000,0.000000000,1.000000000
1403715411.507143021,0.566392000,1.798538000,1.419773000,0.000000000,0.000000000,0.000000000,1.000000000
1403715411.512142897,0.566895000,1.798860000,1.419512000,0.000000000,0.000000000,0.000000000,1.000000000
1403715411.517143011,0.567390000,1.799184000,1.419245000,0.000000000,0.000000000,0.000000000,1.000000000
1403715411.522143126,0.567877000,1.799511000,1.418967000,0.000000000,0.000000000,0.000000000,1.000000000
1403715411.527143002,0.568352000,1.799841000,1.418672000,0.000000000,0.000000000,0.000000000,1.000000000
1403715411.532143116,0.568817000,1.800174000,1.418363000,0.000000000,0.000000000,0.000000000,1.000000000
1403715411.537143230,0.569268000,1.800512000,1.418040000,0.000000000,0.000000000,0.000000000,1.000000000
1403715411.542143345,0.569703000,1.800853000,1.417711000,0.000000000,0.000000000,0.000000000,1.000000000
1403715411.547142982,0.570125000,1.801196000,1.417379000,0.000000000,0.000000000,0.000000000,1.000000000
1403715411.552143097,0.570535000,1.801543000,1.417046000,0.000000000,0.000000000,0.000000000,1.000000000
1403715411.557143211,0.570953000,1.801797000,1.416705000,0.000000000,0.000000000,0.000000000,1.000000000
1403715411.562143087,0.571337000,1.802121000,1.416393000,0.000000000,0.000000000,0.000000000,1.000000000
1403715411.567142963,0.571700000,1.802442000,1.416081000,0.000000000,0.000000000,0.000000000,1.000000000
1403715411.572143078,0.572051000,1.802760000,1.415769000,0.000000000,0.000000000,0.000000000,1.000000000
1403715411.577143192,0.572393000,1.803078000,1.415456000,0.000000000,0.000000000,0.000000000,1.000000000
1403715411.582143068,0.572725000,1.803397000,1.415146000,0.000000000,0.000000000,0.000000000,1.000000000
1403715411.587142944,0.573048000,1.803718000,1.414848000,0.000000000,0.000000000,0.000000000,1.000000000
1403715411.592143297,0.573360000,1.804042000,1.414560000,0.000000000,0.000000000,0.000000000,1.000000000
1403715411.597143173,0.573659000,1.804368000,1.414275000,0.000000000,0.000000000,0.000000000,1.000000000
1403715411.602143049,0.573946000,1.804691000,1.413999000,0.000000000,0.000000000,0.000000000,1.000000000
1403715411.607142925,0.574239000,1.804921000,1.413704000,0.000000000,0.000000000,0.000000000,1.000000000
1403715411.612143278,0.574502000,1.805222000,1.413414000,0.000000000,0.000000000,0.000000000,1.000000000
1403715411.617143154,0.574754000,1.805527000,1.413116000,0.000000000,0.000000000,0.000000000,1.000000000
1403715411.622143030,0.574999000,1.805840000,1.412821000,0.000000000,0.000000000,0.000000000,1.000000000
1403715411.627142906,0.575236000,1.806157000,1.412537000,0.000000000,0.000000000,0.000000000,1.000000000
1403715411.632143259,0.575462000,1.806470000,1.412261000,0.000000000,0.000000000,0.000000000,1.000000000
1403715411.637142897,0.575678000,1.806778000,1.411979000,0.000000000,0.000000000,0.000000000,1.000000000
1403715411.642143011,0.575889000,1.807082000,1.411697000,0.000000000,0.000000000,0.000000000,1.000000000
1403715411.647142887,0.576096000,1.807390000,1.411415000,0.000000000,0.000000000,0.000000000,1.000000000
1403715411.652143240,0.576299000,1.807704000,1.411122000,0.000000000,0.000000000,0.000000000,1.000000000
1403715411.657143116,0.576518000,1.807936000,1.410805000,0.000000000,0.000000000,0.000000000,1.000000000
1403715411.662142992,0.576713000,1.808236000,1.410501000,0.000000000,0.000000000,0.000000000,1.000000000
1403715411.667143345,0.576894000,1.808532000,1.410213000,0.000000000,0.000000000,0.000000000,1.000000000
1403715411.672143221,0.577058000,1.808826000,1.409944000,0.000000000,0.000000000,0.000000000,1.000000000
1403715411.677143097,0.577209000,1.809116000,1.409683000,0.000000000,0.000000000,0.000000000,1.000000000
1403715411.682142973,0.577358000,1.809407000,1.409426000,0.000000000,0.000000000,0.000000000,1.000000000
1403715411.687143326,0.577502000,1.809703000,1.409171000,0.000000000,0.000000000,0.000000000,1.000000000
1403715411.692142963,0.577638000,1.809998000,1.408921000,0.000000000,0.000000000,0.000000000,1.000000000
1403715411.697143078,0.577767000,1.810294000,1.408675000,0.000000000,0.000000000,0.000000000,1.000000000
1403715411.702142954,0.577886000,1.810589000,1.408423000,0.000000000,0.000000000,0.000000000,1.000000000
1403715411.707143307,0.578014000,1.810801000,1.408152000,0.000000000,0.000000000,0.000000000,1.000000000
1403715411.712142944,0.578130000,1.811076000,1.407900000,0.000000000,0.000000000,0.000000000,1.000000000
1403715411.717143059,0.578240000,1.811350000,1.407651000,0.000000000,0.000000000,0.000000000,1.000000000
1403715411.722143173,0.578343000,1.811624000,1.407403000,0.000000000,0.000000000,0.000000000,1.000000000
1403715411.727143288,0.578440000,1.811898000,1.407150000,0.000000000,0.000000000,0.000000000,1.000000000
1403715411.732142925,0.578532000,1.812171000,1.406899000,0.000000000,0.000000000,0.000000000,1.000000000
1403715411.737143040,0.578620000,1.812447000,1.406656000,0.000000000,0.000000000,0.000000000,1.000000000
1403715411.742143154,0.578696000,1.812731000,1.406419000,0.000000000,0.000000000,0.000000000,1.000000000
1403715411.747143030,0.578760000,1.813018000,1.406175000,0.000000000,0.000000000,0.000000000,1.000000000
1403715411.752142906,0.578823000,1.813304000,1.405926000,0.000000000,0.000000000,0.000000000,1.000000000
1403715411.757143021,0.578901000,1.813517000,1.405667000,0.000000000,0.000000000,0.000000000,1.000000000
1403715411.762143135,0.578950000,1.813785000,1.405410000,0.000000000,0.000000000,0.000000000,1.000000000
1403715411.767143011,0.578981000,1.814048000,1.405151000,0.000000000,0.000000000,0.000000000,1.000000000
1403715411.772142887,0.578999000,1.814311000,1.404898000,0.000000000,0.000000000,0.000000000,1.000000000
1403715411.777143240,0.579010000,1.814577000,1.404652000,0.000000000,0.000000000,0.000000000,1.000000000
1403715411.782143354,0.579016000,1.814845000,1.404409000,0.000000000,0.000000000,0.000000000,1.000000000
1403715411.787142992,0.579014000,1.815117000,1.404167000,0.000000000,0.000000000,0.000000000,1.000000000
1403715411.792143106,0.579011000,1.815389000,1.403921000,0.000000000,0.000000000,0.000000000,1.000000000
1403715411.797143221,0.579009000,1.815666000,1.403664000,0.000000000,0.000000000,0.000000000,1.000000000
1403715411.802143097,0.579003000,1.815955000,1.403382000,0.000000000,0.000000000,0.000000000,1.000000000
1403715411.807142973,0.579011000,1.816185000,1.403067000,0.000000000,0.000000000,0.000000000,1.000000000
1403715411.812143087,0.578993000,1.816481000,1.402748000,0.000000000,0.000000000,0.000000000,1.000000000
1403715411.817143202,0.578963000,1.816782000,1.402415000,0.000000000,0.000000000,0.000000000,1.000000000
1403715411.822143078,0.578922000,1.817083000,1.402074000,0.000000000,0.000000000,0.000000000,1.000000000
1403715411.827142954,0.578875000,1.817385000,1.401729000,0.000000000,0.000000000,0.000000000,1.000000000
1403715411.832143307,0.578822000,1.817687000,1.401387000,0.000000000,0.000000000,0.000000000,1.000000000
1403715411.837143183,0.578758000,1.817996000,1.401047000,0.000000000,0.000000000,0.000000000,1.000000000
1403715411.842143059,0.578689000,1.818310000,1.400711000,0.000000000,0.000000000,0.000000000,1.000000000
1403715411.847142935,0.578624000,1.818625000,1.400386000,0.000000000,0.000000000,0.000000000,1.000000000
1403715411.852143288,0.578555000,1.818944000,1.400067000,0.000000000,0.000000000,0.000000000,1.000000000
1403715411.857143164,0.578491000,1.819203000,1.399733000,0.000000000,0.000000000,0.000000000,1.000000000
1403715411.862143040,0.578401000,1.819514000,1.399401000,0.000000000,0.000000000,0.000000000,1.000000000
1403715411.867142916,0.578303000,1.819826000,1.399070000,0.000000000,0.000000000,0.000000000,1.000000000
1403715411.872143269,0.578199000,1.820137000,1.398740000,0.000000000,0.000000000,0.000000000,1.000000000
1403715411.877142906,0.578084000,1.820454000,1.398414000,0.000000000,0.000000000,0.000000000,1.000000000
1403715411.882143021,0.577964000,1.820777000,1.398092000,0.000000000,0.000000000,0.000000000,1.000000000
1403715411.887142897,0.577843000,1.821106000,1.397781000,0.000000000,0.000000000,0.000000000,1.000000000
1403715411.892143250,0.577719000,1.821438000,1.397474000,0.000000000,0.000000000,0.000000000,1.000000000
1403715411.897142887,0.577589000,1.821768000,1.397165000,0.000000000,0.000000000,0.000000000,1.000000000
1403715411.902143002,0.577454000,1.822091000,1.396860000,0.000000000,0.000000000,0.000000000,1.000000000
1403715411.907143354,0.577328000,1.822355000,1.396550000,0.000000000,0.000000000,0.000000000,1.000000000
1403715411.912143230,0.577167000,1.822674000,1.396243000,0.000000000,0.000000000,0.000000000,1.000000000
1403715411.917143106,0.576998000,1.823003000,1.395933000,0.000000000,0.000000000,0.000000000,1.000000000
1403715411.922142982,0.576829000,1.823341000,1.395626000,0.000000000,0.000000000,0.000000000,1.000000000
1403715411.927143335,0.576658000,1.823687000,1.395323000,0.000000000,0.000000000,0.000000000,1.000000000
1403715411.932142973,0.576484000,1.824035000,1.395026000,0.000000000,0.000000000,0.000000000,1.000000000
1403715411.937143087,0.576303000,1.824377000,1.394735000,0.000000000,0.000000000,0.000000000,1.000000000
1403715411.942142963,0.576109000,1.824713000,1.394442000,0.000000000,0.000000000,0.000000000,1.000000000
1403715411.947143316,0.575906000,1.825043000,1.394142000,0.000000000,0.000000000,0.000000000,1.000000000
1403715411.952142954,0.575696000,1.825376000,1.393844000,0.000000000,0.000000000,0.000000000,1.000000000
1403715411.957143068,0.575505000,1.825658000,1.393539000,0.000000000,0.000000000,0.000000000,1.000000000
1403715411.962142944,0.575300000,1.825993000,1.393252000,0.000000000,0.000000000,0.000000000,1.000000000
1403715411.967143297,0.575089000,1.826331000,1.392965000,0.000000000,0.000000000,0.000000000,1.000000000
1403715411.972142935,0.574874000,1.826662000,1.392674000,0.000000000,0.000000000,0.000000000,1.000000000
1403715411.977143049,0.574655000,1.826986000,1.392381000,0.000000000,0.000000000,0.000000000,1.000000000
1403715411.982143164,0.574433000,1.827312000,1.392087000,0.000000000,0.000000000,0.000000000,1.000000000
1403715411.987143040,0.574208000,1.827641000,1.391792000,0.000000000,0.000000000,0.000000000,1.000000000
1403715411.992142916,0.573983000,1.827974000,1.391493000,0.000000000,0.000000000,0.000000000,1.000000000
1403715411.997143030,0.573756000,1.828310000,1.391192000,0.000000000,0.000000000,0.000000000,1.000000000
1403715412.002143145,0.573523000,1.828649000,1.390890000,0.000000000,0.000000000,0.000000000,1.000000000
1403715412.007143021,0.573297000,1.828934000,1.390579000,0.000000000,0.000000000,0.000000000,1.000000000
1403715412.012142897,0.573054000,1.829254000,1.390280000,0.000000000,0.000000000,0.000000000,1.000000000
1403715412.017143011,0.572805000,1.829570000,1.389984000,0.000000000,0.000000000,0.000000000,1.000000000
1403715412.022143126,0.572554000,1.829889000,1.389686000,0.000000000,0.000000000,0.000000000,1.000000000
1403715412.027143002,0.572301000,1.830213000,1.389390000,0.000000000,0.000000000,0.000000000,1.000000000
1403715412.032143116,0.572042000,1.830542000,1.389096000,0.000000000,0.000000000,0.000000000,1.000000000
1403715412.037143230,0.571780000,1.830876000,1.388795000,0.000000000,0.000000000,0.000000000,1.000000000
1403715412.042143345,0.571511000,1.831214000,1.388487000,0.000000000,0.000000000,0.000000000,1.000000000
1403715412.047142982,0.571231000,1.831551000,1.388167000,0.000000000,0.000000000,0.000000000,1.000000000
1403715412.052143097,0.570945000,1.831886000,1.387843000,0.000000000,0.000000000,0.000000000,1.000000000
1403715412.057143211,0.570669000,1.832173000,1.387511000,0.000000000,0.000000000,0.000000000,1.000000000
1403715412.062143087,0.570370000,1.832507000,1.387192000,0.000000000,0.000000000,0.000000000,1.000000000
1403715412.067142963,0.570065000,1.832847000,1.386879000,0.000000000,0.000000000,0.000000000,1.000000000
1403715412.072143078,0.569754000,1.833190000,1.386574000,0.000000000,0.000000000,0.000000000,1.000000000
1403715412.077143192,0.569433000,1.833531000,1.386279000,0.000000000,0.000000000,0.000000000,1.000000000
1403715412.082143068,0.569111000,1.833861000,1.385995000,0.000000000,0.000000000,0.000000000,1.000000000
1403715412.087142944,0.568791000,1.834184000,1.385730000,0.000000000,0.000000000,0.000000000,1.000000000
1403715412.092143297,0.568471000,1.834514000,1.385474000,0.000000000,0.000000000,0.000000000,1.000000000
1403715412.097143173,0.568150000,1.834858000,1.385224000,0.000000000,0.000000000,0.000000000,1.000000000
1403715412.102143049,0.567826000,1.835209000,1.384982000,0.000000000,0.000000000,0.000000000,1.000000000
1403715412.107142925,0.567510000,1.835513000,1.384742000,0.000000000,0.000000000,0.000000000,1.000000000
1403715412.112143278,0.567172000,1.835840000,1.384501000,0.000000000,0.000000000,0.000000000,1.000000000
1403715412.117143154,0.566819000,1.836157000,1.384250000,0.000000000,0.000000000,0.000000000,1.000000000
1403715412.122143030,0.566463000,1.836472000,1.383989000,0.000000000,0.000000000,0.000000000,1.000000000
1403715412.127142906,0.566111000,1.836795000,1.383726000,0.000000000,0.000000000,0.000000000,1.000000000
1403715412.132143259,0.565760000,1.837128000,1.383460000,0.000000000,0.000000000,0.000000000,1.000000000
1403715412.137142897,0.565403000,1.837469000,1.383191000,0.000000000,0.000000000,0.000000000,1.000000000
1403715412.142143011,0.565040000,1.837811000,1.382915000,0.000000000,0.000000000,0.000000000,1.000000000
1403715412.147142887,0.564668000,1.838145000,1.382632000,0.000000000,0.000000000,0.000000000,1.000000000
1403715412.152143240,0.564287000,1.838473000,1.382345000,0.000000000,0.000000000,0.000000000,1.000000000
1403715412.157143116,0.563916000,1.838760000,1.382057000,0.000000000,0.000000000,0.000000000,1.000000000
1403715412.162142992,0.563536000,1.839083000,1.381776000,0.000000000,0.000000000,0.000000000,1.000000000
1403715412.167143345,0.563157000,1.839413000,1.381493000,0.000000000,0.000000000,0.000000000,1.000000000
1403715412.172143221,0.562783000,1.839750000,1.381210000,0.000000000,0.000000000,0.000000000,1.000000000
1403715412.177143097,0.562407000,1.840097000,1.380929000,0.000000000,0.000000000,0.000000000,1.000000000
1403715412.182142973,0.562023000,1.840445000,1.380648000,0.000000000,0.000000000,0.000000000,1.000000000
1403715412.187143326,0.561630000,1.840792000,1.380369000,0.000000000,0.000000000,0.000000000,1.000000000
1403715412.192142963,0.561231000,1.841139000,1.380090000,0.000000000,0.000000000,0.000000000,1.000000000
1403715412.197143078,0.560829000,1.841486000,1.379812000,0.000000000,0.000000000,0.000000000,1.000000000
1403715412.202142954,0.560434000,1.841835000,1.379535000,0.000000000,0.000000000,0.000000000,1.000000000
1403715412.207143307,0.560056000,1.842153000,1.379277000,0.000000000,0.000000000,0.000000000,1.000000000
1403715412.212142944,0.559659000,1.842497000,1.378995000,0.000000000,0.000000000,0.000000000,1.000000000
1403715412.217143059,0.559257000,1.842839000,1.378704000,0.000000000,0.000000000,0.000000000,1.000000000
1403715412.222143173,0.558858000,1.843177000,1.378413000,0.000000000,0.000000000,0.000000000,1.000000000
1403715412.227143288,0.558453000,1.843512000,1.378123000,0.000000000,0.000000000,0.000000000,1.000000000
1403715412.232142925,0.558034000,1.843853000,1.377823000,0.000000000,0.000000000,0.000000000,1.000000000
1403715412.237143040,0.557609000,1.844202000,1.377521000,0.000000000,0.000000000,0.000000000,1.000000000
1403715412.242143154,0.557182000,1.844555000,1.377227000,0.000000000,0.000000000,0.000000000,1.000000000
1403715412.247143030,0.556754000,1.844910000,1.376931000,0.000000000,0.000000000,0.000000000,1.000000000
1403715412.252142906,0.556323000,1.845265000,1.376625000,0.000000000,0.000000000,0.000000000,1.000000000
1403715412.257143021,0.555900000,1.845588000,1.376332000,0.000000000,0.000000000,0.000000000,1.000000000
1403715412.262143135,0.555461000,1.845930000,1.376021000,0.000000000,0.000000000,0.000000000,1.000000000
1403715412.267143011,0.555019000,1.846271000,1.375717000,0.000000000,0.000000000,0.000000000,1.000000000
1403715412.272142887,0.554574000,1.846613000,1.375415000,0.000000000,0.000000000,0.000000000,1.000000000
1403715412.277143240,0.554129000,1.846957000,1.375105000,0.000000000,0.000000000,0.000000000,1.000000000
1403715412.282143354,0.553679000,1.847302000,1.374789000,0.000000000,0.000000000,0.000000000,1.000000000
1403715412.287142992,0.553222000,1.847647000,1.374469000,0.000000000,0.000000000,0.000000000,1.000000000
1403715412.292143106,0.552758000,1.847995000,1.374147000,0.000000000,0.000000000,0.000000000,1.000000000
1403715412.297143221,0.552292000,1.848342000,1.373821000,0.000000000,0.000000000,0.000000000,1.000000000
1403715412.302143097,0.551827000,1.848684000,1.373496000,0.000000000,0.000000000,0.000000000,1.000000000
1403715412.307142973,0.551382000,1.849006000,1.373220000,0.000000000,0.000000000,0.000000000,1.000000000
1403715412.312143087,0.550918000,1.849341000,1.372927000,0.000000000,0.000000000,0.000000000,1.000000000
1403715412.317143202,0.550450000,1.849675000,1.372637000,0.000000000,0.000000000,0.000000000,1.000000000
1403715412.322143078,0.549981000,1.850009000,1.372340000,0.000000000,0.000000000,0.000000000,1.000000000
1403715412.327142954,0.549514000,1.850340000,1.372039000,0.000000000,0.000000000,0.000000000,1.000000000
1403715412.332143307,0.549047000,1.850672000,1.371736000,0.000000000,0.000000000,0.000000000,1.000000000
1403715412.337143183,0.548582000,1.851005000,1.371423000,0.000000000,0.000000000,0.000000000,1.000000000
1403715412.342143059,0.548118000,1.851334000,1.371100000,0.000000000,0.000000000,0.000000000,1.000000000
1403715412.347142935,0.547652000,1.851662000,1.370784000,0.000000000,0.000000000,0.000000000,1.000000000
1403715412.352143288,0.547181000,1.851991000,1.370476000,0.000000000,0.000000000,0.000000000,1.000000000
1403715412.357143164,0.546723000,1.852304000,1.370204000,0.000000000,0.000000000,0.000000000,1.000000000
1403715412.362143040,0.546247000,1.852633000,1.369909000,0.000000000,0.000000000,0.000000000,1.000000000
1403715412.367142916,0.545769000,1.852963000,1.369615000,0.000000000,0.000000000,0.000000000,1.000000000
1403715412.372143269,0.545290000,1.853298000,1.369321000,0.000000000,0.000000000,0.000000000,1.000000000
1403715412.377142906,0.544809000,1.853638000,1.369027000,0.000000000,0.000000000,0.000000000,1.000000000
1403715412.382143021,0.544324000,1.853977000,1.368731000,0.000000000,0.000000000,0.000000000,1.000000000
1403715412.387142897,0.543833000,1.854311000,1.368437000,0.000000000,0.000000000,0.000000000,1.000000000
1403715412.392143250,0.543342000,1.854645000,1.368150000,0.000000000,0.000000000,0.000000000,1.000000000
1403715412.397142887,0.542850000,1.854983000,1.367864000,0.000000000,0.000000000,0.000000000,1.000000000
1403715412.402143002,0.542357000,1.855324000,1.367572000,0.000000000,0.000000000,0.000000000,1.000000000
1403715412.407143354,0.541883000,1.855660000,1.367320000,0.000000000,0.000000000,0.000000000,1.000000000
1403715412.412143230,0.541390000,1.856002000,1.367025000,0.000000000,0.000000000,0.000000000,1.000000000
1403715412.417143106,0.540890000,1.856343000,1.366728000,0.000000000,0.000000000,0.000000000,1.000000000
1403715412.422142982,0.540380000,1.856685000,1.366425000,0.000000000,0.000000000,0.000000000,1.000000000
1403715412.427143335,0.539868000,1.857028000,1.366125000,0.000000000,0.000000000,0.000000000,1.000000000
1403715412.432142973,0.539365000,1.857369000,1.365832000,0.000000000,0.000000000,0.000000000,1.000000000
1403715412.437143087,0.538865000,1.857710000,1.365551000,0.000000000,0.000000000,0.000000000,1.000000000
1403715412.442142963,0.538365000,1.858054000,1.365273000,0.000000000,0.000000000,0.000000000,1.000000000
1403715412.447143316,0.537865000,1.858401000,1.364995000,0.000000000,0.000000000,0.000000000,1.000000000
1403715412.452142954,0.537360000,1.858750000,1.364716000,0.000000000,0.000000000,0.000000000,1.000000000
1403715412.457143068,0.536865000,1.859100000,1.364481000,0.000000000,0.000000000,0.000000000,1.000000000
1403715412.462142944,0.536351000,1.859453000,1.364207000,0.000000000,0.000000000,0.000000000,1.000000000
1403715412.467143297,0.535832000,1.859806000,1.363925000,0.000000000,0.000000000,0.000000000,1.000000000
1403715412.472142935,0.535309000,1.860159000,1.363647000,0.000000000,0.000000000,0.000000000,1.000000000
1403715412.477143049,0.534790000,1.860509000,1.363383000,0.000000000,0.000000000,0.000000000,1.000000000
1403715412.482143164,0.534274000,1.860858000,1.363129000,0.000000000,0.000000000,0.000000000,1.000000000
1403715412.487143040,0.533761000,1.861206000,1.362878000,0.000000000,0.000000000,0.000000000,1.000000000
1403715412.492142916,0.533248000,1.861552000,1.362621000,0.000000000,0.000000000,0.000000000,1.000000000
1403715412.497143030,0.532732000,1.861892000,1.362356000,0.000000000,0.000000000,0.000000000,1.000000000
1403715412.502143145,0.532212000,1.862228000,1.362081000,0.000000000,0.000000000,0.000000000,1.000000000
1403715412.507143021,0.531704000,1.862571000,1.361844000,0.000000000,0.000000000,0.000000000,1.000000000
1403715412.512142897,0.531192000,1.862909000,1.361557000,0.000000000,0.000000000,0.000000000,1.000000000
1403715412.517143011,0.530690000,1.863256000,1.361272000,0.000000000,0.000000000,0.000000000,1.000000000
1403715412.522143126,0.530194000,1.863605000,1.360994000,0.000000000,0.000000000,0.000000000,1.000000000
1403715412.527143002,0.529698000,1.863948000,1.360715000,0.000000000,0.000000000,0.000000000,1.000000000
1403715412.532143116,0.529193000,1.864278000,1.360430000,0.000000000,0.000000000,0.000000000,1.000000000
1403715412.537143230,0.528680000,1.864599000,1.360145000,0.000000000,0.000000000,0.000000000,1.000000000
1403715412.542143345,0.528167000,1.864912000,1.359861000,0.000000000,0.000000000,0.000000000,1.000000000
1403715412.547142982,0.527660000,1.865225000,1.359578000,0.000000000,0.000000000,0.000000000,1.000000000
1403715412.552143097,0.527160000,1.865543000,1.359294000,0.000000000,0.000000000,0.000000000,1.000000000
1403715412.557143211,0.526673000,1.865882000,1.359054000,0.000000000,0.000000000,0.000000000,1.000000000
1403715412.562143087,0.526177000,1.866209000,1.358784000,0.000000000,0.000000000,0.000000000,1.000000000
1403715412.567142963,0.525677000,1.866534000,1.358511000,0.000000000,0.000000000,0.000000000,1.000000000
1403715412.572143078,0.525174000,1.866854000,1.358243000,0.000000000,0.000000000,0.000000000,1.000000000
1403715412.577143192,0.524676000,1.867171000,1.357984000,0.000000000,0.000000000,0.000000000,1.000000000
1403715412.582143068,0.524186000,1.867488000,1.357735000,0.000000000,0.000000000,0.000000000,1.000000000
1403715412.587142944,0.523703000,1.867806000,1.357494000,0.000000000,0.000000000,0.000000000,1.000000000
1403715412.592143297,0.523224000,1.868123000,1.357260000,0.000000000,0.000000000,0.000000000,1.000000000
1403715412.597143173,0.522753000,1.868435000,1.357031000,0.000000000,0.000000000,0.000000000,1.000000000
1403715412.602143049,0.522288000,1.868739000,1.356813000,0.000000000,0.000000000,0.000000000,1.000000000
1403715412.607142925,0.521835000,1.869060000,1.356649000,0.000000000,0.000000000,0.000000000,1.000000000
1403715412.612143278,0.521375000,1.869360000,1.356445000,0.000000000,0.000000000,0.000000000,1.000000000
1403715412.617143154,0.520922000,1.869658000,1.356246000,0.000000000,0.000000000,0.000000000,1.000000000
1403715412.622143030,0.520475000,1.869963000,1.356051000,0.000000000,0.000000000,0.000000000,1.000000000
1403715412.627142906,0.520038000,1.870272000,1.355853000,0.000000000,0.000000000,0.000000000,1.000000000
1403715412.632143259,0.519608000,1.870577000,1.355649000,0.000000000,0.000000000,0.000000000,1.000000000
1403715412.637142897,0.519174000,1.870872000,1.355435000,0.000000000,0.000000000,0.000000000,1.000000000
1403715412.642143011,0.518733000,1.871159000,1.355219000,0.000000000,0.000000000,0.000000000,1.000000000
1403715412.647142887,0.518289000,1.871441000,1.355001000,0.000000000,0.000000000,0.000000000,1.000000000
1403715412.652143240,0.517845000,1.871717000,1.354771000,0.000000000,0.000000000,0.000000000,1.000000000
1403715412.657143116,0.517416000,1.872016000,1.354567000,0.000000000,0.000000000,0.000000000,1.000000000
1403715412.662142992,0.516984000,1.872304000,1.354334000,0.000000000,0.000000000,0.000000000,1.000000000
1403715412.667143345,0.516553000,1.872592000,1.354102000,0.000000000,0.000000000,0.000000000,1.000000000
1403715412.672143221,0.516119000,1.872872000,1.353879000,0.000000000,0.000000000,0.000000000,1.000000000
1403715412.677143097,0.515675000,1.873141000,1.353666000,0.000000000,0.000000000,0.000000000,1.000000000
1403715412.682142973,0.515216000,1.873401000,1.353461000,0.000000000,0.000000000,0.000000000,1.000000000
1403715412.687143326,0.514751000,1.873658000,1.353261000,0.000000000,0.000000000,0.000000000,1.000000000
1403715412.692142963,0.514293000,1.873919000,1.353064000,0.000000000,0.000000000,0.000000000,1.000000000
1403715412.697143078,0.513854000,1.874185000,1.352871000,0.000000000,0.000000000,0.000000000,1.000000000
1403715412.702142954,0.513430000,1.874459000,1.352682000,0.000000000,0.000000000,0.000000000,1.000000000
1403715412.707143307,0.513026000,1.874756000,1.352525000,0.000000000,0.000000000,0.000000000,1.000000000
1403715412.712142944,0.512627000,1.875012000,1.352351000,0.000000000,0.000000000,0.000000000,1.000000000
1403715412.717143059,0.512230000,1.875253000,1.352188000,0.000000000,0.000000000,0.000000000,1.000000000
1403715412.722143173,0.511829000,1.875488000,1.352024000,0.000000000,0.000000000,0.000000000,1.000000000
1403715412.727143288,0.511426000,1.875722000,1.351865000,0.000000000,0.000000000,0.000000000,1.000000000
1403715412.732142925,0.511026000,1.875959000,1.351716000,0.000000000,0.000000000,0.000000000,1.000000000
1403715412.737143040,0.510633000,1.876200000,1.351575000,0.000000000,0.000000000,0.000000000,1.000000000
1403715412.742143154,0.510245000,1.876445000,1.351441000,0.000000000,0.000000000,0.000000000,1.000000000
1403715412.747143030,0.509856000,1.876689000,1.351309000,0.000000000,0.000000000,0.000000000,1.000000000
1403715412.752142906,0.509462000,1.876925000,1.351181000,0.000000000,0.000000000,0.000000000,1.000000000
1403715412.757143021,0.509069000,1.877177000,1.351085000,0.000000000,0.000000000,0.000000000,1.000000000
1403715412.762143135,0.508661000,1.877410000,1.350977000,0.000000000,0.000000000,0.000000000,1.000000000
1403715412.767143011,0.508255000,1.877647000,1.350867000,0.000000000,0.000000000,0.000000000,1.000000000
1403715412.772142887,0.507861000,1.877890000,1.350751000,0.000000000,0.000000000,0.000000000,1.000000000
1403715412.777143240,0.507482000,1.878138000,1.350625000,0.000000000,0.000000000,0.000000000,1.000000000
1403715412.782143354,0.507112000,1.878384000,1.350481000,0.000000000,0.000000000,0.000000000,1.000000000
1403715412.787142992,0.506741000,1.878627000,1.350326000,0.000000000,0.000000000,0.000000000,1.000000000
1403715412.792143106,0.506362000,1.878865000,1.350170000,0.000000000,0.000000000,0.000000000,1.000000000
1403715412.797143221,0.505977000,1.879096000,1.350025000,0.000000000,0.000000000,0.000000000,1.000000000
1403715412.802143097,0.505590000,1.879324000,1.349901000,0.000000000,0.000000000,0.000000000,1.000000000
1403715412.807142973,0.505222000,1.879569000,1.349810000,0.000000000,0.000000000,0.000000000,1.000000000
1403715412.812143087,0.504867000,1.879802000,1.349709000,0.000000000,0.000000000,0.000000000,1.000000000
1403715412.817143202,0.504527000,1.880036000,1.349610000,0.000000000,0.000000000,0.000000000,1.000000000
1403715412.822143078,0.504192000,1.880267000,1.349510000,0.000000000,0.000000000,0.000000000,1.000000000
1403715412.827142954,0.503858000,1.880493000,1.349407000,0.000000000,0.000000000,0.000000000,1.000000000
1403715412.832143307,0.503519000,1.880712000,1.349305000,0.000000000,0.000000000,0.000000000,1.000000000
1403715412.837143183,0.503176000,1.880928000,1.349204000,0.000000000,0.000000000,0.000000000,1.000000000
1403715412.842143059,0.502829000,1.881145000,1.349108000,0.000000000,0.000000000,0.000000000,1.000000000
1403715412.847142935,0.502486000,1.881362000,1.349015000,0.000000000,0.000000000,0.000000000,1.000000000
1403715412.852143288,0.502152000,1.881577000,1.348926000,0.000000000,0.000000000,0.000000000,1.000000000
1403715412.857143164,0.501834000,1.881801000,1.348855000,0.000000000,0.000000000,0.000000000,1.000000000
1403715412.862143040,0.501517000,1.882009000,1.348780000,0.000000000,0.000000000,0.000000000,1.000000000
1403715412.867142916,0.501211000,1.882205000,1.348707000,0.000000000,0.000000000,0.000000000,1.000000000
1403715412.872143269,0.500910000,1.882401000,1.348630000,0.000000000,0.000000000,0.000000000,1.000000000
1403715412.877142906,0.500614000,1.882600000,1.348547000,0.000000000,0.000000000,0.000000000,1.000000000
1403715412.882143021,0.500321000,1.882802000,1.348465000,0.000000000,0.000000000,0.000000000,1.000000000
1403715412.887142897,0.500028000,1.883007000,1.348393000,0.000000000,0.000000000,0.000000000,1.000000000
1403715412.892143250,0.499742000,1.883212000,1.348338000,0.000000000,0.000000000,0.000000000,1.000000000
1403715412.897142887,0.499467000,1.883413000,1.348299000,0.000000000,0.000000000,0.000000000,1.000000000
1403715412.902143002,0.499203000,1.883612000,1.348270000,0.000000000,0.000000000,0.000000000,1.000000000
1403715412.907143354,0.498956000,1.883808000,1.348249000,0.000000000,0.000000000,0.000000000,1.000000000
1403715412.912143230,0.498709000,1.883999000,1.348227000,0.000000000,0.000000000,0.000000000,1.000000000
1403715412.917143106,0.498464000,1.884188000,1.348209000,0.000000000,0.000000000,0.000000000,1.000000000
1403715412.922142982,0.498214000,1.884374000,1.348191000,0.000000000,0.000000000,0.000000000,1.000000000
1403715412.927143335,0.497965000,1.884559000,1.348174000,0.000000000,0.000000000,0.000000000,1.000000000
1403715412.932142973,0.497726000,1.884742000,1.348158000,0.000000000,0.000000000,0.000000000,1.000000000
1403715412.937143087,0.497499000,1.884920000,1.348141000,0.000000000,0.000000000,0.000000000,1.000000000
1403715412.942142963,0.497282000,1.885091000,1.348122000,0.000000000,0.000000000,0.000000000,1.000000000
1403715412.947143316,0.497064000,1.885259000,1.348104000,0.000000000,0.000000000,0.000000000,1.000000000
1403715412.952142954,0.496844000,1.885427000,1.348092000,0.000000000,0.000000000,0.000000000,1.000000000
1403715412.957143068,0.496637000,1.885586000,1.348088000,0.000000000,0.000000000,0.000000000,1.000000000
1403715412.962142944,0.496424000,1.885759000,1.348086000,0.000000000,0.000000000,0.000000000,1.000000000
1403715412.967143297,0.496216000,1.885933000,1.348085000,0.000000000,0.000000000,0.000000000,1.000000000
1403715412.972142935,0.496012000,1.886105000,1.348080000,0.000000000,0.000000000,0.000000000,1.000000000
1403715412.977143049,0.495813000,1.886270000,1.348068000,0.000000000,0.000000000,0.000000000,1.000000000
1403715412.982143164,0.495618000,1.886430000,1.348052000,0.000000000,0.000000000,0.000000000,1.000000000
1403715412.987143040,0.495428000,1.886592000,1.348024000,0.000000000,0.000000000,0.000000000,1.000000000
1403715412.992142916,0.495240000,1.886760000,1.347975000,0.000000000,0.000000000,0.000000000,1.000000000
1403715412.997143030,0.495056000,1.886930000,1.347900000,0.000000000,0.000000000,0.000000000,1.000000000
1403715413.002143145,0.494875000,1.887101000,1.347802000,0.000000000,0.000000000,0.000000000,1.000000000
1403715413.007143021,0.494714000,1.887244000,1.347673000,0.000000000,0.000000000,0.000000000,1.000000000
1403715413.012142897,0.494534000,1.887404000,1.347530000,0.000000000,0.000000000,0.000000000,1.000000000
1403715413.017143011,0.494350000,1.887563000,1.347357000,0.000000000,0.000000000,0.000000000,1.000000000
1403715413.022143126,0.494164000,1.887728000,1.347155000,0.000000000,0.000000000,0.000000000,1.000000000
1403715413.027143002,0.493984000,1.887909000,1.346917000,0.000000000,0.000000000,0.000000000,1.000000000
1403715413.032143116,0.493813000,1.888099000,1.346645000,0.000000000,0.000000000,0.000000000,1.000000000
1403715413.037143230,0.493649000,1.888288000,1.346346000,0.000000000,0.000000000,0.000000000,1.000000000
1403715413.042143345,0.493487000,1.888475000,1.346025000,0.000000000,0.000000000,0.000000000,1.000000000
1403715413.047142982,0.493325000,1.888658000,1.345682000,0.000000000,0.000000000,0.000000000,1.000000000
1403715413.052143097,0.493164000,1.888840000,1.345311000,0.000000000,0.000000000,0.000000000,1.000000000
1403715413.057143211,0.493034000,1.888991000,1.344896000,0.000000000,0.000000000,0.000000000,1.000000000
1403715413.062143087,0.492888000,1.889180000,1.344463000,0.000000000,0.000000000,0.000000000,1.000000000
1403715413.067142963,0.492749000,1.889379000,1.344000000,0.000000000,0.000000000,0.000000000,1.000000000
1403715413.072143078,0.492612000,1.889579000,1.343505000,0.000000000,0.000000000,0.000000000,1.000000000
1403715413.077143192,0.492474000,1.889776000,1.342978000,0.000000000,0.000000000,0.000000000,1.000000000
1403715413.082143068,0.492340000,1.889967000,1.342439000,0.000000000,0.000000000,0.000000000,1.000000000
1403715413.087142944,0.492213000,1.890150000,1.341893000,0.000000000,0.000000000,0.000000000,1.000000000
1403715413.092143297,0.492090000,1.890329000,1.341327000,0.000000000,0.000000000,0.000000000,1.000000000
1403715413.097143173,0.491968000,1.890515000,1.340747000,0.000000000,0.000000000,0.000000000,1.000000000
1403715413.102143049,0.491848000,1.890709000,1.340150000,0.000000000,0.000000000,0.000000000,1.000000000
1403715413.107142925,0.491770000,1.890863000,1.339510000,0.000000000,0.000000000,0.000000000,1.000000000
1403715413.112143278,0.491669000,1.891055000,1.338867000,0.000000000,0.000000000,0.000000000,1.000000000
1403715413.117143154,0.491568000,1.891246000,1.338202000,0.000000000,0.000000000,0.000000000,1.000000000
1403715413.122143030,0.491469000,1.891438000,1.337513000,0.000000000,0.000000000,0.000000000,1.000000000
1403715413.127142906,0.491370000,1.891631000,1.336800000,0.000000000,0.000000000,0.000000000,1.000000000
1403715413.132143259,0.491275000,1.891830000,1.336062000,0.000000000,0.000000000,0.000000000,1.000000000
1403715413.137142897,0.491190000,1.892033000,1.335305000,0.000000000,0.000000000,0.000000000,1.000000000
1403715413.142143011,0.491111000,1.892240000,1.334525000,0.000000000,0.000000000,0.000000000,1.000000000
1403715413.147142887,0.491031000,1.892450000,1.333717000,0.000000000,0.000000000,0.000000000,1.000000000
1403715413.152143240,0.490952000,1.892663000,1.332890000,0.000000000,0.000000000,0.000000000,1.000000000
1403715413.157143116,0.490910000,1.892819000,1.332014000,0.000000000,0.000000000,0.000000000,1.000000000
1403715413.162142992,0.490836000,1.893020000,1.331145000,0.000000000,0.000000000,0.000000000,1.000000000
1403715413.167143345,0.490762000,1.893222000,1.330258000,0.000000000,0.000000000,0.000000000,1.000000000
1403715413.172143221,0.490688000,1.893430000,1.329344000,0.000000000,0.000000000,0.000000000,1.000000000
1403715413.177143097,0.490616000,1.893647000,1.328393000,0.000000000,0.000000000,0.000000000,1.000000000
1403715413.182142973,0.490544000,1.893867000,1.327399000,0.000000000,0.000000000,0.000000000,1.000000000
1403715413.187143326,0.490467000,1.894086000,1.326365000,0.000000000,0.000000000,0.000000000,1.000000000
1403715413.192142963,0.490391000,1.894302000,1.325301000,0.000000000,0.000000000,0.000000000,1.000000000
1403715413.197143078,0.490319000,1.894519000,1.324214000,0.000000000,0.000000000,0.000000000,1.000000000
1403715413.202142954,0.490244000,1.894737000,1.323106000,0.000000000,0.000000000,0.000000000,1.000000000
1403715413.207143307,0.490214000,1.894893000,1.321938000,0.000000000,0.000000000,0.000000000,1.000000000
1403715413.212142944,0.490146000,1.895106000,1.320790000,0.000000000,0.000000000,0.000000000,1.000000000
1403715413.217143059,0.490079000,1.895324000,1.319624000,0.000000000,0.000000000,0.000000000,1.000000000
1403715413.222143173,0.490012000,1.895549000,1.318441000,0.000000000,0.000000000,0.000000000,1.000000000
1403715413.227143288,0.489945000,1.895781000,1.317241000,0.000000000,0.000000000,0.000000000,1.000000000
1403715413.232142925,0.489879000,1.896019000,1.316021000,0.000000000,0.000000000,0.000000000,1.000000000
1403715413.237143040,0.489808000,1.896263000,1.314781000,0.000000000,0.000000000,0.000000000,1.000000000
1403715413.242143154,0.489726000,1.896508000,1.313510000,0.000000000,0.000000000,0.000000000,1.000000000
1403715413.247143030,0.489637000,1.896759000,1.312204000,0.000000000,0.000000000,0.000000000,1.000000000
1403715413.252142906,0.489548000,1.897019000,1.310871000,0.000000000,0.000000000,0.000000000,1.000000000
1403715413.257143021,0.489516000,1.897221000,1.309475000,0.000000000,0.000000000,0.000000000,1.000000000
1403715413.262143135,0.489435000,1.897482000,1.308083000,0.000000000,0.000000000,0.000000000,1.000000000
1403715413.267143011,0.489351000,1.897742000,1.306672000,0.000000000,0.000000000,0.000000000,1.000000000
1403715413.272142887,0.489264000,1.898002000,1.305240000,0.000000000,0.000000000,0.000000000,1.000000000
1403715413.277143240,0.489179000,1.898263000,1.303788000,0.000000000,0.000000000,0.000000000,1.000000000
1403715413.282143354,0.489096000,1.898526000,1.302317000,0.000000000,0.000000000,0.000000000,1.000000000
1403715413.287142992,0.489014000,1.898794000,1.300828000,0.000000000,0.000000000,0.000000000,1.000000000
1403715413.292143106,0.488929000,1.899068000,1.299323000,0.000000000,0.000000000,0.000000000,1.000000000
1403715413.297143221,0.488840000,1.899347000,1.297792000,0.000000000,0.000000000,0.000000000,1.000000000
1403715413.302143097,0.488748000,1.899635000,1.296234000,0.000000000,0.000000000,0.000000000,1.000000000
1403715413.307142973,0.488717000,1.899867000,1.294620000,0.000000000,0.000000000,0.000000000,1.000000000
1403715413.312143087,0.488635000,1.900161000,1.293020000,0.000000000,0.000000000,0.000000000,1.000000000
1403715413.317143202,0.488554000,1.900460000,1.291406000,0.000000000,0.000000000,0.000000000,1.000000000
1403715413.322143078,0.488471000,1.900757000,1.289782000,0.000000000,0.000000000,0.000000000,1.000000000
1403715413.327142954,0.488388000,1.901049000,1.288149000,0.000000000,0.000000000,0.000000000,1.000000000
1403715413.332143307,0.488303000,1.901336000,1.286512000,0.000000000,0.000000000,0.000000000,1.000000000
1403715413.337143183,0.488215000,1.901622000,1.284869000,0.000000000,0.000000000,0.000000000,1.000000000
1403715413.342143059,0.488121000,1.901914000,1.283216000,0.000000000,0.000000000,0.000000000,1.000000000
1403715413.347142935,0.488023000,1.902215000,1.281567000,0.000000000,0.000000000,0.000000000,1.000000000
1403715413.352143288,0.487929000,1.902521000,1.279937000,0.000000000,0.000000000,0.000000000,1.000000000
1403715413.357143164,0.487900000,1.902761000,1.278299000,0.000000000,0.000000000,0.000000000,1.000000000
1403715413.362143040,0.487815000,1.903048000,1.276695000,0.000000000,0.000000000,0.000000000,1.000000000
1403715413.367142916,0.487724000,1.903330000,1.275097000,0.000000000,0.000000000,0.000000000,1.000000000
1403715413.372143269,0.487631000,1.903608000,1.273501000,0.000000000,0.000000000,0.000000000,1.000000000
1403715413.377142906,0.487540000,1.903882000,1.271914000,0.000000000,0.000000000,0.000000000,1.000000000
1403715413.382143021,0.487451000,1.904154000,1.270334000,0.000000000,0.000000000,0.000000000,1.000000000
1403715413.387142897,0.487360000,1.904427000,1.268752000,0.000000000,0.000000000,0.000000000,1.000000000
1403715413.392143250,0.487263000,1.904700000,1.267163000,0.000000000,0.000000000,0.000000000,1.000000000
1403715413.397142887,0.487160000,1.904970000,1.265570000,0.000000000,0.000000000,0.000000000,1.000000000
1403715413.402143002,0.487051000,1.905236000,1.263983000,0.000000000,0.000000000,0.000000000,1.000000000
1403715413.407143354,0.486997000,1.905442000,1.262388000,0.000000000,0.000000000,0.000000000,1.000000000
1403715413.412143230,0.486881000,1.905697000,1.260836000,0.000000000,0.000000000,0.000000000,1.000000000
1403715413.417143106,0.486765000,1.905952000,1.259308000,0.000000000,0.000000000,0.000000000,1.000000000
1403715413.422142982,0.486655000,1.906202000,1.257796000,0.000000000,0.000000000,0.000000000,1.000000000
1403715413.427143335,0.486553000,1.906449000,1.256296000,0.000000000,0.000000000,0.000000000,1.000000000
1403715413.432142973,0.486449000,1.906700000,1.254801000,0.000000000,0.000000000,0.000000000,1.000000000
1403715413.437143087,0.486338000,1.906949000,1.253309000,0.000000000,0.000000000,0.000000000,1.000000000
1403715413.442142963,0.486219000,1.907192000,1.251832000,0.000000000,0.000000000,0.000000000,1.000000000
1403715413.447143316,0.486088000,1.907426000,1.250370000,0.000000000,0.000000000,0.000000000,1.000000000
1403715413.452142954,0.485944000,1.907656000,1.248914000,0.000000000,0.000000000,0.000000000,1.000000000
1403715413.457143068,0.485863000,1.907831000,1.247451000,0.000000000,0.000000000,0.000000000,1.000000000
1403715413.462142944,0.485728000,1.908051000,1.246009000,0.000000000,0.000000000,0.000000000,1.000000000
1403715413.467143297,0.485591000,1.908273000,1.244576000,0.000000000,0.000000000,0.000000000,1.000000000
1403715413.472142935,0.485450000,1.908492000,1.243163000,0.000000000,0.000000000,0.000000000,1.000000000
1403715413.477143049,0.485296000,1.908706000,1.241774000,0.000000000,0.000000000,0.000000000,1.000000000
1403715413.482143164,0.485128000,1.908908000,1.240398000,0.000000000,0.000000000,0.000000000,1.000000000
1403715413.487143040,0.484954000,1.909095000,1.239037000,0.000000000,0.000000000,0.000000000,1.000000000
1403715413.492142916,0.484775000,1.909273000,1.237691000,0.000000000,0.000000000,0.000000000,1.000000000
1403715413.497143030,0.484594000,1.909447000,1.236365000,0.000000000,0.000000000,0.000000000,1.000000000
1403715413.502143145,0.484415000,1.909619000,1.235059000,0.000000000,0.000000000,0.000000000,1.000000000
1403715413.507143021,0.484302000,1.909741000,1.233771000,0.000000000,0.000000000,0.000000000,1.000000000
1403715413.512142897,0.484130000,1.909900000,1.232507000,0.000000000,0.000000000,0.000000000,1.000000000
1403715413.517143011,0.483952000,1.910053000,1.231254000,0.000000000,0.000000000,0.000000000,1.000000000
1403715413.522143126,0.483764000,1.910195000,1.230013000,0.000000000,0.000000000,0.000000000,1.000000000
1403715413.527143002,0.483560000,1.910330000,1.228784000,0.000000000,0.000000000,0.000000000,1.000000000
1403715413.532143116,0.483343000,1.910463000,1.227561000,0.000000000,0.000000000,0.000000000,1.000000000
1403715413.537143230,0.483117000,1.910595000,1.226340000,0.000000000,0.000000000,0.000000000,1.000000000
1403715413.542143345,0.482885000,1.910727000,1.225132000,0.000000000,0.000000000,0.000000000,1.000000000
1403715413.547142982,0.482648000,1.910858000,1.223939000,0.000000000,0.000000000,0.000000000,1.000000000
1403715413.552143097,0.482405000,1.910983000,1.222762000,0.000000000,0.000000000,0.000000000,1.000000000
1403715413.557143211,0.482213000,1.911055000,1.221608000,0.000000000,0.000000000,0.000000000,1.000000000
1403715413.562143087,0.481964000,1.911158000,1.220476000,0.000000000,0.000000000,0.000000000,1.000000000
1403715413.567142963,0.481709000,1.911258000,1.219369000,0.000000000,0.000000000,0.000000000,1.000000000
1403715413.572143078,0.481449000,1.911355000,1.218287000,0.000000000,0.000000000,0.000000000,1.000000000
1403715413.577143192,0.481181000,1.911452000,1.217213000,0.000000000,0.000000000,0.000000000,1.000000000
1403715413.582143068,0.480905000,1.911545000,1.216142000,0.000000000,0.000000000,0.000000000,1.000000000
1403715413.587142944,0.480617000,1.911638000,1.215081000,0.000000000,0.000000000,0.000000000,1.000000000
1403715413.592143297,0.480319000,1.911725000,1.214032000,0.000000000,0.000000000,0.000000000,1.000000000
1403715413.597143173,0.480017000,1.911802000,1.213000000,0.000000000,0.000000000,0.000000000,1.000000000
1403715413.602143049,0.479709000,1.911870000,1.211986000,0.000000000,0.000000000,0.000000000,1.000000000
1403715413.607142925,0.479451000,1.911893000,1.210990000,0.000000000,0.000000000,0.000000000,1.000000000
1403715413.612143278,0.479139000,1.911937000,1.209999000,0.000000000,0.000000000,0.000000000,1.000000000
1403715413.617143154,0.478826000,1.911970000,1.209028000,0.000000000,0.000000000,0.000000000,1.000000000
1403715413.622143030,0.478511000,1.912001000,1.208076000,0.000000000,0.000000000,0.000000000,1.000000000
1403715413.627142906,0.478190000,1.912032000,1.207139000,0.000000000,0.000000000,0.000000000,1.000000000
1403715413.632143259,0.477859000,1.912061000,1.206215000,0.000000000,0.000000000,0.000000000,1.000000000
1403715413.637142897,0.477526000,1.912082000,1.205307000,0.000000000,0.000000000,0.000000000,1.000000000
1403715413.642143011,0.477189000,1.912094000,1.204420000,0.000000000,0.000000000,0.000000000,1.000000000
1403715413.647142887,0.476843000,1.912101000,1.203541000,0.000000000,0.000000000,0.000000000,1.000000000
1403715413.652143240,0.476490000,1.912110000,1.202665000,0.000000000,0.000000000,0.000000000,1.000000000
1403715413.657143116,0.476191000,1.912077000,1.201810000,0.000000000,0.000000000,0.000000000,1.000000000
1403715413.662142992,0.475853000,1.912075000,1.200966000,0.000000000,0.000000000,0.000000000,1.000000000
1403715413.667143345,0.475508000,1.912075000,1.200128000,0.000000000,0.000000000,0.000000000,1.000000000
1403715413.672143221,0.475146000,1.912078000,1.199286000,0.000000000,0.000000000,0.000000000,1.000000000
1403715413.677143097,0.474773000,1.912082000,1.198448000,0.000000000,0.000000000,0.000000000,1.000000000
1403715413.682142973,0.474397000,1.912086000,1.197632000,0.000000000,0.000000000,0.000000000,1.000000000
1403715413.687143326,0.474018000,1.912093000,1.196833000,0.000000000,0.000000000,0.000000000,1.000000000
1403715413.692142963,0.473638000,1.912099000,1.196045000,0.000000000,0.000000000,0.000000000,1.000000000
1403715413.697143078,0.473259000,1.912101000,1.195268000,0.000000000,0.000000000,0.000000000,1.000000000
1403715413.702142954,0.472878000,1.912101000,1.194490000,0.000000000,0.000000000,0.000000000,1.000000000
1403715413.707143307,0.472540000,1.912064000,1.193729000,0.000000000,0.000000000,0.000000000,1.000000000
1403715413.712142944,0.472160000,1.912054000,1.192939000,0.000000000,0.000000000,0.000000000,1.000000000
1403715413.717143059,0.471779000,1.912043000,1.192146000,0.000000000,0.000000000,0.000000000,1.000000000
1403715413.722143173,0.471395000,1.912036000,1.191341000,0.000000000,0.000000000,0.000000000,1.000000000
1403715413.727143288,0.471007000,1.912035000,1.190514000,0.000000000,0.000000000,0.000000000,1.000000000
1403715413.732142925,0.470617000,1.912039000,1.189669000,0.000000000,0.000000000,0.000000000,1.000000000
1403715413.737143040,0.470226000,1.912046000,1.188809000,0.000000000,0.000000000,0.000000000,1.000000000
1403715413.742143154,0.469828000,1.912055000,1.187937000,0.000000000,0.000000000,0.000000000,1.000000000
1403715413.747143030,0.469421000,1.912070000,1.187052000,0.000000000,0.000000000,0.000000000,1.000000000
1403715413.752142906,0.469007000,1.912085000,1.186150000,0.000000000,0.000000000,0.000000000,1.000000000
1403715413.757143021,0.468634000,1.912061000,1.185255000,0.000000000,0.000000000,0.000000000,1.000000000
1403715413.762143135,0.468219000,1.912064000,1.184333000,0.000000000,0.000000000,0.000000000,1.000000000
1403715413.767143011,0.467803000,1.912069000,1.183396000,0.000000000,0.000000000,0.000000000,1.000000000
1403715413.772142887,0.467390000,1.912076000,1.182442000,0.000000000,0.000000000,0.000000000,1.000000000
1403715413.777143240,0.466984000,1.912090000,1.181473000,0.000000000,0.000000000,0.000000000,1.000000000
1403715413.782143354,0.466574000,1.912109000,1.180478000,0.000000000,0.000000000,0.000000000,1.000000000
1403715413.787142992,0.466152000,1.912129000,1.179451000,0.000000000,0.000000000,0.000000000,1.000000000
1403715413.792143106,0.465719000,1.912145000,1.178403000,0.000000000,0.000000000,0.000000000,1.000000000
1403715413.797143221,0.465280000,1.912161000,1.177339000,0.000000000,0.000000000,0.000000000,1.000000000
1403715413.802143097,0.464842000,1.912183000,1.176264000,0.000000000,0.000000000,0.000000000,1.000000000
1403715413.807142973,0.464449000,1.912183000,1.175203000,0.000000000,0.000000000,0.000000000,1.000000000
1403715413.812143087,0.464024000,1.912213000,1.174113000,0.000000000,0.000000000,0.000000000,1.000000000
1403715413.817143202,0.463600000,1.912244000,1.173000000,0.000000000,0.000000000,0.000000000,1.000000000
1403715413.822143078,0.463170000,1.912271000,1.171863000,0.000000000,0.000000000,0.000000000,1.000000000
1403715413.827142954,0.462740000,1.912292000,1.170704000,0.000000000,0.000000000,0.000000000,1.000000000
1403715413.832143307,0.462322000,1.912319000,1.169542000,0.000000000,0.000000000,0.000000000,1.000000000
1403715413.837143183,0.461916000,1.912359000,1.168391000,0.000000000,0.000000000,0.000000000,1.000000000
1403715413.842143059,0.461514000,1.912403000,1.167239000,0.000000000,0.000000000,0.000000000,1.000000000
1403715413.847142935,0.461111000,1.912451000,1.166081000,0.000000000,0.000000000,0.000000000,1.000000000
1403715413.852143288,0.460705000,1.912499000,1.164915000,0.000000000,0.000000000,0.000000000,1.000000000
1403715413.857143164,0.460338000,1.912519000,1.163755000,0.000000000,0.000000000,0.000000000,1.000000000
1403715413.862143040,0.459933000,1.912557000,1.162565000,0.000000000,0.000000000,0.000000000,1.000000000
1403715413.867142916,0.459530000,1.912602000,1.161363000,0.000000000,0.000000000,0.000000000,1.000000000
1403715413.872143269,0.459131000,1.912658000,1.160150000,0.000000000,0.000000000,0.000000000,1.000000000
1403715413.877142906,0.458735000,1.912718000,1.158929000,0.000000000,0.000000000,0.000000000,1.000000000
1403715413.882143021,0.458329000,1.912775000,1.157701000,0.000000000,0.000000000,0.000000000,1.000000000
1403715413.887142897,0.457914000,1.912823000,1.156466000,0.000000000,0.000000000,0.000000000,1.000000000
1403715413.892143250,0.457497000,1.912866000,1.155224000,0.000000000,0.000000000,0.000000000,1.000000000
1403715413.897142887,0.457077000,1.912913000,1.153974000,0.000000000,0.000000000,0.000000000,1.000000000
1403715413.902143002,0.456658000,1.912970000,1.152716000,0.000000000,0.000000000,0.000000000,1.000000000
1403715413.907143354,0.456286000,1.913023000,1.151479000,0.000000000,0.000000000,0.000000000,1.000000000
1403715413.912143230,0.455880000,1.913092000,1.150219000,0.000000000,0.000000000,0.000000000,1.000000000
1403715413.917143106,0.455472000,1.913164000,1.148960000,0.000000000,0.000000000,0.000000000,1.000000000
1403715413.922142982,0.455057000,1.913234000,1.147706000,0.000000000,0.000000000,0.000000000,1.000000000
1403715413.927143335,0.454637000,1.913302000,1.146453000,0.000000000,0.000000000,0.000000000,1.000000000
1403715413.932142973,0.454214000,1.913369000,1.145196000,0.000000000,0.000000000,0.000000000,1.000000000
1403715413.937143087,0.453786000,1.913443000,1.143929000,0.000000000,0.000000000,0.000000000,1.000000000
1403715413.942142963,0.453359000,1.913531000,1.142653000,0.000000000,0.000000000,0.000000000,1.000000000
1403715413.947143316,0.452931000,1.913630000,1.141383000,0.000000000,0.000000000,0.000000000,1.000000000
1403715413.952142954,0.452498000,1.913735000,1.140121000,0.000000000,0.000000000,0.000000000,1.000000000
1403715413.957143068,0.452100000,1.913838000,1.138886000,0.000000000,0.000000000,0.000000000,1.000000000
1403715413.962142944,0.451658000,1.913939000,1.137652000,0.000000000,0.000000000,0.000000000,1.000000000
1403715413.967143297,0.451211000,1.914036000,1.136444000,0.000000000,0.000000000,0.000000000,1.000000000
1403715413.972142935,0.450760000,1.914136000,1.135265000,0.000000000,0.000000000,0.000000000,1.000000000
1403715413.977143049,0.450311000,1.914245000,1.134111000,0.000000000,0.000000000,0.000000000,1.000000000
1403715413.982143164,0.449868000,1.914364000,1.132973000,0.000000000,0.000000000,0.000000000,1.000000000
1403715413.987143040,0.449427000,1.914494000,1.131858000,0.000000000,0.000000000,0.000000000,1.000000000
1403715413.992142916,0.448976000,1.914640000,1.130764000,0.000000000,0.000000000,0.000000000,1.000000000
1403715413.997143030,0.448514000,1.914793000,1.129682000,0.000000000,0.000000000,0.000000000,1.000000000
1403715414.002143145,0.448038000,1.914949000,1.128625000,0.000000000,0.000000000,0.000000000,1.000000000
1403715414.007143021,0.447596000,1.915118000,1.127622000,0.000000000,0.000000000,0.000000000,1.000000000
1403715414.012142897,0.447113000,1.915281000,1.126639000,0.000000000,0.000000000,0.000000000,1.000000000
1403715414.017143011,0.446637000,1.915453000,1.125692000,0.000000000,0.000000000,0.000000000,1.000000000
1403715414.022143126,0.446172000,1.915635000,1.124778000,0.000000000,0.000000000,0.000000000,1.000000000
1403715414.027143002,0.445710000,1.915830000,1.123896000,0.000000000,0.000000000,0.000000000,1.000000000
1403715414.032143116,0.445245000,1.916034000,1.123038000,0.000000000,0.000000000,0.000000000,1.000000000
1403715414.037143230,0.444777000,1.916239000,1.122205000,0.000000000,0.000000000,0.000000000,1.000000000
1403715414.042143345,0.444302000,1.916452000,1.121403000,0.000000000,0.000000000,0.000000000,1.000000000
1403715414.047142982,0.443811000,1.916675000,1.120619000,0.000000000,0.000000000,0.000000000,1.000000000
1403715414.052143097,0.443311000,1.916906000,1.119844000,0.000000000,0.000000000,0.000000000,1.000000000
1403715414.057143211,0.442849000,1.917161000,1.119117000,0.000000000,0.000000000,0.000000000,1.000000000
1403715414.062143087,0.442357000,1.917399000,1.118402000,0.000000000,0.000000000,0.000000000,1.000000000
1403715414.067142963,0.441866000,1.917642000,1.117723000,0.000000000,0.000000000,0.000000000,1.000000000
1403715414.072143078,0.441369000,1.917893000,1.117067000,0.000000000,0.000000000,0.000000000,1.000000000
1403715414.077143192,0.440871000,1.918148000,1.116440000,0.000000000,0.000000000,0.000000000,1.000000000
1403715414.082143068,0.440370000,1.918405000,1.115858000,0.000000000,0.000000000,0.000000000,1.000000000
1403715414.087142944,0.439865000,1.918663000,1.115323000,0.000000000,0.000000000,0.000000000,1.000000000
1403715414.092143297,0.439359000,1.918922000,1.114825000,0.000000000,0.000000000,0.000000000,1.000000000
1403715414.097143173,0.438856000,1.919188000,1.114348000,0.000000000,0.000000000,0.000000000,1.000000000
1403715414.102143049,0.438356000,1.919466000,1.113886000,0.000000000,0.000000000,0.000000000,1.000000000
1403715414.107142925,0.437894000,1.919786000,1.113468000,0.000000000,0.000000000,0.000000000,1.000000000
1403715414.112143278,0.437406000,1.920090000,1.113057000,0.000000000,0.000000000,0.000000000,1.000000000
1403715414.117143154,0.436914000,1.920396000,1.112677000,0.000000000,0.000000000,0.000000000,1.000000000
1403715414.122143030,0.436414000,1.920701000,1.112321000,0.000000000,0.000000000,0.000000000,1.000000000
1403715414.127142906,0.435913000,1.921004000,1.111997000,0.000000000,0.000000000,0.000000000,1.000000000
1403715414.132143259,0.435410000,1.921308000,1.111711000,0.000000000,0.000000000,0.000000000,1.000000000
1403715414.137142897,0.434904000,1.921621000,1.111452000,0.000000000,0.000000000,0.000000000,1.000000000
1403715414.142143011,0.434399000,1.921944000,1.111222000,0.000000000,0.000000000,0.000000000,1.000000000
1403715414.147142887,0.433900000,1.922278000,1.111022000,0.000000000,0.000000000,0.000000000,1.000000000
1403715414.152143240,0.433410000,1.922619000,1.110845000,0.000000000,0.000000000,0.000000000,1.000000000
1403715414.157143116,0.432947000,1.923000000,1.110727000,0.000000000,0.000000000,0.000000000,1.000000000
1403715414.162142992,0.432462000,1.923340000,1.110596000,0.000000000,0.000000000,0.000000000,1.000000000
1403715414.167143345,0.431973000,1.923675000,1.110477000,0.000000000,0.000000000,0.000000000,1.000000000
1403715414.172143221,0.431481000,1.924010000,1.110383000,0.000000000,0.000000000,0.000000000,1.000000000
1403715414.177143097,0.430994000,1.924358000,1.110313000,0.000000000,0.000000000,0.000000000,1.000000000
1403715414.182142973,0.430520000,1.924718000,1.110257000,0.000000000,0.000000000,0.000000000,1.000000000
1403715414.187143326,0.430060000,1.925089000,1.110214000,0.000000000,0.000000000,0.000000000,1.000000000
1403715414.192142963,0.429604000,1.925463000,1.110180000,0.000000000,0.000000000,0.000000000,1.000000000
1403715414.197143078,0.429145000,1.925831000,1.110171000,0.000000000,0.000000000,0.000000000,1.000000000
1403715414.202142954,0.428680000,1.926190000,1.110196000,0.000000000,0.000000000,0.000000000,1.000000000
1403715414.207143307,0.428229000,1.926590000,1.110271000,0.000000000,0.000000000,0.000000000,1.000000000
1403715414.212142944,0.427782000,1.926964000,1.110349000,0.000000000,0.000000000,0.000000000,1.000000000
1403715414.217143059,0.427352000,1.927364000,1.110458000,0.000000000,0.000000000,0.000000000,1.000000000
1403715414.222143173,0.426935000,1.927778000,1.110597000,0.000000000,0.000000000,0.000000000,1.000000000
1403715414.227143288,0.426529000,1.928190000,1.110780000,0.000000000,0.000000000,0.000000000,1.000000000
1403715414.232142925,0.426121000,1.928586000,1.110993000,0.000000000,0.000000000,0.000000000,1.000000000
1403715414.237143040,0.425709000,1.928962000,1.111225000,0.000000000,0.000000000,0.000000000,1.000000000
1403715414.242143154,0.425304000,1.929334000,1.111484000,0.000000000,0.000000000,0.000000000,1.000000000
1403715414.247143030,0.424913000,1.929717000,1.111777000,0.000000000,0.000000000,0.000000000,1.000000000
1403715414.252142906,0.424540000,1.930114000,1.112092000,0.000000000,0.000000000,0.000000000,1.000000000
1403715414.257143021,0.424187000,1.930571000,1.112469000,0.000000000,0.000000000,0.000000000,1.000000000
1403715414.262143135,0.423844000,1.930973000,1.112829000,0.000000000,0.000000000,0.000000000,1.000000000
1403715414.267143011,0.423507000,1.931367000,1.113201000,0.000000000,0.000000000,0.000000000,1.000000000
1403715414.272142887,0.423175000,1.931754000,1.113582000,0.000000000,0.000000000,0.000000000,1.000000000
1403715414.277143240,0.422853000,1.932140000,1.113968000,0.000000000,0.000000000,0.000000000,1.000000000
1403715414.282143354,0.422544000,1.932528000,1.114354000,0.000000000,0.000000000,0.000000000,1.000000000
1403715414.287142992,0.422252000,1.932914000,1.114743000,0.000000000,0.000000000,0.000000000,1.000000000
1403715414.292143106,0.421978000,1.933298000,1.115142000,0.000000000,0.000000000,0.000000000,1.000000000
1403715414.297143221,0.421720000,1.933677000,1.115551000,0.000000000,0.000000000,0.000000000,1.000000000
1403715414.302143097,0.421474000,1.934050000,1.115972000,0.000000000,0.000000000,0.000000000,1.000000000
1403715414.307142973,0.421238000,1.934466000,1.116433000,0.000000000,0.000000000,0.000000000,1.000000000
1403715414.312143087,0.421015000,1.934830000,1.116866000,0.000000000,0.000000000,0.000000000,1.000000000
1403715414.317143202,0.420802000,1.935187000,1.117303000,0.000000000,0.000000000,0.000000000,1.000000000
1403715414.322143078,0.420601000,1.935539000,1.117739000,0.000000000,0.000000000,0.000000000,1.000000000
1403715414.327142954,0.420414000,1.935890000,1.118166000,0.000000000,0.000000000,0.000000000,1.000000000
1403715414.332143307,0.420242000,1.936240000,1.118591000,0.000000000,0.000000000,0.000000000,1.000000000
1403715414.337143183,0.420084000,1.936586000,1.119017000,0.000000000,0.000000000,0.000000000,1.000000000
1403715414.342143059,0.419940000,1.936926000,1.119447000,0.000000000,0.000000000,0.000000000,1.000000000
1403715414.347142935,0.419808000,1.937257000,1.119882000,0.000000000,0.000000000,0.000000000,1.000000000
1403715414.352143288,0.419688000,1.937575000,1.120316000,0.000000000,0.000000000,0.000000000,1.000000000
1403715414.357143164,0.419566000,1.937939000,1.120785000,0.000000000,0.000000000,0.000000000,1.000000000
1403715414.362143040,0.419467000,1.938261000,1.121224000,0.000000000,0.000000000,0.000000000,1.000000000
1403715414.367142916,0.419385000,1.938589000,1.121654000,0.000000000,0.000000000,0.000000000,1.000000000
1403715414.372143269,0.419325000,1.938917000,1.122077000,0.000000000,0.000000000,0.000000000,1.000000000
1403715414.377142906,0.419282000,1.939238000,1.122497000,0.000000000,0.000000000,0.000000000,1.000000000
1403715414.382143021,0.419252000,1.939546000,1.122911000,0.000000000,0.000000000,0.000000000,1.000000000
1403715414.387142897,0.419229000,1.939839000,1.123316000,0.000000000,0.000000000,0.000000000,1.000000000
1403715414.392143250,0.419218000,1.940125000,1.123717000,0.000000000,0.000000000,0.000000000,1.000000000
1403715414.397142887,0.419222000,1.940412000,1.124119000,0.000000000,0.000000000,0.000000000,1.000000000
1403715414.402143002,0.419246000,1.940707000,1.124517000,0.000000000,0.000000000,0.000000000,1.000000000
1403715414.407143354,0.419273000,1.941053000,1.124935000,0.000000000,0.000000000,0.000000000,1.000000000
1403715414.412143230,0.419326000,1.941363000,1.125309000,0.000000000,0.000000000,0.000000000,1.000000000
1403715414.417143106,0.419381000,1.941663000,1.125661000,0.000000000,0.000000000,0.000000000,1.000000000
1403715414.422142982,0.419443000,1.941945000,1.125990000,0.000000000,0.000000000,0.000000000,1.000000000
1403715414.427143335,0.419519000,1.942220000,1.126296000,0.000000000,0.000000000,0.000000000,1.000000000
1403715414.432142973,0.419614000,1.942495000,1.126580000,0.000000000,0.000000000,0.000000000,1.000000000
1403715414.437143087,0.419730000,1.942773000,1.126846000,0.000000000,0.000000000,0.000000000,1.000000000
1403715414.442142963,0.419866000,1.943058000,1.127097000,0.000000000,0.000000000,0.000000000,1.000000000
1403715414.447143316,0.420019000,1.943347000,1.127336000,0.000000000,0.000000000,0.000000000,1.000000000
1403715414.452142954,0.420185000,1.943634000,1.127558000,0.000000000,0.000000000,0.000000000,1.000000000
1403715414.457143068,0.420342000,1.943954000,1.127791000,0.000000000,0.000000000,0.000000000,1.000000000
1403715414.462142944,0.420523000,1.944246000,1.127986000,0.000000000,0.000000000,0.000000000,1.000000000
1403715414.467143297,0.420715000,1.944544000,1.128167000,0.000000000,0.000000000,0.000000000,1.000000000
1403715414.472142935,0.420920000,1.944838000,1.128333000,0.000000000,0.000000000,0.000000000,1.000000000
1403715414.477143049,0.421139000,1.945126000,1.128493000,0.000000000,0.000000000,0.000000000,1.000000000
1403715414.482143164,0.421373000,1.945410000,1.128645000,0.000000000,0.000000000,0.000000000,1.000000000
1403715414.487143040,0.421620000,1.945690000,1.128783000,0.000000000,0.000000000,0.000000000,1.000000000
1403715414.492142916,0.421882000,1.945968000,1.128908000,0.000000000,0.000000000,0.000000000,1.000000000
1403715414.497143030,0.422158000,1.946245000,1.129019000,0.000000000,0.000000000,0.000000000,1.000000000
1403715414.502143145,0.422448000,1.946525000,1.129111000,0.000000000,0.000000000,0.000000000,1.000000000
1403715414.507143021,0.422737000,1.946836000,1.129199000,0.000000000,0.000000000,0.000000000,1.000000000
1403715414.512142897,0.423048000,1.947124000,1.129251000,0.000000000,0.000000000,0.000000000,1.000000000
1403715414.517143011,0.423369000,1.947411000,1.129278000,0.000000000,0.000000000,0.000000000,1.000000000
1403715414.522143126,0.423704000,1.947694000,1.129281000,0.000000000,0.000000000,0.000000000,1.000000000
1403715414.527143002,0.424053000,1.947973000,1.129264000,0.000000000,0.000000000,0.000000000,1.000000000
1403715414.532143116,0.424411000,1.948251000,1.129236000,0.000000000,0.000000000,0.000000000,1.000000000
1403715414.537143230,0.424782000,1.948534000,1.129197000,0.000000000,0.000000000,0.000000000,1.000000000
1403715414.542143345,0.425164000,1.948823000,1.129137000,0.000000000,0.000000000,0.000000000,1.000000000
1403715414.547142982,0.425553000,1.949118000,1.129049000,0.000000000,0.000000000,0.000000000,1.000000000
1403715414.552143097,0.425950000,1.949419000,1.128935000,0.000000000,0.000000000,0.000000000,1.000000000
1403715414.557143211,0.426349000,1.949742000,1.128803000,0.000000000,0.000000000,0.000000000,1.000000000
1403715414.562143087,0.426770000,1.950046000,1.128651000,0.000000000,0.000000000,0.000000000,1.000000000
1403715414.567142963,0.427203000,1.950347000,1.128489000,0.000000000,0.000000000,0.000000000,1.000000000
1403715414.572143078,0.427645000,1.950645000,1.128324000,0.000000000,0.000000000,0.000000000,1.000000000
1403715414.577143192,0.428098000,1.950948000,1.128153000,0.000000000,0.000000000,0.000000000,1.000000000
1403715414.582143068,0.428564000,1.951261000,1.127969000,0.000000000,0.000000000,0.000000000,1.000000000
1403715414.587142944,0.429041000,1.951581000,1.127766000,0.000000000,0.000000000,0.000000000,1.000000000
1403715414.592143297,0.429530000,1.951905000,1.127547000,0.000000000,0.000000000,0.000000000,1.000000000
1403715414.597143173,0.430029000,1.952231000,1.127315000,0.000000000,0.000000000,0.000000000,1.000000000
1403715414.602143049,0.430537000,1.952552000,1.127062000,0.000000000,0.000000000,0.000000000,1.000000000
1403715414.607142925,0.431044000,1.952883000,1.126762000,0.000000000,0.000000000,0.000000000,1.000000000
1403715414.612143278,0.431548000,1.953203000,1.126456000,0.000000000,0.000000000,0.000000000,1.000000000
1403715414.617143154,0.432051000,1.953529000,1.126129000,0.000000000,0.000000000,0.000000000,1.000000000
1403715414.622143030,0.432563000,1.953865000,1.125788000,0.000000000,0.000000000,0.000000000,1.000000000
1403715414.627142906,0.433092000,1.954208000,1.125443000,0.000000000,0.000000000,0.000000000,1.000000000
1403715414.632143259,0.433649000,1.954563000,1.125107000,0.000000000,0.000000000,0.000000000,1.000000000
1403715414.637142897,0.434228000,1.954922000,1.124779000,0.000000000,0.000000000,0.000000000,1.000000000
1403715414.642143011,0.434808000,1.955274000,1.124446000,0.000000000,0.000000000,0.000000000,1.000000000
1403715414.647142887,0.435387000,1.955621000,1.124104000,0.000000000,0.000000000,0.000000000,1.000000000
1403715414.652143240,0.435968000,1.955971000,1.123752000,0.000000000,0.000000000,0.000000000,1.000000000
1403715414.657143116,0.436564000,1.956348000,1.123353000,0.000000000,0.000000000,0.000000000,1.000000000
1403715414.662142992,0.437171000,1.956736000,1.122969000,0.000000000,0.000000000,0.000000000,1.000000000
1403715414.667143345,0.437788000,1.957138000,1.122570000,0.000000000,0.000000000,0.000000000,1.000000000
1403715414.672143221,0.438405000,1.957543000,1.122158000,0.000000000,0.000000000,0.000000000,1.000000000
1403715414.677143097,0.439019000,1.957942000,1.121736000,0.000000000,0.000000000,0.000000000,1.000000000
1403715414.682142973,0.439629000,1.958340000,1.121302000,0.000000000,0.000000000,0.000000000,1.000000000
1403715414.687143326,0.440246000,1.958749000,1.120866000,0.000000000,0.000000000,0.000000000,1.000000000
1403715414.692142963,0.440872000,1.959174000,1.120422000,0.000000000,0.000000000,0.000000000,1.000000000
1403715414.697143078,0.441501000,1.959610000,1.119963000,0.000000000,0.000000000,0.000000000,1.000000000
1403715414.702142954,0.442135000,1.960049000,1.119494000,0.000000000,0.000000000,0.000000000,1.000000000
1403715414.707143307,0.442783000,1.960490000,1.118969000,0.000000000,0.000000000,0.000000000,1.000000000
1403715414.712142944,0.443427000,1.960929000,1.118475000,0.000000000,0.000000000,0.000000000,1.000000000
1403715414.717143059,0.444077000,1.961373000,1.117970000,0.000000000,0.000000000,0.000000000,1.000000000
1403715414.722143173,0.444733000,1.961827000,1.117451000,0.000000000,0.000000000,0.000000000,1.000000000
1403715414.727143288,0.445393000,1.962290000,1.116918000,0.000000000,0.000000000,0.000000000,1.000000000
1403715414.732142925,0.446054000,1.962758000,1.116370000,0.000000000,0.000000000,0.000000000,1.000000000
1403715414.737143040,0.446713000,1.963226000,1.115804000,0.000000000,0.000000000,0.000000000,1.000000000
1403715414.742143154,0.447371000,1.963689000,1.115230000,0.000000000,0.000000000,0.000000000,1.000000000
1403715414.747143030,0.448034000,1.964153000,1.114659000,0.000000000,0.000000000,0.000000000,1.000000000
1403715414.752142906,0.448696000,1.964624000,1.114092000,0.000000000,0.000000000,0.000000000,1.000000000
1403715414.757143021,0.449367000,1.965101000,1.113476000,0.000000000,0.000000000,0.000000000,1.000000000
1403715414.762143135,0.450010000,1.965572000,1.112893000,0.000000000,0.000000000,0.000000000,1.000000000
1403715414.767143011,0.450643000,1.966044000,1.112288000,0.000000000,0.000000000,0.000000000,1.000000000
1403715414.772142887,0.451275000,1.966522000,1.111663000,0.000000000,0.000000000,0.000000000,1.000000000
1403715414.777143240,0.451913000,1.967011000,1.111023000,0.000000000,0.000000000,0.000000000,1.000000000
1403715414.782143354,0.452558000,1.967505000,1.110367000,0.000000000,0.000000000,0.000000000,1.000000000
1403715414.787142992,0.453208000,1.968000000,1.109696000,0.000000000,0.000000000,0.000000000,1.000000000
1403715414.792143106,0.453859000,1.968483000,1.109018000,0.000000000,0.000000000,0.000000000,1.000000000
1403715414.797143221,0.454512000,1.968955000,1.108334000,0.000000000,0.000000000,0.000000000,1.000000000
1403715414.802143097,0.455173000,1.969427000,1.107647000,0.000000000,0.000000000,0.000000000,1.000000000
1403715414.807142973,0.455867000,1.969905000,1.106899000,0.000000000,0.000000000,0.000000000,1.000000000
1403715414.812143087,0.456547000,1.970381000,1.106203000,0.000000000,0.000000000,0.000000000,1.000000000
1403715414.817143202,0.457227000,1.970853000,1.105506000,0.000000000,0.000000000,0.000000000,1.000000000
1403715414.822143078,0.457906000,1.971318000,1.104801000,0.000000000,0.000000000,0.000000000,1.000000000
1403715414.827142954,0.458585000,1.971782000,1.104081000,0.000000000,0.000000000,0.000000000,1.000000000
1403715414.832143307,0.459268000,1.972251000,1.103344000,0.000000000,0.000000000,0.000000000,1.000000000
1403715414.837143183,0.459954000,1.972724000,1.102593000,0.000000000,0.000000000,0.000000000,1.000000000
1403715414.842143059,0.460643000,1.973194000,1.101828000,0.000000000,0.000000000,0.000000000,1.000000000
1403715414.847142935,0.461326000,1.973655000,1.101047000,0.000000000,0.000000000,0.000000000,1.000000000
1403715414.852143288,0.461997000,1.974107000,1.100252000,0.000000000,0.000000000,0.000000000,1.000000000
1403715414.857143164,0.462687000,1.974556000,1.099394000,0.000000000,0.000000000,0.000000000,1.000000000
1403715414.862143040,0.463353000,1.975004000,1.098562000,0.000000000,0.000000000,0.000000000,1.000000000
1403715414.867142916,0.464019000,1.975454000,1.097716000,0.000000000,0.000000000,0.000000000,1.000000000
1403715414.872143269,0.464686000,1.975903000,1.096855000,0.000000000,0.000000000,0.000000000,1.000000000
1403715414.877142906,0.465356000,1.976348000,1.095978000,0.000000000,0.000000000,0.000000000,1.000000000
1403715414.882143021,0.466029000,1.976786000,1.095082000,0.000000000,0.000000000,0.000000000,1.000000000
1403715414.887142897,0.466699000,1.977217000,1.094172000,0.000000000,0.000000000,0.000000000,1.000000000
1403715414.892143250,0.467365000,1.977642000,1.093258000,0.000000000,0.000000000,0.000000000,1.000000000
1403715414.897142887,0.468014000,1.978059000,1.092339000,0.000000000,0.000000000,0.000000000,1.000000000
1403715414.902143002,0.468646000,1.978469000,1.091409000,0.000000000,0.000000000,0.000000000,1.000000000
1403715414.907143354,0.469307000,1.978874000,1.090429000,0.000000000,0.000000000,0.000000000,1.000000000
1403715414.912143230,0.469946000,1.979276000,1.089477000,0.000000000,0.000000000,0.000000000,1.000000000
1403715414.917143106,0.470593000,1.979674000,1.088525000,0.000000000,0.000000000,0.000000000,1.000000000
1403715414.922142982,0.471245000,1.980065000,1.087574000,0.000000000,0.000000000,0.000000000,1.000000000
1403715414.927143335,0.471889000,1.980452000,1.086618000,0.000000000,0.000000000,0.000000000,1.000000000
1403715414.932142973,0.472517000,1.980833000,1.085655000,0.000000000,0.000000000,0.000000000,1.000000000
1403715414.937143087,0.473130000,1.981207000,1.084682000,0.000000000,0.000000000,0.000000000,1.000000000
1403715414.942142963,0.473736000,1.981575000,1.083696000,0.000000000,0.000000000,0.000000000,1.000000000
1403715414.947143316,0.474337000,1.981939000,1.082703000,0.000000000,0.000000000,0.000000000,1.000000000
1403715414.952142954,0.474923000,1.982293000,1.081706000,0.000000000,0.000000000,0.000000000,1.000000000
1403715414.957143068,0.475526000,1.982630000,1.080692000,0.000000000,0.000000000,0.000000000,1.000000000
1403715414.962142944,0.476098000,1.982967000,1.079701000,0.000000000,0.000000000,0.000000000,1.000000000
1403715414.967143297,0.476662000,1.983302000,1.078713000,0.000000000,0.000000000,0.000000000,1.000000000
1403715414.972142935,0.477216000,1.983633000,1.077725000,0.000000000,0.000000000,0.000000000,1.000000000
1403715414.977143049,0.477760000,1.983957000,1.076743000,0.000000000,0.000000000,0.000000000,1.000000000
1403715414.982143164,0.478295000,1.984270000,1.075766000,0.000000000,0.000000000,0.000000000,1.000000000
1403715414.987143040,0.478821000,1.984571000,1.074781000,0.000000000,0.000000000,0.000000000,1.000000000
1403715414.992142916,0.479339000,1.984862000,1.073785000,0.000000000,0.000000000,0.000000000,1.000000000
1403715414.997143030,0.479854000,1.985147000,1.072775000,0.000000000,0.000000000,0.000000000,1.000000000
1403715415.002143145,0.480360000,1.985434000,1.071756000,0.000000000,0.000000000,0.000000000,1.000000000
1403715415.007143021,0.480885000,1.985719000,1.070713000,0.000000000,0.000000000,0.000000000,1.000000000
1403715415.012142897,0.481376000,1.986002000,1.069654000,0.000000000,0.000000000,0.000000000,1.000000000
1403715415.017143011,0.481860000,1.986271000,1.068594000,0.000000000,0.000000000,0.000000000,1.000000000
1403715415.022143126,0.482335000,1.986524000,1.067538000,0.000000000,0.000000000,0.000000000,1.000000000
1403715415.027143002,0.482805000,1.986767000,1.066489000,0.000000000,0.000000000,0.000000000,1.000000000
1403715415.032143116,0.483274000,1.987002000,1.065448000,0.000000000,0.000000000,0.000000000,1.000000000
1403715415.037143230,0.483745000,1.987233000,1.064414000,0.000000000,0.000000000,0.000000000,1.000000000
1403715415.042143345,0.484219000,1.987458000,1.063384000,0.000000000,0.000000000,0.000000000,1.000000000
1403715415.047142982,0.484690000,1.987673000,1.062354000,0.000000000,0.000000000,0.000000000,1.000000000
1403715415.052143097,0.485156000,1.987875000,1.061322000,0.000000000,0.000000000,0.000000000,1.000000000
1403715415.057143211,0.485652000,1.988047000,1.060300000,0.000000000,0.000000000,0.000000000,1.000000000
1403715415.062143087,0.486120000,1.988218000,1.059262000,0.000000000,0.000000000,0.000000000,1.000000000
1403715415.067142963,0.486580000,1.988382000,1.058217000,0.000000000,0.000000000,0.000000000,1.000000000
1403715415.072143078,0.487032000,1.988540000,1.057178000,0.000000000,0.000000000,0.000000000,1.000000000
1403715415.077143192,0.487474000,1.988692000,1.056148000,0.000000000,0.000000000,0.000000000,1.000000000
1403715415.082143068,0.487908000,1.988837000,1.055117000,0.000000000,0.000000000,0.000000000,1.000000000
1403715415.087142944,0.488334000,1.988966000,1.054079000,0.000000000,0.000000000,0.000000000,1.000000000
1403715415.092143297,0.488751000,1.989080000,1.053030000,0.000000000,0.000000000,0.000000000,1.000000000
1403715415.097143173,0.489152000,1.989185000,1.051973000,0.000000000,0.000000000,0.000000000,1.000000000
1403715415.102143049,0.489539000,1.989281000,1.050914000,0.000000000,0.000000000,0.000000000,1.000000000
1403715415.107142925,0.489943000,1.989350000,1.049875000,0.000000000,0.000000000,0.000000000,1.000000000
1403715415.112143278,0.490303000,1.989423000,1.048815000,0.000000000,0.000000000,0.000000000,1.000000000
1403715415.117143154,0.490649000,1.989485000,1.047762000,0.000000000,0.000000000,0.000000000,1.000000000
1403715415.122143030,0.490992000,1.989538000,1.046711000,0.000000000,0.000000000,0.000000000,1.000000000
1403715415.127142906,0.491330000,1.989580000,1.045659000,0.000000000,0.000000000,0.000000000,1.000000000
1403715415.132143259,0.491658000,1.989609000,1.044606000,0.000000000,0.000000000,0.000000000,1.000000000
1403715415.137142897,0.491973000,1.989626000,1.043550000,0.000000000,0.000000000,0.000000000,1.000000000
1403715415.142143011,0.492276000,1.989633000,1.042492000,0.000000000,0.000000000,0.000000000,1.000000000
1403715415.147142887,0.492569000,1.989633000,1.041443000,0.000000000,0.000000000,0.000000000,1.000000000
1403715415.152143240,0.492853000,1.989625000,1.040404000,0.000000000,0.000000000,0.000000000,1.000000000
1403715415.157143116,0.493154000,1.989586000,1.039419000,0.000000000,0.000000000,0.000000000,1.000000000
1403715415.162142992,0.493413000,1.989547000,1.038415000,0.000000000,0.000000000,0.000000000,1.000000000
1403715415.167143345,0.493648000,1.989502000,1.037417000,0.000000000,0.000000000,0.000000000,1.000000000
1403715415.172143221,0.493863000,1.989456000,1.036426000,0.000000000,0.000000000,0.000000000,1.000000000
1403715415.177143097,0.494066000,1.989402000,1.035445000,0.000000000,0.000000000,0.000000000,1.000000000
1403715415.182142973,0.494264000,1.989336000,1.034471000,0.000000000,0.000000000,0.000000000,1.000000000
1403715415.187143326,0.494458000,1.989255000,1.033505000,0.000000000,0.000000000,0.000000000,1.000000000
1403715415.192142963,0.494645000,1.989157000,1.032546000,0.000000000,0.000000000,0.000000000,1.000000000
1403715415.197143078,0.494820000,1.989044000,1.031590000,0.000000000,0.000000000,0.000000000,1.000000000
1403715415.202142954,0.494983000,1.988923000,1.030641000,0.000000000,0.000000000,0.000000000,1.000000000
1403715415.207143307,0.495163000,1.988774000,1.029745000,0.000000000,0.000000000,0.000000000,1.000000000
1403715415.212142944,0.495317000,1.988635000,1.028818000,0.000000000,0.000000000,0.000000000,1.000000000
1403715415.217143059,0.495471000,1.988490000,1.027888000,0.000000000,0.000000000,0.000000000,1.000000000
1403715415.222143173,0.495619000,1.988341000,1.026956000,0.000000000,0.000000000,0.000000000,1.000000000
1403715415.227143288,0.495757000,1.988184000,1.026029000,0.000000000,0.000000000,0.000000000,1.000000000
1403715415.232142925,0.495885000,1.988020000,1.025109000,0.000000000,0.000000000,0.000000000,1.000000000
1403715415.237143040,0.495999000,1.987848000,1.024194000,0.000000000,0.000000000,0.000000000,1.000000000
1403715415.242143154,0.496096000,1.987662000,1.023281000,0.000000000,0.000000000,0.000000000,1.000000000
1403715415.247143030,0.496175000,1.987457000,1.022370000,0.000000000,0.000000000,0.000000000,1.000000000
1403715415.252142906,0.496242000,1.987235000,1.021471000,0.000000000,0.000000000,0.000000000,1.000000000
1403715415.257143021,0.496318000,1.986984000,1.020632000,0.000000000,0.000000000,0.000000000,1.000000000
1403715415.262143135,0.496372000,1.986738000,1.019775000,0.000000000,0.000000000,0.000000000,1.000000000
1403715415.267143011,0.496413000,1.986482000,1.018935000,0.000000000,0.000000000,0.000000000,1.000000000
1403715415.272142887,0.496436000,1.986212000,1.018108000,0.000000000,0.000000000,0.000000000,1.000000000
1403715415.277143240,0.496446000,1.985927000,1.017293000,0.000000000,0.000000000,0.000000000,1.000000000
1403715415.282143354,0.496446000,1.985629000,1.016490000,0.000000000,0.000000000,0.000000000,1.000000000
1403715415.287142992,0.496436000,1.985326000,1.015694000,0.000000000,0.000000000,0.000000000,1.000000000
1403715415.292143106,0.496418000,1.985017000,1.014910000,0.000000000,0.000000000,0.000000000,1.000000000
1403715415.297143221,0.496397000,1.984696000,1.014150000,0.000000000,0.000000000,0.000000000,1.000000000
1403715415.302143097,0.496373000,1.984358000,1.013414000,0.000000000,0.000000000,0.000000000,1.000000000
1403715415.307142973,0.496355000,1.983991000,1.012740000,0.000000000,0.000000000,0.000000000,1.000000000
1403715415.312143087,0.496315000,1.983631000,1.012041000,0.000000000,0.000000000,0.000000000,1.000000000
1403715415.317143202,0.496261000,1.983266000,1.011338000,0.000000000,0.000000000,0.000000000,1.000000000
1403715415.322143078,0.496204000,1.982892000,1.010627000,0.000000000,0.000000000,0.000000000,1.000000000
1403715415.327142954,0.496149000,1.982509000,1.009904000,0.000000000,0.000000000,0.000000000,1.000000000
1403715415.332143307,0.496091000,1.982123000,1.009163000,0.000000000,0.000000000,0.000000000,1.000000000
1403715415.337143183,0.496028000,1.981734000,1.008418000,0.000000000,0.000000000,0.000000000,1.000000000
1403715415.342143059,0.495959000,1.981342000,1.007689000,0.000000000,0.000000000,0.000000000,1.000000000
1403715415.347142935,0.495887000,1.980944000,1.006984000,0.000000000,0.000000000,0.000000000,1.000000000
1403715415.352143288,0.495816000,1.980540000,1.006303000,0.000000000,0.000000000,0.000000000,1.000000000
1403715415.357143164,0.495745000,1.980123000,1.005673000,0.000000000,0.000000000,0.000000000,1.000000000
1403715415.362143040,0.495666000,1.979709000,1.005049000,0.000000000,0.000000000,0.000000000,1.000000000
1403715415.367142916,0.495583000,1.979285000,1.004447000,0.000000000,0.000000000,0.000000000,1.000000000
1403715415.372143269,0.495496000,1.978855000,1.003870000,0.000000000,0.000000000,0.000000000,1.000000000
1403715415.377142906,0.495402000,1.978424000,1.003325000,0.000000000,0.000000000,0.000000000,1.000000000
1403715415.382143021,0.495297000,1.977995000,1.002791000,0.000000000,0.000000000,0.000000000,1.000000000
1403715415.387142897,0.495188000,1.977566000,1.002258000,0.000000000,0.000000000,0.000000000,1.000000000
1403715415.392143250,0.495074000,1.977139000,1.001739000,0.000000000,0.000000000,0.000000000,1.000000000
1403715415.397142887,0.494950000,1.976714000,1.001228000,0.000000000,0.000000000,0.000000000,1.000000000
1403715415.402143002,0.494815000,1.976289000,1.000718000,0.000000000,0.000000000,0.000000000,1.000000000
1403715415.407143354,0.494670000,1.975862000,1.000222000,0.000000000,0.000000000,0.000000000,1.000000000
1403715415.412143230,0.494529000,1.975446000,0.999718000,0.000000000,0.000000000,0.000000000,1.000000000
1403715415.417143106,0.494391000,1.975033000,0.999226000,0.000000000,0.000000000,0.000000000,1.000000000
1403715415.422142982,0.494252000,1.974621000,0.998745000,0.000000000,0.000000000,0.000000000,1.000000000
1403715415.427143335,0.494105000,1.974207000,0.998265000,0.000000000,0.000000000,0.000000000,1.000000000
1403715415.432142973,0.493948000,1.973782000,0.997774000,0.000000000,0.000000000,0.000000000,1.000000000
1403715415.437143087,0.493785000,1.973345000,0.997284000,0.000000000,0.000000000,0.000000000,1.000000000
1403715415.442142963,0.493619000,1.972914000,0.996813000,0.000000000,0.000000000,0.000000000,1.000000000
1403715415.447143316,0.493454000,1.972502000,0.996359000,0.000000000,0.000000000,0.000000000,1.000000000
1403715415.452142954,0.493293000,1.972100000,0.995924000,0.000000000,0.000000000,0.000000000,1.000000000
1403715415.457143068,0.493125000,1.971700000,0.995514000,0.000000000,0.000000000,0.000000000,1.000000000
1403715415.462142944,0.492957000,1.971294000,0.995135000,0.000000000,0.000000000,0.000000000,1.000000000
1403715415.467143297,0.492786000,1.970885000,0.994788000,0.000000000,0.000000000,0.000000000,1.000000000
1403715415.472142935,0.492617000,1.970479000,0.994464000,0.000000000,0.000000000,0.000000000,1.000000000
1403715415.477143049,0.492450000,1.970081000,0.994153000,0.000000000,0.000000000,0.000000000,1.000000000
1403715415.482143164,0.492291000,1.969686000,0.993851000,0.000000000,0.000000000,0.000000000,1.000000000
1403715415.487143040,0.492144000,1.969294000,0.993580000,0.000000000,0.000000000,0.000000000,1.000000000
1403715415.492142916,0.492004000,1.968903000,0.993335000,0.000000000,0.000000000,0.000000000,1.000000000
1403715415.497143030,0.491862000,1.968513000,0.993089000,0.000000000,0.000000000,0.000000000,1.000000000
1403715415.502143145,0.491722000,1.968129000,0.992845000,0.000000000,0.000000000,0.000000000,1.000000000
1403715415.507143021,0.491575000,1.967759000,0.992585000,0.000000000,0.000000000,0.000000000,1.000000000
1403715415.512142897,0.491441000,1.967397000,0.992340000,0.000000000,0.000000000,0.000000000,1.000000000
1403715415.517143011,0.491315000,1.967043000,0.992083000,0.000000000,0.000000000,0.000000000,1.000000000
1403715415.522143126,0.491193000,1.966694000,0.991815000,0.000000000,0.000000000,0.000000000,1.000000000
1403715415.527143002,0.491071000,1.966346000,0.991542000,0.000000000,0.000000000,0.000000000,1.000000000
1403715415.532143116,0.490945000,1.966003000,0.991266000,0.000000000,0.000000000,0.000000000,1.000000000
1403715415.537143230,0.490818000,1.965689000,0.990987000,0.000000000,0.000000000,0.000000000,1.000000000
1403715415.542143345,0.490693000,1.965407000,0.990706000,0.000000000,0.000000000,0.000000000,1.000000000
1403715415.547142982,0.490581000,1.965139000,0.990438000,0.000000000,0.000000000,0.000000000,1.000000000
1403715415.552143097,0.490479000,1.964882000,0.990189000,0.000000000,0.000000000,0.000000000,1.000000000
1403715415.557143211,0.490367000,1.964640000,0.989914000,0.000000000,0.000000000,0.000000000,1.000000000
1403715415.562143087,0.490261000,1.964392000,0.989660000,0.000000000,0.000000000,0.000000000,1.000000000
1403715415.567142963,0.490157000,1.964148000,0.989398000,0.000000000,0.000000000,0.000000000,1.000000000
1403715415.572143078,0.490057000,1.963911000,0.989112000,0.000000000,0.000000000,0.000000000,1.000000000
1403715415.577143192,0.489965000,1.963691000,0.988807000,0.000000000,0.000000000,0.000000000,1.000000000
1403715415.582143068,0.489871000,1.963484000,0.988487000,0.000000000,0.000000000,0.000000000,1.000000000
1403715415.587142944,0.489780000,1.963287000,0.988161000,0.000000000,0.000000000,0.000000000,1.000000000
1403715415.592143297,0.489698000,1.963100000,0.987826000,0.000000000,0.000000000,0.000000000,1.000000000
1403715415.597143173,0.489612000,1.962917000,0.987465000,0.000000000,0.000000000,0.000000000,1.000000000
1403715415.602143049,0.489515000,1.962737000,0.987063000,0.000000000,0.000000000,0.000000000,1.000000000
1403715415.607142925,0.489398000,1.962575000,0.986578000,0.000000000,0.000000000,0.000000000,1.000000000
1403715415.612143278,0.489294000,1.962410000,0.986104000,0.000000000,0.000000000,0.000000000,1.000000000
1403715415.617143154,0.489182000,1.962252000,0.985599000,0.000000000,0.000000000,0.000000000,1.000000000
1403715415.622143030,0.489069000,1.962107000,0.985067000,0.000000000,0.000000000,0.000000000,1.000000000
1403715415.627142906,0.488964000,1.961980000,0.984519000,0.000000000,0.000000000,0.000000000,1.000000000
1403715415.632143259,0.488862000,1.961867000,0.983947000,0.000000000,0.000000000,0.000000000,1.000000000
1403715415.637142897,0.488768000,1.961772000,0.983361000,0.000000000,0.000000000,0.000000000,1.000000000
1403715415.642143011,0.488669000,1.961688000,0.982761000,0.000000000,0.000000000,0.000000000,1.000000000
1403715415.647142887,0.488550000,1.961603000,0.982133000,0.000000000,0.000000000,0.000000000,1.000000000
1403715415.652143240,0.488417000,1.961510000,0.981473000,0.000000000,0.000000000,0.000000000,1.000000000
1403715415.657143116,0.488272000,1.961442000,0.980733000,0.000000000,0.000000000,0.000000000,1.000000000
1403715415.662142992,0.488147000,1.961379000,0.980002000,0.000000000,0.000000000,0.000000000,1.000000000
1403715415.667143345,0.488036000,1.961339000,0.979236000,0.000000000,0.000000000,0.000000000,1.000000000
1403715415.672143221,0.487931000,1.961314000,0.978431000,0.000000000,0.000000000,0.000000000,1.000000000
1403715415.677143097,0.487825000,1.961298000,0.977596000,0.000000000,0.000000000,0.000000000,1.000000000
1403715415.682142973,0.487711000,1.961279000,0.976728000,0.000000000,0.000000000,0.000000000,1.000000000
1403715415.687143326,0.487597000,1.961261000,0.975827000,0.000000000,0.000000000,0.000000000,1.000000000
1403715415.692142963,0.487487000,1.961256000,0.974905000,0.000000000,0.000000000,0.000000000,1.000000000
1403715415.697143078,0.487383000,1.961272000,0.973965000,0.000000000,0.000000000,0.000000000,1.000000000
1403715415.702142954,0.487287000,1.961308000,0.973010000,0.000000000,0.000000000,0.000000000,1.000000000
1403715415.707143307,0.487192000,1.961383000,0.971992000,0.000000000,0.000000000,0.000000000,1.000000000
1403715415.712142944,0.487110000,1.961424000,0.971007000,0.000000000,0.000000000,0.000000000,1.000000000
1403715415.717143059,0.487027000,1.961444000,0.970039000,0.000000000,0.000000000,0.000000000,1.000000000
1403715415.722143173,0.486943000,1.961432000,0.969144000,0.000000000,0.000000000,0.000000000,1.000000000
1403715415.727143288,0.486874000,1.961403000,0.968392000,0.000000000,0.000000000,0.000000000,1.000000000
1403715415.732142925,0.486834000,1.961368000,0.967816000,0.000000000,0.000000000,0.000000000,1.000000000
1403715415.737143040,0.486825000,1.961328000,0.967417000,0.000000000,0.000000000,0.000000000,1.000000000
1403715415.742143154,0.486837000,1.961282000,0.967194000,0.000000000,0.000000000,0.000000000,1.000000000
1403715415.747143030,0.486858000,1.961231000,0.967137000,0.000000000,0.000000000,0.000000000,1.000000000
1403715415.752142906,0.486878000,1.961174000,0.967204000,0.000000000,0.000000000,0.000000000,1.000000000
1403715415.757143021,0.486882000,1.961158000,0.967302000,0.000000000,0.000000000,0.000000000,1.000000000
1403715415.762143135,0.486889000,1.961123000,0.967477000,0.000000000,0.000000000,0.000000000,1.000000000
1403715415.767143011,0.486900000,1.961116000,0.967692000,0.000000000,0.000000000,0.000000000,1.000000000
1403715415.772142887,0.486921000,1.961138000,0.967942000,0.000000000,0.000000000,0.000000000,1.000000000
1403715415.777143240,0.486952000,1.961181000,0.968222000,0.000000000,0.000000000,0.000000000,1.000000000
1403715415.782143354,0.486991000,1.961238000,0.968538000,0.000000000,0.000000000,0.000000000,1.000000000
1403715415.787142992,0.487034000,1.961298000,0.968894000,0.000000000,0.000000000,0.000000000,1.000000000
1403715415.792143106,0.487078000,1.961353000,0.969294000,0.000000000,0.000000000,0.000000000,1.000000000
1403715415.797143221,0.487125000,1.961412000,0.969732000,0.000000000,0.000000000,0.000000000,1.000000000
1403715415.802143097,0.487177000,1.961473000,0.970190000,0.000000000,0.000000000,0.000000000,1.000000000
1403715415.807142973,0.487224000,1.961568000,0.970589000,0.000000000,0.000000000,0.000000000,1.000000000
1403715415.812143087,0.487281000,1.961636000,0.971016000,0.000000000,0.000000000,0.000000000,1.000000000
1403715415.817143202,0.487338000,1.961717000,0.971409000,0.000000000,0.000000000,0.000000000,1.000000000
1403715415.822143078,0.487389000,1.961811000,0.971752000,0.000000000,0.000000000,0.000000000,1.000000000
1403715415.827142954,0.487435000,1.961913000,0.972039000,0.000000000,0.000000000,0.000000000,1.000000000
1403715415.832143307,0.487480000,1.962027000,0.972290000,0.000000000,0.000000000,0.000000000,1.000000000
1403715415.837143183,0.487524000,1.962149000,0.972515000,0.000000000,0.000000000,0.000000000,1.000000000
1403715415.842143059,0.487574000,1.962282000,0.972718000,0.000000000,0.000000000,0.000000000,1.000000000
1403715415.847142935,0.487633000,1.962434000,0.972911000,0.000000000,0.000000000,0.000000000,1.000000000
1403715415.852143288,0.487697000,1.962596000,0.973086000,0.000000000,0.000000000,0.000000000,1.000000000
1403715415.857143164,0.487757000,1.962799000,0.973187000,0.000000000,0.000000000,0.000000000,1.000000000
1403715415.862143040,0.487837000,1.962984000,0.973308000,0.000000000,0.000000000,0.000000000,1.000000000
1403715415.867142916,0.487920000,1.963177000,0.973399000,0.000000000,0.000000000,0.000000000,1.000000000
1403715415.872143269,0.488001000,1.963379000,0.973459000,0.000000000,0.000000000,0.000000000,1.000000000
1403715415.877142906,0.488083000,1.963589000,0.973490000,0.000000000,0.000000000,0.000000000,1.000000000
1403715415.882143021,0.488174000,1.963811000,0.973499000,0.000000000,0.000000000,0.000000000,1.000000000
1403715415.887142897,0.488273000,1.964045000,0.973501000,0.000000000,0.000000000,0.000000000,1.000000000
1403715415.892143250,0.488377000,1.964282000,0.973492000,0.000000000,0.000000000,0.000000000,1.000000000
1403715415.897142887,0.488489000,1.964524000,0.973467000,0.000000000,0.000000000,0.000000000,1.000000000
1403715415.902143002,0.488603000,1.964774000,0.973425000,0.000000000,0.000000000,0.000000000,1.000000000
1403715415.907143354,0.488707000,1.965054000,0.973292000,0.000000000,0.000000000,0.000000000,1.000000000
1403715415.912143230,0.488815000,1.965313000,0.973174000,0.000000000,0.000000000,0.000000000,1.000000000
1403715415.917143106,0.488922000,1.965577000,0.973031000,0.000000000,0.000000000,0.000000000,1.000000000
1403715415.922142982,0.489032000,1.965850000,0.972868000,0.000000000,0.000000000,0.000000000,1.000000000
1403715415.927143335,0.489145000,1.966139000,0.972687000,0.000000000,0.000000000,0.000000000,1.000000000
1403715415.932142973,0.489249000,1.966436000,0.972485000,0.000000000,0.000000000,0.000000000,1.000000000
1403715415.937143087,0.489349000,1.966736000,0.972252000,0.000000000,0.000000000,0.000000000,1.000000000
1403715415.942142963,0.489444000,1.967044000,0.972004000,0.000000000,0.000000000,0.000000000,1.000000000
1403715415.947143316,0.489534000,1.967355000,0.971752000,0.000000000,0.000000000,0.000000000,1.000000000
1403715415.952142954,0.489620000,1.967657000,0.971494000,0.000000000,0.000000000,0.000000000,1.000000000
1403715415.957143068,0.489698000,1.967971000,0.971194000,0.000000000,0.000000000,0.000000000,1.000000000
1403715415.962142944,0.489773000,1.968239000,0.970948000,0.000000000,0.000000000,0.000000000,1.000000000
1403715415.967143297,0.489833000,1.968469000,0.970720000,0.000000000,0.000000000,0.000000000,1.000000000
1403715415.972142935,0.489880000,1.968658000,0.970511000,0.000000000,0.000000000,0.000000000,1.000000000
1403715415.977143049,0.489916000,1.968801000,0.970330000,0.000000000,0.000000000,0.000000000,1.000000000
1403715415.982143164,0.489945000,1.968904000,0.970184000,0.000000000,0.000000000,0.000000000,1.000000000
1403715415.987143040,0.489964000,1.968972000,0.970079000,0.000000000,0.000000000,0.000000000,1.000000000
1403715415.992142916,0.489970000,1.968998000,0.970001000,0.000000000,0.000000000,0.000000000,1.000000000
1403715415.997143030,0.489964000,1.968991000,0.969952000,0.000000000,0.000000000,0.000000000,1.000000000
1403715416.002143145,0.489944000,1.968958000,0.969931000,0.000000000,0.000000000,0.000000000,1.000000000
1403715416.007143021,0.489913000,1.968916000,0.969886000,0.000000000,0.000000000,0.000000000,1.000000000
1403715416.012142897,0.489868000,1.968853000,0.969912000,0.000000000,0.000000000,0.000000000,1.000000000
1403715416.017143011,0.489812000,1.968775000,0.969953000,0.000000000,0.000000000,0.000000000,1.000000000
1403715416.022143126,0.489751000,1.968682000,0.970010000,0.000000000,0.000000000,0.000000000,1.000000000
1403715416.027143002,0.489686000,1.968581000,0.970088000,0.000000000,0.000000000,0.000000000,1.000000000
1403715416.032143116,0.489621000,1.968482000,0.970189000,0.000000000,0.000000000,0.000000000,1.000000000
1403715416.037143230,0.489558000,1.968388000,0.970311000,0.000000000,0.000000000,0.000000000,1.000000000
1403715416.042143345,0.489499000,1.968297000,0.970452000,0.000000000,0.000000000,0.000000000,1.000000000
1403715416.047142982,0.489445000,1.968207000,0.970606000,0.000000000,0.000000000,0.000000000,1.000000000
1403715416.052143097,0.489397000,1.968120000,0.970756000,0.000000000,0.000000000,0.000000000,1.000000000
1403715416.057143211,0.489359000,1.968051000,0.970855000,0.000000000,0.000000000,0.000000000,1.000000000
1403715416.062143087,0.489330000,1.967985000,0.970974000,0.000000000,0.000000000,0.000000000,1.000000000
1403715416.067142963,0.489307000,1.967930000,0.971082000,0.000000000,0.000000000,0.000000000,1.000000000
1403715416.072143078,0.489298000,1.967885000,0.971184000,0.000000000,0.000000000,0.000000000,1.000000000
1403715416.077143192,0.489308000,1.967850000,0.971284000,0.000000000,0.000000000,0.000000000,1.000000000
1403715416.082143068,0.489330000,1.967829000,0.971376000,0.000000000,0.000000000,0.000000000,1.000000000
1403715416.087142944,0.489354000,1.967819000,0.971454000,0.000000000,0.000000000,0.000000000,1.000000000
1403715416.092143297,0.489377000,1.967819000,0.971506000,0.000000000,0.000000000,0.000000000,1.000000000
1403715416.097143173,0.489405000,1.967831000,0.971534000,0.000000000,0.000000000,0.000000000,1.000000000
1403715416.102143049,0.489433000,1.967853000,0.971546000,0.000000000,0.000000000,0.000000000,1.000000000
1403715416.107142925,0.489458000,1.967879000,0.971507000,0.000000000,0.000000000,0.000000000,1.000000000
1403715416.112143278,0.489484000,1.967899000,0.971477000,0.000000000,0.000000000,0.000000000,1.000000000
1403715416.117143154,0.489509000,1.967923000,0.971438000,0.000000000,0.000000000,0.000000000,1.000000000
1403715416.122143030,0.489532000,1.967948000,0.971387000,0.000000000,0.000000000,0.000000000,1.000000000
1403715416.127142906,0.489557000,1.967970000,0.971330000,0.000000000,0.000000000,0.000000000,1.000000000
1403715416.132143259,0.489589000,1.967987000,0.971276000,0.000000000,0.000000000,0.000000000,1.000000000
1403715416.137142897,0.489620000,1.968000000,0.971227000,0.000000000,0.000000000,0.000000000,1.000000000
1403715416.142143011,0.489650000,1.968014000,0.971182000,0.000000000,0.000000000,0.000000000,1.000000000
1403715416.147142887,0.489679000,1.968025000,0.971128000,0.000000000,0.000000000,0.000000000,1.000000000
1403715416.152143240,0.489703000,1.968031000,0.971065000,0.000000000,0.000000000,0.000000000,1.000000000
1403715416.157143116,0.489733000,1.968035000,0.970974000,0.000000000,0.000000000,0.000000000,1.000000000
1403715416.162142992,0.489755000,1.968039000,0.970913000,0.000000000,0.000000000,0.000000000,1.000000000
1403715416.167143345,0.489774000,1.968038000,0.970858000,0.000000000,0.000000000,0.000000000,1.000000000
1403715416.172143221,0.489797000,1.968036000,0.970812000,0.000000000,0.000000000,0.000000000,1.000000000
1403715416.177143097,0.489814000,1.968034000,0.970775000,0.000000000,0.000000000,0.000000000,1.000000000
1403715416.182142973,0.489818000,1.968027000,0.970745000,0.000000000,0.000000000,0.000000000,1.000000000
1403715416.187143326,0.489816000,1.968008000,0.970724000,0.000000000,0.000000000,0.000000000,1.000000000
1403715416.192142963,0.489813000,1.967983000,0.970704000,0.000000000,0.000000000,0.000000000,1.000000000
1403715416.197143078,0.489810000,1.967960000,0.970690000,0.000000000,0.000000000,0.000000000,1.000000000
1403715416.202142954,0.489805000,1.967936000,0.970679000,0.000000000,0.000000000,0.000000000,1.000000000
1403715416.207143307,0.489802000,1.967910000,0.970643000,0.000000000,0.000000000,0.000000000,1.000000000
1403715416.212142944,0.489799000,1.967900000,0.970613000,0.000000000,0.000000000,0.000000000,1.000000000
1403715416.217143059,0.489802000,1.967902000,0.970570000,0.000000000,0.000000000,0.000000000,1.000000000
1403715416.222143173,0.489818000,1.967919000,0.970515000,0.000000000,0.000000000,0.000000000,1.000000000
1403715416.227143288,0.489845000,1.967961000,0.970461000,0.000000000,0.000000000,0.000000000,1.000000000
1403715416.232142925,0.489869000,1.968014000,0.970403000,0.000000000,0.000000000,0.000000000,1.000000000
1403715416.237143040,0.489876000,1.968066000,0.970330000,0.000000000,0.000000000,0.000000000,1.000000000
1403715416.242143154,0.489872000,1.968115000,0.970246000,0.000000000,0.000000000,0.000000000,1.000000000
1403715416.247143030,0.489867000,1.968168000,0.970158000,0.000000000,0.000000000,0.000000000,1.000000000
1403715416.252142906,0.489871000,1.968237000,0.970079000,0.000000000,0.000000000,0.000000000,1.000000000
1403715416.257143021,0.489895000,1.968317000,0.970000000,0.000000000,0.000000000,0.000000000,1.000000000
1403715416.262143135,0.489909000,1.968396000,0.969933000,0.000000000,0.000000000,0.000000000,1.000000000
1403715416.267143011,0.489924000,1.968470000,0.969869000,0.000000000,0.000000000,0.000000000,1.000000000
1403715416.272142887,0.489934000,1.968537000,0.969819000,0.000000000,0.000000000,0.000000000,1.000000000
1403715416.277143240,0.489930000,1.968585000,0.969770000,0.000000000,0.000000000,0.000000000,1.000000000
1403715416.282143354,0.489914000,1.968616000,0.969716000,0.000000000,0.000000000,0.000000000,1.000000000
1403715416.287142992,0.489895000,1.968639000,0.969662000,0.000000000,0.000000000,0.000000000,1.000000000
1403715416.292143106,0.489878000,1.968659000,0.969615000,0.000000000,0.000000000,0.000000000,1.000000000
1403715416.297143221,0.489867000,1.968675000,0.969579000,0.000000000,0.000000000,0.000000000,1.000000000
1403715416.302143097,0.489858000,1.968685000,0.969547000,0.000000000,0.000000000,0.000000000,1.000000000
1403715416.307142973,0.489859000,1.968674000,0.969516000,0.000000000,0.000000000,0.000000000,1.000000000
1403715416.312143087,0.489847000,1.968652000,0.969488000,0.000000000,0.000000000,0.000000000,1.000000000
1403715416.317143202,0.489835000,1.968619000,0.969460000,0.000000000,0.000000000,0.000000000,1.000000000
1403715416.322143078,0.489830000,1.968583000,0.969436000,0.000000000,0.000000000,0.000000000,1.000000000
1403715416.327142954,0.489831000,1.968547000,0.969419000,0.000000000,0.000000000,0.000000000,1.000000000
1403715416.332143307,0.489835000,1.968508000,0.969408000,0.000000000,0.000000000,0.000000000,1.000000000
1403715416.337143183,0.489839000,1.968468000,0.969398000,0.000000000,0.000000000,0.000000000,1.000000000
1403715416.342143059,0.489849000,1.968425000,0.969383000,0.000000000,0.000000000,0.000000000,1.000000000
1403715416.347142935,0.489868000,1.968380000,0.969365000,0.000000000,0.000000000,0.000000000,1.000000000
1403715416.352143288,0.489887000,1.968334000,0.969350000,0.000000000,0.000000000,0.000000000,1.000000000
1403715416.357143164,0.489914000,1.968279000,0.969338000,0.000000000,0.000000000,0.000000000,1.000000000
1403715416.362143040,0.489927000,1.968224000,0.969323000,0.000000000,0.000000000,0.000000000,1.000000000
1403715416.367142916,0.489942000,1.968170000,0.969301000,0.000000000,0.000000000,0.000000000,1.000000000
1403715416.372143269,0.489965000,1.968121000,0.969271000,0.000000000,0.000000000,0.000000000,1.000000000
1403715416.377142906,0.489990000,1.968077000,0.969250000,0.000000000,0.000000000,0.000000000,1.000000000
1403715416.382143021,0.490010000,1.968032000,0.969247000,0.000000000,0.000000000,0.000000000,1.000000000
1403715416.387142897,0.490024000,1.967983000,0.969255000,0.000000000,0.000000000,0.000000000,1.000000000
1403715416.392143250,0.490032000,1.967929000,0.969269000,0.000000000,0.000000000,0.000000000,1.000000000
1403715416.397142887,0.490038000,1.967873000,0.969290000,0.000000000,0.000000000,0.000000000,1.000000000
1403715416.402143002,0.490042000,1.967821000,0.969319000,0.000000000,0.000000000,0.000000000,1.000000000
1403715416.407143354,0.490058000,1.967771000,0.969350000,0.000000000,0.000000000,0.000000000,1.000000000
1403715416.412143230,0.490064000,1.967738000,0.969361000,0.000000000,0.000000000,0.000000000,1.000000000
1403715416.417143106,0.490068000,1.967710000,0.969362000,0.000000000,0.000000000,0.000000000,1.000000000
1403715416.422142982,0.490069000,1.967683000,0.969353000,0.000000000,0.000000000,0.000000000,1.000000000
1403715416.427143335,0.490066000,1.967655000,0.969339000,0.000000000,0.000000000,0.000000000,1.000000000
1403715416.432142973,0.490064000,1.967633000,0.969318000,0.000000000,0.000000000,0.000000000,1.000000000
1403715416.437143087,0.490068000,1.967618000,0.969290000,0.000000000,0.000000000,0.000000000,1.000000000
1403715416.442142963,0.490078000,1.967609000,0.969264000,0.000000000,0.000000000,0.000000000,1.000000000
1403715416.447143316,0.490090000,1.967610000,0.969234000,0.000000000,0.000000000,0.000000000,1.000000000
1403715416.452142954,0.490098000,1.967622000,0.969196000,0.000000000,0.000000000,0.000000000,1.000000000
1403715416.457143068,0.490114000,1.967633000,0.969156000,0.000000000,0.000000000,0.000000000,1.000000000
1403715416.462142944,0.490125000,1.967665000,0.969105000,0.000000000,0.000000000,0.000000000,1.000000000
1403715416.467143297,0.490135000,1.967696000,0.969057000,0.000000000,0.000000000,0.000000000,1.000000000
1403715416.472142935,0.490141000,1.967729000,0.969002000,0.000000000,0.000000000,0.000000000,1.000000000
1403715416.477143049,0.490145000,1.967766000,0.968944000,0.000000000,0.000000000,0.000000000,1.000000000
1403715416.482143164,0.490146000,1.967809000,0.968892000,0.000000000,0.000000000,0.000000000,1.000000000
1403715416.487143040,0.490149000,1.967860000,0.968837000,0.000000000,0.000000000,0.000000000,1.000000000
1403715416.492142916,0.490151000,1.967911000,0.968786000,0.000000000,0.000000000,0.000000000,1.000000000
1403715416.497143030,0.490150000,1.967959000,0.968746000,0.000000000,0.000000000,0.000000000,1.000000000
1403715416.502143145,0.490141000,1.967999000,0.968717000,0.000000000,0.000000000,0.000000000,1.000000000
1403715416.507143021,0.490134000,1.968012000,0.968718000,0.000000000,0.000000000,0.000000000,1.000000000
1403715416.512142897,0.490127000,1.968044000,0.968713000,0.000000000,0.000000000,0.000000000,1.000000000
1403715416.517143011,0.490128000,1.968083000,0.968704000,0.000000000,0.000000000,0.000000000,1.000000000
1403715416.522143126,0.490132000,1.968125000,0.968699000,0.000000000,0.000000000,0.000000000,1.000000000
1403715416.527143002,0.490135000,1.968161000,0.968691000,0.000000000,0.000000000,0.000000000,1.000000000
1403715416.532143116,0.490127000,1.968181000,0.968689000,0.000000000,0.000000000,0.000000000,1.000000000
1403715416.537143230,0.490108000,1.968184000,0.968688000,0.000000000,0.000000000,0.000000000,1.000000000
1403715416.542143345,0.490083000,1.968174000,0.968674000,0.000000000,0.000000000,0.000000000,1.000000000
1403715416.547142982,0.490055000,1.968153000,0.968665000,0.000000000,0.000000000,0.000000000,1.000000000
1403715416.552143097,0.490031000,1.968132000,0.968654000,0.000000000,0.000000000,0.000000000,1.000000000
1403715416.557143211,0.490017000,1.968085000,0.968636000,0.000000000,0.000000000,0.000000000,1.000000000
1403715416.562143087,0.490004000,1.968055000,0.968623000,0.000000000,0.000000000,0.000000000,1.000000000
1403715416.567142963,0.489999000,1.968028000,0.968603000,0.000000000,0.000000000,0.000000000,1.000000000
1403715416.572143078,0.490000000,1.968004000,0.968584000,0.000000000,0.000000000,0.000000000,1.000000000
1403715416.577143192,0.490006000,1.967979000,0.968573000,0.000000000,0.000000000,0.000000000,1.000000000
1403715416.582143068,0.490012000,1.967951000,0.968554000,0.000000000,0.000000000,0.000000000,1.000000000
1403715416.587142944,0.490015000,1.967916000,0.968536000,0.000000000,0.000000000,0.000000000,1.000000000
1403715416.592143297,0.490017000,1.967876000,0.968524000,0.000000000,0.000000000,0.000000000,1.000000000
1403715416.597143173,0.490018000,1.967836000,0.968499000,0.000000000,0.000000000,0.000000000,1.000000000
1403715416.602143049,0.490017000,1.967797000,0.968475000,0.000000000,0.000000000,0.000000000,1.000000000
1403715416.607142925,0.490013000,1.967735000,0.968466000,0.000000000,0.000000000,0.000000000,1.000000000
1403715416.612143278,0.490012000,1.967703000,0.968445000,0.000000000,0.000000000,0.000000000,1.000000000
1403715416.617143154,0.490016000,1.967678000,0.968426000,0.000000000,0.000000000,0.000000000,1.000000000
1403715416.622143030,0.490024000,1.967659000,0.968405000,0.000000000,0.000000000,0.000000000,1.000000000
1403715416.627142906,0.490033000,1.967647000,0.968377000,0.000000000,0.000000000,0.000000000,1.000000000
1403715416.632143259,0.490041000,1.967636000,0.968355000,0.000000000,0.000000000,0.000000000,1.000000000
1403715416.637142897,0.490048000,1.967627000,0.968338000,0.000000000,0.000000000,0.000000000,1.000000000
1403715416.642143011,0.490054000,1.967621000,0.968313000,0.000000000,0.000000000,0.000000000,1.000000000
1403715416.647142887,0.490058000,1.967615000,0.968291000,0.000000000,0.000000000,0.000000000,1.000000000
1403715416.652143240,0.490058000,1.967611000,0.968276000,0.000000000,0.000000000,0.000000000,1.000000000
1403715416.657143116,0.490052000,1.967584000,0.968261000,0.000000000,0.000000000,0.000000000,1.000000000
1403715416.662142992,0.490047000,1.967588000,0.968244000,0.000000000,0.000000000,0.000000000,1.000000000
1403715416.667143345,0.490039000,1.967597000,0.968231000,0.000000000,0.000000000,0.000000000,1.000000000
1403715416.672143221,0.490030000,1.967613000,0.968210000,0.000000000,0.000000000,0.000000000,1.000000000
1403715416.677143097,0.490019000,1.967629000,0.968181000,0.000000000,0.000000000,0.000000000,1.000000000
1403715416.682142973,0.490007000,1.967647000,0.968155000,0.000000000,0.000000000,0.000000000,1.000000000
1403715416.687143326,0.489994000,1.967669000,0.968127000,0.000000000,0.000000000,0.000000000,1.000000000
1403715416.692142963,0.489981000,1.967693000,0.968095000,0.000000000,0.000000000,0.000000000,1.000000000
1403715416.697143078,0.489966000,1.967715000,0.968070000,0.000000000,0.000000000,0.000000000,1.000000000
1403715416.702142954,0.489949000,1.967738000,0.968051000,0.000000000,0.000000000,0.000000000,1.000000000
1403715416.707143307,0.489924000,1.967735000,0.968029000,0.000000000,0.000000000,0.000000000,1.000000000
1403715416.712142944,0.489906000,1.967755000,0.968009000,0.000000000,0.000000000,0.000000000,1.000000000
1403715416.717143059,0.489888000,1.967775000,0.967996000,0.000000000,0.000000000,0.000000000,1.000000000
1403715416.722143173,0.489872000,1.967800000,0.967979000,0.000000000,0.000000000,0.000000000,1.000000000
1403715416.727143288,0.489858000,1.967830000,0.967958000,0.000000000,0.000000000,0.000000000,1.000000000
1403715416.732142925,0.489842000,1.967861000,0.967945000,0.000000000,0.000000000,0.000000000,1.000000000
1403715416.737143040,0.489822000,1.967892000,0.967932000,0.000000000,0.000000000,0.000000000,1.000000000
1403715416.742143154,0.489803000,1.967923000,0.967908000,0.000000000,0.000000000,0.000000000,1.000000000
1403715416.747143030,0.489784000,1.967953000,0.967883000,0.000000000,0.000000000,0.000000000,1.000000000
1403715416.752142906,0.489762000,1.967980000,0.967868000,0.000000000,0.000000000,0.000000000,1.000000000
1403715416.757143021,0.489726000,1.967977000,0.967846000,0.000000000,0.000000000,0.000000000,1.000000000
1403715416.762143135,0.489704000,1.967997000,0.967821000,0.000000000,0.000000000,0.000000000,1.000000000
1403715416.767143011,0.489684000,1.968014000,0.967801000,0.000000000,0.000000000,0.000000000,1.000000000
1403715416.772142887,0.489665000,1.968028000,0.967788000,0.000000000,0.000000000,0.000000000,1.000000000
1403715416.777143240,0.489649000,1.968042000,0.967771000,0.000000000,0.000000000,0.000000000,1.000000000
1403715416.782143354,0.489639000,1.968055000,0.967750000,0.000000000,0.000000000,0.000000000,1.000000000
1403715416.787142992,0.489630000,1.968065000,0.967741000,0.000000000,0.000000000,0.000000000,1.000000000
1403715416.792143106,0.489620000,1.968073000,0.967736000,0.000000000,0.000000000,0.000000000,1.000000000
1403715416.797143221,0.489612000,1.968084000,0.967724000,0.000000000,0.000000000,0.000000000,1.000000000
1403715416.802143097,0.489609000,1.968099000,0.967713000,0.000000000,0.000000000,0.000000000,1.000000000
1403715416.807142973,0.489590000,1.968086000,0.967707000,0.000000000,0.000000000,0.000000000,1.000000000
1403715416.812143087,0.489584000,1.968091000,0.967709000,0.000000000,0.000000000,0.000000000,1.000000000
1403715416.817143202,0.489584000,1.968094000,0.967702000,0.000000000,0.000000000,0.000000000,1.000000000
1403715416.822143078,0.489588000,1.968098000,0.967693000,0.000000000,0.000000000,0.000000000,1.000000000
1403715416.827142954,0.489592000,1.968099000,0.967689000,0.000000000,0.000000000,0.000000000,1.000000000
1403715416.832143307,0.489596000,1.968096000,0.967685000,0.000000000,0.000000000,0.000000000,1.000000000
1403715416.837143183,0.489610000,1.968093000,0.967674000,0.000000000,0.000000000,0.000000000,1.000000000
1403715416.842143059,0.489631000,1.968091000,0.967662000,0.000000000,0.000000000,0.000000000,1.000000000
1403715416.847142935,0.489648000,1.968082000,0.967655000,0.000000000,0.000000000,0.000000000,1.000000000
1403715416.852143288,0.489662000,1.968069000,0.967647000,0.000000000,0.000000000,0.000000000,1.000000000
1403715416.857143164,0.489663000,1.968031000,0.967621000,0.000000000,0.000000000,0.000000000,1.000000000
1403715416.862143040,0.489683000,1.968016000,0.967600000,0.000000000,0.000000000,0.000000000,1.000000000
1403715416.867142916,0.489697000,1.967997000,0.967583000,0.000000000,0.000000000,0.000000000,1.000000000
1403715416.872143269,0.489705000,1.967974000,0.967572000,0.000000000,0.000000000,0.000000000,1.000000000
1403715416.877142906,0.489716000,1.967957000,0.967558000,0.000000000,0.000000000,0.000000000,1.000000000
1403715416.882143021,0.489728000,1.967944000,0.967541000,0.000000000,0.000000000,0.000000000,1.000000000
1403715416.887142897,0.489732000,1.967927000,0.967530000,0.000000000,0.000000000,0.000000000,1.000000000
1403715416.892143250,0.489730000,1.967912000,0.967529000,0.000000000,0.000000000,0.000000000,1.000000000
1403715416.897142887,0.489731000,1.967904000,0.967527000,0.000000000,0.000000000,0.000000000,1.000000000
1403715416.902143002,0.489735000,1.967902000,0.967521000,0.000000000,0.000000000,0.000000000,1.000000000
1403715416.907143354,0.489713000,1.967880000,0.967509000,0.000000000,0.000000000,0.000000000,1.000000000
1403715416.912143230,0.489702000,1.967875000,0.967518000,0.000000000,0.000000000,0.000000000,1.000000000
1403715416.917143106,0.489691000,1.967877000,0.967530000,0.000000000,0.000000000,0.000000000,1.000000000
1403715416.922142982,0.489684000,1.967886000,0.967536000,0.000000000,0.000000000,0.000000000,1.000000000
1403715416.927143335,0.489676000,1.967896000,0.967537000,0.000000000,0.000000000,0.000000000,1.000000000
1403715416.932142973,0.489664000,1.967908000,0.967541000,0.000000000,0.000000000,0.000000000,1.000000000
1403715416.937143087,0.489653000,1.967925000,0.967549000,0.000000000,0.000000000,0.000000000,1.000000000
1403715416.942142963,0.489645000,1.967950000,0.967551000,0.000000000,0.000000000,0.000000000,1.000000000
1403715416.947143316,0.489639000,1.967977000,0.967542000,0.000000000,0.000000000,0.000000000,1.000000000
1403715416.952142954,0.489633000,1.968005000,0.967531000,0.000000000,0.000000000,0.000000000,1.000000000
1403715416.957143068,0.489608000,1.968017000,0.967509000,0.000000000,0.000000000,0.000000000,1.000000000
1403715416.962142944,0.489598000,1.968045000,0.967504000,0.000000000,0.000000000,0.000000000,1.000000000
1403715416.967143297,0.489589000,1.968074000,0.967496000,0.000000000,0.000000000,0.000000000,1.000000000
1403715416.972142935,0.489583000,1.968103000,0.967482000,0.000000000,0.000000000,0.000000000,1.000000000
1403715416.977143049,0.489578000,1.968133000,0.967468000,0.000000000,0.000000000,0.000000000,1.000000000
1403715416.982143164,0.489572000,1.968163000,0.967458000,0.000000000,0.000000000,0.000000000,1.000000000
1403715416.987143040,0.489566000,1.968193000,0.967450000,0.000000000,0.000000000,0.000000000,1.000000000
1403715416.992142916,0.489562000,1.968221000,0.967437000,0.000000000,0.000000000,0.000000000,1.000000000
1403715416.997143030,0.489561000,1.968249000,0.967420000,0.000000000,0.000000000,0.000000000,1.000000000
1403715417.002143145,0.489560000,1.968274000,0.967407000,0.000000000,0.000000000,0.000000000,1.000000000
1403715417.007143021,0.489539000,1.968284000,0.967384000,0.000000000,0.000000000,0.000000000,1.000000000
1403715417.012142897,0.489535000,1.968299000,0.967379000,0.000000000,0.000000000,0.000000000,1.000000000
1403715417.017143011,0.489532000,1.968311000,0.967369000,0.000000000,0.000000000,0.000000000,1.000000000
1403715417.022143126,0.489533000,1.968320000,0.967357000,0.000000000,0.000000000,0.000000000,1.000000000
1403715417.027143002,0.489535000,1.968325000,0.967348000,0.000000000,0.000000000,0.000000000,1.000000000
1403715417.032143116,0.489535000,1.968325000,0.967345000,0.000000000,0.000000000,0.000000000,1.000000000
1403715417.037143230,0.489535000,1.968318000,0.967347000,0.000000000,0.000000000,0.000000000,1.000000000
1403715417.042143345,0.489538000,1.968307000,0.967345000,0.000000000,0.000000000,0.000000000,1.000000000
1403715417.047142982,0.489546000,1.968297000,0.967340000,0.000000000,0.000000000,0.000000000,1.000000000
1403715417.052143097,0.489558000,1.968288000,0.967336000,0.000000000,0.000000000,0.000000000,1.000000000
1403715417.057143211,0.489551000,1.968269000,0.967314000,0.000000000,0.000000000,0.000000000,1.000000000
1403715417.062143087,0.489559000,1.968254000,0.967315000,0.000000000,0.000000000,0.000000000,1.000000000
1403715417.067142963,0.489570000,1.968239000,0.967310000,0.000000000,0.000000000,0.000000000,1.000000000
1403715417.072143078,0.489583000,1.968223000,0.967299000,0.000000000,0.000000000,0.000000000,1.000000000
1403715417.077143192,0.489601000,1.968208000,0.967289000,0.000000000,0.000000000,0.000000000,1.000000000
1403715417.082143068,0.489619000,1.968193000,0.967278000,0.000000000,0.000000000,0.000000000,1.000000000
1403715417.087142944,0.489635000,1.968174000,0.967273000,0.000000000,0.000000000,0.000000000,1.000000000
1403715417.092143297,0.489649000,1.968151000,0.967271000,0.000000000,0.000000000,0.000000000,1.000000000
1403715417.097143173,0.489664000,1.968129000,0.967268000,0.000000000,0.000000000,0.000000000,1.000000000
1403715417.102143049,0.489682000,1.968108000,0.967267000,0.000000000,0.000000000,0.000000000,1.000000000
1403715417.107142925,0.489683000,1.968084000,0.967243000,0.000000000,0.000000000,0.000000000,1.000000000
1403715417.112143278,0.489695000,1.968065000,0.967245000,0.000000000,0.000000000,0.000000000,1.000000000
1403715417.117143154,0.489704000,1.968043000,0.967250000,0.000000000,0.000000000,0.000000000,1.000000000
1403715417.122143030,0.489709000,1.968023000,0.967253000,0.000000000,0.000000000,0.000000000,1.000000000
1403715417.127142906,0.489716000,1.968007000,0.967253000,0.000000000,0.000000000,0.000000000,1.000000000
1403715417.132143259,0.489725000,1.967998000,0.967249000,0.000000000,0.000000000,0.000000000,1.000000000
1403715417.137142897,0.489732000,1.967992000,0.967246000,0.000000000,0.000000000,0.000000000,1.000000000
1403715417.142143011,0.489736000,1.967985000,0.967251000,0.000000000,0.000000000,0.000000000,1.000000000
1403715417.147142887,0.489736000,1.967979000,0.967258000,0.000000000,0.000000000,0.000000000,1.000000000
1403715417.152143240,0.489736000,1.967975000,0.967262000,0.000000000,0.000000000,0.000000000,1.000000000
1403715417.157143116,0.489724000,1.967972000,0.967241000,0.000000000,0.000000000,0.000000000,1.000000000
1403715417.162142992,0.489731000,1.967980000,0.967238000,0.000000000,0.000000000,0.000000000,1.000000000
1403715417.167143345,0.489736000,1.967991000,0.967237000,0.000000000,0.000000000,0.000000000,1.000000000
1403715417.172143221,0.489736000,1.968002000,0.967242000,0.000000000,0.000000000,0.000000000,1.000000000
1403715417.177143097,0.489732000,1.968011000,0.967247000,0.000000000,0.000000000,0.000000000,1.000000000
1403715417.182142973,0.489727000,1.968022000,0.967250000,0.000000000,0.000000000,0.000000000,1.000000000
1403715417.187143326,0.489726000,1.968038000,0.967250000,0.000000000,0.000000000,0.000000000,1.000000000
1403715417.192142963,0.489728000,1.968059000,0.967247000,0.000000000,0.000000000,0.000000000,1.000000000
1403715417.197143078,0.489730000,1.968081000,0.967245000,0.000000000,0.000000000,0.000000000,1.000000000
1403715417.202142954,0.489730000,1.968102000,0.967249000,0.000000000,0.000000000,0.000000000,1.000000000
1403715417.207143307,0.489707000,1.968118000,0.967233000,0.000000000,0.000000000,0.000000000,1.000000000
1403715417.212142944,0.489700000,1.968134000,0.967234000,0.000000000,0.000000000,0.000000000,1.000000000
1403715417.217143059,0.489698000,1.968152000,0.967230000,0.000000000,0.000000000,0.000000000,1.000000000
1403715417.222143173,0.489702000,1.968175000,0.967225000,0.000000000,0.000000000,0.000000000,1.000000000
1403715417.227143288,0.489708000,1.968199000,0.967221000,0.000000000,0.000000000,0.000000000,1.000000000
1403715417.232142925,0.489711000,1.968219000,0.967222000,0.000000000,0.000000000,0.000000000,1.000000000
1403715417.237143040,0.489709000,1.968236000,0.967227000,0.000000000,0.000000000,0.000000000,1.000000000
1403715417.242143154,0.489705000,1.968250000,0.967232000,0.000000000,0.000000000,0.000000000,1.000000000
1403715417.247143030,0.489704000,1.968264000,0.967235000,0.000000000,0.000000000,0.000000000,1.000000000
1403715417.252142906,0.489708000,1.968280000,0.967234000,0.000000000,0.000000000,0.000000000,1.000000000
1403715417.257143021,0.489699000,1.968303000,0.967211000,0.000000000,0.000000000,0.000000000,1.000000000
1403715417.262143135,0.489703000,1.968320000,0.967210000,0.000000000,0.000000000,0.000000000,1.000000000
1403715417.267143011,0.489702000,1.968333000,0.967215000,0.000000000,0.000000000,0.000000000,1.000000000
1403715417.272142887,0.489699000,1.968341000,0.967222000,0.000000000,0.000000000,0.000000000,1.000000000
1403715417.277143240,0.489697000,1.968348000,0.967229000,0.000000000,0.000000000,0.000000000,1.000000000
1403715417.282143354,0.489701000,1.968358000,0.967233000,0.000000000,0.000000000,0.000000000,1.000000000
1403715417.287142992,0.489710000,1.968370000,0.967234000,0.000000000,0.000000000,0.000000000,1.000000000
1403715417.292143106,0.489717000,1.968379000,0.967234000,0.000000000,0.000000000,0.000000000,1.000000000
1403715417.297143221,0.489720000,1.968384000,0.967238000,0.000000000,0.000000000,0.000000000,1.000000000
1403715417.302143097,0.489721000,1.968384000,0.967248000,0.000000000,0.000000000,0.000000000,1.000000000
1403715417.307142973,0.489703000,1.968385000,0.967237000,0.000000000,0.000000000,0.000000000,1.000000000
1403715417.312143087,0.489704000,1.968381000,0.967241000,0.000000000,0.000000000,0.000000000,1.000000000
1403715417.317143202,0.489712000,1.968381000,0.967241000,0.000000000,0.000000000,0.000000000,1.000000000
1403715417.322143078,0.489723000,1.968382000,0.967238000,0.000000000,0.000000000,0.000000000,1.000000000
1403715417.327142954,0.489733000,1.968379000,0.967236000,0.000000000,0.000000000,0.000000000,1.000000000
1403715417.332143307,0.489741000,1.968372000,0.967237000,0.000000000,0.000000000,0.000000000,1.000000000
1403715417.337143183,0.489747000,1.968360000,0.967242000,0.000000000,0.000000000,0.000000000,1.000000000
1403715417.342143059,0.489752000,1.968346000,0.967248000,0.000000000,0.000000000,0.000000000,1.000000000
1403715417.347142935,0.489760000,1.968333000,0.967249000,0.000000000,0.000000000,0.000000000,1.000000000
1403715417.352143288,0.489773000,1.968321000,0.967247000,0.000000000,0.000000000,0.000000000,1.000000000
1403715417.357143164,0.489770000,1.968320000,0.967220000,0.000000000,0.000000000,0.000000000,1.000000000
1403715417.362143040,0.489781000,1.968312000,0.967213000,0.000000000,0.000000000,0.000000000,1.000000000
1403715417.367142916,0.489790000,1.968304000,0.967210000,0.000000000,0.000000000,0.000000000,1.000000000
1403715417.372143269,0.489794000,1.968295000,0.967213000,0.000000000,0.000000000,0.000000000,1.000000000
1403715417.377142906,0.489797000,1.968286000,0.967216000,0.000000000,0.000000000,0.000000000,1.000000000
1403715417.382143021,0.489801000,1.968281000,0.967216000,0.000000000,0.000000000,0.000000000,1.000000000
1403715417.387142897,0.489809000,1.968280000,0.967213000,0.000000000,0.000000000,0.000000000,1.000000000
1403715417.392143250,0.489817000,1.968282000,0.967208000,0.000000000,0.000000000,0.000000000,1.000000000
1403715417.397142887,0.489822000,1.968284000,0.967205000,0.000000000,0.000000000,0.000000000,1.000000000
1403715417.402143002,0.489824000,1.968286000,0.967206000,0.000000000,0.000000000,0.000000000,1.000000000
1403715417.407143354,0.489802000,1.968295000,0.967187000,0.000000000,0.000000000,0.000000000,1.000000000
1403715417.412143230,0.489793000,1.968297000,0.967189000,0.000000000,0.000000000,0.000000000,1.000000000
1403715417.417143106,0.489788000,1.968303000,0.967189000,0.000000000,0.000000000,0.000000000,1.000000000
1403715417.422142982,0.489785000,1.968313000,0.967185000,0.000000000,0.000000000,0.000000000,1.000000000
1403715417.427143335,0.489783000,1.968326000,0.967178000,0.000000000,0.000000000,0.000000000,1.000000000
1403715417.432142973,0.489781000,1.968343000,0.967171000,0.000000000,0.000000000,0.000000000,1.000000000
1403715417.437143087,0.489777000,1.968360000,0.967170000,0.000000000,0.000000000,0.000000000,1.000000000
1403715417.442142963,0.489768000,1.968375000,0.967171000,0.000000000,0.000000000,0.000000000,1.000000000
1403715417.447143316,0.489757000,1.968389000,0.967171000,0.000000000,0.000000000,0.000000000,1.000000000
1403715417.452142954,0.489747000,1.968404000,0.967171000,0.000000000,0.000000000,0.000000000,1.000000000
1403715417.457143068,0.489724000,1.968432000,0.967147000,0.000000000,0.000000000,0.000000000,1.000000000
1403715417.462142944,0.489715000,1.968451000,0.967136000,0.000000000,0.000000000,0.000000000,1.000000000
1403715417.467143297,0.489706000,1.968470000,0.967124000,0.000000000,0.000000000,0.000000000,1.000000000
1403715417.472142935,0.489697000,1.968489000,0.967116000,0.000000000,0.000000000,0.000000000,1.000000000
1403715417.477143049,0.489686000,1.968505000,0.967114000,0.000000000,0.000000000,0.000000000,1.000000000
1403715417.482143164,0.489674000,1.968516000,0.967114000,0.000000000,0.000000000,0.000000000,1.000000000
1403715417.487143040,0.489661000,1.968525000,0.967111000,0.000000000,0.000000000,0.000000000,1.000000000
1403715417.492142916,0.489651000,1.968531000,0.967108000,0.000000000,0.000000000,0.000000000,1.000000000
1403715417.497143030,0.489643000,1.968535000,0.967104000,0.000000000,0.000000000,0.000000000,1.000000000
1403715417.502143145,0.489636000,1.968539000,0.967099000,0.000000000,0.000000000,0.000000000,1.000000000
1403715417.507143021,0.489609000,1.968551000,0.967075000,0.000000000,0.000000000,0.000000000,1.000000000
1403715417.512142897,0.489596000,1.968549000,0.967075000,0.000000000,0.000000000,0.000000000,1.000000000
1403715417.517143011,0.489582000,1.968543000,0.967079000,0.000000000,0.000000000,0.000000000,1.000000000
1403715417.522143126,0.489567000,1.968533000,0.967083000,0.000000000,0.000000000,0.000000000,1.000000000
1403715417.527143002,0.489555000,1.968521000,0.967083000,0.000000000,0.000000000,0.000000000,1.000000000
1403715417.532143116,0.489550000,1.968509000,0.967080000,0.000000000,0.000000000,0.000000000,1.000000000
1403715417.537143230,0.489549000,1.968499000,0.967076000,0.000000000,0.000000000,0.000000000,1.000000000
1403715417.542143345,0.489550000,1.968490000,0.967073000,0.000000000,0.000000000,0.000000000,1.000000000
1403715417.547142982,0.489550000,1.968479000,0.967071000,0.000000000,0.000000000,0.000000000,1.000000000
1403715417.552143097,0.489550000,1.968464000,0.967072000,0.000000000,0.000000000,0.000000000,1.000000000
1403715417.557143211,0.489531000,1.968455000,0.967057000,0.000000000,0.000000000,0.000000000,1.000000000
1403715417.562143087,0.489525000,1.968435000,0.967057000,0.000000000,0.000000000,0.000000000,1.000000000
1403715417.567142963,0.489522000,1.968415000,0.967053000,0.000000000,0.000000000,0.000000000,1.000000000
1403715417.572143078,0.489522000,1.968395000,0.967047000,0.000000000,0.000000000,0.000000000,1.000000000
1403715417.577143192,0.489522000,1.968379000,0.967041000,0.000000000,0.000000000,0.000000000,1.000000000
1403715417.582143068,0.489521000,1.968362000,0.967037000,0.000000000,0.000000000,0.000000000,1.000000000
1403715417.587142944,0.489520000,1.968343000,0.967036000,0.000000000,0.000000000,0.000000000,1.000000000
1403715417.592143297,0.489519000,1.968323000,0.967039000,0.000000000,0.000000000,0.000000000,1.000000000
1403715417.597143173,0.489517000,1.968303000,0.967044000,0.000000000,0.000000000,0.000000000,1.000000000
1403715417.602143049,0.489514000,1.968283000,0.967046000,0.000000000,0.000000000,0.000000000,1.000000000
1403715417.607142925,0.489493000,1.968272000,0.967024000,0.000000000,0.000000000,0.000000000,1.000000000
1403715417.612143278,0.489488000,1.968256000,0.967014000,0.000000000,0.000000000,0.000000000,1.000000000
1403715417.617143154,0.489484000,1.968244000,0.967006000,0.000000000,0.000000000,0.000000000,1.000000000
1403715417.622143030,0.489480000,1.968233000,0.967001000,0.000000000,0.000000000,0.000000000,1.000000000
1403715417.627142906,0.489476000,1.968222000,0.966998000,0.000000000,0.000000000,0.000000000,1.000000000
1403715417.632143259,0.489470000,1.968211000,0.966998000,0.000000000,0.000000000,0.000000000,1.000000000
1403715417.637142897,0.489465000,1.968201000,0.967001000,0.000000000,0.000000000,0.000000000,1.000000000
1403715417.642143011,0.489461000,1.968190000,0.967001000,0.000000000,0.000000000,0.000000000,1.000000000
1403715417.647142887,0.489457000,1.968180000,0.966997000,0.000000000,0.000000000,0.000000000,1.000000000
1403715417.652143240,0.489455000,1.968173000,0.966993000,0.000000000,0.000000000,0.000000000,1.000000000
1403715417.657143116,0.489441000,1.968179000,0.966975000,0.000000000,0.000000000,0.000000000,1.000000000
1403715417.662142992,0.489440000,1.968178000,0.966973000,0.000000000,0.000000000,0.000000000,1.000000000
1403715417.667143345,0.489437000,1.968175000,0.966972000,0.000000000,0.000000000,0.000000000,1.000000000
1403715417.672143221,0.489434000,1.968173000,0.966975000,0.000000000,0.000000000,0.000000000,1.000000000
1403715417.677143097,0.489431000,1.968171000,0.966981000,0.000000000,0.000000000,0.000000000,1.000000000
1403715417.682142973,0.489429000,1.968167000,0.966984000,0.000000000,0.000000000,0.000000000,1.000000000
1403715417.687143326,0.489427000,1.968162000,0.966984000,0.000000000,0.000000000,0.000000000,1.000000000
1403715417.692142963,0.489429000,1.968160000,0.966986000,0.000000000,0.000000000,0.000000000,1.000000000
1403715417.697143078,0.489430000,1.968160000,0.966991000,0.000000000,0.000000000,0.000000000,1.000000000
1403715417.702142954,0.489429000,1.968158000,0.966996000,0.000000000,0.000000000,0.000000000,1.000000000
1403715417.707143307,0.489414000,1.968161000,0.966990000,0.000000000,0.000000000,0.000000000,1.000000000
1403715417.712142944,0.489410000,1.968160000,0.966999000,0.000000000,0.000000000,0.000000000,1.000000000
1403715417.717143059,0.489408000,1.968161000,0.967010000,0.000000000,0.000000000,0.000000000,1.000000000
1403715417.722143173,0.489406000,1.968158000,0.967018000,0.000000000,0.000000000,0.000000000,1.000000000
1403715417.727143288,0.489405000,1.968151000,0.967022000,0.000000000,0.000000000,0.000000000,1.000000000
1403715417.732142925,0.489405000,1.968145000,0.967027000,0.000000000,0.000000000,0.000000000,1.000000000
1403715417.737143040,0.489408000,1.968141000,0.967034000,0.000000000,0.000000000,0.000000000,1.000000000
1403715417.742143154,0.489411000,1.968136000,0.967041000,0.000000000,0.000000000,0.000000000,1.000000000
1403715417.747143030,0.489414000,1.968130000,0.967049000,0.000000000,0.000000000,0.000000000,1.000000000
1403715417.752142906,0.489420000,1.968127000,0.967060000,0.000000000,0.000000000,0.000000000,1.000000000
1403715417.757143021,0.489417000,1.968129000,0.967065000,0.000000000,0.000000000,0.000000000,1.000000000
1403715417.762143135,0.489420000,1.968117000,0.967072000,0.000000000,0.000000000,0.000000000,1.000000000
1403715417.767143011,0.489423000,1.968102000,0.967076000,0.000000000,0.000000000,0.000000000,1.000000000
1403715417.772142887,0.489430000,1.968088000,0.967080000,0.000000000,0.000000000,0.000000000,1.000000000
1403715417.777143240,0.489439000,1.968076000,0.967086000,0.000000000,0.000000000,0.000000000,1.000000000
1403715417.782143354,0.489448000,1.968062000,0.967092000,0.000000000,0.000000000,0.000000000,1.000000000
1403715417.787142992,0.489456000,1.968047000,0.967100000,0.000000000,0.000000000,0.000000000,1.000000000
1403715417.792143106,0.489465000,1.968033000,0.967112000,0.000000000,0.000000000,0.000000000,1.000000000
1403715417.797143221,0.489474000,1.968017000,0.967124000,0.000000000,0.000000000,0.000000000,1.000000000
1403715417.802143097,0.489484000,1.967995000,0.967136000,0.000000000,0.000000000,0.000000000,1.000000000
1403715417.807142973,0.489490000,1.967975000,0.967144000,0.000000000,0.000000000,0.000000000,1.000000000
1403715417.812143087,0.489499000,1.967950000,0.967154000,0.000000000,0.000000000,0.000000000,1.000000000
1403715417.817143202,0.489508000,1.967926000,0.967164000,0.000000000,0.000000000,0.000000000,1.000000000
1403715417.822143078,0.489518000,1.967902000,0.967175000,0.000000000,0.000000000,0.000000000,1.000000000
1403715417.827142954,0.489530000,1.967879000,0.967189000,0.000000000,0.000000000,0.000000000,1.000000000
1403715417.832143307,0.489543000,1.967859000,0.967208000,0.000000000,0.000000000,0.000000000,1.000000000
1403715417.837143183,0.489554000,1.967837000,0.967227000,0.000000000,0.000000000,0.000000000,1.000000000
1403715417.842143059,0.489565000,1.967813000,0.967244000,0.000000000,0.000000000,0.000000000,1.000000000
1403715417.847142935,0.489575000,1.967786000,0.967260000,0.000000000,0.000000000,0.000000000,1.000000000
1403715417.852143288,0.489585000,1.967758000,0.967275000,0.000000000,0.000000000,0.000000000,1.000000000
1403715417.857143164,0.489592000,1.967734000,0.967288000,0.000000000,0.000000000,0.000000000,1.000000000
